127259
0.119048032407
127279
0.102109375
127299
0.129072265625
127319
0.222340494792
127339
0.454552951389
127359
0.466786385995
127379
0.201516565394
127399
0.160531684028
127419
0.157612847222
127439
0.150713614005
127459
0.149008608218
127479
0.132612847222
127499
0.0844390190972
127519
0.0744343171296
127539
0.0883311631944
127559
0.0924801070602
127579
0.0890831163194
127599
0.081390697338
127619
0.088443287037
127639
0.104071903935
127659
0.168560474537
127679
0.149071542245
127699
0.143161530671
127719
0.137712673611
127739
0.181209852431
127759
0.0909172453704
127779
0.0867900028935
127799
0.100929542824
127819
0.134169198495
127839
0.0819332320602
127859
0.0854329427083
127879
0.089912109375
127899
0.113963758681
127919
0.0810503472222
127939
0.0757971643519
127959
0.0667567274306
127979
0.0860789207176
127999
0.0890133101852
128019
0.0962123842593
128039
0.125040509259
128059
0.182036675347
128079
0.129544632523
128099
0.0816409866898
128119
0.0830067274306
128139
0.0887413194444
128159
0.0855570023148
128179
0.103739149306
128199
0.11314380787
128219
0.153230613426
128239
0.0927795862269
128259
0.0842755353009
128279
0.103342737269
128299
0.128234953704
128319
0.10986328125
128339
0.121753110532
128359
0.174939236111
128379
0.351915870949
128399
0.129440827546
128419
0.10820240162
128439
0.100653211806
128459
0.108927589699
128479
0.106752025463
128499
0.115243778935
128519
0.107463107639
128539
0.107534360532
128559
0.104468677662
128579
0.102392578125
128599
0.0998936631944
128619
0.0996354166667
128639
0.100349754051
128659
0.103998480903
128679
0.141472077546
128699
0.0969343171296
128719
0.0974866174769
128739
0.0710792824074
128759
0.0679408998843
128779
0.0814337384259
128799
0.0820533130787
128819
0.0885149016204
128839
0.0969118923611
128859
0.0942144097222
128879
0.0890458622685
128899
0.0902604166667
128919
0.0929184751157
128939
0.0992907262731
128959
0.101827618634
128979
0.0984544994213
128999
0.0899945746528
129019
0.085279224537
129039
0.0909132667824
129059
0.0845305266204
129079
0.0886588541667
129099
0.0987662760417
129119
0.112713758681
129139
0.119695818866
129159
0.10880931713
129179
0.10769458912
129199
0.101664134838
129219
0.080023509838
129239
0.105013020833
129259
0.112568359375
129279
0.0970829716435
129299
0.164810836227
129319
0.29628942419
129339
0.295205439815
129359
0.161195384838
129379
0.276589626736
129399
0.248703703704
129419
0.1601953125
129439
0.250844184028
129459
0.240365306713
129479
0.229548611111
129499
0.174091073495
129519
0.13214879919
129539
0.102472149884
129559
0.0859371383102
129579
0.100806929977
129599
0.102665653935
129619
0.0986859809028
129639
0.0926197193287
129659
0.102684823495
129679
0.101817491319
129699
0.0967039207176
129719
0.0867534722222
129739
0.0874110243056
129759
0.0850484664352
129779
0.0884950086806
129799
0.077417896412
129819
0.0919458912037
129839
0.093199146412
129859
0.0949334490741
129879
0.0946025028935
129899
0.14167932581
129919
0.145239076968
129939
0.161644965278
129959
0.100881076389
129979
0.0922873263889
129999
0.0976435908565
130019
0.0925321903935
130039
0.086048900463
130059
0.113250506366
130079
0.0967111545139
130099
0.09416015625
130119
0.105601128472
130139
0.101796875
130159
0.109431061921
130179
0.113074001736
130199
0.139362340856
130219
0.149945746528
130239
0.0846213107639
130259
0.0881691261574
130279
0.0942198350694
130299
0.0963382523148
130319
0.0881333188657
130339
0.128284866898
130359
0.13906322338
130379
0.12746057581
130399
0.110350115741
130419
0.21300853588
130439
0.615395326968
130459
0.636371527778
130479
0.634822771991
130499
0.624798177083
130519
0.613596281829
130539
0.609457103588
130559
0.600421006944
130579
0.600945818866
130599
0.591780237269
130619
0.610580512153
130639
0.614345341435
130659
0.623885633681
130679
0.618265697338
130699
0.614376446759
130719
0.620826461227
130739
0.617024377894
130759
0.619148220486
130779
0.624129774306
130799
0.625007957176
130819
0.632635271991
130839
0.616555627894
130859
0.615960648148
130879
0.619891854745
130899
0.611704644097
130919
0.618967013889
130939
0.648044343171
130959
0.631902126736
130979
0.648459201389
130999
0.644246961806
131019
0.658172381366
131039
0.649190538194
131059
0.654156539352
131079
0.644574291088
131099
0.648182146991
131119
0.628533709491
131139
0.617259476273
131159
0.619304470486
131179
0.611946252894
131199
0.57458912037
131219
0.574253472222
131239
0.569822410301
131259
0.578618706597
131279
0.601140407986
131299
0.607639973958
131319
0.605883969907
131339
0.629356915509
131359
0.620303457755
131379
0.619545717593
131399
0.653511646412
131419
0.624283854167
131439
0.604772858796
131459
0.582272135417
131479
0.59593786169
131499
0.635016276042
131519
0.631418547454
131539
0.591532479745
131559
0.574756221065
131579
0.568306206597
131599
0.572983579282
131619
0.553920355903
131639
0.520966796875
131659
0.513765914352
131679
0.50855541088
131699
0.534554398148
131719
0.546922019676
131739
0.551214192708
131759
0.58206995081
131779
0.601031901042
131799
0.602288049769
131819
0.632353877315
131839
0.626494140625
131859
0.633544560185
131879
0.633334056713
131899
0.628116681134
131919
0.626626880787
131939
0.649716073495
131959
0.632649016204
131979
0.636534649884
131999
0.649204644097
132019
0.640953052662
132039
0.62828088831
132059
0.630899522569
132079
0.619884620949
132099
0.605549768519
132119
0.608845486111
132139
0.613179253472
132159
0.61265661169
132179
0.621105324074
132199
0.624333767361
132219
0.632015335648
132239
0.626927445023
132259
0.652659866898
132279
0.643629195602
132299
0.647921730324
132319
0.644779730903
132339
0.639711733218
132359
0.62855541088
132379
0.649019097222
132399
0.62357385706
132419
0.624887152778
132439
0.621334997106
132459
0.627279730903
132479
0.652917028356
132499
0.660562427662
132519
0.643688512731
132539
0.677007016782
132559
0.674330873843
132579
0.666851490162
132599
0.673757595486
132619
0.640719039352
132639
0.62617223669
132659
0.592880135995
132679
0.557129991319
132699
0.545183015046
132719
0.553675491898
132739
0.531743344907
132759
0.53749927662
132779
0.546549117477
132799
0.57988353588
132819
0.610704210069
132839
0.598878038194
132859
0.625325159144
132879
0.623722511574
132899
0.624880280671
132919
0.632849030671
132939
0.611213831019
132959
0.630020978009
132979
0.657887731481
132999
0.635589554398
133019
0.621648582176
133039
0.628429542824
133059
0.620298394097
133079
0.616481481481
133099
0.598982566551
133119
0.591842447917
133139
0.583687065972
133159
0.584680266204
133179
0.591671368634
133199
0.591917679398
133219
0.59632740162
133239
0.600070167824
133259
0.601306061921
133279
0.605944010417
133299
0.636807725694
133319
0.626768301505
133339
0.623891420718
133359
0.617618272569
133379
0.600064019097
133399
0.588922164352
133419
0.593637876157
133439
0.566162832755
133459
0.572659505208
133479
0.581440972222
133499
0.588249421296
133519
0.557873263889
133539
0.56703197338
133559
0.537681568287
133579
0.517289496528
133599
0.534123625579
133619
0.539211877894
133639
0.505941478588
133659
0.531900679977
133679
0.554691116898
133699
0.559800708912
133719
0.581553096065
133739
0.570850694444
133759
0.587526765046
133779
0.627709056713
133799
0.641837745949
133819
0.651930338542
133839
0.665381944444
133859
0.679072265625
133879
0.681401909722
133899
0.664819516782
133919
0.640646339699
133939
0.633793041088
133959
0.623602792245
133979
0.613544198495
133999
0.615677083333
134019
0.639777199074
134039
0.635451027199
134059
0.626119429977
134079
0.617366898148
134099
0.6162890625
134119
0.611815321181
134139
0.613169849537
134159
0.605145037616
134179
0.599025607639
134199
0.604114583333
134219
0.623375289352
134239
0.616812789352
134259
0.617547019676
134279
0.616759982639
134299
0.609696180556
134319
0.615899522569
134339
0.626606987847
134359
0.628543113426
134379
0.618433521412
134399
0.610388816551
134419
0.609826027199
134439
0.604171006944
134459
0.600229673032
134479
0.596370804398
134499
0.594339192708
134519
0.59078125
134539
0.599678819444
134559
0.604313151042
134579
0.612229456019
134599
0.600908926505
134619
0.573986545139
134639
0.554376446759
134659
0.559788773148
134679
0.544872323495
134699
0.538784360532
134719
0.542349898727
134739
0.571409505208
134759
0.596817491319
134779
0.603627025463
134799
0.611107855903
134819
0.610355541088
134839
0.632415726273
134859
0.636700665509
134879
0.643399884259
134899
0.660622829861
134919
0.656001880787
134939
0.659807942708
134959
0.658498625579
134979
0.633052300347
134999
0.652277922454
135019
0.652114438657
135039
0.637913049769
135059
0.651306061921
135079
0.673615451389
135099
0.700933521412
135119
0.718624493634
135139
0.712876880787
135159
0.701148726852
135179
0.696812427662
135199
0.673505135995
135219
0.674443721065
135239
0.666924913194
135259
0.645359157986
135279
0.623039279514
135299
0.617960431134
135319
0.612221860532
135339
0.631530671296
135359
0.63146556713
135379
0.589553313079
135399
0.581390697338
135419
0.579588758681
135439
0.590121166088
135459
0.600662977431
135479
0.602744140625
135499
0.608746744792
135519
0.650810908565
135539
0.695218460648
135559
0.725162760417
135579
0.733058810764
135599
0.739033564815
135619
0.75396556713
135639
0.761018880208
135659
0.725055700231
135679
0.72080041956
135699
0.662196903935
135719
0.670276692708
135739
0.669496889468
135759
0.669408998843
135779
0.623189019097
135799
0.57894495081
135819
0.544630353009
135839
0.54599537037
135859
0.516978443287
135879
0.520240885417
135899
0.681378761574
135919
0.683393735532
135939
0.730284288194
135959
0.760061125579
135979
0.785230758102
135999
0.844513888889
136019
0.845518663194
136039
0.857701822917
136059
0.87505859375
136079
0.87283203125
136099
0.85626916956
136119
0.894048394097
136139
0.91203125
136159
0.942004123264
136179
0.974983723958
136199
0.975200737847
136219
0.976519097222
136239
0.975190972222
136259
0.976569010417
136279
0.986137876157
136299
1.0
136319
0.999988064236
136339
1.0
136359
0.997874710648
136379
0.371068431713
136399
0.145661168981
136419
0.238427010995
136439
0.114500506366
136459
0.257854094329
136479
0.265736400463
136499
0.281533203125
136519
0.197000144676
136539
0.167416811343
136559
0.632319878472
136579
0.729647352431
136599
0.719650969329
136619
0.708637514468
136639
0.723707682292
136659
1.0
136679
0.942314814815
136699
0.936357060185
136719
0.936413845486
136739
0.93652271412
136759
0.984194878472
136779
0.131716579861
136799
0.236863064236
136819
0.559405020255
136839
0.99994212963
