133039
0.372792681526
133059
0.385385071998
133079
0.38316339231
133099
0.396632295496
133119
0.314567057292
133139
0.35173291973
133159
0.373115330116
133179
0.374767827053
133199
0.369095626532
133219
0.375563438266
133239
0.378417011336
133259
0.382892444087
133279
0.380195886949
133299
0.335768037684
133319
0.354074276195
133339
0.363413373162
133359
0.339380840227
133379
0.341858628217
133399
0.343212411918
133419
0.339557961857
133439
0.325939702053
133459
0.325128293505
133479
0.302686504289
133499
0.280412741268
133519
0.338069661458
133539
0.376071346507
133559
0.377778894761
133579
0.360908777574
133599
0.368929515165
133619
0.381609987745
133639
0.389346852022
133659
0.342290422028
133679
0.352317899816
133699
0.350559129902
133719
0.352606560202
133739
0.0709372127757
133759
0.069748583027
133779
0.0694766773897
133799
0.0691458907782
133819
0.0688399969363
133839
0.0685642616422
133859
0.0682406556373
133879
0.420720358456
133899
0.312821691176
133919
0.269947725184
133939
0.228390203738
133959
0.204566865809
133979
0.211068665748
133999
0.20654967065
134019
0.204449582567
134039
0.206745940564
134059
0.203675991881
134079
0.202374387255
134099
0.201621380974
134119
0.20328728171
134139
0.198722809436
134159
0.202748257506
134179
0.203165690104
134199
0.210234279259
134219
0.208756989124
134239
0.207842179841
134259
0.207775160846
134279
0.207961377911
134299
0.212078737745
134319
0.0641376570159
134339
0.0693565219056
134359
0.0893559474571
134379
0.133775658701
134399
0.190036668964
134419
0.185990636489
134439
0.181073835784
134459
0.178654928768
134479
0.176590743719
134499
0.175232651654
134519
0.169879270067
134539
0.164679553462
134559
0.160407092525
134579
0.161937040441
134599
0.154498410692
134619
0.119486251532
134639
0.14144598269
134659
0.166842352175
134679
0.177789426317
134699
0.17818962546
134719
0.0644789751838
134739
0.0873066023284
134759
0.0807339537377
134779
0.0810570810355
134799
0.0737879136029
134819
0.177608953738
134839
0.17523504519
134859
0.167446001838
134879
0.172777841605
134899
0.185496610754
134919
0.171852500766
134939
0.129402669271
134959
0.102824850643
134979
0.235838886336
134999
0.232883348652
135019
0.235607192096
135039
0.245266544118
135059
0.270809876685
135079
0.260920266544
135099
0.267893114277
135119
0.241487151501
135139
0.171331188725
135159
0.148630418964
135179
0.166641773897
135199
0.407235657935
135219
0.377623793658
135239
0.368401979933
135259
0.374932981005
135279
0.380772250306
135299
0.494324448529
135319
0.486848000919
135339
0.513577090993
135359
0.543602558211
135379
0.574520335478
135399
0.596622242647
135419
0.609566482843
135439
0.615500536152
135459
0.993117149203
135479
0.993123851103
135499
0.993123851103
135519
0.993123851103
135539
0.980405560662
135559
0.98040412454
135579
0.980405560662
135599
0.969051585478
135619
0.969048713235
135639
0.969048713235
135659
0.969048713235
135679
0.969050149357
135699
0.969883099724
135719
0.968691119026
135739
0.971557617188
135759
1.0
135779
1.0
135799
1.0
135819
1.0
135839
1.0
135859
1.0
135879
1.0
135899
1.0
135919
1.0
135939
0.996350815717
135959
0.992377068015
135979
0.987807329963
135999
0.982967601103
136019
0.978945025276
136039
0.97668169807
136059
0.972551413143
136079
0.968584846048
136099
0.964366957721
136119
0.961201746324
136139
0.956528607537
136159
0.942320101869
136179
0.939030426624
136199
0.936600988051
136219
0.934069584865
136239
0.932126512714
136259
0.927558689491
136279
0.934336224724
136299
0.93160759421
136319
0.904302619485
136339
0.901448567708
136359
0.898996151195
136379
0.901219745711
136399
0.901143631281
136419
0.899321193321
136439
0.926453354779
136459
0.91094085095
136479
0.910712507659
136499
0.910513365502
136519
0.912265912224
136539
0.912490904565
136559
0.917115693934
136579
0.934189740349
136599
0.904482613358
136619
0.903688438266
136639
0.906980985754
136659
0.90656115962
136679
0.906679878983
136699
0.908852730545
136719
0.93463493796
136739
0.935983455882
136759
0.928033088235
136779
0.926310221354
136799
0.926538564645
136819
0.926560106464
136839
0.925202493107
136859
0.920521216299
136879
0.933172966452
136899
0.934265854779
136919
0.872627527574
136939
0.871076516544
136959
0.874532303156
136979
0.871054974724
136999
0.929417509191
137019
0.92612879136
137039
0.930843577665
137059
0.915198950674
137079
0.916066367953
137099
0.912770469516
137119
0.908351045496
137139
0.911921243107
137159
0.911531575521
137179
0.922130629596
137199
0.924658203125
137219
0.891529756434
137239
0.887072514553
137259
0.887976792279
137279
0.890521120558
137299
0.892919443168
137319
0.889685776654
137339
0.930961339614
137359
0.933965705423
137379
0.915819833793
137399
0.912995461857
137419
0.918306717218
137439
0.914393765319
137459
0.912045228248
137479
0.934581801471
137499
0.933147116268
137519
0.904742551317
137539
0.907739257812
137559
0.907668887868
137579
0.907924038756
137599
0.906584616268
137619
0.906834022672
137639
0.932038430607
137659
0.927843520221
137679
0.915121400123
137699
0.916683900123
137719
0.917921836703
137739
0.919992244945
137759
0.919989372702
137779
0.92074285769
137799
0.933432904412
137819
0.918664311428
137839
0.91788593367
137859
0.917101811428
137879
0.920220588235
137899
0.920340743719
137919
0.927388269761
137939
0.924840590533
137959
0.92640356924
137979
0.927977558211
137999
0.927821020987
138019
0.929555855545
138039
0.930993891697
138059
0.945161707261
138079
0.928678864124
138099
0.930349073223
138119
0.932822074142
138139
0.931594669118
138159
0.929031192555
138179
0.931743547028
138199
0.948662971048
138219
0.938945695466
138239
0.940396178002
138259
0.938309493719
138279
0.938767137714
138299
0.939287971048
138319
0.937697706036
138339
0.946401079963
138359
0.937454044118
138379
0.93644397212
138399
0.932314644608
138419
0.93004174326
138439
0.92859509038
138459
0.927001474418
138479
0.9353515625
138499
0.934036075368
138519
0.939309512868
138539
0.942138671875
138559
0.940281767004
138579
0.940227194393
138599
0.939032341452
138619
0.938495232077
138639
0.939053883272
138659
0.938544060202
138679
0.937097886029
138699
0.937867647059
138719
0.939364085478
138739
0.938486615349
138759
0.939298023897
138779
0.941321518842
138799
0.940265969669
138819
0.937431066176
138839
0.938475126379
138859
0.940762867647
138879
0.940003159467
138899
0.939196059283
138919
0.939402860754
138939
0.934369255515
138959
0.933389820772
138979
0.932120289522
138999
0.93410357307
139019
0.93411506204
139039
0.93655646829
139059
0.93616584329
139079
0.933547794118
139099
0.931686580882
139119
0.930855066636
139139
0.92739832261
139159
0.92749597886
139179
0.92885167739
139199
0.92677935432
139219
0.924553366268
139239
0.922426470588
139259
0.922314453125
139279
0.923239315257
139299
0.924119657629
139319
0.922680664063
139339
0.923052619485
139359
0.922340303309
139379
0.921938189338
139399
0.924300608915
139419
0.921235926011
139439
0.917540785846
139459
0.913590016085
139479
0.91740435432
139499
0.910051413143
139519
0.910249597886
139539
0.914206112132
139559
0.920321116728
139579
0.922551413143
139599
0.917855296415
139619
0.920973115809
139639
0.924233111213
139659
0.925189568015
139679
0.924655330882
139699
0.92387120864
139719
0.923358513327
139739
0.920143037684
139759
0.92233025046
139779
0.923965992647
139799
0.927131204044
139819
0.928077607996
139839
0.927921070772
139859
0.928308823529
139879
0.932759363511
139899
0.934923598346
139919
0.931943646599
139939
0.936161534926
139959
0.939952895221
139979
0.937023207721
139999
0.936593807445
140019
0.935680434283
140039
0.936922679228
140059
0.93513470818
140079
0.93323615579
140099
0.934583237592
140119
0.937327665441
140139
0.940416762408
140159
0.942855296415
140179
0.943841911765
140199
0.946876436121
140219
0.944307215074
140239
0.946151194853
140259
0.945881204044
140279
0.94585535386
140299
0.946327837776
140319
0.944351734835
140339
0.944440774357
140359
0.941638901654
140379
0.937603400735
140399
0.933408490349
140419
0.93306238511
140439
0.929964671415
140459
0.930668370864
140479
0.931323242187
140499
0.931476907169
140519
0.927521829044
140539
0.928282973346
140559
0.928745404412
140579
0.929015395221
140599
0.926670209099
140619
0.92179888557
140639
0.921080824908
140659
0.918459903493
140679
0.917919921875
140699
0.915130974265
140719
0.915996955423
140739
0.91790412454
140759
0.916561351103
140779
0.913870059743
140799
0.917341164982
140819
0.918399586397
140839
0.921207203585
140859
0.921089441636
140879
0.921217256434
140899
0.916719324449
140919
0.918333524816
140939
0.915823184743
140959
0.917605411305
140979
0.915110868566
140999
0.913489487592
141019
0.914744657629
141039
0.914389935662
141059
0.919700712316
141079
0.918007525276
141099
0.922238338695
141119
0.922064568015
141139
0.924989947151
141159
0.922370461857
141179
0.921727079504
141199
0.925547162224
141219
0.922512637868
141239
0.926417451746
141259
0.92736529182
141279
0.92827722886
141299
0.931827320772
141319
0.931561638327
141339
0.932752182904
141359
0.928700884651
141379
0.935983455882
141399
0.934063361673
141419
0.937117991728
141439
0.934606215533
141459
0.935261086857
141479
0.92648638557
141499
0.925168026195
141519
0.928285845588
141539
0.925156537224
141559
0.918270335478
141579
0.917453182445
141599
0.914912683824
141619
0.914135742188
141639
0.908450137868
141659
0.912838924632
141679
0.910967658548
141699
0.911856617647
141719
0.908876665901
141739
0.907159064798
141759
0.90759564568
141779
0.903616153493
141799
0.901645795037
141819
0.902991440717
141839
0.901864085478
141859
0.905171472886
141879
0.90408002068
141899
0.896989889706
141919
0.899860696232
141939
0.903890452665
141959
0.904598460478
141979
0.900624712776
141999
0.911287913603
142019
0.914783432904
142039
0.909762752757
142059
0.903662109375
142079
0.908019301471
142099
0.904655905331
142119
0.901394473805
142139
0.900595990349
142159
0.895147346048
142179
0.894091796875
142199
0.895803653493
142219
0.890385167739
142239
0.887395163143
142259
0.889704924939
142279
0.882156192555
142299
0.88259229473
142319
0.878862208946
142339
0.880329924939
142359
0.872418332567
142379
0.872048291973
142399
0.873210114124
142419
0.868397671569
142439
0.866994102328
142459
0.866947189032
142479
0.87287645527
142499
0.873383406097
142519
0.866400026808
142539
0.863860964308
142559
0.874676872702
142579
0.88140557981
142599
0.888142903646
142619
0.89134832644
142639
0.90093347886
142659
0.910198854933
142679
0.913919845282
142699
0.920090858609
142719
0.928742053462
142739
0.935309436275
142759
0.941962986366
142779
0.948881740196
142799
0.957647346048
142819
0.958955652574
142839
0.965356445312
142859
0.971277573529
142879
0.972360409007
142899
0.978086224724
142919
0.981665039063
142939
0.981867532169
142959
0.991325827206
142979
1.0
142999
1.0
143019
1.0
