135427
0.125702546296
135447
0.133916666667
135467
0.0893657407407
135487
0.0898668981481
135507
0.0944351851852
135527
0.0939143518519
135547
0.0943275462963
135567
0.0937627314815
135587
0.122459490741
135607
0.112928240741
135627
0.1429375
135647
0.090130787037
135667
0.0753726851852
135687
0.0749710648148
135707
0.0731944444444
135727
0.0740196759259
135747
0.0700960648148
135767
0.102371527778
135787
0.0749085648148
135807
0.0746759259259
135827
0.131452546296
135847
0.103482638889
135867
0.0732638888889
135887
0.0743865740741
135907
0.137657407407
135927
0.144167824074
135947
0.149074074074
135967
0.128554398148
135987
0.132915509259
136007
0.140469907407
136027
0.1404375
136047
0.156950231481
136067
0.138015046296
136087
0.14383912037
136107
0.139435185185
136127
0.147755787037
136147
0.149423611111
136167
0.147783564815
136187
0.156880787037
136207
0.137953703704
136227
0.138149305556
136247
0.139480324074
136267
0.104126157407
136287
0.101059027778
136307
0.0930798611111
136327
0.152590277778
136347
0.162166666667
136367
0.0850115740741
136387
0.0868506944444
136407
0.0862777777778
136427
0.102752314815
136447
0.110954861111
136467
0.106606481481
136487
0.110659722222
136507
0.127502314815
136527
0.112020833333
136547
0.10575
136567
0.10399537037
136587
0.107010416667
136607
0.0707233796296
136627
0.166332175926
136647
0.130300925926
136667
0.121251157407
136687
0.102565972222
136707
0.106302083333
136727
0.100173611111
136747
0.125976851852
136767
0.119788194444
136787
0.101018518519
136807
0.095505787037
136827
0.0943796296296
136847
0.111460648148
136867
0.0932094907407
136887
0.100204861111
136907
0.0807905092593
136927
0.0817361111111
136947
0.0795196759259
136967
0.0874467592593
136987
0.0788645833333
137007
0.0796550925926
137027
0.11109837963
137047
0.128811342593
137067
0.119840277778
137087
0.0838206018519
137107
0.15221875
137127
0.153994212963
137147
0.139208333333
137167
0.136145833333
137187
0.144635416667
137207
0.188967592593
137227
0.210116898148
137247
0.17233912037
137267
0.162547453704
137287
0.139696759259
137307
0.141354166667
137327
0.129048611111
137347
0.106017361111
137367
0.0888483796296
137387
0.0897256944444
137407
0.0952905092593
137427
0.09596875
137447
0.0992847222222
137467
0.104365740741
137487
0.104950231481
137507
0.106394675926
137527
0.109400462963
137547
0.107305555556
137567
0.108976851852
137587
0.108771990741
137607
0.109008101852
137627
0.110247685185
137647
0.107571759259
137667
0.107050925926
137687
0.108017361111
137707
0.0861076388889
137727
0.0858425925926
137747
0.0816319444444
137767
0.0812361111111
137787
0.0758888888889
137807
0.0717847222222
137827
0.0795972222222
137847
0.081119212963
137867
0.079005787037
137887
0.0820104166667
137907
0.0947164351852
137927
0.0928449074074
137947
0.07703125
137967
0.107584490741
137987
0.112391203704
138007
0.0996701388889
138027
0.0542256944444
138047
0.0792962962963
138067
0.0717280092593
138087
0.0746342592593
138107
0.0679918981481
138127
0.065400462963
138147
0.0639444444444
138167
0.106099537037
138187
0.0847083333333
138207
0.13855787037
138227
0.158461805556
138247
0.144990740741
138267
0.148484953704
138287
0.136974537037
138307
0.123581018519
138327
0.0959131944444
138347
0.0688611111111
138367
0.0563587962963
138387
0.0567939814815
138407
0.0613981481481
138427
0.0600636574074
138447
0.0609282407407
138467
0.0629490740741
138487
0.0635590277778
138507
0.0909444444444
138527
0.0916423611111
138547
0.089431712963
138567
0.0912858796296
138587
0.0916689814815
138607
0.0909803240741
138627
0.0928969907407
138647
0.092869212963
138667
0.0921157407407
138687
0.0927997685185
138707
0.09275
138727
0.0912048611111
138747
0.0557824074074
138767
0.0556840277778
138787
0.0553171296296
138807
0.0559236111111
138827
0.0553611111111
138847
0.0551956018519
138867
0.0553402777778
138887
0.0553414351852
138907
0.0553599537037
138927
0.0554375
138947
0.0953518518519
138967
0.0930532407407
138987
0.0940300925926
139007
0.0950902777778
139027
0.0941967592593
139047
0.0666886574074
139067
0.0636342592593
139087
0.0641435185185
139107
0.0649074074074
139127
0.0645393518519
139147
0.0639861111111
139167
0.0644097222222
139187
0.063875
139207
0.0650277777778
139227
0.066212962963
139247
0.157844907407
139267
0.156947916667
139287
0.158719907407
139307
0.157068287037
139327
0.159407407407
139347
0.159954861111
139367
0.158244212963
139387
0.157706018519
139407
0.0638217592593
139427
0.0638958333333
139447
0.0641087962963
139467
0.0637997685185
139487
0.0635069444444
139507
0.0636770833333
139527
0.0956469907407
139547
0.0946423611111
139567
0.0943587962963
139587
0.0869259259259
139607
0.093443287037
139627
0.089818287037
139647
0.0950972222222
139667
0.0943576388889
139687
0.0906446759259
139707
0.0937361111111
139727
0.168462962963
139747
0.164890046296
139767
0.173322916667
139787
0.166417824074
139807
0.165775462963
139827
0.169188657407
139847
0.16996412037
139867
0.169787037037
139887
0.168671296296
139907
0.169105324074
139927
0.0764178240741
139947
0.0772962962963
139967
0.0776284722222
139987
0.076787037037
140007
0.0779652777778
140027
0.0770613425926
140047
0.0774456018519
140067
0.0768310185185
140087
0.0768796296296
140107
0.0762488425926
140127
0.0766886574074
140147
0.121825231481
140167
0.12140625
140187
0.121945601852
140207
0.119296296296
140227
0.11853125
140247
0.118622685185
140267
0.117988425926
140287
0.118938657407
140307
0.120443287037
140327
0.119596064815
140347
0.119851851852
140367
0.122097222222
140387
0.121835648148
140407
0.0908298611111
140427
0.0929375
140447
0.0951122685185
140467
0.0941273148148
140487
0.093755787037
140507
0.092443287037
140527
0.0902407407407
140547
0.0919293981481
140567
0.0933576388889
140587
0.0947453703704
140607
0.0918935185185
140627
0.0956493055556
140647
0.0946388888889
140667
0.0979571759259
140687
0.10159837963
140707
0.102241898148
140727
0.110048611111
140747
0.108055555556
140767
0.109658564815
140787
0.111384259259
140807
0.11199537037
140827
0.111238425926
140847
0.112618055556
140867
0.113896990741
140887
0.114434027778
140907
0.11150462963
140927
0.114810185185
140947
0.11750462963
140967
0.113888888889
140987
0.117221064815
141007
0.11621412037
141027
0.120510416667
141047
0.0660694444444
141067
0.0830625
141087
0.0847164351852
141107
0.0771979166667
141127
0.0733194444444
141147
0.0879131944444
141167
0.087337962963
141187
0.0743587962963
141207
0.0694143518519
141227
0.0748668981481
141247
0.0781296296296
141267
0.0889571759259
141287
0.0795324074074
141307
0.0848032407407
141327
0.0735844907407
141347
0.0887986111111
141367
0.0613553240741
141387
0.0585925925926
141407
0.0663761574074
141427
0.0546273148148
141447
0.0685104166667
141467
0.0519525462963
141487
0.0519467592593
141507
0.0504988425926
141527
0.0500763888889
141547
0.0490428240741
141567
0.0498831018519
141587
0.0491944444444
141607
0.0483043981481
141627
0.0499513888889
141647
0.0646782407407
141667
0.0551064814815
141687
0.0526967592593
141707
0.0531990740741
141727
0.56890625
141747
1.0
141767
1.0
141787
1.0
141807
1.0
141827
1.0
141847
0.992545138889
141867
0.980954861111
141887
0.958736111111
141907
0.934159722222
141927
0.915732638889
141947
0.901097222222
141967
0.876788194444
141987
0.855743055556
142007
0.844545138889
142027
0.824774305556
142047
0.816392361111
142067
0.807440972222
142087
0.806770833333
142107
0.819194444444
142127
0.810229166667
142147
0.816357638889
142167
0.810774305556
142187
0.816284722222
142207
0.824274305556
142227
0.833274305556
142247
0.843708333333
142267
0.851864583333
142287
0.865809027778
142307
0.867104166667
142327
0.887993055556
142347
0.886201388889
142367
0.913951388889
142387
0.918003472222
142407
0.920034722222
142427
0.911243055556
142447
0.88934375
142467
0.883142361111
142487
0.858597222222
142507
0.856715277778
142527
0.829697916667
142547
0.825017361111
142567
0.807361111111
142587
0.798989583333
142607
0.783625
142627
0.781350694444
142647
0.790333333333
142667
0.79321875
142687
0.798284722222
142707
0.79959375
142727
0.798361111111
142747
0.805857638889
142767
0.786194444444
142787
0.788128472222
142807
0.788614583333
142827
0.782465277778
142847
0.783166666667
142867
0.793434027778
142887
0.792434027778
142907
0.7853125
142927
0.790208333333
142947
0.786722222222
142967
0.803600694444
142987
0.810777777778
143007
0.808291666667
143027
0.817604166667
143047
0.819673611111
143067
0.805840277778
143087
0.807298611111
143107
0.800434027778
143127
0.796524305556
143147
0.807298611111
143167
0.801076388889
143187
0.797131944444
143207
0.786118055556
143227
0.789034722222
143247
0.774802083333
143267
0.797802083333
143287
0.784225694444
143307
0.792034722222
143327
0.799347222222
143347
0.793465277778
143367
0.798600694444
143387
0.818208333333
143407
0.823024305556
143427
0.817274305556
143447
0.824211805556
143467
0.810024305556
143487
0.814569444444
143507
0.821809027778
143527
0.842791666667
143547
0.837746527778
143567
0.84140625
143587
0.845559027778
143607
0.853732638889
143627
0.878888888889
143647
0.874142361111
143667
0.869003472222
143687
0.879534722222
143707
0.896010416667
143727
0.878836805556
143747
0.890309027778
143767
0.873836805556
143787
0.844256944444
143807
0.828680555556
143827
0.814840277778
143847
0.816777777778
143867
0.818097222222
143887
0.816402777778
143907
0.783614583333
143927
0.751663194444
143947
0.759871527778
143967
0.747604166667
143987
0.742565972222
144007
0.743201388889
144027
0.759284722222
144047
0.753114583333
144067
0.740791666667
144087
0.732493055556
144107
0.746763888889
144127
0.753916666667
144147
0.749065972222
144167
0.762006944444
144187
0.762628472222
144207
0.761458333333
144227
0.77578125
144247
0.793170138889
144267
0.818694444444
144287
0.818666666667
144307
0.827392361111
144327
0.824350694444
144347
0.827555555556
144367
0.827934027778
144387
0.835628472222
144407
0.83125
144427
0.812097222222
144447
0.797260416667
144467
0.775364583333
144487
0.780409722222
144507
0.763982638889
144527
0.7618125
144547
0.765222222222
144567
0.768711805556
144587
0.768159722222
144607
0.770225694444
144627
0.772579861111
144647
0.757666666667
144667
0.752170138889
144687
0.763743055556
144707
0.78934375
144727
0.8033125
144747
0.815024305556
144767
0.826600694444
144787
0.825475694444
144807
0.821572916667
144827
0.834149305556
144847
0.853048611111
144867
0.833465277778
144887
0.818517361111
144907
0.774815972222
144927
0.754909722222
144947
0.743649305556
144967
0.706118055556
144987
0.702822916667
145007
0.721642361111
145027
0.743802083333
145047
0.746038194444
145067
0.788329861111
145087
0.824680555556
145107
0.860385416667
145127
0.879086805556
145147
0.890722222222
145167
0.902055555556
145187
0.9208125
145207
0.939722222222
145227
0.939079861111
145247
0.941222222222
145267
0.942104166667
145287
0.941357638889
145307
0.941670138889
145327
0.9561875
145347
1.0
145367
1.0
145387
1.0
145407
1.0
