153998
0.0992741865697
154018
0.101651739356
154038
0.0672269816546
154058
0.0657764364832
154078
0.0690009518865
154098
0.0690204222915
154118
0.0666504413292
154138
0.0677937867774
154158
0.0647823641398
154178
0.0666093371409
154198
0.0742925752856
154218
0.07916233991
154238
0.0808335496712
154258
0.0947094582901
154278
0.0997436396677
154298
0.0981265143648
154318
0.0972871235722
154338
0.0951334804431
154358
0.0964131187262
154378
0.0980086102458
154398
0.0976559795777
154418
0.0961751471097
154438
0.0978431118034
154458
0.0964163637937
154478
0.159165152302
154498
0.151560877466
154518
0.146762504327
154538
0.143353020076
154558
0.138639018692
154578
0.130100164417
154598
0.124704698858
154618
0.115873788508
154638
0.113679041191
154658
0.113437824507
154678
0.106560444791
154698
0.118434146764
154718
0.124874524057
154738
0.120947992385
154758
0.116291320526
154778
0.112705520942
154798
0.11303219107
154818
0.111882355486
154838
0.111946175147
154858
0.108422031845
154878
0.102569011769
154898
0.101088179301
154918
0.10462962963
154938
0.110580001731
154958
0.11716748875
154978
0.165591467636
154998
0.261777431637
155018
0.432400917272
155038
0.722334717895
155058
1.0
155078
1.0
155098
1.0
155118
1.0
155138
0.988541666667
155158
0.981009865005
155178
0.978301315334
155198
0.977817800277
155218
0.970626730703
155238
0.959727630668
155258
0.958607000692
155278
0.958211102458
155298
0.957965559017
155318
0.958169998269
155338
0.958379845967
155358
0.958304127726
155378
0.958060747664
155398
0.959309016961
155418
1.0
155438
1.0
155458
0.971128634476
155478
0.930923329872
155498
0.916113923503
155518
0.91353733991
155538
0.911088395639
155558
0.909230053652
155578
0.909927743164
155598
0.908979101765
155618
0.902770205954
155638
0.9038637937
155658
0.903671253029
155678
0.911940766701
155698
0.906385211146
155718
0.900327751817
155738
0.89988317757
155758
0.898091900312
155778
0.898181680512
155798
0.907842246452
155818
0.908930425753
155838
0.897555382485
155858
0.897201670128
155878
0.896779811353
155898
0.896025874005
155918
0.897292532018
155938
0.910077016269
155958
0.893917661821
155978
0.878838914849
155998
0.878554430599
156018
0.878084977501
156038
0.877456516096
156058
0.877219626168
156078
0.878900571132
156098
0.906955261336
156118
0.895666753202
156138
0.893903599862
156158
0.893839780201
156178
0.894156715126
156198
0.893300017307
156218
0.903130408446
156238
0.896709501558
156258
0.891488187954
156278
0.890989529249
156298
0.889404854621
156318
0.888772066459
156338
0.893449290412
156358
0.89544825199
156378
0.890355659398
156398
0.889240437868
156418
0.893302180685
156438
0.892867341641
156458
0.886918051229
156478
0.899299065421
156498
0.886516744548
156518
0.884813084112
156538
0.883687045691
156558
0.883136465905
156578
0.882628071997
156598
0.890985202492
156618
0.889468674282
156638
0.879377596054
156658
0.879645854967
156678
0.878338092766
156698
0.874101116303
156718
0.88147066459
156738
0.880474428868
156758
0.873873961578
156778
0.872189771547
156798
0.874972957771
156818
0.875457554517
156838
0.873938862928
156858
0.878620413638
156878
0.875448901004
156898
0.872275224991
156918
0.871925839391
156938
0.872058887158
156958
0.869959328487
156978
0.880697256836
156998
0.874515403254
157018
0.867185877466
157038
0.866011163032
157058
0.866738058152
157078
0.863868336795
157098
0.870800882658
157118
0.87584263586
157138
0.862618985808
157158
0.856098563517
157178
0.848917229145
157198
0.843229707511
157218
0.844929041191
157238
0.849982692973
157258
0.854235894773
157278
0.86528751298
157298
0.864636336102
157318
0.856719453098
157338
0.85609423676
157358
0.856140749394
157378
0.853154205607
157398
0.848058367947
157418
0.855237538941
157438
0.853924368294
157458
0.853888672551
157478
0.858234899619
157498
0.858057502596
157518
0.83796620803
157538
0.837777994116
157558
0.835000216338
157578
0.835466424368
157598
0.835609207338
157618
0.832426877812
157638
0.833109423676
157658
0.833912037037
157678
0.83101635514
157698
0.859594582901
157718
0.862334501558
157738
0.925631706473
157758
0.999993509865
157778
0.996562391831
157798
0.996565636899
157818
0.996590515749
157838
0.975457554517
157858
0.975560314988
157878
0.975599255798
157898
0.975589520595
157918
0.975611154379
157938
0.914316156109
157958
0.91505494981
157978
0.915088482174
157998
0.915245327103
158018
0.91524857217
158038
0.915245327103
158058
0.91524857217
158078
0.915221529941
158098
1.0
158118
0.980284051575
158138
0.980294868467
158158
0.980305685358
158178
0.980286214953
158198
0.987316112842
158218
0.98704677224
158238
0.987052180685
158258
0.987340991693
158278
0.997840948425
158298
0.992678046037
158318
0.983373355832
158338
0.972928565247
158358
0.963136033229
158378
0.95534246279
158398
0.944140489789
158418
0.932538291796
158438
0.921327665282
158458
0.908759518865
158478
0.896724645206
158498
0.894754889235
158518
0.893090169609
158538
0.893821391485
158558
0.895598606784
158578
0.893818146417
158598
0.888544911734
158618
0.894109120803
158638
0.895445006923
158658
0.9078573901
158678
0.921773321218
158698
0.918544479058
158718
0.912093284874
158738
0.91309709242
158758
0.913145768432
158778
0.916630970924
158798
0.916765100381
158818
0.916715342679
158838
0.911470231914
158858
0.90303413811
158878
0.892916017653
158898
0.895695958809
158918
0.898313646591
158938
0.898710626514
158958
0.894727847006
158978
0.898026998962
158998
0.892510384216
159018
0.899994591554
159038
0.900094106957
159058
0.908661085151
159078
0.908159181378
159098
0.907796815507
159118
0.906685920734
159138
0.90728733991
159158
0.911285263067
159178
0.899393172378
159198
0.90622403946
159218
0.902062781239
159238
0.904871928003
159258
0.901847525095
159278
0.903871365524
159298
0.905288378332
159318
0.90759886639
159338
0.910833116996
159358
0.903674498096
159378
0.90233428522
159398
0.902080088266
159418
0.905272152994
159438
0.903318622361
159458
0.902603625822
159478
0.898476981655
159498
0.894936613015
159518
0.893990134995
159538
0.89308908792
159558
0.897204915196
159578
0.900470534787
159598
0.910284700588
159618
0.904381922811
159638
0.90093349775
159658
0.90574485116
159678
0.905375995154
159698
0.907182416061
159718
0.912968371409
159738
0.916897066459
159758
0.912320439598
159778
0.908025051921
159798
0.905533921772
159818
0.913332900658
159838
0.918531498789
159858
0.906325718242
159878
0.909093760817
159898
0.913415109034
159918
0.903909224645
159938
0.898868553133
159958
0.901897282797
159978
0.904141787816
159998
0.902994115611
160018
0.894824117342
160038
0.884766571478
160058
0.887298805815
160078
0.894539633091
160098
0.884817410869
160118
0.888383740048
160138
0.889784527518
160158
0.892580694012
160178
0.889828876774
160198
0.899630062305
160218
0.894890100381
160238
0.90165931118
160258
0.912932675666
160278
0.909539416753
160298
0.905334890966
160318
0.916609337141
160338
0.916081472828
160358
0.908960713049
160378
0.916269686743
160398
0.909109986154
160418
0.91823187089
160438
0.918771633783
160458
0.916901393216
160478
0.91798524576
160498
0.913846703011
160518
0.916964131187
160538
0.919710539979
160558
0.922612712011
160578
0.929607995846
160598
0.933685964001
160618
0.925921599169
160638
0.928874610592
160658
0.922032926618
160678
0.921598087574
160698
0.927703141225
160718
0.917774316372
160738
0.91473044306
160758
0.917957121841
160778
0.912093284874
160798
0.91309709242
160818
0.915024662513
160838
0.906403599862
160858
0.915297248183
160878
0.91491216684
160898
0.921229231568
160918
0.928660436137
160938
0.927173113534
160958
0.921183800623
160978
0.916461145725
160998
0.910294435791
161018
0.918134518865
161038
0.925867514711
161058
0.930218068536
161078
0.929598260644
161098
0.91868509865
161118
0.90851938387
161138
0.911755797854
161158
0.910352847006
161178
0.913114399446
161198
0.924963222568
161218
0.925586275528
161238
0.920596443406
161258
0.915127422984
161278
0.91841251298
161298
0.918044738664
161318
0.927234769817
161338
0.930484164071
161358
0.936972135687
161378
0.937025138456
161398
0.937580044998
161418
0.931294349256
161438
0.926624697127
161458
0.929223996192
161478
0.929923849083
161498
0.929865437868
161518
0.930526349948
161538
0.923123269297
161558
0.916585539979
161578
0.909951540325
161598
0.90578379197
161618
0.909603236414
161638
0.914079266182
161658
0.90988014884
161678
0.898584068882
161698
0.901590083074
161718
0.902797248183
161738
0.907201886466
161758
0.908937997577
161778
0.914238274489
161798
0.915078746971
161818
0.917822992385
161838
0.910843933887
161858
0.916563906196
161878
0.930037426445
161898
0.930209415022
161918
0.93335064036
161938
0.93182113188
161958
0.93174216857
161978
0.937073814469
161998
0.935690334026
162018
0.934209501558
162038
0.940955996885
162058
0.942742947387
162078
0.943317324334
162098
0.938649835583
162118
0.939569271374
162138
0.942338395639
162158
0.938258264105
162178
0.937826670128
162198
0.931511768778
162218
0.928030893043
162238
0.923063776393
162258
0.921203271028
162278
0.917606654552
162298
0.924270941502
162318
0.927421902042
162338
0.923438040845
162358
0.916689382139
162378
0.921399056767
162398
0.931103971963
162418
0.915522239529
162438
0.927509518865
162458
0.930471183801
162478
0.911662772586
162498
0.904801618207
162518
0.891420041537
162538
0.881959588093
162558
0.887687132226
162578
0.87926618207
162598
0.86099537037
162618
0.878558757355
162638
0.866787815853
162658
0.855479837314
162678
0.846125389408
162698
0.839983558325
162718
0.838694184839
162738
0.856502033576
162758
0.867040931118
162778
0.86099537037
162798
0.855090429214
162818
0.836535133264
162838
0.846414200415
162858
0.855761076497
162878
0.885574593285
162898
0.907668094496
162918
0.912152777778
162938
0.905200761509
162958
0.905894124264
162978
0.920323857736
162998
0.940707208377
163018
0.960286863967
163038
0.963435661128
163058
0.962223087574
163078
0.958443665628
163098
0.962597352025
163118
0.966069574247
163138
0.96510687089
163158
0.967069055036
163178
0.968641831083
163198
0.965331862236
163218
0.966361630322
163238
0.974160609207
163258
0.971545084804
163278
0.973135167878
163298
0.936279854621
163318
0.89564295604
163338
0.898788508134
163358
0.860144080997
163378
0.825710669782
163398
0.8308605919
163418
0.829256446867
163438
0.822882052613
163458
0.83008285739
163478
0.820283835237
163498
0.860316069574
163518
0.895105356525
163538
0.892528772932
163558
0.927491130149
163578
0.963412945656
163598
0.963780719972
163618
0.966784570786
163638
0.971819833853
163658
0.952424065421
163678
0.94719950675
163698
0.945426618207
163718
0.951293700242
163738
0.954696694358
163758
0.958362538941
163778
0.958045604015
163798
0.962574636552
163818
0.962528123918
163838
0.970151869159
163858
0.984570785739
163878
0.984571867428
163898
0.984570785739
163918
0.984571867428
163938
0.98572386639
163958
0.987309622707
163978
1.0
