146696
0.104898131127
146716
0.10537109375
146736
0.103089096967
146756
0.0526582605699
146776
0.0530350030637
146796
0.0520694508272
146816
0.052885167739
146836
0.0548684512868
146856
0.106537702972
146876
0.108278760723
146896
0.104088158701
146916
0.106996783088
146936
0.108868049173
146956
0.113138116575
146976
0.108671779259
146996
0.109524835325
147016
0.1382745481
147036
0.0520833333333
147056
0.0506007774203
147076
0.052201573989
147096
0.0511038985907
147116
0.0520924287684
147136
0.052525658701
147156
0.0533456839767
147176
0.0510057636336
147196
0.0506673177083
147216
0.0509971469056
147236
0.0513863357843
147256
0.051003370098
147276
0.105214556526
147296
0.109135167739
147316
0.110609106924
147336
0.305243757659
147356
0.119578642004
147376
0.194889801624
147396
0.206045113358
147416
0.106273935355
147436
0.264466050092
147456
0.166536458333
147476
0.130723422181
147496
0.094558057598
147516
0.104936906403
147536
0.0850375306373
147556
0.0771465226716
147576
0.0831739238664
147596
0.100468175551
147616
0.1447265625
147636
0.111726888021
147656
0.105843098958
147676
0.103965130974
147696
0.113887771906
147716
0.13253772212
147736
0.143827550551
147756
0.150196269914
147776
0.136960975797
147796
0.125401156556
147816
0.103238453585
147836
0.0901453354779
147856
0.0940755208333
147876
0.0875751570159
147896
0.0511431525735
147916
0.0433340035233
147936
0.0502369600184
147956
0.0505739698223
147976
0.0780120251225
147996
0.112241498162
148016
0.138902611826
148036
0.0911161534926
148056
0.0890902650123
148076
0.0865650850184
148096
0.0910831227022
148116
0.0904947916667
148136
0.089750402114
148156
0.0864741306679
148176
0.0835827397365
148196
0.0826315487132
148216
0.0811781939338
148236
0.083820178462
148256
0.0815515854779
148276
0.0822950176164
148296
0.0843525007659
148316
0.0889342064951
148336
0.0737027037377
148356
0.0702383003983
148376
0.0921104281556
148396
0.0806003944547
148416
0.0921798406863
148436
0.0976701325061
148456
0.112057195925
148476
0.0950453814338
148496
0.0740152994792
148516
0.0609073414522
148536
0.0592945772059
148556
0.0623970779718
148576
0.0615535960478
148596
0.0655570235907
148616
0.0672554764093
148636
0.0644234451593
148656
0.0693546070772
148676
0.072052600337
148696
0.0674469592525
148716
0.0615760952819
148736
0.0541077856924
148756
0.0600341796875
148776
0.0539665670956
148796
0.0566650390625
148816
0.0565367455576
148836
0.0687107460172
148856
0.0759334788603
148876
0.088995959712
148896
0.0959032245711
148916
0.0940702550551
148936
0.0934072457108
148956
0.0911506204044
148976
0.103857900582
148996
0.101576861213
149016
0.0976351868873
149036
0.093097522212
149056
0.0965609681373
149076
0.0906709558824
149096
0.0923426011029
149116
0.0826315487132
149136
0.0931066176471
149156
0.0951066559436
149176
0.0926676432292
149196
0.09361261106
149216
0.096488683364
149236
0.0979525696998
149256
0.096435546875
149276
0.0993278952206
149296
0.102069929534
149316
0.0990880629596
149336
0.101589307598
149356
0.100453335631
149376
0.102213541667
149396
0.106791417739
149416
0.203703756893
149436
1.0
149456
1.0
149476
1.0
149496
1.0
149516
1.0
149536
0.994564759498
149556
0.985162473192
149576
0.976034007353
149596
0.964571365656
149616
0.950995710784
149636
0.941022805607
149656
0.930795706955
149676
0.919309129902
149696
0.912505265778
149716
0.903712373621
149736
0.891361730239
149756
0.888081150429
149776
0.884441061581
149796
0.879642980239
149816
0.881958007812
149836
0.87961473652
149856
0.878180530025
149876
0.879287779565
149896
0.874730487898
149916
0.866708314185
149936
0.870351275276
149956
0.872780235141
149976
0.881598498775
149996
0.896380974265
150016
0.903875612745
150036
0.915792068781
150056
0.924034447763
150076
0.933639227175
150096
0.941223862592
150116
0.954285864737
150136
0.963001685049
150156
0.971025294884
150176
0.974365234375
150196
0.974349915748
150216
0.972547104779
150236
0.966495289522
150256
0.955562097886
150276
0.949942555147
150296
0.941451248468
150316
0.93239698223
150336
0.925120634191
150356
0.91706495098
150376
0.902517041973
150396
0.898612228094
150416
0.894126263787
150436
0.889357862286
150456
0.896990368413
150476
0.89967400046
150496
0.906824927237
150516
0.906922104779
150536
0.912888710172
150556
0.904451497396
150576
0.912205595129
150596
0.916547947304
150616
0.917545572917
150636
0.912968654259
150656
0.912353994332
150676
0.907771809896
150696
0.909052351409
150716
0.898065544577
150736
0.903450520833
150756
0.902623314951
150776
0.911204618566
150796
0.908689970129
150816
0.911775237439
150836
0.9029296875
150856
0.898708448223
150876
0.901787013634
150896
0.903744446998
150916
0.905903416054
150936
0.909495155484
150956
0.905583639706
150976
0.90593884038
150996
0.905007276348
151016
0.90678136489
151036
0.908248123468
151056
0.915249693627
151076
0.91891228171
151096
0.914878216912
151116
0.917078354779
151136
0.920121974571
151156
0.924381989124
151176
0.924067957261
151196
0.923706054688
151216
0.922050685509
151236
0.920574352788
151256
0.924338905484
151276
0.924428423713
151296
0.930261948529
151316
0.932322303922
151336
0.92821595435
151356
0.928330844056
151376
0.928229836857
151396
0.921313476562
151416
0.91945513557
151436
0.919081265319
151456
0.913219018076
151476
0.909944182751
151496
0.904081935509
151516
0.898302504596
151536
0.89682042739
151556
0.896346028646
151576
0.895217715993
151596
0.894427849265
151616
0.903694661458
151636
0.908505189185
151656
0.913820274203
151676
0.910400390625
151696
0.917856732537
151716
0.922901348039
151736
0.922797468597
151756
0.925561523437
151776
0.921800800398
151796
0.924720435049
151816
0.918864889706
151836
0.917146809896
151856
0.920318244485
151876
0.920042509191
151896
0.920100432751
151916
0.918045821844
151936
0.921714154412
151956
0.917322974112
151976
0.917888327206
151996
0.924179496017
152016
0.921484853707
152036
0.924188112745
152056
0.916130035999
152076
0.916137695312
152096
0.917036707261
152116
0.920619351256
152136
0.92062365962
152156
0.914574716605
152176
0.919410615809
152196
0.921656709559
152216
0.919477634804
152236
0.911873372396
152256
0.918625057445
152276
0.922047334559
152296
0.918467562806
152316
0.923168945313
152336
0.918448893229
152356
0.913516773897
152376
0.924080882353
152396
0.924459060968
152416
0.918262197457
152436
0.9177667356
152456
0.925277171415
152476
0.919427370558
152496
0.923551910999
152516
0.926114430147
152536
0.923543294271
152556
0.921729951746
152576
0.926240330116
152596
0.906769875919
152616
0.903892846201
152636
0.907165766697
152656
0.910326191023
152676
0.913276941636
152696
0.914983053768
152716
0.914353075214
152736
0.911086856618
152756
0.912757544424
152776
0.918787339154
152796
0.922142118566
152816
0.931809608609
152836
0.933849379596
152856
0.936059091605
152876
0.931046070772
152896
0.924973192402
152916
0.919703584559
152936
0.922964537377
152956
0.915023265165
152976
0.91209118413
152996
0.903072820925
153016
0.897348920037
153036
0.897900869332
153056
0.894940544577
153076
0.883357268689
153096
0.882181085325
153116
0.881635359222
153136
0.891508214614
153156
0.893098000919
153176
0.893426393995
153196
0.890828450521
153216
0.901450482537
153236
0.898013365502
153256
0.902246572457
153276
0.911120366115
153296
0.915975413603
153316
0.921021465227
153336
0.922746246936
153356
0.921273743873
153376
0.927806181066
153396
0.927554381127
153416
0.926531862745
153436
0.926118738511
153456
0.932954676011
153476
0.935143803615
153496
0.934788602941
153516
0.937000229779
153536
0.932208850337
153556
0.933285462623
153576
0.926726696538
153596
0.92206696155
153616
0.9226629519
153636
0.916071155025
153656
0.91644598269
153676
0.909380265778
153696
0.897124406403
153716
0.886746515012
153736
0.874482038909
153756
0.873140701593
153776
0.873142137714
153796
0.871213905484
153816
0.8665948606
153836
0.867967792586
153856
0.876114430147
153876
0.8671942019
153896
0.875567267923
153916
0.879349054075
153936
0.872930549173
153956
0.859374521293
153976
0.850779813879
153996
0.854653033088
154016
0.855254767923
154036
0.852675972733
154056
0.848093788297
154076
0.85339977788
154096
0.845022403493
154116
0.848266122855
154136
0.859400850184
154156
0.869965437347
154176
0.88982220818
154196
0.907004442402
154216
0.905282054228
154236
0.907817765778
154256
0.925831514246
154276
0.926452397365
154296
0.922874061734
154316
0.925846354167
154336
0.917781096814
154356
0.915597713695
154376
0.924377202053
154396
0.920412071078
154416
0.911499980852
154436
0.906975241268
154456
0.9095636106
154476
0.900463867188
154496
0.90090379902
154516
0.894738530178
154536
0.894509229473
154556
0.886391793045
154576
0.88387187883
154596
0.888070140165
154616
0.890107996324
154636
0.882933612898
154656
0.889246323529
154676
0.887334846048
154696
0.895548502604
154716
0.898291494332
154736
0.892875402114
154756
0.89677734375
154776
0.902251359528
154796
0.894309129902
154816
0.896431238511
154836
0.898219209559
154856
0.90676317402
154876
0.903499348958
154896
0.895762484681
154916
0.884867589614
154936
0.871927179075
154956
0.874883674173
154976
0.882147575827
154996
0.884815410539
155016
0.893179381127
155036
0.880496993719
155056
0.878504614737
155076
0.876457663143
155096
0.878282973346
155116
0.8791958678
155136
0.895625574449
155156
0.905035520067
155176
0.908475509344
155196
0.907315602022
155216
0.908351045496
155236
0.912965303309
155256
0.919221047794
155276
0.921200980392
155296
0.926052198223
155316
0.930093922335
155336
0.932699046415
155356
0.938846124387
155376
0.941357900582
155396
0.943292834712
155416
0.945240693934
155436
0.948243144914
155456
0.949987553615
155476
0.950928691789
155496
0.957907762714
155516
0.939965341605
155536
0.92608905867
155556
0.927538105086
155576
0.930011584712
155596
0.932859413297
155616
0.935484164369
155636
0.921523150276
155656
0.924383903952
155676
0.926806640625
155696
0.920705518536
155716
0.910963350184
155736
0.935719209559
155756
0.935636871936
155776
0.937230487898
155796
0.937997376685
155816
0.928779392616
155836
0.935559321385
155856
0.951361921722
155876
0.951459577972
155896
0.952928251379
155916
0.965864832261
155936
0.97428002451
155956
0.975798004749
155976
0.98693225337
155996
0.983799115349
156016
0.972183766085
156036
0.982156192555
156056
0.982142310049
156076
0.981844075521
156096
0.981981943168
156116
0.981883329504
156136
0.981877106311
156156
0.990250651042
156176
0.99519665288
156196
0.987694355086
156216
0.987704886642
156236
0.987649835325
156256
0.990267884498
156276
0.999994255515
