164941
0.348745126706
164961
0.342569749025
164981
0.323749695419
165001
0.318335769981
165021
0.321407468324
165041
0.103146320663
165061
0.0953840765107
165081
0.0690439205653
165101
0.0712460404483
165121
0.263445723684
165141
0.265899122807
165161
0.265233613548
165181
0.122080592105
165201
0.129559576023
165221
0.0980263157895
165241
0.0935428849903
165261
0.143644919591
165281
0.15253411306
165301
0.154708820663
165321
0.166748903509
165341
0.190797088207
165361
0.204136208577
165381
0.157436342593
165401
0.16055372807
165421
0.17554672271
165441
0.181479958577
165461
0.1684103923
165481
0.143867263645
165501
0.140533625731
165521
0.13820662768
165541
0.141750426413
165561
0.138914778265
165581
0.141451937135
165601
0.151113243177
165621
0.118239826998
165641
0.193826145224
165661
0.179221491228
165681
0.220141934698
165701
0.197631883528
165721
0.143783503899
165741
0.144206871345
165761
0.145953642788
165781
0.154420991715
165801
0.147496345029
165821
0.152698586745
165841
0.109615618908
165861
0.0791514376218
165881
0.161042580409
165901
0.19339668616
165921
0.259678057992
165941
0.245688657407
165961
0.25716374269
165981
0.277133589181
166001
0.302263036062
166021
0.3058083577
166041
0.0773620248538
166061
0.0704739278752
166081
0.0678667153996
166101
0.0665433114035
166121
0.0661077607212
166141
0.0714485867446
166161
0.0780656067251
166181
0.0682367811891
166201
0.155700231481
166221
0.159230324074
166241
0.137701023392
166261
0.155496162281
166281
0.15051626462
166301
0.163933053119
166321
0.32467714425
166341
0.328889498051
166361
0.307305372807
166381
0.139050316764
166401
0.135622258772
166421
0.1405229654
166441
0.123850207115
166461
0.102823464912
166481
0.149215704191
166501
0.11434119152
166521
0.130447429337
166541
0.248370492203
166561
0.0416636208577
166581
0.0589638157895
166601
0.202256944444
166621
0.209505969786
166641
0.189638157895
166661
0.285873538012
166681
0.29657955653
166701
0.193398209064
166721
0.200744700292
166741
0.208249573587
166761
0.202863060429
166781
0.186941094055
166801
0.176870126706
166821
0.160766934698
166841
0.155677387914
166861
0.0699485258285
166881
0.0894142909357
166901
0.0731770833333
166921
0.0720196759259
166941
0.0887320297271
166961
0.0895330774854
166981
0.176524427388
167001
0.173336988304
167021
0.110826327973
167041
0.0955774853801
167061
0.0951952363548
167081
0.0925392909357
167101
0.100829982943
167121
0.0689449317739
167141
0.0796235380117
167161
0.099537037037
167181
0.0986552753411
167201
0.131096186647
167221
0.242519493177
167241
0.233509990253
167261
0.150715765107
167281
0.179676839669
167301
0.20007462232
167321
0.197627314815
167341
0.196782102827
167361
0.178594054581
167381
0.307037341618
167401
0.298309576023
167421
0.311627375731
167441
0.324949744152
167461
0.31224872076
167481
0.20481999269
167501
0.192074805068
167521
0.215056956628
167541
0.196952668129
167561
0.176818347953
167581
0.194283016569
167601
0.325487329435
167621
0.305773330897
167641
0.599112146686
167661
0.700708150585
167681
0.108267848441
167701
0.111796418129
167721
0.107684576023
167741
0.0998888279727
167761
0.259145041423
167781
0.297010538499
167801
0.256423611111
167821
0.426041666667
167841
0.583706444932
167861
0.413506639864
167881
0.380697185673
167901
0.362315728558
167921
0.353280336257
167941
0.337047697368
167961
0.401896016082
167981
0.377451876218
168001
0.315812317251
168021
0.302189936647
168041
0.345367324561
168061
0.291465643275
168081
0.29777503655
168101
0.440786427875
168121
0.501324926901
168141
0.299948221248
168161
0.251740679825
168181
0.260935977096
168201
0.261989826998
168221
0.270189144737
168241
0.236743116472
168261
0.229424037524
168281
0.249896442495
168301
0.291738243177
168321
0.302927022417
168341
0.250960952729
168361
0.269007370858
168381
0.278974780702
168401
0.300785818713
168421
0.334659783138
168441
0.343341861598
168461
0.319646990741
168481
0.260712110136
168501
0.359620187622
168521
0.343466739766
168541
0.123911123294
168561
0.108133832846
168581
0.0965049342105
168601
0.0991258528265
168621
0.183895285088
168641
0.188176169591
168661
0.178379325049
168681
0.122412585283
168701
0.0978298611111
168721
0.0957998294347
168741
0.115466617934
168761
0.121692251462
168781
0.143089059454
168801
0.386921296296
168821
0.257833820663
168841
0.227384868421
168861
0.205345394737
168881
0.224281189084
168901
0.0767620004873
168921
0.07413042154
168941
0.114717348928
168961
0.213252314815
168981
0.265809271442
169001
0.367824074074
169021
0.362244152047
169041
0.437478679337
169061
0.449349719786
169081
0.393050986842
169101
0.384247076023
169121
0.395588145712
169141
0.400194931774
169161
0.403356481481
169181
0.246278021442
169201
0.260488243177
169221
0.273739035088
169241
0.310575048733
169261
0.393465216862
169281
0.335342044347
169301
0.364172149123
169321
0.350306103801
169341
0.207418067739
169361
0.239344237329
169381
0.264967105263
169401
0.224611659357
169421
0.228446332846
169441
0.233074439571
169461
0.242225572612
169481
0.224063413743
169501
0.203217897173
169521
0.230412402534
169541
0.216033138402
169561
0.227492994639
169581
0.230045382554
169601
0.220758711014
169621
0.113890411793
169641
0.100310672515
169661
0.117440302144
169681
0.120278996101
169701
0.188180738304
169721
0.19044834308
169741
0.203887975146
169761
0.207035818713
169781
0.21124664961
169801
0.213441154971
169821
0.22442586501
169841
0.200080713938
169861
0.201497015107
169881
0.203501157407
169901
0.201580774854
169921
0.19945327729
169941
0.193255056043
169961
0.205581444932
169981
0.213189875731
170001
0.200021320663
170021
0.19717044347
170041
0.191822002924
170061
0.206353557505
170081
1.0
170101
1.0
170121
1.0
170141
1.0
170161
0.830819018031
170181
0.823408564815
170201
0.82273087232
170221
0.822607517057
170241
0.776052326998
170261
0.773073525828
170281
0.725225389864
170301
0.645303362573
170321
0.644616532651
170341
0.622330348441
170361
0.621893274854
170381
0.62346795809
170401
0.621355689571
170421
0.622286184211
170441
0.647502436647
170461
0.867787524366
170481
0.865125487329
170501
0.864528508772
170521
0.771628289474
170541
0.768136269493
170561
0.710928362573
170581
0.707797270955
170601
0.656594176413
170621
0.654960099903
170641
0.636653265107
170661
0.637464973197
170681
0.639910757797
170701
0.639205653021
170721
0.63975542154
170741
0.648193835283
170761
0.876705653021
170781
0.836426352339
170801
0.824089303119
170821
0.807675438596
170841
0.762828947368
170861
0.716433662281
170881
0.711324317739
170901
0.689638157895
170921
0.688063474659
170941
0.658191703216
170961
0.655636269493
170981
0.65984710039
171001
0.658117080897
171021
0.659000365497
171041
0.679471247563
171061
0.888133528265
171081
0.839202607212
171101
0.8394021077
171121
0.839330531189
171141
0.791113852339
171161
0.791295077973
171181
0.699727400097
171201
0.70113456384
171221
0.62905244883
171241
0.621693774366
171261
0.62259837963
171281
0.62843414961
171301
0.628272721735
171321
0.627275219298
171341
0.627464059454
171361
0.999992385478
171381
1.0
171401
0.978976303606
171421
0.976631030702
171441
0.976580774854
171461
0.789983857212
171481
0.789427997076
171501
0.789277229532
171521
0.78889954922
171541
0.789406676413
171561
0.787247197856
171581
0.973184697856
171601
0.938732029727
171621
0.887950779727
171641
0.828277290448
171661
0.765224476121
171681
0.680761147661
171701
0.537334003411
171721
0.408612024854
171741
0.323237999513
171761
0.272519188596
171781
0.239013767057
171801
0.241943835283
171821
0.248866959064
171841
0.250006091618
171861
0.252576754386
171881
0.277052875244
171901
0.265882370858
171921
0.255462658382
171941
0.227263036062
171961
0.210223257797
171981
0.206242385478
172001
0.202276742203
172021
0.214648818226
172041
0.227977278265
172061
0.247001401072
172081
0.268920565302
172101
0.280544895224
172121
0.255593628168
172141
0.215937195419
172161
0.187758893762
172181
0.18455165692
172201
0.149706079435
172221
0.151254873294
172241
0.16263249269
172261
0.182579495614
172281
0.20882827729
172301
0.218766751949
172321
0.214129507797
172341
0.186507066277
172361
0.168404300682
172381
0.149168494152
172401
0.143105811404
172421
0.165331079435
172441
0.196198830409
172461
0.227780823587
172481
0.287050743177
172501
0.308963815789
172521
0.316144310429
172541
0.306478435673
172561
0.297211561891
172581
0.284743542885
172601
0.26034661306
172621
0.238765533626
172641
0.238762487817
172661
0.236007553606
172681
0.220233308967
172701
0.214581810429
172721
0.218119517544
172741
0.215730080409
172761
0.225411184211
172781
0.220918615984
172801
0.218116471735
172821
0.221812560916
172841
0.205886025828
172861
0.208884624756
172881
0.214674707602
172901
0.207814022904
172921
0.217138767057
172941
0.217137244152
172961
0.218704312865
172981
0.217763157895
173001
0.237458881579
173021
0.261683723197
173041
0.282201815302
173061
0.286219237329
173081
0.311123294347
173101
0.289246771442
173121
0.250804093567
173141
0.214621405945
173161
0.187891386452
173181
0.163298001949
173201
0.155538803606
173221
0.166121466862
173241
0.194584551657
173261
0.218143884016
173281
0.238552326998
173301
0.252352887427
173321
0.246229288499
173341
0.226726973684
173361
0.212419286062
173381
0.193399731969
173401
0.172813109162
173421
0.17479288499
173441
0.19271747076
173461
0.227228009259
173481
0.253455470273
173501
0.277355933236
173521
0.282638888889
173541
0.270403874269
173561
0.258727765595
173581
0.23866502193
173601
0.225292397661
173621
0.207588633041
173641
0.191919468811
173661
0.1988791423
173681
0.199992385478
173701
0.178467653509
173721
0.179011330409
173741
0.177952911793
173761
0.175950292398
173781
0.183575475146
173801
0.188322368421
173821
0.191814388402
173841
0.199872076023
173861
0.226982821637
173881
0.24790752924
173901
0.263176169591
173921
0.271748598928
173941
0.260011574074
173961
0.228549890351
173981
0.217321515595
174001
0.193146929825
174021
0.187251766569
174041
0.199069505361
174061
0.225772112573
174081
0.259638462476
174101
0.288832541423
174121
0.302919407895
174141
0.308325718811
174161
0.301984344542
174181
0.296652655945
174201
0.270818104288
174221
0.237675134016
174241
0.219112451267
174261
0.205420017057
174281
0.25493877924
174301
0.260113608674
174321
0.255052997076
174341
0.255426108674
174361
0.261015168129
174381
0.265399610136
174401
0.264033564815
174421
0.260572002924
174441
0.266028569688
174461
0.271926778752
174481
0.277724476121
174501
0.287914230019
174521
0.283429276316
174541
0.279925073099
174561
0.277467105263
174581
0.290593019006
174601
0.266665143762
174621
0.249485258285
174641
0.23776498538
174661
0.220088633041
174681
0.21655244883
174701
0.219965277778
174721
0.224345151072
174741
0.225983796296
174761
0.231723623294
174781
0.228700657895
174801
0.229486476608
174821
0.233746040448
174841
0.24298245614
174861
0.254564144737
174881
0.262414717349
174901
0.271524731969
174921
0.286566459552
174941
0.288075657895
174961
0.274936038012
174981
0.270419103314
175001
0.244872380604
175021
0.209528813353
175041
0.190364583333
175061
0.178105202242
175081
0.170539412768
175101
0.170317068713
175121
0.188486842105
175141
0.225091374269
175161
0.256239339669
175181
0.301369091131
175201
0.316298123782
175221
0.183599841618
175241
0.181604836745
175261
0.183043981481
175281
0.183573952242
175301
0.180351486355
175321
0.180729166667
175341
0.182507919103
175361
0.178114339669
175381
0.175443165205
175401
0.177189936647
175421
0.17676961501
175441
0.175319809942
175461
0.177893518519
175481
0.175202546296
175501
0.17560459308
175521
0.175245187622
175541
0.173766447368
175561
0.173192312378
175581
0.171261269493
175601
0.173177083333
175621
0.175945723684
175641
0.176119334795
175661
0.177246284113
175681
0.176947794834
175701
0.176714790448
175721
0.178132614522
175741
0.175269554094
175761
0.0733232821637
175781
0.0718003776803
175801
0.0683433845029
175821
0.07022417154
175841
0.0737862451267
175861
0.0718460648148
175881
0.0701876218324
175901
0.065899122807
175921
0.0668813961988
175941
0.063004081384
175961
0.0658031798246
175981
0.0664199561404
176001
0.0654955531189
176021
0.0638401559454
176041
0.063602582846
176061
0.0621192738791
176081
0.0670839424951
176101
0.0685809576023
176121
0.0731511939571
176141
0.0745918615984
176161
0.0734512061404
176181
0.0780397173489
176201
0.0790874756335
176221
0.0790098075049
176241
0.0772584673489
176261
0.0775280214425
176281
0.0775615253411
176301
0.0789153874269
176321
0.0859207480507
176341
0.0946317616959
176361
0.102762548733
176381
0.0977019371345
176401
0.125764498051
176421
0.152147295322
176441
0.166866167154
176461
0.192504264133
176481
0.250766020955
176501
0.280688048246
176521
0.375769066764
176541
0.529893092105
176561
0.584781615497
176581
0.887332480507
176601
0.994630238791
176621
0.995189144737
176641
0.965178788986
176661
0.975307626706
176681
0.983826754386
176701
0.994346978558
176721
0.985745614035
176741
0.991875304581
176761
0.984649122807
176781
1.0
176801
1.0
176821
1.0
176841
1.0
176861
1.0
176881
1.0
176901
0.999698464912
176921
0.987137548733
