175595
0.149140397892
175615
0.151939877059
175635
0.148923510174
175655
0.140658687621
175675
0.0727293029312
175695
0.0713496245155
175715
0.0709873879603
175735
0.0730991097384
175755
0.0774830426357
175775
0.0759856468023
175795
0.0740336573401
175815
0.186990522045
175835
0.188253240068
175855
0.186751680596
175875
0.184902268047
175895
0.185026420179
175915
0.18010575642
175935
0.183245518411
175955
0.182956713299
175975
0.181921481347
175995
0.183913971657
176015
0.185878452035
176035
0.185066921027
176055
0.184308381783
176075
0.135834166061
176095
0.136624121851
176115
0.13434434048
176135
0.13533112282
176155
0.183547571463
176175
0.187037836119
176195
0.186094204215
176215
0.176244170906
176235
0.13303847202
176255
0.132623622214
176275
0.123206985828
176295
0.0708450672238
176315
0.0826247577519
176335
0.0805315830911
176355
0.0781162942103
176375
0.0757695161095
176395
0.0783740612888
176415
0.0765030735223
176435
0.0882543756056
176455
0.0856861676357
176475
0.170875726744
176495
0.167695842418
176515
0.181275738857
176535
0.131872653222
176555
0.118242414608
176575
0.116109496124
176595
0.116341145833
176615
0.113427355862
176635
0.109831864704
176655
0.11260636204
176675
0.112906522529
176695
0.105892684109
176715
0.0908305323401
176735
0.2203125
176755
0.229144712936
176775
0.244524058261
176795
0.229702640504
176815
0.144915818798
176835
0.0746987039729
176855
0.116031144016
176875
0.0844249636628
176895
0.104935047238
176915
0.363531068314
176935
0.200536730862
176955
0.20087020046
176975
0.19761537064
176995
0.194061137355
177015
0.188275950824
177035
0.184448052931
177055
0.183132721657
177075
0.0645102804021
177095
0.0637540122335
177115
0.0632483194041
177135
0.0621759932171
177155
0.0937390231347
177175
0.0779323370882
177195
0.0777627634448
177215
0.104935425751
177235
0.100207424903
177255
0.108728500484
177275
0.0989496275436
177295
0.105705320373
177315
0.11775451187
177335
0.0883384054021
177355
0.0934358345446
177375
0.0903112130572
177395
0.124164622699
177415
0.110940149588
177435
0.114462587815
177455
0.0928975896318
177475
0.560090388808
177495
0.177301356589
177515
0.0881253028101
177535
0.126232437016
177555
0.0832852622335
177575
0.0689332000969
177595
0.0775776707849
177615
0.079296875
177635
0.0560054808624
177655
0.0557435501453
177675
0.0871737221415
177695
0.0849791061047
177715
0.083109253876
177735
0.121332212936
177755
0.121559320494
177775
0.125500015141
177795
0.0548290637112
177815
0.0573049146076
177835
0.0580104620882
177855
0.0557212179021
177875
0.17225691921
177895
0.178068980136
177915
0.173314861919
177935
0.166408142563
177955
0.159635038154
177975
0.133217886991
177995
0.327663214632
178015
0.146512763445
178035
0.144557745882
178055
0.0739624969719
178075
0.0719715207122
178095
0.0749988644622
178115
0.0806924509448
178135
0.124355393047
178155
0.111785368217
178175
0.116654175751
178195
0.114842614462
178215
0.178157930596
178235
0.164529963057
178255
0.081617157219
178275
0.066531159157
178295
0.0862043513808
178315
0.151347126332
178335
0.156139474322
178355
0.0961781583091
178375
0.09485336422
178395
0.111346672117
178415
0.181221990068
178435
0.158366642442
178455
0.0751532976017
178475
0.0582712572674
178495
0.056615264656
178515
0.0601108284884
178535
0.0794346535853
178555
0.0726948582849
178575
0.0695770500242
178595
0.312117323765
178615
0.44019500969
178635
0.10474427689
178655
0.106459317466
178675
0.168102743459
178695
0.589802492127
178715
0.192905916909
178735
0.271714132146
178755
0.0955494488857
178775
0.0979329427083
178795
0.0945535822432
178815
0.138400859981
178835
0.150091600048
178855
0.194296193677
178875
0.48636749031
178895
0.188353167393
178915
0.227039804385
178935
0.248300099927
178955
0.224988266109
178975
0.241526238493
178995
0.235594189075
179015
0.108263308503
179035
0.106584983648
179055
0.137497350412
179075
0.128923283067
179095
0.159043044453
179115
0.142064104893
179135
0.204545936289
179155
0.192011870155
179175
0.111811485586
179195
0.113542802204
179215
0.0991169301114
179235
0.0996434411337
179255
0.100278206759
179275
0.0998073370882
179295
0.0994651617006
179315
0.067795012718
179335
0.0683317435804
179355
0.0684233436289
179375
0.0688499273256
179395
0.0679710210756
179415
0.0673642653828
179435
0.0678245367006
179455
0.156531991885
179475
0.160778903222
179495
0.162786155523
179515
0.110321281492
179535
0.107701595809
179555
0.107356013808
179575
0.102573507146
179595
0.136149467054
179615
0.136554475533
179635
0.137811137355
179655
0.135683139535
179675
0.173210770954
179695
0.167171223958
179715
0.160537412185
179735
0.0857955577762
179755
0.0838704427083
179775
0.0843424479167
179795
0.0831421844719
179815
0.0605086452277
179835
0.062038971657
179855
0.0623663850533
179875
0.0620968840843
179895
0.0621245155039
179915
0.06090835453
179935
0.0580339298692
179955
0.0593500181686
179975
0.057343901405
179995
0.0604344567587
180015
0.0616350987161
180035
0.0664229045543
180055
0.070306822311
180075
0.0706713299419
180095
0.235562772529
180115
0.234893562258
180135
0.234477198401
180155
0.231732603561
180175
0.231034626332
180195
0.231410489341
180215
0.236678627665
180235
0.234566527374
180255
0.231345385174
180275
0.228896787185
180295
0.234099064317
180315
0.235026798692
180335
0.23365204094
180355
0.230412730136
180375
0.226029554264
180395
0.235658157703
180415
0.233377619307
180435
0.228765821827
180455
0.230675796391
180475
0.23091766594
180495
1.0
180515
1.0
180535
0.999271363251
180555
0.995064952762
180575
0.987114674176
180595
0.978540228319
180615
0.974949657825
180635
0.974736555233
180655
0.975783899588
180675
0.975019304142
180695
0.977015579578
180715
0.972788350896
180735
0.961295951429
180755
0.954261673328
180775
0.946301174903
180795
0.932882903343
180815
0.913543937742
180835
0.90397476078
180855
0.887852016715
180875
0.877586376575
180895
0.875927355862
180915
0.879722323159
180935
0.884044937016
180955
0.878810486313
180975
0.88407332546
180995
0.883927976623
181015
0.88358353016
181035
0.884608542272
181055
0.877261234254
181075
0.878132570252
181095
0.872926507994
181115
0.867075460271
181135
0.867762460635
181155
0.873145666788
181175
0.874893259448
181195
0.874413683987
181215
0.876273694889
181235
0.869885159278
181255
0.868355968387
181275
0.868619791667
181295
0.8695793211
181315
0.879013369065
181335
0.872023755451
181355
0.870114537912
181375
0.876433805717
181395
0.884466221536
181415
0.894102395228
181435
0.908875363372
181455
0.924216478924
181475
0.940075778222
181495
0.955124303537
181515
0.965691239704
181535
0.964875545058
181555
0.972067662912
181575
0.985008251575
181595
0.987644970325
181615
0.987545042999
181635
0.988691179142
181655
0.984985162306
181675
0.974902722263
181695
0.970695176235
181715
0.974356907098
181735
0.962103697311
181755
0.96022476078
181775
0.961332288639
181795
0.961103288517
181815
0.962682064559
181835
0.949799388324
181855
0.947180081153
181875
0.930324915213
181895
0.919676598837
181915
0.920901087088
181935
0.911986736919
181955
0.904178022045
181975
0.896003664002
181995
0.879672738009
182015
0.885773604046
182035
0.87903456577
182055
0.889215419089
182075
0.889124197553
182095
0.888491324491
182115
0.880167453973
182135
0.875410307655
182155
0.878193889293
182175
0.883622138445
182195
0.881943435078
182215
0.89878724564
182235
0.900636658188
182255
0.895306822311
182275
0.904472126332
182295
0.899757751938
182315
0.905194328367
182335
0.89831221233
182355
0.896723216449
182375
0.910379572432
182395
0.898923888687
182415
0.906705350654
182435
0.909056670906
182455
0.890628406613
182475
0.899318298813
182495
0.885535519622
182515
0.875214616642
182535
0.886942829457
182555
0.876809668726
182575
0.874795603198
182595
0.866447507873
182615
0.863933427204
182635
0.864673797844
182655
0.870884054021
182675
0.871335998062
182695
0.87014784702
182715
0.863432655039
182735
0.865213178295
182755
0.867262824007
182775
0.865259735344
182795
0.876081789002
182815
0.865405084181
182835
0.861945100533
182855
0.859728530766
182875
0.865306292393
182895
0.870007040334
182915
0.864196114947
182935
0.8841316164
182955
0.87154266594
182975
0.87786988251
182995
0.881122819767
183015
0.879211709666
183035
0.872671390504
183055
0.872008614947
183075
0.866292317708
183095
0.862000363372
183115
0.841514883115
183135
0.848378073522
183155
0.840213178295
183175
0.845346187621
183195
0.85820463905
183215
0.864158263687
183235
0.86539183624
183255
0.87300902374
183275
0.878522816739
183295
0.873463995882
183315
0.872865188953
183335
0.874305429385
183355
0.867519455547
183375
0.869098988614
183395
0.864652601139
183415
0.863803597384
183435
0.853248395107
183455
0.857264035247
183475
0.871630859375
183495
0.885995412427
183515
0.879283627059
183535
0.879369927931
183555
0.858642578125
183575
0.870607361313
183595
0.891305944162
183615
0.900707061531
183635
0.891889232074
183655
0.892676916788
183675
0.880695100533
183695
0.888540909641
183715
0.909150920543
183735
0.919129648135
183755
0.93079086422
183775
0.929739734738
183795
0.92624189983
183815
0.930802976623
183835
0.923729711725
183855
0.930893441134
183875
0.919897271681
183895
0.903611388687
183915
0.897245563832
183935
0.885044588784
183955
0.869549418605
183975
0.862845960514
183995
0.866674236919
184015
0.870379118217
184035
0.865762400073
184055
0.87521575218
184075
0.884652828246
184095
0.886716857437
184115
0.896168316982
184135
0.901221838663
184155
0.898823204336
184175
0.910535898135
184195
0.908592614462
184215
0.919172420058
184235
0.915257842781
184255
0.903778312742
184275
0.90041977047
184295
0.903522438227
184315
0.903315013324
184335
0.907054339268
184355
0.908884826187
184375
0.910864068556
184395
0.908952201429
184415
0.903271105862
184435
0.911833817829
184455
0.912609768653
184475
0.896596036216
184495
0.899433745155
184515
0.907851486797
184535
0.901588995882
184555
0.904561076793
184575
0.910337557534
184595
0.936365597747
184615
0.940962633236
184635
0.953227576914
184655
0.965640897529
184675
0.967572447311
184695
0.977425508721
184715
0.981620942345
184735
0.980898361797
184755
0.981699672965
184775
0.982245866642
184795
0.982074021923
184815
0.983450293726
184835
0.982318919574
184855
0.99597716812
184875
1.0
184895
1.0
184915
1.0
184935
1.0
184955
0.990344522166
184975
0.897074854651
184995
0.778940694646
185015
0.830475184714
185035
0.908420769743
185055
0.904099669937
185075
0.902999333818
185095
0.908912079094
185115
0.90790145046
185135
0.907508932897
185155
0.90726441376
