130377
0.249520103378
130397
0.223365490846
130417
0.181075895676
130437
0.151716382576
130457
0.130933357008
130477
0.113169290562
130497
0.124076211332
130517
0.124219736427
130537
0.125076448074
130557
0.12568655303
130577
0.118433850221
130597
0.106443339646
130617
0.130821397569
130637
0.118295750473
130657
0.153136343908
130677
0.177025134154
130697
0.152596275253
130717
0.151421440972
130737
0.173771405461
130757
0.208377722538
130777
0.235369811395
130797
0.104972577336
130817
0.112810724432
130837
0.171852805398
130857
0.141482698074
130877
0.180310428504
130897
0.173352174085
130917
0.212633660827
130937
0.2576171875
130957
0.176380011048
130977
0.149937855114
130997
0.228259647254
131017
0.225661892361
131037
0.153054963699
131057
0.153915621054
131077
0.153604896622
131097
0.109125927241
131117
0.0916888612689
131137
0.0947704584912
131157
0.0936271898674
131177
0.095286852904
131197
0.0886708885732
131217
0.0831464054609
131237
0.0821338383838
131257
0.155132871686
131277
0.205192057292
131297
0.218321397569
131317
0.0697250828598
131337
0.0741620304609
131357
0.964316011679
131377
0.825633285985
131397
0.774754379735
131417
0.793338166824
131437
1.0
131457
0.899592112532
131477
0.877096156881
131497
0.876372119634
131517
0.936386817393
131537
0.893470348011
131557
0.748631826073
131577
0.743783045297
131597
0.81802990846
131617
0.771249112216
131637
0.771394610164
131657
0.803665068655
131677
0.817266907355
131697
0.769127801452
131717
0.763157946654
131737
0.765588995423
131757
0.798360558712
131777
0.904988360164
131797
0.79166272096
131817
0.790582090436
131837
0.798364997633
131857
0.774184225063
131877
0.777515388258
131897
0.754845821496
131917
0.769717191446
131937
0.795673532197
131957
0.782299064867
131977
0.765817846433
131997
0.825474964489
132017
0.815909090909
132037
0.93726966935
132057
0.963200856218
132077
0.772052556818
132097
0.781849747475
132117
0.78251509233
132137
0.790123895202
132157
0.801488517992
132177
0.788630445076
132197
0.785723445391
132217
0.798499151673
132237
0.82805940262
132257
0.937911833176
132277
0.911574238479
132297
0.76526791351
132317
0.769948015309
132337
0.783026061395
132357
0.784403113163
132377
0.774137369792
132397
0.801937342172
132417
0.809911616162
132437
0.778424380524
132457
0.757493390941
132477
0.782477114899
132497
0.797222715436
132517
0.794212634154
132537
0.748747731218
132557
0.745779079861
132577
0.751189137468
132597
0.787459556503
132617
0.762536991004
132637
0.73483418166
132657
0.746661438605
132677
0.975180022885
132697
0.785069444444
132717
0.788782848011
132737
0.796714212437
132757
0.823867088857
132777
0.770783025568
132797
0.7429061119
132817
0.734518031881
132837
0.920524581755
132857
0.985886205808
132877
0.780104758523
132897
0.920663667929
132917
0.949879162721
132937
0.79541163589
132957
0.80702681108
132977
0.805718315972
132997
0.767222024937
133017
0.761792238794
133037
0.774290759154
133057
0.735727884312
133077
0.733416686395
133097
0.790309343434
133117
0.772913707386
133137
0.766936454388
133157
0.784752801452
133177
0.806189334754
133197
0.783421618529
133217
0.801376065341
133237
0.924419487847
133257
0.740072107797
133277
0.780053464331
133297
0.825122810133
133317
0.773632319287
133337
0.771244180082
133357
0.926316386521
133377
0.803775548453
133397
0.811531328914
133417
0.721240727588
133437
0.73854511916
133457
0.760509883996
133477
0.800463620581
133497
0.789547328756
133517
0.799177813289
133537
0.817592921402
133557
0.806692412405
133577
0.790688131313
133597
0.901126499369
133617
0.843770714962
133637
0.835631707702
133657
0.914310586332
133677
0.893703637942
133697
0.796098682134
133717
0.756949376578
133737
0.755867266414
133757
0.754635219381
133777
0.764877781723
133797
0.958648003472
133817
1.0
133837
0.0577834004104
133857
0.138214666193
133877
0.0629507970328
133897
0.0743381076389
133917
0.064429943971
133937
0.074169921875
133957
0.0650508996212
133977
0.108637645991
133997
0.10827168166
134017
0.106313131313
134037
0.0784579190341
134057
0.0920459477588
134077
0.0966525607639
134097
0.0965164338699
134117
0.0931305239899
134137
0.0890669389205
134157
0.0875596788194
134177
0.0845786971275
134197
0.0769965277778
134217
0.0720111268939
134237
0.0723815301452
134257
0.066094045928
134277
0.0758646030619
134297
0.111874605429
134317
0.356296855271
134337
1.0
134357
1.0
134377
1.0
134397
1.0
134417
0.999041193182
134437
0.993183297822
134457
0.986771523832
134477
0.983019156408
134497
0.974272017045
134517
0.965956439394
134537
0.959543678977
134557
0.953244850852
134577
0.948857717803
134597
0.94335493608
134617
0.936862275095
134637
0.935231711648
134657
0.934197443182
134677
0.930581202652
134697
0.931858132102
134717
0.932012014678
134737
0.933663293087
134757
0.929108960701
134777
0.928725733902
134797
0.931390565814
134817
0.926618726326
134837
0.927266808712
134857
0.929034978693
134877
0.928373579545
134897
0.926967921402
134917
0.927580492424
134937
0.931338778409
134957
0.932489938447
134977
0.935508404356
134997
0.93018022017
135017
0.930026337595
135037
0.929052734375
135057
0.925548946496
135077
0.930257161458
135097
0.930316347064
135117
0.928594045928
135137
0.924198035038
135157
0.924257220644
135177
0.923313210227
135197
0.923280658144
135217
0.922676964962
135237
0.922321851326
135257
0.926444128788
135277
0.919713245739
135297
0.92607421875
135317
0.923135653409
135337
0.925146484375
135357
0.934894353693
135377
0.940358664773
135397
0.951155598958
135417
0.960900508996
135437
0.967428681345
135457
0.969190932765
135477
0.973606178977
135497
0.972925544508
135517
0.971377840909
135537
0.980237926136
135557
0.980755800189
135577
0.980579723011
135597
0.980319306345
135617
0.98047170928
135637
0.980675899621
135657
0.974644886364
135677
0.972014086174
135697
0.969498697917
135717
0.964143880208
135737
0.96630711411
135757
0.958152817235
135777
0.945575875947
135797
0.935273141572
135817
0.931397964015
135837
0.924584221117
135857
0.919960345644
135877
0.921013849432
135897
0.923495205966
135917
0.928480113636
135937
0.92080374053
135957
0.92178178267
135977
0.933053681345
135997
0.93622898911
136017
0.936375473485
136037
0.936650686553
136057
0.93740086411
136077
0.93730320786
136097
0.938026751894
136117
0.938124408144
136137
0.938692589962
136157
0.942225970644
136177
0.941807232481
136197
0.941318951231
136217
0.943428918087
136237
0.938115530303
136257
0.931387606534
136277
0.941968513258
136297
0.941169507576
136317
0.932343454072
136337
0.938254616477
136357
0.931864050663
136377
0.936237866951
136397
0.928554095644
136417
0.931430516098
136437
0.932467743845
136457
0.934296579072
136477
0.932362689394
136497
0.929626834754
136517
0.929651988636
136537
0.930936316288
136557
0.935706676136
136577
0.93300485322
136597
0.929947916667
136617
0.930621152936
136637
0.929253965436
136657
0.928639914773
136677
0.929319069602
136697
0.928842625473
136717
0.929032019413
136737
0.92881155303
136757
0.920263671875
136777
0.919128787879
136797
0.916663707386
136817
0.921987452652
136837
0.91894235322
136857
0.921002012311
136877
0.928815991951
136897
0.924952651515
136917
0.93007960464
136937
0.929734848485
136957
0.935150331439
136977
0.940592447917
136997
0.948887310606
137017
0.945851089015
137037
0.949459931345
137057
0.944075520833
137077
0.946747750947
137097
0.945069839015
137117
0.950767933239
137137
0.947499408144
137157
0.94862985322
137177
0.947101384943
137197
0.942723129735
137217
0.944105113636
137237
0.936958451705
137257
0.935598662405
137277
0.934499289773
137297
0.931501538826
137317
0.928079131155
137337
0.936289654356
137357
0.938448449337
137377
0.926396780303
137397
0.936468690814
137417
0.93506007339
137437
0.939917732008
137457
0.937933534564
137477
0.93925485322
137497
0.938349313447
137517
0.936949573864
137537
0.931389086174
137557
0.922489050663
137577
0.928725733902
137597
0.927796519886
137617
0.933072916667
137637
0.938831676136
137657
0.927092211174
137677
0.922678444602
137697
0.910222833807
137717
0.900571141098
137737
0.898177083333
137757
0.883428030303
137777
0.874394827178
137797
0.867350260417
137817
0.85507960464
137837
0.845824455492
137857
0.830989583333
137877
0.844300426136
137897
0.848850319602
137917
0.856047289299
137937
0.849257220644
137957
0.850998757102
137977
0.857916074811
137997
0.849868312027
138017
0.858229758523
138037
0.855266039299
138057
0.856510416667
138077
0.855414003314
138097
0.844858250473
138117
0.846364524148
138137
0.84364938447
138157
0.844253077652
138177
0.845207445549
138197
0.84033499053
138217
0.841620797822
138237
0.840697502367
138257
0.841509824811
138277
0.837276574337
138297
0.839133522727
138317
0.845160097064
138337
0.848057232481
138357
0.850522312973
138377
0.837260298295
138397
0.840308357008
138417
0.842527817235
138437
0.84833984375
138457
0.850957327178
138477
0.853629557292
138497
0.865371981534
138517
0.873369436553
138537
0.889374704072
138557
0.904083806818
138577
0.92451319839
138597
0.931841856061
138617
0.947635535038
138637
0.949289772727
138657
0.956782670455
138677
0.955508700284
138697
0.964105409564
138717
0.96845703125
138737
0.96826319839
138757
0.969341856061
138777
0.967933238636
138797
0.968966027462
138817
0.965241773201
138837
0.968294270833
138857
0.974566465436
138877
0.986471650095
138897
0.98876805161
138917
0.985845762311
138937
0.985705196496
138957
0.985425544508
138977
0.982171815814
138997
0.971925307765
139017
0.975247099905
139037
0.973854758523
139057
0.963307883523
139077
0.949309008049
139097
0.947746508049
139117
0.944762073864
139137
0.938029711174
139157
0.931798946496
139177
0.936292613636
139197
0.936513080019
139217
0.949166962595
139237
0.949303089489
139257
0.958704723011
139277
0.971394116951
139297
0.955119554924
139317
0.942761600379
139337
0.958559718277
139357
0.963029711174
139377
0.96435102983
139397
0.964399857955
139417
0.963855350379
139437
0.963890861742
139457
0.95215139678
139477
0.945225201231
139497
0.959107185133
139517
0.964524147727
139537
0.942464192708
139557
0.944367009943
139577
0.944380326705
139597
0.942517459754
139617
0.94247750947
139637
0.931785629735
139657
0.923508522727
139677
0.923869554924
139697
0.923372395833
139717
0.921910511364
139737
0.939251893939
139757
0.938322679924
139777
0.937711588542
139797
0.942141631155
139817
0.942137192235
139837
0.94238725142
139857
0.945284386837
139877
0.945276988636
139897
0.96591352983
139917
1.0
139937
1.0
139957
1.0
