156242
0.0608564983043
156262
0.0596823522287
156282
0.0592595536579
156302
0.0602629905523
156322
0.0615344143653
156342
0.0621267865795
156362
0.0613107134205
156382
0.0953624636628
156402
0.0870946130087
156422
0.0875961421996
156442
0.0635757328004
156462
0.0514758206153
156482
0.0886328882025
156502
0.0640325975048
156522
0.0531458181928
156542
0.0477913789971
156562
0.0479617096657
156582
0.0484435562016
156602
0.0809312923934
156622
0.0788926235465
156642
0.0770367762839
156662
0.0451747214147
156682
0.0412063953488
156702
0.0357376453488
156722
0.0320804566376
156742
0.0324370155039
156762
0.0363973928052
156782
0.0670413941376
156802
0.0684426477713
156822
0.0391472868217
156842
0.0407563438711
156862
0.0838742278343
156882
0.0515166999758
156902
0.0485245578973
156922
0.048538941376
156942
0.041841917999
156962
0.039109435562
156982
0.0413668846899
157002
0.0430974442829
157022
0.0407699703246
157042
0.0468878694283
157062
0.043630768532
157082
0.0461652888808
157102
0.0357902585998
157122
0.0357054717781
157142
0.0457761779312
157162
0.0515397892442
157182
0.0447133145591
157202
0.0380306746609
157222
0.0422957546027
157242
0.0436682412791
157262
0.0408986646076
157282
0.0405943404797
157302
0.0391389595446
157322
0.0421140685562
157342
0.0498932594477
157362
0.0517233678537
157382
0.0511760386386
157402
0.0530621669089
157422
0.0554248425388
157442
0.0545357164486
157462
0.0482190982316
157482
0.053884674782
157502
0.0425667696221
157522
0.0497005965359
157542
0.047195221657
157562
0.0481585362161
157582
0.0463443253391
157602
0.0450403494428
157622
0.0567322250484
157642
0.0424017381298
157662
0.0474060531734
157682
0.0497062742248
157702
0.0380003936531
157722
0.0410201671512
157742
0.042384705063
157762
0.0516427446705
157782
0.0564384992733
157802
0.0676462572674
157822
0.049857300751
157842
0.0472232315891
157862
0.047636567345
157882
0.0558658097141
157902
0.052631041061
157922
0.0500571554021
157942
0.0446516170058
157962
0.0569419210271
157982
0.0660920845446
158002
0.189908475654
158022
0.151812318314
158042
0.0683805717054
158062
0.223639625727
158082
0.289140473595
158102
0.293715176841
158122
0.419996820494
158142
0.452397877301
158162
0.449416333576
158182
0.346741006541
158202
0.254944510053
158222
0.291996351139
158242
0.2967277586
158262
0.399064695373
158282
0.420818571342
158302
0.0490041333576
158322
0.047484405281
158342
0.0481422601744
158362
0.0492452458818
158382
0.0570168665213
158402
0.0505443011143
158422
0.0645375333091
158442
0.0416193525921
158462
0.0420201974322
158482
0.0405114462209
158502
0.0407007025194
158522
0.0413502301357
158542
0.0427401283915
158562
0.0448435228924
158582
0.0450002271076
158602
0.0446444252665
158622
0.0608247032461
158642
0.115597747093
158662
0.999999621487
158682
1.0
158702
0.993767033067
158722
0.994024800145
158742
0.999993186773
158762
0.990998591933
158782
0.991170815165
158802
0.991193904433
158822
0.991246139172
158842
0.931693238251
158862
0.800304324128
158882
0.798671420785
158902
0.799132827641
158922
0.807431716328
158942
0.797471535853
158962
0.79984405281
158982
0.792897968144
159002
0.799923540455
159022
0.80152162064
159042
0.801933442345
159062
0.80245162609
159082
0.802546632752
159102
0.814398240673
159122
0.813043165577
159142
0.807661473474
159162
0.801051886507
159182
0.794513081395
159202
0.788171859859
159222
0.780990718871
159242
0.772247077883
159262
0.777427401284
159282
0.762956486192
159302
0.757779190891
159322
0.753012203246
159342
0.727522029433
159362
0.72144349564
159382
0.712378497456
159402
0.708435153222
159422
0.703112887597
159442
0.708746290577
159462
0.71729537609
159482
0.712407264414
159502
0.726864553052
159522
0.72185456032
159542
0.720893516836
159562
0.72155137173
159582
0.743001680596
159602
0.749230862403
159622
0.743546738735
159642
0.752100744913
159662
0.736519273861
159682
0.740160186531
159702
0.741651526163
159722
0.74542908188
159742
0.745753467175
159762
0.758897695615
159782
0.756019485828
159802
0.757493413881
159822
0.750811152495
159842
0.750553763929
159862
0.750399709302
159882
0.746329184835
159902
0.766544407098
159922
0.76798918968
159942
0.753444086119
159962
0.755688287306
159982
0.758072159641
160002
0.762834983648
160022
0.759202398256
160042
0.762090827883
160062
0.760515458454
160082
0.757661851986
160102
0.757316648498
160122
0.767542166303
160142
0.76822386749
160162
0.773454154554
160182
0.759105499031
160202
0.758284505208
160222
0.77131669392
160242
0.766757888203
160262
0.766054611797
160282
0.762903872941
160302
0.757048283067
160322
0.757736797481
160342
0.756130011507
160362
0.755452473958
160382
0.753640155644
160402
0.753705638324
160422
0.754739734738
160442
0.754924827398
160462
0.754058790577
160482
0.754667817345
160502
0.765765049661
160522
0.763406159157
160542
0.76163131359
160562
0.761334181202
160582
0.756421844719
160602
0.754705668605
160622
0.757708787548
160642
0.758552113614
160662
0.759603243096
160682
0.76452012173
160702
0.76803726078
160722
0.769425266473
160742
0.769859041909
160762
0.76900360344
160782
0.76947144501
160802
0.765493277616
160822
0.768244307171
160842
0.769864341085
160862
0.770229605741
160882
0.772268274588
160902
0.770457470325
160922
0.775927355862
160942
0.776507237161
160962
0.779861615795
160982
0.780523634327
161002
0.786591191255
161022
0.789223367854
161042
0.788976577641
161062
0.78270462391
161082
0.778851744186
161102
0.771487781613
161122
0.770808730015
161142
0.765699945494
161162
0.767757918484
161182
0.765586391715
161202
0.762341781734
161222
0.762728621609
161242
0.761517759811
161262
0.776342584181
161282
0.77907241703
161302
0.777179475533
161322
0.755395697069
161342
0.754793105015
161362
0.757698567708
161382
0.757843538033
161402
0.756459695979
161422
0.757650875121
161442
0.758128179506
161462
0.755797298934
161482
0.758020681928
161502
0.756054308987
161522
0.751431534641
161542
0.757212179021
161562
0.754172344356
161582
0.753983845082
161602
0.753615552326
161622
0.751011007146
161642
0.748698295179
161662
0.752160171391
161682
0.753301008358
161702
0.754652676841
161722
0.757396893169
161742
0.756978636749
161762
0.754985389414
161782
0.757646711483
161802
0.756909747456
161822
0.756605044816
161842
0.752588269138
161862
0.747343598595
161882
0.750637415213
161902
0.754272271681
161922
0.755441497093
161942
0.762212708939
161962
0.759979106105
161982
0.760267532703
162002
0.760943177689
162022
0.754779100048
162042
0.751931171269
162062
0.753443707607
162082
0.74919982437
162102
0.752536412912
162122
0.747977607195
162142
0.744139489462
162162
0.747882979046
162182
0.742765488735
162202
0.743073597989
162222
0.742475169574
162242
0.740993671269
162262
0.749531401405
162282
0.750514777132
162302
0.745877619307
162322
0.746963571948
162342
0.747890170785
162362
0.751695736434
162382
0.748415167757
162402
0.751715040577
162422
0.754216630329
162442
0.753101532219
162462
0.75872925751
162482
0.756561515867
162502
0.759218295785
162522
0.759315952035
162542
0.758409414365
162562
0.756042953609
162582
0.754025859981
162602
0.755210225896
162622
0.754000878149
162642
0.755707591449
162662
0.758528267321
162682
0.756489976986
162702
0.75689271439
162722
0.770131570979
162742
0.772885250121
162762
0.761450763081
162782
0.763594279918
162802
0.763049221778
162822
0.76414123062
162842
0.756202685925
162862
0.752726426235
162882
0.753110995034
162902
0.757000211967
162922
0.753909656613
162942
0.770944994549
162962
0.770876483769
162982
0.76835786095
163002
0.771501408067
163022
0.763512142684
163042
0.763096535853
163062
0.761637369792
163082
0.764162048813
163102
0.767880556565
163122
0.95624129421
163142
0.952835437863
163162
0.950384947311
163182
0.945165637112
163202
0.945973761507
163222
0.946604363493
163242
0.941399058261
163262
0.941088299419
163282
0.935847792515
163302
0.932688726381
163322
0.932591070131
163342
0.926081031977
163362
0.918100472384
163382
0.921793241279
163402
0.923158157703
163422
0.921693313953
163442
0.926154841933
163462
0.92948196766
163482
0.92745162609
163502
0.93807571766
163522
0.934851925872
163542
0.930251862282
163562
0.927346021076
163582
0.928163608285
163602
0.929234420422
163622
0.929856695131
163642
0.922585846657
163662
0.924646847747
163682
0.92222474564
163702
0.912842932413
163722
0.913247183866
163742
0.91256699673
163762
0.918028933503
163782
0.921351517078
163802
0.923607830669
163822
0.926168468387
163842
0.926268395712
163862
0.91897597202
163882
0.929123137718
163902
0.930857103924
163922
0.943656885901
163942
0.94529206032
163962
0.949071130087
163982
0.943813590116
164002
0.950199854651
164022
0.945310228924
164042
0.937937182049
164062
0.931670148983
164082
0.925260038154
164102
0.92294921875
164122
0.926678324855
164142
0.917017169331
164162
0.922540425145
164182
0.907932867006
164202
0.908333711846
164222
0.911897029433
164242
0.910180096294
164262
0.908693677326
164282
0.905222338299
164302
0.906604287791
164322
0.915575036337
164342
0.920285247093
164362
0.921775451187
164382
0.915589419816
164402
0.923174055233
164422
0.934644500969
164442
0.933672102108
164462
0.945555505087
164482
0.94916045906
164502
0.957450263445
164522
0.958546057413
164542
0.965653388445
164562
0.968031204578
164582
0.97571425327
164602
0.981340843023
164622
0.985113099564
164642
0.985122183866
164662
0.979886219113
164682
0.975152162064
164702
0.967323764535
164722
0.964925508721
164742
0.961731240916
164762
0.964140852108
164782
0.965268441134
164802
0.962255859375
164822
0.956711028343
164842
0.956616778706
164862
0.951787336483
164882
0.951266124637
164902
0.956163699128
164922
0.954812409157
164942
0.954031159157
164962
0.957715600775
164982
0.957580850291
165002
0.964035247093
165022
0.96568177689
165042
0.961518895349
165062
0.967695085392
165082
0.968869231468
165102
0.967590615916
165122
0.965385401526
165142
0.963775208939
165162
0.962962163881
165182
0.967322628997
165202
0.973729333212
165222
0.96696152798
165242
0.954321856831
165262
0.957236025315
165282
0.950408793605
165302
0.944516866521
165322
0.941273392078
165342
0.929151526163
165362
0.92776352047
165382
0.934286428052
165402
0.938156340843
165422
0.940579578488
165442
0.945510083576
165462
0.951066269985
165482
0.952409611192
165502
0.966159838299
165522
0.970558911701
165542
0.977676462573
165562
0.984843977108
165582
0.986911791424
165602
1.0
165622
1.0
165642
1.0
165662
1.0
165682
0.366835861797
165702
0.368258690649
165722
0.367318843871
165742
0.36812318314
165762
0.365945978682
165782
0.36727493641
165802
0.364732845809
165822
1.0
