145008
0.150480204417
145028
0.147712053571
145048
0.296351229637
145068
0.299886924342
145088
0.302595845081
145108
0.299347489818
145128
0.300426848371
145148
0.301067610432
145168
0.104136806861
145188
0.10470120614
145208
0.108499765038
145228
0.111280153509
145248
0.109902686404
145268
0.108542841479
145288
0.201264880952
145308
0.195382499217
145328
0.200195802005
145348
0.204721275846
145368
0.220110823935
145388
0.215178571429
145408
0.118817062187
145428
0.192120437813
145448
0.180667489035
145468
0.177662417763
145488
0.0590103187657
145508
0.0635754425125
145528
0.0634892896303
145548
0.0628039826128
145568
0.0542836583647
145588
0.0616125274123
145608
0.0522708137531
145628
0.0553781915727
145648
0.0535606594612
145668
0.0555235745614
145688
0.0543228187657
145708
0.0576308936404
145728
0.0511366306391
145748
0.0424963776629
145768
0.0887369791667
145788
0.0772595551378
145808
0.0838120692356
145828
0.0525679432957
145848
0.0529972391917
145868
0.0535033873747
145888
0.0530687069236
145908
0.0524578046679
145928
0.0461304628759
145948
0.257312715382
145968
0.229095198935
145988
0.166828203321
146008
0.12772947995
146028
0.102501370614
146048
0.0936643366228
146068
0.0709806743421
146088
0.314185855263
146108
0.410648692043
146128
0.446340460526
146148
0.328946878916
146168
0.408438576911
146188
0.308822348841
146208
0.141139469768
146228
0.148337151472
146248
0.140145285088
146268
0.108032287751
146288
0.130807487469
146308
0.129467222744
146328
0.136522947995
146348
0.137781954887
146368
0.136401550752
146388
0.127197877506
146408
0.138724741541
146428
0.103376116071
146448
0.0711613016917
146468
0.117503720238
146488
0.0636111763784
146508
0.0629899945175
146528
0.0629199953008
146548
0.0620780466792
146568
0.0623286732456
146588
0.0628451010338
146608
0.0625748942669
146628
0.0616609884085
146648
0.0871832902569
146668
0.157358239348
146688
0.204803023183
146708
0.189007185934
146728
0.192437147556
146748
0.201605086936
146768
0.199215323465
146788
0.172234296679
146808
0.136313929355
146828
0.122809954574
146848
0.114471236685
146868
0.567265331297
146888
0.575147341009
146908
0.51836231203
146928
0.570424107143
146948
0.613894599781
146968
0.540017524279
146988
0.51505081062
147008
0.441252055921
147028
0.414169701598
147048
0.432779703164
147068
0.445662006579
147088
0.465148222118
147108
0.454199953008
147128
0.437350700971
147148
0.418832236842
147168
0.406342026942
147188
0.396332628446
147208
0.396559269267
147228
0.352930177005
147248
0.323488898026
147268
0.294541529605
147288
0.286181763001
147308
0.281823699875
147328
0.278934641291
147348
0.275017132675
147368
0.275932017544
147388
0.276047051222
147408
0.266261356516
147428
0.26599702381
147448
0.267029389881
147468
0.266477717732
147488
0.268673147713
147508
0.267677984023
147528
0.266342614348
147548
0.263319431391
147568
0.262914121241
147588
0.26072750235
147608
0.260265899123
147628
0.265286262531
147648
0.261752036341
147668
0.26386914552
147688
0.264729695332
147708
0.999400845865
147728
0.998169251253
147748
0.998134985902
147768
0.988965088503
147788
0.987051613409
147808
0.981920132362
147828
0.978799048402
147848
0.975852717732
147868
0.973857005796
147888
0.974081199091
147908
0.97420602287
147928
0.974035675125
147948
0.97402245849
147968
0.973159461153
147988
0.965077733396
148008
0.966175693139
148028
0.972817786654
148048
0.974628465695
148068
0.972003250313
148088
0.963153489192
148108
0.961550849781
148128
0.95313283208
148148
0.943708881579
148168
0.927656543703
148188
0.919674185464
148208
0.910106320489
148228
0.898077224311
148248
0.890104166667
148268
0.889756128603
148288
0.881126155232
148308
0.870223410088
148328
0.862741815476
148348
0.865756676848
148368
0.868994263001
148388
0.873096315006
148408
0.87382322995
148428
0.881154546523
148448
0.888425653979
148468
0.891394991385
148488
0.887782933897
148508
0.887208255013
148528
0.887407973058
148548
0.887512237625
148568
0.889167254073
148588
0.889634241855
148608
0.89139743891
148628
0.88320802005
148648
0.870794172932
148668
0.86698827146
148688
0.858978011435
148708
0.856344474467
148728
0.852399064066
148748
0.852689830044
148768
0.853652686404
148788
0.854659598214
148808
0.853634085213
148828
0.850781739505
148848
0.854920014881
148868
0.851851797462
148888
0.862086857769
148908
0.870480400219
148928
0.873174146303
148948
0.873301417607
148968
0.873758125783
148988
0.881102658991
149008
0.879618969298
149028
0.885401002506
149048
0.891894776003
149068
0.901425438596
149088
0.911817140508
149108
0.9236230224
149128
0.930776159148
149148
0.934286399593
149168
0.931670484806
149188
0.938456982299
149208
0.949533991228
149228
0.958181097274
149248
0.96797070802
149268
0.975166921209
149288
0.98748923089
149308
0.988750685307
149328
0.987880345395
149348
0.981733630952
149368
0.975332373904
149388
0.960521420739
149408
0.947171640038
149428
0.939887315946
149448
0.924891329887
149468
0.914469278665
149488
0.903195488722
149508
0.890129620927
149528
0.883861509242
149548
0.880340499687
149568
0.870099075815
149588
0.863655721335
149608
0.859245281172
149628
0.860523868264
149648
0.863527471021
149668
0.86835350094
149688
0.87537593985
149708
0.883116482613
149728
0.883856124687
149748
0.887850485589
149768
0.887077557174
149788
0.893434758772
149808
0.886984061717
149828
0.885301143484
149848
0.880949933427
149868
0.880372807018
149888
0.883455220081
149908
0.879848547149
149928
0.874844826911
149948
0.876123414004
149968
0.863353207237
149988
0.868904194079
150008
0.866919740758
150028
0.868213013001
150048
0.87597460448
150068
0.871525003916
150088
0.869891525689
150108
0.873097294016
150128
0.870262570489
150148
0.869521949405
150168
0.863809915414
150188
0.866456669016
150208
0.86737008537
150228
0.870319842575
150248
0.876911517074
150268
0.871902412281
150288
0.880885318766
150308
0.876133693609
150328
0.866818413221
150348
0.867856163847
150368
0.870254738409
150388
0.867653998277
150408
0.874036654135
150428
0.873742951128
150448
0.870488232299
150468
0.866309328008
150488
0.865270598371
150508
0.863763412437
150528
0.866719043703
150548
0.859350035244
150568
0.858278019267
150588
0.857790472274
150608
0.855519658521
150628
0.857865366541
150648
0.851207119361
150668
0.849796365915
150688
0.854739877036
150708
0.847598977914
150728
0.843908599624
150748
0.847718906642
150768
0.849950070489
150788
0.844251253133
150808
0.844619360902
150828
0.838682154605
150848
0.837150982926
150868
0.833120888158
150888
0.831133008302
150908
0.839093338816
150928
0.828382479637
150948
0.816514920113
150968
0.798517778822
150988
0.803986528822
151008
0.806278880796
151028
0.804362958177
151048
0.808964305294
151068
0.821149064066
151088
0.831154057018
151108
0.827942904135
151128
0.834590871711
151148
0.842324561404
151168
0.83908110119
151188
0.844019227757
151208
0.85313381109
151228
0.853294368734
151248
0.86620995849
151268
0.866862958177
151288
0.865948073308
151308
0.866269188596
151328
0.862922932331
151348
0.858230537281
151368
0.855685600721
151388
0.864747807018
151408
0.871181371397
151428
0.867616795896
151448
0.867739172149
151468
0.850355380639
151488
0.872750724467
151508
0.879577850877
151528
0.877185150376
151548
0.88496974859
151568
0.888319431391
151588
0.893440632832
151608
0.88925193844
151628
0.886046170113
151648
0.883157601034
151668
0.881894188596
151688
0.880880423716
151708
0.884789121241
151728
0.878100035244
151748
0.880009104793
151768
0.867413651316
151788
0.867158129699
151808
0.862152940946
151828
0.857221177945
151848
0.856561325188
151868
0.853874921679
151888
0.854430020363
151908
0.859816533521
151928
0.860834703947
151948
0.854448132049
151968
0.855431058114
151988
0.86328320802
152008
0.868327557174
152028
0.868792097431
152048
0.881244615445
152068
0.880934269267
152088
0.876700050909
152108
0.878605204417
152128
0.876264880952
152148
0.873123727287
152168
0.864702772556
152188
0.859819960056
152208
0.859635906172
152228
0.851825853697
152248
0.852251233553
152268
0.845460330514
152288
0.836592457707
152308
0.836001625157
152328
0.839003269893
152348
0.838775160558
152368
0.846181860902
152388
0.848320508302
152408
0.845467183584
152428
0.849370007049
152448
0.849415531015
152468
0.853663945019
152488
0.855543154762
152508
0.859469963972
152528
0.868836152882
152548
0.875231046366
152568
0.87480664552
152588
0.864183407738
152608
0.865234864505
152628
0.872380169173
152648
0.861662456924
152668
0.859823876096
152688
0.846673323935
152708
0.85116110589
152728
0.848518268327
152748
0.83887795661
152768
0.838171111372
152788
0.839140331297
152808
0.835319255169
152828
0.835073034148
152848
0.832812010495
152868
0.837416784148
152888
0.852905212249
152908
0.83749216792
152928
0.8379004151
152948
0.85058202146
152968
0.844195449561
152988
0.847785968828
153008
0.85214256344
153028
0.860224780702
153048
0.860331492794
153068
0.854232749843
153088
0.860921346335
153108
0.865886885182
153128
0.86619527334
153148
0.856830552945
153168
0.844971315006
153188
0.856742442043
153208
0.852867520363
153228
0.851035303102
153248
0.847906387061
153268
0.85623433584
153288
0.859504229323
153308
0.842452811717
153328
0.850269227757
153348
0.847574013158
153368
0.846955278822
153388
0.839103618421
153408
0.832364602914
153428
0.831716987782
153448
0.846179902882
153468
0.841500724467
153488
0.828467164004
153508
0.833019071115
153528
0.833737664474
153548
0.832060130796
153568
0.826153763315
153588
0.810043174342
153608
0.820125509085
153628
0.823179530858
153648
0.802488643484
153668
0.816157091949
153688
0.834123394424
153708
0.82889939693
153728
0.823907424812
153748
0.820507322995
153768
0.832693060777
153788
0.830911262531
153808
0.827223331767
153828
0.83203614505
153848
0.842844415727
153868
0.85606839364
153888
0.844033912907
153908
0.840128152412
153928
0.848540296053
153948
0.854215617168
153968
0.842690711153
153988
0.851570821585
154008
0.85488868656
154028
0.862860765194
154048
0.865474232456
154068
0.855552455357
154088
0.860404918546
154108
0.874300497337
154128
0.879056038534
154148
0.869753974781
154168
0.880024768954
154188
0.897498629386
154208
0.894996279762
154228
0.90525973136
154248
0.909170386905
154268
0.915891780232
154288
0.929252819549
154308
0.934266819392
154328
0.947106535871
154348
0.959855693922
154368
0.967216380796
154388
0.972764920113
154408
0.978572407581
154428
0.988198523653
154448
0.999393013784
154468
0.330381128603
154488
0.0601117050439
154508
0.060779389881
154528
0.0594459782268
154548
0.0593143013784
154568
0.996941572682
154588
0.998691063596
