136187
0.078562366453
136207
0.0782017895299
136227
0.0968004362536
136247
0.0908620459402
136267
0.0848902688746
136287
0.0875400641026
136307
0.0745437143875
136327
0.0992510238604
136347
0.0763299056268
136367
0.0917512464387
136387
0.151023860399
136407
0.0688557247151
136427
0.0664463141026
136447
0.0967425658832
136467
0.119884036681
136487
0.249057380698
136507
0.0885583600427
136527
0.124774082977
136547
0.0814147079772
136567
0.0934339387464
136587
0.0920929042023
136607
0.0681401353276
136627
0.147172142094
136647
0.18543781161
136667
0.0812088230057
136687
0.0966590990028
136707
0.085682647792
136727
0.0954816595442
136747
0.100027822293
136767
0.231646189459
136787
0.146285167379
136807
0.190504807692
136827
0.182992788462
136847
0.180547765313
136867
0.218407229345
136887
0.099588230057
136907
0.128631365741
136927
0.0620503917379
136947
0.133281027422
136967
0.0683827457265
136987
0.0681902154558
137007
0.0848101406695
137027
0.0942719462251
137047
0.0861266915954
137067
0.0789374109687
137087
0.153215144231
137107
0.152713230057
137127
0.179556178775
137147
0.168887998575
137167
0.145648593305
137187
0.11541355057
137207
0.123445290242
137227
0.10692218661
137247
0.121706953348
137267
0.132030137108
137287
0.112838319088
137307
0.0926393340456
137327
0.107719017094
137347
0.109767850783
137367
0.138089832621
137387
0.107706775285
137407
0.101857416311
137427
0.0821380876068
137447
0.108808538105
137467
0.108636039886
137487
0.0660389957265
137507
0.126093972578
137527
0.0894308671652
137547
0.0864038016382
137567
0.102186832265
137587
0.0966346153846
137607
0.0737068198006
137627
0.0772135416667
137647
0.106456997863
137667
0.118559695513
137687
0.169841746795
137707
0.089380787037
137727
0.119175124644
137747
0.104937900641
137767
0.123830350783
137787
0.0918213586182
137807
0.127232460826
137827
0.141033431268
137847
0.157298344017
137867
0.0979611823362
137887
0.12299568198
137907
0.1708377849
137927
0.376849626068
137947
0.178665865385
137967
0.137749287749
137987
0.120774350071
138007
0.0919704861111
138027
0.106908831909
138047
0.128229611823
138067
0.158347800926
138087
0.074490295584
138107
0.0715166488604
138127
0.0876524661681
138147
0.105207220442
138167
0.10622440349
138187
0.0908787393162
138207
0.0905181623932
138227
0.0870949074074
138247
0.0915130876068
138267
0.0861867877493
138287
0.230072560541
138307
0.186026531339
138327
0.0877804487179
138347
0.105198317308
138367
0.12935474537
138387
0.08127559651
138407
0.11520877849
138427
0.100763443732
138447
0.0803040420228
138467
0.0676092859687
138487
0.0794181801994
138507
0.156277822293
138527
0.103091613248
138547
0.148551014957
138567
0.139883814103
138587
0.114303997507
138607
0.115842013889
138627
0.116988292379
138647
0.118787838319
138667
0.112131632835
138687
0.111236867877
138707
0.112268518519
138727
0.112651353276
138747
0.113242298789
138767
0.115859820157
138787
0.116763488248
138807
0.120403757123
138827
0.121552261396
138847
0.121827145655
138867
0.121610131766
138887
0.119385461182
138907
0.114534366097
138927
0.097660701567
138947
0.113382523148
138967
0.111446091524
138987
0.164258368946
139007
0.169723780271
139027
0.132602163462
139047
0.134840188746
139067
0.130742521368
139087
0.126470129986
139107
0.132954950142
139127
0.134805689103
139147
0.138237847222
139167
0.140235487892
139187
0.142786235755
139207
0.148037971866
139227
0.153894008191
139247
0.143918046652
139267
0.132461939103
139287
0.134288194444
139307
0.130115963319
139327
0.127647569444
139347
0.127620860043
139367
0.128754896724
139387
0.130754763177
139407
0.132070201211
139427
0.12968082265
139447
0.131773059117
139467
0.135438924501
139487
0.104971287393
139507
0.078859508547
139527
0.0517906428063
139547
0.0528289707977
139567
0.0550703347578
139587
0.0573918269231
139607
0.0615685096154
139627
0.061672008547
139647
0.0662793803419
139667
0.0731325676638
139687
0.0722344640313
139707
0.0733050658832
139727
0.0716234864672
139747
0.0709568643162
139767
0.0716958244302
139787
0.0717904202279
139807
0.0716390669516
139827
0.0727085559117
139847
0.0726629273504
139867
0.0719963051994
139887
0.0736578525641
139907
0.0730735844017
139927
0.0749432425214
139947
0.0850583155271
139967
0.105764779202
139987
0.0842625979345
140007
0.0681701834046
140027
0.0689425302707
140047
0.0717292111823
140067
0.0951121794872
140087
0.106491497507
140107
0.117709446225
140127
0.123307291667
140147
0.119293091168
140167
0.0850994925214
140187
0.0763566150285
140207
0.0650173611111
140227
0.0752069978632
140247
0.0938056445869
140267
0.0798822560541
140287
0.0854622952279
140307
0.0872139868234
140327
0.0874944355413
140347
0.0849470263533
140367
0.0884537482194
140387
0.0983106303419
140407
0.0846521100427
140427
0.0788506054131
140447
0.0731759704416
140467
0.0705640135328
140487
0.0758524750712
140507
0.0791644408832
140527
0.0862335292023
140547
0.0852653133903
140567
0.0735977564103
140587
0.0833244301994
140607
0.083572605057
140627
0.0864149305556
140647
0.0771167200855
140667
0.0806546029202
140687
0.0850494123932
140707
0.0962562321937
140727
0.0956541577635
140747
0.0920895655271
140767
0.092229789886
140787
0.10035835114
140807
0.0995871171652
140827
0.0983818554131
140847
0.0971710292023
140867
0.0955640135328
140887
0.0861322560541
140907
0.0962584579772
140927
0.0728799412393
140947
0.0680655715812
140967
0.0667156339031
140987
0.0823350694444
141007
0.0989861556268
141027
0.0925369480057
141047
0.0814347400285
141067
0.078995281339
141087
0.0830272881054
141107
0.0792323272792
141127
0.0959179131054
141147
0.0937811609687
141167
0.110608084046
141187
0.102057736823
141207
0.0966501958689
141227
0.0772046385328
141247
0.0927929131054
141267
0.0946447649573
141287
0.0978376513533
141307
0.105512152778
141327
0.106374643875
141347
0.105760327635
141367
0.116934873575
141387
0.121656873219
141407
0.080702457265
141427
0.114553285256
141447
0.194841746795
141467
0.101089521011
141487
0.0790787482194
141507
0.152695423789
141527
0.151180778134
141547
0.149029558405
141567
0.0900551994302
141587
0.0911714298433
141607
0.0916366185897
141627
0.0991731214387
141647
0.0998831463675
141667
0.102767761752
141687
0.102511796652
141707
0.0980691328348
141727
0.0923989494302
141747
0.133947649573
141767
0.0704360309829
141787
0.0858529202279
141807
0.0830595619658
141827
0.0828826121795
141847
0.0823439725783
141867
0.0816717859687
141887
0.0812533386752
141907
0.0817942040598
141927
0.0795717592593
141947
0.0774227653134
141967
0.077275863604
141987
0.0740952190171
142007
0.0832465277778
142027
0.0823005698006
142047
0.0811954683048
142067
0.0927150106838
142087
0.0896779291311
142107
0.0910044960826
142127
0.0946870548433
142147
0.0948406339031
142167
0.0970252403846
142187
0.0710036057692
142207
0.0779959045584
142227
0.10038394765
142247
0.0686375979345
142267
0.0562989672365
142287
0.0536402688746
142307
0.0571302973647
142327
0.0619535701567
142347
0.0624187589031
142367
0.057651130698
142387
0.0375990473647
142407
0.0439736912393
142427
0.073004585114
142447
0.0564358529202
142467
0.0546630163818
142487
0.0590611645299
142507
0.165006232194
142527
0.236202368234
142547
0.214283965456
142567
0.214828169516
142587
0.0981281160969
142607
0.161569622507
142627
0.0784399483618
142647
0.223198228276
142667
0.241345040954
142687
0.274307781339
142707
0.271851629274
142727
0.091542022792
142747
0.0934628739316
142767
0.0942418981481
142787
0.0831385772792
142807
0.0799178685897
142827
0.0745771011396
142847
0.0667590366809
142867
0.105760327635
142887
0.110546875
142907
0.0660523504274
142927
0.0717648237179
142947
0.0738125445157
142967
0.0726473468661
142987
0.0751724982194
143007
0.0740762998575
143027
0.0786246883903
143047
0.0777477297009
143067
0.0766537571225
143087
0.0778078258547
143107
0.0825342770655
143127
0.0710169604701
143147
0.0716123575499
143167
0.0708422364672
143187
0.0695601851852
143207
0.0704727564103
143227
0.0708455751425
143247
0.0714921652422
143267
0.0735710470085
143287
0.075776798433
143307
0.076698272792
143327
0.103767138533
143347
0.083474670584
143367
0.0800603187322
143387
0.107484196937
143407
0.0895143340456
143427
0.0633624910969
143447
0.0472778668091
143467
0.0398159277066
143487
0.0459691061254
143507
0.0585403311966
143527
0.0499599358974
143547
0.0684773415242
143567
0.050713363604
143587
0.0439135950855
143607
0.0420550658832
143627
0.038260105057
143647
0.0407663372507
143667
0.038285701567
143687
0.095707576567
143707
0.20940059651
143727
0.29192485755
143747
0.103602430556
143767
0.0848936075499
143787
0.0695646367521
143807
0.0706474804131
143827
0.0561509526353
143847
0.0607516470798
143867
0.0849659455128
143887
0.147595040954
143907
0.0737980769231
143927
0.107015669516
143947
0.0858006143162
143967
0.0599414618946
143987
0.0547609508547
144007
0.0486222400285
144027
0.0486511752137
144047
0.0519130608974
144067
0.142391159188
144087
0.113181089744
144107
0.112851673789
144127
0.132101362179
144147
0.152430555556
144167
0.15161369302
144187
0.110934161325
144207
0.109184695513
144227
0.109281517094
144247
0.107328392094
144267
0.108199786325
144287
0.106446981838
144307
0.103175080128
144327
0.132510906339
144347
0.133690571581
144367
0.13326099537
144387
0.133070690883
144407
0.130660167379
144427
0.131866542023
144447
0.087062633547
144467
0.0898593304843
144487
0.0914752492877
144507
0.0912860576923
144527
0.0881043002137
144547
0.0861066595442
144567
0.0867042824074
144587
0.0869201834046
144607
0.086328125
144627
0.0874054042023
144647
0.0905949519231
144667
0.0897625089031
144687
0.0887364227208
144707
0.0875856926638
144727
0.0882178151709
144747
0.0889245014245
144767
0.057973869302
144787
0.0581196581197
144807
0.0581063034188
144827
0.0579772079772
144847
0.0582053507835
144867
0.0584446225071
144887
0.0591757923789
144907
0.0600594284188
144927
0.0591468571937
144947
0.0592904202279
144967
0.0610855146011
144987
0.0599436876781
145007
0.0614249465812
145027
0.0615985576923
145047
0.0652054398148
145067
0.0688368055556
145087
0.0698907140313
145107
0.0717169693732
145127
0.0738348023504
145147
0.0765257745726
145167
0.0756054131054
145187
0.0770454950142
145207
0.0799390135328
145227
0.0819143963675
145247
0.0833745103276
145267
0.0842959846866
145287
0.0860076121795
145307
0.0860131766382
145327
0.0868033297721
145347
0.0878104967949
145367
0.0879173344017
145387
0.0895332532051
145407
0.0916065705128
145427
0.0951733885328
145447
0.100082353989
145467
0.104541711182
145487
0.107491987179
145507
0.10775462963
145527
0.110939725783
145547
0.115174278846
145567
0.118388310185
145587
0.116475249288
145607
0.115042957621
145627
0.114655671296
145647
0.111665331197
145667
0.113055332977
145687
0.112912882835
145707
0.1106815349
145727
0.112561209046
145747
0.110788372507
145767
0.109949252137
145787
0.11028423255
145807
0.107500890313
145827
0.105223913818
145847
0.105113737536
145867
0.105943954772
145887
0.10392516916
145907
0.102705439815
145927
0.102958066239
145947
0.100807959402
145967
0.107406294516
145987
0.193133457977
146007
0.764724670584
146027
1.0
