120850
0.169740234375
120870
0.0918059895833
120890
0.0740904947917
120910
0.0631597222222
120930
0.0555173611111
120950
0.105677083333
120970
0.101184027778
120990
0.111429253472
121010
0.0957966579861
121030
0.0893754340278
121050
0.0825169270833
121070
0.0814878472222
121090
0.0844155815972
121110
0.0991078559028
121130
0.107620876736
121150
0.0952957899306
121170
0.095052734375
121190
0.0817881944444
121210
0.0782660590278
121230
0.251413628472
121250
0.250620659722
121270
0.389437065972
121290
0.383727213542
121310
0.381224826389
121330
0.198466145833
121350
0.193730251736
121370
0.184770182292
121390
0.1733984375
121410
0.184032118056
121430
0.126841579861
121450
0.105508463542
121470
0.107910590278
121490
0.0981336805556
121510
0.0949203559028
121530
0.283754557292
121550
0.320454210069
121570
0.346030598958
121590
0.21850390625
121610
0.0657180989583
121630
0.0603474392361
121650
0.0545713975694
121670
0.0955950520833
121690
0.0981903211806
121710
0.0975028211806
121730
0.137672960069
121750
0.139300347222
121770
0.118692491319
121790
0.393409505208
121810
0.391743055556
121830
0.390047309028
121850
0.354060112847
121870
0.356147352431
121890
0.374970920139
121910
0.377269097222
121930
0.114202039931
121950
0.0822630208333
121970
0.0910162760417
121990
0.05045703125
122010
0.0518834635417
122030
0.277713324653
122050
0.357981770833
122070
0.286734809028
122090
0.0933142361111
122110
0.0896252170139
122130
0.267442057292
122150
0.233691189236
122170
0.205909288194
122190
0.141829644097
122210
0.133480034722
122230
0.133409722222
122250
0.376992404514
122270
0.171740017361
122290
0.419646050347
122310
0.0712003038194
122330
0.0721812065972
122350
0.0764118923611
122370
0.0704924045139
122390
0.0716955295139
122410
0.0683355034722
122430
0.0718756510417
122450
0.0743309461806
122470
0.263615668403
122490
0.428053385417
122510
0.104581597222
122530
0.107307508681
122550
0.109051866319
122570
0.110369574653
122590
0.110614149306
122610
0.0754210069444
122630
0.0776119791667
122650
0.072474609375
122670
0.141576605903
122690
0.137460069444
122710
0.141972439236
122730
0.146537326389
122750
0.163823784722
122770
0.120067057292
122790
0.105940104167
122810
0.0831351996528
122830
0.0944008246528
122850
0.0990601128472
122870
0.0980603298611
122890
0.104434895833
122910
0.108160807292
122930
0.254422092014
122950
0.292099826389
122970
0.161129123264
122990
0.245225260417
123010
0.316685112847
123030
0.451181857639
123050
0.587197916667
123070
0.485967447917
123090
0.505831380208
123110
0.468420355903
123130
0.420912109375
123150
0.416801866319
123170
0.432215928819
123190
0.523320963542
123210
0.455712456597
123230
0.467700086806
123250
0.472955729167
123270
0.475653645833
123290
0.497589409722
123310
0.498682942708
123330
0.512239149306
123350
0.500836371528
123370
0.491820095486
123390
0.464812065972
123410
0.440764756944
123430
0.467449652778
123450
0.472751302083
123470
0.464556206597
123490
0.450543185764
123510
0.461470920139
123530
0.378598090278
123550
0.400187934028
123570
0.419226345486
123590
0.385054904514
123610
0.422030815972
123630
0.442470269097
123650
0.483957682292
123670
0.492166883681
123690
0.519984157986
123710
0.512998914931
123730
0.543467447917
123750
0.552043836806
123770
0.478189019097
123790
0.421181640625
123810
0.378584418403
123830
0.393004340278
123850
0.309637586806
123870
0.323434027778
123890
0.320972005208
123910
0.0729665798611
123930
0.074806640625
123950
0.0769103732639
123970
0.0813504774306
123990
0.0863919270833
124010
0.0904605034722
124030
0.0946540798611
124050
0.103323567708
124070
0.159724392361
124090
0.149616970486
124110
0.152146267361
124130
0.153205946181
124150
0.160932725694
124170
0.156017795139
124190
0.173742404514
124210
0.164795138889
124230
0.176120876736
124250
0.0904767795139
124270
0.0941414930556
124290
0.100136284722
124310
0.116857421875
124330
0.139266927083
124350
0.146815104167
124370
0.108319227431
124390
0.07796484375
124410
0.0886200086806
124430
0.0936668836806
124450
0.125886284722
124470
0.126482638889
124490
0.115528211806
124510
0.0865282118056
124530
0.0894509548611
124550
0.108918402778
124570
0.12006640625
124590
0.126288845486
124610
0.119976996528
124630
0.133328993056
124650
0.132048394097
124670
0.133972873264
124690
0.118331597222
124710
0.0995835503472
124730
0.107271050347
124750
0.119527994792
124770
0.129157335069
124790
0.131474392361
124810
0.142430121528
124830
0.142707465278
124850
0.0966898871528
124870
0.102835503472
124890
0.101510850694
124910
0.109711154514
124930
0.111826171875
124950
0.109785807292
124970
0.107599392361
124990
0.113433376736
125010
0.109779079861
125030
0.1114453125
125050
0.111818576389
125070
0.115327690972
125090
0.121463758681
125110
0.132841145833
125130
0.139620659722
125150
0.135190972222
125170
0.142442491319
125190
0.140705512153
125210
0.138937065972
125230
0.135133463542
125250
0.122690755208
125270
0.132208550347
125290
0.146375217014
125310
0.164833984375
125330
0.215723741319
125350
0.284897786458
125370
0.434322048611
125390
1.0
125410
1.0
125430
0.995950086806
125450
0.989879340278
125470
0.989866319444
125490
0.989891276042
125510
0.990060329861
125530
0.990024956597
125550
0.990066623264
125570
0.990088107639
125590
0.990078993056
125610
0.985795138889
125630
0.989673177083
125650
0.995784939236
125670
0.995769965278
125690
0.995779947917
125710
0.995820095486
125730
0.995829861111
125750
0.995468098958
125770
0.991076388889
125790
0.988374131944
125810
0.99262890625
125830
0.992624565972
125850
0.992622829861
125870
0.992660807292
125890
0.992731770833
125910
0.992757378472
125930
0.992754774306
125950
0.987954210069
125970
0.987200303819
125990
0.987982204861
126010
0.988084201389
126030
0.988070529514
126050
0.988118706597
126070
0.988111545139
126090
0.988118489583
126110
0.988154296875
126130
0.983562934028
126150
0.98385546875
126170
0.984441623264
126190
0.986810112847
126210
0.986832248264
126230
0.986853515625
126250
0.986858723958
126270
0.986872178819
126290
0.986881076389
126310
0.986904079861
126330
0.991150607639
126350
0.993663845486
126370
0.991954427083
126390
0.986966796875
126410
0.980640190972
126430
0.973562934028
126450
0.966542100694
126470
0.961683376736
126490
0.954227213542
126510
0.948105034722
126530
0.940234809028
126550
0.933549045139
126570
0.934776475694
126590
0.933749131944
126610
0.933734809028
126630
0.930741102431
126650
0.931147352431
126670
0.927843967014
126690
0.925909071181
126710
0.923864366319
126730
0.928528428819
126750
0.936896701389
126770
0.941616753472
126790
0.947178602431
126810
0.954053819444
126830
0.963491970486
126850
0.970828993056
126870
0.977269965278
126890
0.981782769097
126910
0.989655598958
126930
0.993047743056
126950
0.993080512153
126970
0.993093532986
126990
0.993124348958
127010
0.993098524306
127030
0.993085069444
127050
0.980249131944
127070
0.973069010417
127090
0.972360894097
127110
0.969370008681
127130
0.966111328125
127150
0.956043402778
127170
0.946453776042
127190
0.937802083333
127210
0.927879340278
127230
0.924206814236
127250
0.928413194444
127270
0.934307508681
127290
0.9340546875
127310
0.931593532986
127330
0.926851128472
127350
0.929412109375
127370
0.929509114583
127390
0.934885850694
127410
0.941586154514
127430
0.941865668403
127450
0.941684027778
127470
0.941060329861
127490
0.938765190972
127510
0.94159375
127530
0.939134331597
127550
0.939426215278
127570
0.944954427083
127590
0.939528428819
127610
0.939340494792
127630
0.931780381944
127650
0.931498480903
127670
0.933511067708
127690
0.932383463542
127710
0.930988715278
127730
0.935862413194
127750
0.9370703125
127770
0.936905164931
127790
0.937521267361
127810
0.939096571181
127830
0.938409071181
127850
0.941154513889
127870
0.939296657986
127890
0.937148220486
127910
0.937233072917
127930
0.935135199653
127950
0.939949001736
127970
0.933815538194
127990
0.931349175347
128010
0.930152994792
128030
0.933251736111
128050
0.936833767361
128070
0.930282986111
128090
0.932974175347
128110
0.929440538194
128130
0.928437282986
128150
0.92557421875
128170
0.930680121528
128190
0.937792751736
128210
0.933554470486
128230
0.934728732639
128250
0.931253038194
128270
0.941184244792
128290
0.942284722222
128310
0.944815972222
128330
0.948732855903
128350
0.950955512153
128370
0.955827039931
128390
0.954398654514
128410
0.958100694444
128430
0.958955946181
128450
0.960168619792
128470
0.960266276042
128490
0.959468315972
128510
0.956079210069
128530
0.951432725694
128550
0.950922526042
128570
0.951356336806
128590
0.949039713542
128610
0.948396267361
128630
0.949027126736
128650
0.951221354167
128670
0.950729166667
128690
0.949421223958
128710
0.949995876736
128730
0.957200086806
128750
0.951250434028
128770
0.950349609375
128790
0.951819444444
128810
0.953013020833
128830
0.951195963542
128850
0.94819921875
128870
0.947606553819
128890
0.949835286458
128910
0.953641059028
128930
0.952055338542
128950
0.955153211806
128970
0.954168185764
128990
0.953536675347
129010
0.955764756944
129030
0.955577039931
129050
0.957355685764
129070
0.960414713542
129090
0.959016059028
129110
0.958487196181
129130
0.956821831597
129150
0.957483289931
129170
0.956657769097
129190
0.952812717014
129210
0.953822265625
129230
0.95207421875
129250
0.954789496528
129270
0.948407118056
129290
0.951524956597
129310
0.948349609375
129330
0.95103125
129350
0.948817274306
129370
0.944786241319
129390
0.943103949653
129410
0.938058376736
129430
0.941481119792
129450
0.938178168403
129470
0.937338975694
129490
0.938677951389
129510
0.936651909722
129530
0.935561197917
129550
0.935998263889
129570
0.936695529514
129590
0.941562282986
129610
0.943881727431
129630
0.945979166667
129650
0.939257378472
129670
0.940707465278
129690
0.938893012153
129710
0.94196875
129730
0.940581814236
129750
0.944369140625
129770
0.947725043403
129790
0.952133246528
129810
0.947819227431
129830
0.946697265625
129850
0.957528428819
129870
0.963004123264
129890
0.958337239583
129910
0.962654296875
129930
0.959770182292
129950
0.951362630208
129970
0.952307725694
129990
0.940473741319
130010
0.933362196181
130030
0.92978125
130050
0.931500434028
130070
0.92787890625
130090
0.922169487847
130110
0.907209418403
130130
0.906318142361
130150
0.907802517361
130170
0.898342230903
130190
0.904649739583
130210
0.920698784722
130230
0.928517795139
130250
0.928824869792
130270
0.932919487847
130290
0.945711805556
130310
0.960725911458
130330
0.969767578125
130350
0.980342230903
130370
0.993216145833
130390
0.999396701389
130410
1.0
130430
1.0
