177571
0.235775669643
177591
0.226556919643
177611
0.226889880952
177631
0.235794270833
177651
0.236409970238
177671
0.218753720238
177691
0.224778645833
177711
0.202003348214
177731
0.205139508929
177751
0.207395833333
177771
0.235848214286
177791
0.240247395833
177811
0.251026785714
177831
0.211908482143
177851
0.208033854167
177871
0.230693824405
177891
0.238303571429
177911
0.272239583333
177931
0.258015252976
177951
0.259908854167
177971
0.267131696429
177991
0.294587053571
178011
0.273264508929
178031
0.292873883929
178051
0.351994047619
178071
0.378493303571
178091
0.394311755952
178111
0.417085193452
178131
0.427725074405
178151
0.109490327381
178171
0.111949404762
178191
0.114600074405
178211
0.113904389881
178231
0.11056547619
178251
0.114607514881
178271
0.124133184524
178291
0.131607142857
178311
0.131530877976
178331
0.134665178571
178351
0.133366815476
178371
0.132289806548
178391
0.134417782738
178411
0.141837797619
178431
0.154151785714
178451
0.149155505952
178471
0.1495703125
178491
0.1687109375
178511
0.151378348214
178531
0.153532366071
178551
0.147202380952
178571
0.139365699405
178591
0.174088541667
178611
0.305288318452
178631
0.999994419643
178651
1.0
178671
1.0
178691
0.0973102678571
178711
0.147395833333
178731
0.110319940476
178751
0.112860863095
178771
0.0923828125
178791
0.0993489583333
178811
0.0912053571429
178831
0.0895033482143
178851
0.0884021577381
178871
0.0917875744048
178891
0.0907087053571
178911
0.0982570684524
178931
0.049962797619
178951
0.0503422619048
178971
0.0493526785714
178991
0.0493191964286
179011
0.0497991071429
179031
0.0503683035714
179051
0.0513969494048
179071
0.0506808035714
179091
0.0514267113095
179111
0.0502194940476
179131
0.0968936011905
179151
0.0951767113095
179171
0.0955319940476
179191
0.0791313244048
179211
0.0796968005952
179231
0.0749144345238
179251
0.0651599702381
179271
0.0641685267857
179291
0.063943452381
179311
0.0643526785714
179331
0.0650874255952
179351
0.0662462797619
179371
0.073322172619
179391
0.0860509672619
179411
0.0841852678571
179431
0.0833389136905
179451
0.0992819940476
179471
0.0995591517857
179491
0.10251860119
179511
0.105435267857
179531
0.103803943452
179551
0.169955357143
179571
0.169187127976
179591
0.166852678571
179611
0.168325892857
179631
0.13857328869
179651
0.137658110119
179671
0.122126116071
179691
0.125178571429
179711
0.123297991071
179731
0.116143973214
179751
0.112801339286
179771
0.107219122024
179791
0.105310639881
179811
0.111203497024
179831
0.117682291667
179851
0.0978831845238
179871
0.1246875
179891
0.131344866071
179911
0.125704985119
179931
0.12796875
179951
0.128102678571
179971
0.095349702381
179991
0.0927287946429
180011
0.0911886160714
180031
0.0953645833333
180051
0.0932384672619
180071
0.0938988095238
180091
0.0949925595238
180111
0.0938020833333
180131
0.125600818452
180151
0.125617559524
180171
0.12888764881
180191
0.127728794643
180211
0.121311383929
180231
0.125083705357
180251
0.172604166667
180271
0.13587797619
180291
0.136240699405
180311
0.137779017857
180331
0.138666294643
180351
0.140394345238
180371
0.139308035714
180391
0.137849702381
180411
0.137983630952
180431
0.135885416667
180451
0.134388020833
180471
0.135491071429
180491
0.145658482143
180511
0.141272321429
180531
0.142079613095
180551
0.141140252976
180571
0.140814732143
180591
0.140993303571
180611
0.140591517857
180631
0.153785342262
180651
0.151982886905
180671
0.153160342262
180691
0.143469122024
180711
0.132081473214
180731
0.1130078125
180751
0.102075892857
180771
0.104250372024
180791
0.108197544643
180811
0.113740699405
180831
0.0763076636905
180851
0.0777604166667
180871
0.0932998511905
180891
0.0805710565476
180911
0.0823679315476
180931
0.0921521577381
180951
0.0895424107143
180971
0.145524553571
180991
1.0
181011
0.95578125
181031
0.955870535714
181051
0.9558984375
181071
0.9558984375
181091
0.955870535714
181111
1.0
181131
0.950368303571
181151
0.950390625
181171
0.950412946429
181191
0.9504296875
181211
1.0
181231
0.961411830357
181251
0.961512276786
181271
0.961540178571
181291
0.961662946429
181311
0.961651785714
181331
1.0
181351
0.958861607143
181371
0.959095982143
181391
0.959118303571
181411
0.959079241071
181431
1.0
181451
0.95046875
181471
0.950803571429
181491
0.950881696429
181511
0.950859375
181531
0.950915178571
181551
1.0
181571
0.943543526786
181591
0.9436328125
181611
0.943688616071
181631
0.9436328125
181651
1.0
181671
0.970764508929
181691
0.970931919643
181711
0.970954241071
181731
0.970775669643
181751
0.970965401786
181771
1.0
181791
0.969832589286
181811
0.969893973214
181831
0.969899553571
181851
0.969860491071
181871
1.0
181891
0.948984375
181911
0.948900669643
181931
0.948900669643
181951
0.948962053571
181971
1.0
181991
0.967829241071
182011
0.968588169643
182031
0.968616071429
182051
0.968604910714
182071
0.968610491071
182091
1.0
182111
0.959938616071
182131
0.959933035714
182151
0.959921875
182171
0.959977678571
182191
1.0
182211
0.964905133929
182231
0.965323660714
182251
0.965485491071
182271
0.965474330357
182291
0.965474330357
182311
1.0
182331
0.949229910714
182351
0.949330357143
182371
0.949358258929
182391
0.949324776786
182411
1.0
182431
0.9645703125
182451
0.964827008929
182471
0.964782366071
182491
0.965290178571
182511
0.965245535714
182531
1.0
182551
0.909899553571
182571
0.9098828125
182591
0.909905133929
182611
0.909949776786
182631
0.909888392857
182651
1.0
182671
0.935904017857
182691
0.936116071429
182711
0.9361328125
182731
0.936422991071
182751
0.936702008929
182771
1.0
182791
0.980745907738
182811
0.774196428571
182831
0.560509672619
182851
0.334073660714
182871
0.2715625
182891
0.243268229167
182911
0.195420386905
182931
0.119525669643
182951
0.0734505208333
182971
0.0632459077381
182991
0.0719308035714
183011
0.25533110119
183031
1.0
183051
1.0
183071
0.987907366071
183091
0.9703515625
183111
0.954441964286
183131
0.939252232143
183151
0.9213671875
183171
0.893917410714
183191
0.880485491071
183211
0.859441964286
183231
0.828805803571
183251
0.814927455357
183271
0.831975446429
183291
0.841668526786
183311
0.821043526786
183331
0.836690848214
183351
0.835306919643
183371
0.8615625
183391
0.850786830357
183411
0.875613839286
183431
0.873158482143
183451
0.860541294643
183471
0.853510044643
183491
0.858521205357
183511
0.865401785714
183531
0.861160714286
183551
0.843928571429
183571
0.840178571429
183591
0.841356026786
183611
0.859090401786
183631
0.833766741071
183651
0.841350446429
183671
0.85578125
183691
0.849642857143
183711
0.846501116071
183731
0.855870535714
183751
0.853387276786
183771
0.8481640625
183791
0.848532366071
183811
0.846981026786
183831
0.848677455357
183851
0.855502232143
183871
0.841434151786
183891
0.866166294643
183911
0.857248883929
183931
0.850837053571
183951
0.864475446429
183971
0.867818080357
183991
0.864229910714
184011
0.853431919643
184031
0.846171875
184051
0.841690848214
184071
0.835457589286
184091
0.837081473214
184111
0.839068080357
184131
0.823186383929
184151
0.8112890625
184171
0.821344866071
184191
0.810251116071
184211
0.805753348214
184231
0.812667410714
184251
0.801512276786
184271
0.805390625
184291
0.785323660714
184311
0.799927455357
184331
0.812159598214
184351
0.8133984375
184371
0.828203125
184391
0.842890625
184411
0.850987723214
184431
0.851936383929
184451
0.857511160714
184471
0.863878348214
184491
0.881450892857
184511
0.869296875
184531
0.869386160714
184551
0.871311383929
184571
0.875864955357
184591
0.873967633929
184611
0.884910714286
184631
0.881389508929
184651
0.875887276786
184671
0.895334821429
184691
0.894341517857
184711
0.885518973214
184731
0.8745703125
184751
0.880652901786
184771
0.881724330357
184791
0.863113839286
184811
0.856300223214
184831
0.856188616071
184851
0.833660714286
184871
0.856707589286
184891
0.863091517857
184911
0.849207589286
184931
0.853526785714
184951
0.874296875
184971
0.865920758929
184991
0.879698660714
185011
0.873286830357
185031
0.870256696429
185051
0.867790178571
185071
0.86015625
185091
0.862215401786
185111
0.870669642857
185131
0.863694196429
185151
0.854949776786
185171
0.875027901786
185191
0.890658482143
185211
0.864754464286
185231
0.8725390625
185251
0.884916294643
185271
0.8778515625
185291
0.863292410714
185311
0.848376116071
185331
0.837661830357
185351
0.821277901786
185371
0.827661830357
185391
0.825407366071
185411
0.8119921875
185431
0.798208705357
185451
0.8133203125
185471
0.814017857143
185491
0.817829241071
185511
0.810736607143
185531
0.799001116071
185551
0.818270089286
185571
0.803978794643
185591
0.790770089286
185611
0.785998883929
185631
0.778565848214
185651
0.764140625
185671
0.7633203125
185691
0.766116071429
185711
0.771501116071
185731
0.775915178571
185751
0.771071428571
185771
0.790016741071
185791
0.789821428571
185811
0.791763392857
185831
0.807606026786
185851
0.797120535714
185871
0.7862890625
185891
0.794425223214
185911
0.783504464286
185931
0.781869419643
185951
0.786657366071
185971
0.770055803571
185991
0.774235491071
186011
0.777299107143
186031
0.768822544643
186051
0.780904017857
186071
0.774771205357
186091
0.771685267857
186111
0.773738839286
186131
0.776389508929
186151
0.7599609375
186171
0.768543526786
186191
0.767488839286
186211
0.7870703125
186231
0.785379464286
186251
0.763694196429
186271
0.774949776786
186291
0.764308035714
186311
0.7618359375
186331
0.785954241071
186351
0.7943359375
186371
0.775373883929
186391
0.7767578125
186411
0.784715401786
186431
0.800133928571
186451
0.810502232143
186471
0.813537946429
186491
0.8194140625
186511
0.807527901786
186531
0.8088671875
186551
0.821635044643
186571
0.819397321429
186591
0.815150669643
186611
0.838805803571
186631
0.850368303571
186651
0.841350446429
186671
0.825479910714
186691
0.805368303571
186711
0.786802455357
186731
0.777215401786
186751
0.802209821429
186771
0.816640625
186791
0.811902901786
186811
0.803348214286
186831
0.829910714286
186851
0.835457589286
186871
0.858526785714
186891
0.880580357143
186911
0.881110491071
186931
0.870619419643
186951
0.877393973214
186971
0.870697544643
186991
0.8767578125
187011
0.8669921875
187031
0.883705357143
187051
0.890904017857
187071
0.903275669643
187091
0.897896205357
187111
0.898482142857
187131
0.860982142857
187151
0.856400669643
187171
0.846183035714
187191
0.859084821429
187211
0.8523828125
187231
0.842176339286
187251
0.841880580357
187271
0.860792410714
187291
0.8858984375
187311
0.905401785714
187331
0.936127232143
187351
0.939397321429
187371
0.9341015625
187391
0.933839285714
187411
0.951735491071
187431
0.9595703125
187451
0.961808035714
187471
0.952232142857
187491
0.9533984375
187511
0.956400669643
187531
0.999966517857
187551
1.0
