154110
0.979928118908
154130
0.980276864035
154150
0.999840095029
154170
0.999995431287
154190
0.995236354776
154210
0.994863243177
154230
0.99506122076
154250
0.995719115497
154270
0.999995431287
154290
0.996384624756
154310
0.995895772417
154330
0.994586074561
154350
0.994646990741
154370
0.995009442008
154390
0.999768518519
154410
0.994624147173
154430
0.993204800195
154450
0.992824074074
154470
0.992985501949
154490
0.995531798246
154510
0.998985745614
154530
0.994835830897
154550
0.994471856725
154570
0.99429672271
154590
0.995294225146
154610
0.999949744152
154630
0.991165631092
154650
0.988779239766
154670
0.988831018519
154690
0.989047270955
154710
1.0
154730
1.0
154750
0.979847404971
154770
0.978944322612
154790
0.978571211014
154810
0.984553179825
154830
0.999929946394
154850
0.984865375244
154870
0.981886574074
154890
0.981655092593
154910
0.982676961501
154930
0.999744152047
154950
0.986583211501
154970
0.981516508285
154990
0.980701754386
155010
0.980860136452
155030
0.996375487329
155050
0.999529422515
155070
0.979492568226
155090
0.978785940546
155110
0.97790417885
155130
0.980911915205
155150
0.999500487329
155170
0.985352704678
155190
0.982142422027
155210
0.982233796296
155230
0.982862755848
155250
0.999945175439
155270
0.999958881579
155290
0.985022234405
155310
0.98428667154
155330
0.984105445906
155350
0.989260477583
155370
0.999899488304
155390
0.992817982456
155410
0.991811342593
155430
0.991773269981
155450
0.992164656433
155470
0.999954312865
155490
0.989386878655
155510
0.984336927388
155530
0.984809027778
155550
0.983852643762
155570
0.998145102339
155590
0.999990862573
155610
0.990679824561
155630
0.98963663499
155650
0.989659478558
155670
0.9918478923
155690
0.999995431287
155710
0.992581932261
155730
0.990270163255
155750
0.989406676413
155770
0.990060002437
155790
0.999975633528
155810
0.999975633528
155830
0.989545260721
155850
0.989514802632
155870
0.989668615984
155890
0.992324561404
155910
0.999537037037
155930
0.990868664717
155950
0.990096552144
155970
0.99005086501
155990
0.989778265107
156010
0.999366471735
156030
0.990134624756
156050
0.986569505361
156070
0.985460830897
156090
0.985550682261
156110
0.99781920078
156130
0.998726851852
156150
0.991691033138
156170
0.991346856725
156190
0.991081871345
156210
0.992047392788
156230
0.999305555556
156250
0.98116167154
156270
0.978321454678
156290
0.977593506335
156310
0.977450353314
156330
0.999112146686
156350
0.999185246101
156370
0.980826632554
156390
0.979434697856
156410
0.979159052144
156430
0.986269493177
156450
0.999975633528
156470
0.991412341618
156490
0.991027046784
156510
0.990897599903
156530
0.991829617446
156550
0.999966496101
156570
0.983412524366
156590
0.980351486355
156610
0.979740801657
156630
0.980005787037
156650
0.988485319201
156670
0.999971064815
156690
0.986618238304
156710
0.986092836257
156730
0.98655579922
156750
0.989188901072
156770
0.999977156433
156790
0.999977156433
156810
0.993349476121
156830
0.983625730994
156850
0.971130299708
156870
0.952287402534
156890
0.937681225634
156910
0.926594480994
156930
0.916930129142
156950
0.903897112573
156970
0.883514558967
156990
0.875063961988
157010
0.872339485867
157030
0.857600816277
157050
0.851087353801
157070
0.86171875
157090
0.868401254873
157110
0.883776498538
157130
0.904542824074
157150
0.910526315789
157170
0.921369395712
157190
0.935890289961
157210
0.939688413743
157230
0.939458455166
157250
0.948609588207
157270
0.961223806043
157290
0.967687012671
157310
0.970126705653
157330
0.970658199318
157350
0.970540935673
157370
0.971428788986
157390
0.970679519981
157410
0.9707541423
157430
0.975595455653
157450
0.983912037037
157470
0.984755726121
157490
0.982048001949
157510
0.984592775341
157530
0.988486842105
157550
0.98953460039
157570
0.990238182261
157590
0.989251340156
157610
0.989726486355
157630
0.97886208577
157650
0.9600542154
157670
0.94749329922
157690
0.934738974172
157710
0.929090521442
157730
0.914956444932
157750
0.895834856238
157770
0.886310611598
157790
0.876394980507
157810
0.858004385965
157830
0.855127619396
157850
0.852946820175
157870
0.838578216374
157890
0.831525645712
157910
0.838649792885
157930
0.832151559454
157950
0.834416118421
157970
0.826981298733
157990
0.808276985867
158010
0.810489766082
158030
0.817560611598
158050
0.800015229045
158070
0.78651163499
158090
0.791963633041
158110
0.793561159844
158130
0.796512548733
158150
0.805354532164
158170
0.796737938596
158190
0.793265716374
158210
0.802820419103
158230
0.80371588694
158250
0.795260721248
158270
0.800793433236
158290
0.788809697856
158310
0.789411245127
158330
0.787879203216
158350
0.777461013645
158370
0.776187865497
158390
0.781949013158
158410
0.777581323099
158430
0.775184271442
158450
0.779104227583
158470
0.769021076998
158490
0.773901985867
158510
0.78363791423
158530
0.776280762671
158550
0.771628289474
158570
0.772630360624
158590
0.770566825049
158610
0.770757188109
158630
0.778033625731
158650
0.780837292885
158670
0.778633650097
158690
0.789140168129
158710
0.781617019981
158730
0.778397599903
158750
0.782987634016
158770
0.780282955653
158790
0.798059819688
158810
0.806495187622
158830
0.813990923489
158850
0.808746040448
158870
0.803266630117
158890
0.800475146199
158910
0.803766142788
158930
0.809501401072
158950
0.799154788012
158970
0.799392361111
158990
0.813390899123
159010
0.794188596491
159030
0.787142117446
159050
0.789858979045
159070
0.784326267057
159090
0.791231115984
159110
0.797732395224
159130
0.778677814327
159150
0.769313474659
159170
0.773323282164
159190
0.775059393275
159210
0.768460648148
159230
0.773466435185
159250
0.7660666423
159270
0.761510112086
159290
0.774128898635
159310
0.774808114035
159330
0.76300255848
159350
0.769086561891
159370
0.773487755848
159390
0.780875365497
159410
0.792638279727
159430
0.793300743177
159450
0.795294225146
159470
0.793839851365
159490
0.783796296296
159510
0.790335648148
159530
0.809678057992
159550
0.804870248538
159570
0.808985136452
159590
0.828281859162
159610
0.830429154483
159630
0.821008467349
159650
0.823029361598
159670
0.822497867934
159690
0.824177631579
159710
0.834193774366
159730
0.84242202729
159750
0.840076754386
159770
0.830963693957
159790
0.825001522904
159810
0.825313718324
159830
0.823139010721
159850
0.816913377193
159870
0.825191885965
159890
0.827905701754
159910
0.821440972222
159930
0.823920260721
159950
0.821576510721
159970
0.828000121832
159990
0.838774671053
160010
0.843788072612
160030
0.847749147173
160050
0.840666118421
160070
0.856149488304
160090
0.85324378655
160110
0.847368421053
160130
0.860564388402
160150
0.859706993177
160170
0.865609770955
160190
0.876114766082
160210
0.870994761209
160230
0.866346856725
160250
0.871390716374
160270
0.860267422027
160290
0.869382005361
160310
0.862605080409
160330
0.863422880117
160350
0.866573769493
160370
0.881699256823
160390
0.869088084795
160410
0.869969846491
160430
0.876985867446
160450
0.853234649123
160470
0.860494334795
160490
0.873501461988
160510
0.870970394737
160530
0.860878106725
160550
0.84977917885
160570
0.84223166423
160590
0.849529422515
160610
0.855226608187
160630
0.855712414717
160650
0.855360623782
160670
0.844101790936
160690
0.836645650585
160710
0.824674098441
160730
0.827669651559
160750
0.829708820663
160770
0.830464181287
160790
0.843804824561
160810
0.833989705166
160830
0.823729897661
160850
0.819907407407
160870
0.801289900097
160890
0.802821942008
160910
0.814514802632
160930
0.808851120858
160950
0.822024244639
160970
0.822261817739
160990
0.812772599903
161010
0.809719176413
161030
0.820181530214
161050
0.811855811404
161070
0.808823708577
161090
0.822491776316
161110
0.82304002193
161130
0.823273026316
161150
0.825321332846
161170
0.815401133041
161190
0.818168250487
161210
0.818672331871
161230
0.826024914717
161250
0.828761574074
161270
0.830569261696
161290
0.829283930312
161310
0.834624756335
161330
0.833436890838
161350
0.812201510721
161370
0.808360745614
161390
0.817256030702
161410
0.807877984893
161430
0.803540752924
161450
0.806243908382
161470
0.799744152047
161490
0.804124025341
161510
0.803245309454
161530
0.787835038986
161550
0.771634381092
161570
0.775793433236
161590
0.779396625244
161610
0.785910087719
161630
0.79289412768
161650
0.785520224172
161670
0.786826876218
161690
0.800121832359
161710
0.799206566764
161730
0.793256578947
161750
0.79601912768
161770
0.792600207115
161790
0.807573403996
161810
0.829424037524
161830
0.833356176901
161850
0.827474719786
161870
0.841451937135
161890
0.837745187622
161910
0.829291544834
161930
0.840123964425
161950
0.823662889864
161970
0.837981237817
161990
0.854672270955
162010
0.851136086745
162030
0.862410148635
162050
0.847187195419
162070
0.862964485867
162090
0.851384320175
162110
0.845045991715
162130
0.844439875731
162150
0.853147843567
162170
0.845987146686
162190
0.854280884503
162210
0.848506030702
162230
0.855024061891
162250
0.860404483431
162270
0.868507858187
162290
0.865265594542
162310
0.838949805068
162330
0.826489400585
162350
0.829329617446
162370
0.818216983431
162390
0.805491593567
162410
0.818480445906
162430
0.805211379142
162450
0.790364583333
162470
0.795752619396
162490
0.79369212963
162510
0.78693957115
162530
0.786079130117
162550
0.793548976608
162570
0.796150097466
162590
0.794212962963
162610
0.77421875
162630
0.798457297758
162650
0.776819870858
162670
0.762157346491
162690
0.746242994639
162710
0.763246223197
162730
0.760724293372
162750
0.75642665692
162770
0.78515625
162790
0.785946637427
162810
0.815072185673
162830
0.834710038986
162850
0.850370065789
162870
0.856811951754
162890
0.89015289961
162910
0.911214668616
162930
0.919988121345
162950
0.925979227583
162970
0.930849476121
162990
0.930120004873
163010
0.929900706628
163030
0.933612024854
163050
0.922002923977
163070
0.924314692982
163090
0.921139437135
163110
0.919883040936
163130
0.904640289961
163150
0.912245674951
163170
0.917326084308
163190
0.910808053119
163210
0.914696028265
163230
0.909530336257
163250
0.909201388889
163270
0.909924768519
163290
0.912774122807
163310
0.911557322125
163330
0.907902351365
163350
0.904139254386
163370
0.923463389376
163390
0.908525219298
163410
0.911124817251
163430
0.925362451267
163450
0.926382797271
163470
0.932937378168
163490
0.948170991715
163510
0.955841861598
163530
0.957628228558
163550
0.972691276803
163570
0.974256822612
163590
0.98949043616
163610
0.991991045322
163630
1.0
163650
1.0
163670
1.0
163690
1.0
