139070
0.133276845895
139090
0.14833314185
139110
0.150924862132
139130
0.201550053615
139150
0.224118700214
139170
0.217833754596
139190
0.204996266085
139210
0.211381740196
139230
0.203630035999
139250
0.196308210784
139270
0.196494906556
139290
0.149382946538
139310
0.146384803922
139330
0.144966394761
139350
0.170028147978
139370
0.163580441942
139390
0.163618738511
139410
0.171406824449
139430
0.189099839154
139450
0.188953833487
139470
0.1623046875
139490
0.212003580729
139510
0.22150591682
139530
0.222954963235
139550
0.209400371477
139570
0.110504270067
139590
0.143333046109
139610
0.185639744179
139630
0.206356751685
139650
0.179974724265
139670
0.306624827665
139690
0.388260665594
139710
0.339211856618
139730
0.311056219363
139750
0.306458716299
139770
0.302608953738
139790
0.297190946691
139810
0.293047257966
139830
0.29703728171
139850
0.291293275123
139870
0.264239142923
139890
0.236359240962
139910
0.226508884804
139930
0.225685508578
139950
0.227802351409
139970
0.23626349954
139990
0.236401845895
140010
0.23404229856
140030
0.224151252298
140050
0.240567555147
140070
0.234140433517
140090
0.229561600031
140110
0.223508348652
140130
0.239470837163
140150
0.211174460018
140170
0.220826631434
140190
0.22516228171
140210
0.225117761949
140230
0.218090820312
140250
0.217304783241
140270
0.213959577972
140290
0.231718654259
140310
0.228980449602
140330
0.225242704504
140350
0.225998583027
140370
0.229461071538
140390
0.319267003676
140410
0.372715609681
140430
0.370943435968
140450
0.407262465533
140470
0.301686006434
140490
0.237613932292
140510
0.212129001991
140530
0.320874980852
140550
0.313709214154
140570
0.32876886106
140590
0.436634018842
140610
0.442330154718
140630
0.133261527267
140650
0.107159543505
140670
0.110875746783
140690
0.106039368873
140710
0.100178557751
140730
0.106089154412
140750
0.137978707108
140770
0.297386737898
140790
0.297966930913
140810
0.308078661152
140830
0.307860849418
140850
0.297298177083
140870
0.293444106158
140890
0.44522968367
140910
0.435907341452
140930
0.446577244179
140950
0.432750268076
140970
0.466560393689
140990
0.147942995558
141010
0.194519282322
141030
0.162659888174
141050
0.134771369485
141070
0.149979415594
141090
0.234007352941
141110
0.252186734069
141130
0.41933928845
141150
0.403063246783
141170
0.382800532322
141190
0.355786132812
141210
0.367256433824
141230
0.371073644301
141250
0.0943512561275
141270
0.108398916207
141290
0.172581092984
141310
0.178705671722
141330
0.0977610868566
141350
0.111771407782
141370
0.116457471661
141390
0.12775256587
141410
0.246110504749
141430
0.276091452206
141450
0.246366134344
141470
0.240896905637
141490
0.153307387408
141510
0.149140720741
141530
0.127880859375
141550
0.181457758885
141570
0.138672353707
141590
0.151811427696
141610
0.200963158701
141630
0.163633578431
141650
0.142457490809
141670
0.24763470818
141690
0.195521695006
141710
0.214494293811
141730
0.211000689338
141750
0.33654833027
141770
0.419675340839
141790
0.329840686275
141810
0.177514648438
141830
0.224802772672
141850
0.180712890625
141870
0.183271101409
141890
0.119188017004
141910
0.191787779565
141930
0.164429668352
141950
0.138002163756
141970
0.125270948223
141990
0.142406747855
142010
0.126167087929
142030
0.150776941636
142050
0.264329618566
142070
0.999986596201
142090
0.995700252757
142110
0.783040364583
142130
0.632666494332
142150
0.627427523744
142170
0.62525993796
142190
0.625612745098
142210
0.645814185049
142230
0.847283337163
142250
0.896102366728
142270
0.623981311275
142290
0.640891161152
142310
0.640523035386
142330
0.640185068168
142350
0.641350241268
142370
0.98492790671
142390
0.703231751685
142410
0.641665709252
142430
0.643438361673
142450
0.643759574142
142470
0.644065946691
142490
0.713322418811
142510
0.991646082261
142530
0.6580011106
142550
0.661969113817
142570
0.662187404259
142590
0.664456954657
142610
0.655180089614
142630
0.907679898131
142650
0.779377297794
142670
0.666917509191
142690
0.667008942249
142710
0.667307655484
142730
0.667689663756
142750
0.682303634344
142770
0.996866383272
142790
0.688064874387
142810
0.675098613664
142830
0.675927255668
142850
0.675033509498
142870
0.674931066176
142890
0.675108666513
142910
0.662715418199
142930
0.682458735447
142950
0.875069891238
142970
0.996608838848
142990
0.992605890012
143010
0.988189338235
143030
0.981928806679
143050
0.977166149663
143070
0.973887484681
143090
0.966907935049
143110
0.961331954657
143130
0.95691540288
143150
0.953373448989
143170
0.952287741268
143190
0.954630055147
143210
0.954974724265
143230
0.953726734835
143250
0.95523035386
143270
0.953937844669
143290
0.953896197151
143310
0.956742589614
143330
0.958401309743
143350
0.956924977022
143370
0.956251436121
143390
0.95640222886
143410
0.956057559743
143430
0.958855124081
143450
0.961177332261
143470
0.96128504136
143490
0.960124655331
143510
0.96396484375
143530
0.965653722426
143550
0.965382774203
143570
0.969331629136
143590
0.972607421875
143610
0.970579618566
143630
0.973135914522
143650
0.970971679687
143670
0.968727022059
143690
0.967879710478
143710
0.968984087776
143730
0.966868681066
143750
0.966643210018
143770
0.968208582261
143790
0.971816119026
143810
0.97338292739
143830
0.978715245864
143850
0.980875172335
143870
0.983450137868
143890
0.987754193474
143910
0.992576688879
143930
0.992352653952
143950
0.987794404871
143970
0.984274471507
143990
0.979753561581
144010
0.976561063879
144030
0.977116842831
144050
0.974688361673
144070
0.968122414982
144090
0.962175436581
144110
0.960118910846
144130
0.956133674173
144150
0.952771714154
144170
0.953485466452
144190
0.95126953125
144210
0.949819048713
144230
0.950364774816
144250
0.949842026654
144270
0.94564855239
144290
0.949694106158
144310
0.949113913143
144330
0.94634363511
144350
0.949303481158
144370
0.949460018382
144390
0.95031451057
144410
0.950587373621
144430
0.954566865809
144450
0.955753102022
144470
0.952316463695
144490
0.958610983456
144510
0.961756089154
144530
0.95986328125
144550
0.963121840533
144570
0.965329159007
144590
0.963186465993
144610
0.957821116728
144630
0.962612017463
144650
0.963071576287
144670
0.95805089614
144690
0.959686638327
144710
0.962288890165
144730
0.957256721048
144750
0.956196863511
144770
0.955689912684
144790
0.953593175551
144810
0.949738625919
144830
0.951933019301
144850
0.951490693934
144870
0.949777401195
144890
0.948782169118
144910
0.948796530331
144930
0.945481962316
144950
0.950323127298
144970
0.954663085938
144990
0.95281048943
145010
0.954426125919
145030
0.957111672794
145050
0.956591796875
145070
0.960240981158
145090
0.960961914062
145110
0.959084903493
145130
0.959274471507
145150
0.960170611213
145170
0.960545438879
145190
0.959140912224
145210
0.95973259421
145230
0.955465877757
145250
0.952893784467
145270
0.955925436581
145290
0.956886201746
145310
0.955055147059
145330
0.955855066636
145350
0.95708582261
145370
0.954128848805
145390
0.952389705882
145410
0.95628303079
145430
0.95530646829
145450
0.948974609375
145470
0.950940659467
145490
0.953053193934
145510
0.94691808364
145530
0.949190027574
145550
0.954621438419
145570
0.955603745404
145590
0.958214613971
145610
0.961432961857
145630
0.966331571691
145650
0.968580537684
145670
0.968547506893
145690
0.972458065257
145710
0.968248793658
145730
0.965247300092
145750
0.964305683211
145770
0.960791015625
145790
0.956090590533
145810
0.956517118566
145830
0.956420898438
145850
0.951915785846
145870
0.954569738051
145890
0.954137465533
145910
0.955417049632
145930
0.956254308364
145950
0.951426068474
145970
0.953486902574
145990
0.957390280331
146010
0.954296875
146030
0.953436638327
146050
0.957499425551
146070
0.958090150123
146090
0.956858915441
146110
0.960643095129
146130
0.964009363511
146150
0.963511029412
146170
0.964098403033
146190
0.968083639706
146210
0.971080824908
146230
0.968994140625
146250
0.971455652574
146270
0.971076516544
146290
0.968942440257
146310
0.965982115502
146330
0.961665134804
146350
0.958760340074
146370
0.954808134191
146390
0.953412224265
146410
0.952876551011
146430
0.949441348805
146450
0.952032111673
146470
0.95046673943
146490
0.944373276654
146510
0.949507410386
146530
0.951430376838
146550
0.949708467371
146570
0.95124798943
146590
0.951235064338
146610
0.950449505974
146630
0.949696978401
146650
0.951349954044
146670
0.953719554228
146690
0.957716279871
146710
0.956363453585
146730
0.947506893382
146750
0.942674345129
146770
0.94758013557
146790
0.940909352022
146810
0.928620461857
146830
0.934352022059
146850
0.937357823989
146870
0.92426183364
146890
0.921337890625
146910
0.932852711397
146930
0.928725298713
146950
0.925600298713
146970
0.934854664522
146990
0.931563074449
147010
0.929530962776
147030
0.928764073989
147050
0.925236960018
147070
0.923965992647
147090
0.921013327206
147110
0.924047851563
147130
0.926832490809
147150
0.919374712776
147170
0.926668772978
147190
0.927468692555
147210
0.928840188419
147230
0.932918772978
147250
0.932072897518
147270
0.940649414063
147290
0.935450654871
147310
0.918709788603
147330
0.926694623162
147350
0.934175379136
147370
0.923493508732
147390
0.916930434283
147410
0.932648782169
147430
0.929667394301
147450
0.918313419118
147470
0.928347598805
147490
0.939931353401
147510
0.931057559743
147530
0.92541216682
147550
0.93738080193
147570
0.936600988051
147590
0.924022001379
147610
0.930731560202
147630
0.934028894761
147650
0.927330824908
147670
0.924027745864
147690
0.93820513557
147710
0.933135627298
147730
0.928369140625
147750
0.93185747932
147770
0.941294232537
147790
0.941805491728
147810
0.935691923254
147830
0.94808995864
147850
0.95338493796
147870
0.946564797794
147890
0.956845990349
147910
0.953587431066
147930
0.951184800092
147950
0.950752527574
147970
0.943635110294
147990
0.947344611673
148010
0.939101275276
148030
0.941816980699
148050
0.949853515625
148070
0.949584960938
148090
0.959297449449
148110
0.964055319393
148130
0.972983685662
148150
0.982042738971
148170
0.987926528033
148190
1.0
148210
1.0
