124681
0.0513671875
124701
0.0883712469363
124721
0.0864410998775
124741
0.085964307598
124761
0.0744734221814
124781
0.0780177696078
124801
0.0809417126225
124821
0.0770622702206
124841
0.07890625
124861
0.0779296875
124881
0.142369408701
124901
0.134206495098
124921
0.135129442402
124941
0.134026501225
124961
0.137040441176
124981
0.135853247549
125001
0.135506663603
125021
0.154415594363
125041
0.150044041054
125061
0.145339307598
125081
0.155865119485
125101
0.176953125
125121
0.19742455576
125141
0.194736136642
125161
0.162335324755
125181
0.15087890625
125201
0.15261182598
125221
0.134962852328
125241
0.1263671875
125261
0.174425551471
125281
0.15736060049
125301
0.167618336397
125321
0.184666053922
125341
0.20308861826
125361
0.228073299632
125381
0.259869025735
125401
0.268280867034
125421
0.274144071691
125441
0.279708563113
125461
0.0995787377451
125481
0.101156556373
125501
0.10217333027
125521
0.101020603554
125541
0.159229473039
125561
0.15501685049
125581
0.14782666973
125601
0.161684283088
125621
0.161247702206
125641
0.15895948223
125661
0.128126914828
125681
0.131374463848
125701
0.131699984681
125721
0.13548560049
125741
0.137053844975
125761
0.808909696691
125781
0.792352175245
125801
0.234083946078
125821
0.235981541054
125841
0.249067478554
125861
0.290774356618
125881
0.309034160539
125901
0.34250536152
125921
0.357176776961
125941
0.343462775735
125961
0.315464154412
125981
0.207356770833
126001
0.358781403186
126021
0.274691712623
126041
0.190605851716
126061
0.115602022059
126081
0.121903722426
126101
0.118696384804
126121
0.636192172181
126141
0.630890012255
126161
0.750652956495
126181
0.22717333027
126201
0.213648897059
126221
0.169898897059
126241
0.28327588848
126261
0.26232958027
126281
0.163832720588
126301
0.268424479167
126321
0.277962239583
126341
0.275597426471
126361
0.235573682598
126381
0.422648590686
126401
0.517176011029
126421
0.492384727328
126441
0.341358379289
126461
0.229817708333
126481
0.429534313725
126501
0.338817401961
126521
0.220103783701
126541
0.281380208333
126561
0.199756816789
126581
0.184777113971
126601
0.135171568627
126621
0.191500076593
126641
0.647256050858
126661
0.285004978554
126681
0.447472426471
126701
0.404496017157
126721
0.441214767157
126741
0.184830729167
126761
0.124295343137
126781
0.128272441789
126801
0.153310738358
126821
0.245729932598
126841
0.287381280637
126861
0.104153262868
126881
0.233289292279
126901
0.225760186887
126921
0.267311963848
126941
0.229838771446
126961
0.265251608456
126981
0.290121400123
127001
0.221425015319
127021
0.255392156863
127041
0.222001378676
127061
0.19362745098
127081
1.0
127101
1.0
127121
1.0
127141
1.0
127161
1.0
127181
1.0
127201
1.0
127221
0.991084558824
127241
0.984556908701
127261
0.974900428922
127281
0.974383425245
127301
0.97476830576
127321
0.974444699755
127341
0.975047870711
127361
0.973131127451
127381
0.96650390625
127401
0.971976485907
127421
0.978036917892
127441
0.983641620711
127461
0.992543658088
127481
0.987584252451
127501
0.977941176471
127521
0.9666015625
127541
0.9521484375
127561
0.950511259191
127581
0.943074065564
127601
0.927950750613
127621
0.918010876225
127641
0.90999731924
127661
0.900206801471
127681
0.901556755515
127701
0.903954120711
127721
0.902533318015
127741
0.900735294118
127761
0.897139246324
127781
0.898523667279
127801
0.899484911152
127821
0.896400122549
127841
0.893828507966
127861
0.896664368873
127881
0.907718673407
127901
0.920752910539
127921
0.931328507966
127941
0.944301470588
127961
0.945710784314
127981
0.958884803922
128001
0.973293887868
128021
0.983712469363
128041
0.992147288603
128061
0.983601409314
128081
0.963235294118
128101
0.92906518076
128121
0.897175628064
128141
0.873720894608
128161
0.844267003676
128181
0.819621246936
128201
0.782709099265
128221
0.748902803309
128241
0.690642233456
128261
0.666739430147
128281
0.713424862132
128301
0.743962545956
128321
0.730526194853
128341
0.787126608456
128361
0.808903952206
128381
0.820479090074
128401
0.874086626838
128421
0.906048943015
128441
0.928762637868
128461
0.949626608456
128481
0.955767463235
128501
0.966996017157
128521
0.972183287377
128541
0.978689874387
128561
0.965121400123
128581
0.950528492647
128601
0.940960094975
128621
0.936764705882
128641
0.934397977941
128661
0.925672104779
128681
0.907607613358
128701
0.899481081495
128721
0.878437117034
128741
0.879972809436
128761
0.876064644608
128781
0.884807751225
128801
0.875702742034
128821
0.880698529412
128841
0.883898207721
128861
0.882050398284
128881
0.880244715074
128901
0.878703278186
128921
0.872958792892
128941
0.877895220588
128961
0.872418811275
128981
0.870844822304
129001
0.870660998775
129021
0.866122855392
129041
0.859658394608
129061
0.867746629902
129081
0.848353247549
129101
0.828084788603
129121
0.856181066176
129141
0.861774280025
129161
0.845513556985
129181
0.86345166973
129201
0.847776884191
129221
0.828873697917
129241
0.855543428309
129261
0.863015088848
129281
0.835420496324
129301
0.855321308211
129321
0.846614583333
129341
0.830338541667
129361
0.826572074142
129381
0.8369140625
129401
0.850413602941
129421
0.855687040441
129441
0.864568014706
129461
0.869774433211
129481
0.872093290441
129501
0.87734375
129521
0.895013786765
129541
0.898891314338
129561
0.894496783088
129581
0.896673943015
129601
0.894071691176
129621
0.889301853554
129641
0.883796721814
129661
0.892934283088
129681
0.896689261642
129701
0.898885569853
129721
0.910807291667
129741
0.907856541054
129761
0.905773207721
129781
0.900901884191
129801
0.899718520221
129821
0.901579733456
129841
0.909152879902
129861
0.908036534926
129881
0.905106847426
129901
0.89935278799
129921
0.900398284314
129941
0.906472120098
129961
0.902703737745
129981
0.902169500613
130001
0.896943933824
130021
0.902579273897
130041
0.896876914828
130061
0.892417279412
130081
0.869071691176
130101
0.869083180147
130121
0.856985294118
130141
0.850034466912
130161
0.855824908088
130181
0.859150965074
130201
0.853596047794
130221
0.858766084559
130241
0.86240234375
130261
0.888758042279
130281
0.893300015319
130301
0.899894684436
130321
0.903327971814
130341
0.896886488971
130361
0.899224494485
130381
0.894559972426
130401
0.891783471201
130421
0.878668811275
130441
0.873776424632
130461
0.876886106005
130481
0.878394990809
130501
0.881523820466
130521
0.889171645221
130541
0.889175474877
130561
0.889246323529
130581
0.89189453125
130601
0.891101792279
130621
0.897886029412
130641
0.893460860907
130661
0.884332873775
130681
0.881474034926
130701
0.885893458946
130721
0.883969056373
130741
0.888503370098
130761
0.885294117647
130781
0.886762791054
130801
0.890745634191
130821
0.898937270221
130841
0.896708409926
130861
0.894703584559
130881
0.897043504902
130901
0.891241574755
130921
0.88752489277
130941
0.892894071691
130961
0.891055836397
130981
0.886536841299
131001
0.884036075368
131021
0.888396139706
131041
0.88102979473
131061
0.876307827819
131081
0.883760340074
131101
0.893738511029
131121
0.890929457721
131141
0.897977941176
131161
0.897018612132
131181
0.900649126838
131201
0.900247012868
131221
0.906393612132
131241
0.906077665441
131261
0.904136029412
131281
0.905233226103
131301
0.911264935662
131321
0.91318359375
131341
0.904513250613
131361
0.888489966299
131381
0.88685278799
131401
0.898866421569
131421
0.903297334559
131441
0.903986672794
131461
0.891469439338
131481
0.894646139706
131501
0.880382582721
131521
0.879543887868
131541
0.8845703125
131561
0.887151501225
131581
0.87935814951
131601
0.878730085784
131621
0.873801317402
131641
0.885345818015
131661
0.873004748775
131681
0.888790594363
131701
0.890253523284
131721
0.874925321691
131741
0.88111596201
131761
0.869739966299
131781
0.858249080882
131801
0.856006816789
131821
0.861967677696
131841
0.840496706495
131861
0.829342830882
131881
0.832393152574
131901
0.82912645527
131921
0.792430683211
131941
0.842311963848
131961
0.832622931985
131981
0.842377068015
132001
0.835638786765
132021
0.824586397059
132041
0.860284543505
132061
0.861804917279
132081
0.866549862132
132101
0.881244255515
132121
0.870341222426
132141
0.879842601103
132161
0.88283739277
132181
0.883348651961
132201
0.874172794118
132221
0.875189568015
132241
0.870203354779
132261
0.873213465074
132281
0.877638633578
132301
0.866886871936
132321
0.854264322917
132341
0.862821691176
132361
0.866452205882
132381
0.875118719363
132401
0.882622931985
132421
0.888172104779
132441
0.890693933824
132461
0.890050551471
132481
0.895025275735
132501
0.903630514706
132521
0.911764705882
132541
0.900076593137
132561
0.879633884804
132581
0.86540479473
132601
0.859817325368
132621
0.841436887255
132641
0.803980928309
132661
0.82331495098
132681
0.815123314951
132701
0.763413373162
132721
0.760001148897
132741
0.791727941176
132761
0.76865234375
132781
0.813913143382
132801
0.825022977941
132821
0.843054917279
132841
0.855589384191
132861
0.858674172794
132881
0.8818359375
132901
0.884604779412
132921
0.900970818015
132941
0.922305836397
132961
0.922012867647
132981
0.921949678309
133001
0.920657169118
133021
0.915245863971
133041
0.933869485294
133061
0.931278722426
133081
0.930313648897
133101
0.922208180147
133121
0.908892463235
133141
0.909059053309
133161
0.914753753064
133181
0.924946384804
133201
0.9138671875
133221
0.911720664828
133241
0.914225260417
133261
0.902922028186
133281
0.912132352941
133301
0.911768535539
133321
0.906144684436
133341
0.898268995098
133361
0.895762484681
133381
0.90183057598
133401
0.903006280637
133421
0.911458333333
133441
0.930386412377
133461
0.936649816176
133481
0.95029296875
133501
0.962620634191
133521
0.96650390625
133541
0.955893841912
133561
0.956253829657
133581
0.953255208333
133601
0.942135799632
133621
0.93552198223
133641
0.930388327206
133661
0.923332184436
133681
0.905459175858
133701
0.880621936275
133721
0.875907628676
133741
0.860581341912
133761
0.852791819853
133781
0.874429381127
133801
0.874567248775
133821
0.887342984069
133841
0.899597886029
133861
0.911678538603
133881
0.932467830882
133901
0.960688572304
133921
0.980409390319
133941
1.0
133961
1.0
133981
0.91793236826
134001
0.911186427696
134021
0.911197916667
134041
0.912216605392
134061
0.908835018382
134081
1.0
134101
1.0
134121
1.0
134141
1.0
134161
0.504766007966
134181
0.130685125613
134201
0.128046492034
134221
0.128448606005
134241
0.245871629902
134261
1.0
