135433
0.216222426471
135453
0.286405196844
135473
0.379789943321
135493
0.426419845282
135513
0.389133348652
135533
0.335643095129
135553
0.321864468444
135573
0.299665862439
135593
0.288880591299
135613
0.280922564338
135633
0.276257563572
135653
0.276018210018
135673
0.276316444547
135693
0.275742953431
135713
0.276273360907
135733
0.275159888174
135753
0.27621160769
135773
0.27848259421
135793
0.2821322572
135813
0.285766122855
135833
0.29021953508
135853
0.293136297488
135873
0.293772499234
135893
0.285661764706
135913
0.251200118719
135933
0.245771580116
135953
0.24844085095
135973
0.250233609069
135993
0.254476390165
136013
0.256300264246
136033
0.258243815104
136053
0.258786190257
136073
0.261650773591
136093
0.264827952665
136113
0.269145412071
136133
0.271836224724
136153
0.275424134498
136173
0.278366747089
136193
0.280822514553
136213
0.284065755208
136233
0.286804917279
136253
0.290531652114
136273
0.296715590533
136293
0.297845339308
136313
0.299625172335
136333
0.300796568627
136353
0.30241986443
136373
0.30378370098
136393
0.303078086703
136413
0.304093903186
136433
0.304391659007
136453
0.308359662224
136473
0.311909275429
136493
0.316645124847
136513
0.318235868566
136533
0.321391505821
136553
0.316638901654
136573
0.306796683517
136593
0.3576238894
136613
0.344107115502
136633
0.210585171569
136653
0.145924766391
136673
0.231057081036
136693
0.378027822457
136713
0.320661956189
136733
0.304614257813
136753
0.390464154412
136773
0.0634976256127
136793
0.0663555070466
136813
0.075177600337
136833
0.0752714269301
136853
0.0754533356311
136873
0.104537664675
136893
0.143703565411
136913
0.178842581955
136933
0.17095301011
136953
0.215411017923
136973
0.221789311428
136993
0.219989372702
137013
0.204595588235
137033
0.216442153033
137053
0.138366459865
137073
0.177723843444
137093
0.220777324602
137113
0.254963714001
137133
0.286446365656
137153
0.346186140472
137173
0.341354070925
137193
0.340589096967
137213
0.341653262868
137233
0.341342103248
137253
0.342726045496
137273
0.341380399816
137293
0.341974954044
137313
0.344007065717
137333
0.3430697572
137353
0.343187997855
137373
0.340989296109
137393
0.341488587623
137413
0.340643669577
137433
0.337890625
137453
0.339541685815
137473
0.340898820466
137493
0.341761450674
137513
0.34357622932
137533
0.340533566942
137553
0.337402822457
137573
0.334594247855
137593
0.334922162224
137613
0.335909256281
137633
0.339887312347
137653
0.312443512561
137673
0.280759803922
137693
0.270871629902
137713
0.216800704657
137733
0.183074352788
137753
0.132995844822
137773
0.191275084252
137793
0.233456839767
137813
0.253971832874
137833
0.285856119792
137853
0.264679074755
137873
0.267222924326
137893
0.268969247855
137913
0.370702167586
137933
0.346334539675
137953
0.378090054381
137973
0.36392846201
137993
0.428822954963
138013
0.35062231924
138033
0.488196040135
138053
0.402821499694
138073
0.603054151348
138093
0.689767156863
138113
0.722409237132
138133
0.70877422258
138153
0.701894244026
138173
0.777731981464
138193
0.792844764859
138213
0.86550915288
138233
0.769776348039
138253
0.658802945006
138273
0.625523705576
138293
0.766978783701
138313
0.79996696921
138333
0.7910223269
138353
0.770697380515
138373
0.780600394455
138393
0.795217237286
138413
0.833012599571
138433
0.866094611673
138453
0.864021809896
138473
0.869002278646
138493
0.870430740656
138513
0.799863089767
138533
0.637095013787
138553
0.679204005821
138573
0.795668658088
138593
0.786794385723
138613
0.838879633885
138633
0.828108723958
138653
0.814073510263
138673
0.816411515778
138693
0.831462545956
138713
0.795806525735
138733
0.828948854933
138753
1.0
138773
1.0
138793
1.0
138813
1.0
138833
1.0
138853
1.0
138873
1.0
138893
1.0
138913
1.0
138933
1.0
138953
1.0
138973
0.989059627757
138993
0.989056755515
139013
0.989056755515
139033
0.989056755515
139053
0.989056755515
139073
1.0
139093
0.988394703585
139113
0.988394703585
139133
0.988394703585
139153
0.988394703585
139173
0.988394703585
139193
1.0
139213
0.992011814491
139233
0.992011814491
139253
0.992011814491
139273
0.992011814491
139293
0.999999042586
139313
0.987665153952
139333
0.987669462316
139353
0.987669462316
139373
0.987669462316
139393
0.987669462316
139413
1.0
139433
0.962457395067
139453
0.962476064645
139473
0.962476064645
139493
0.962476064645
139513
0.962476064645
139533
0.96247845818
139553
0.96247845818
139573
1.0
139593
0.95891161152
139613
0.958914483762
139633
0.958914483762
139653
0.958914483762
139673
0.958914483762
139693
0.958927408854
139713
1.0
139733
0.961124674479
139753
0.961124674479
139773
0.961124674479
139793
0.961124674479
139813
0.961124674479
139833
0.961124674479
139853
1.0
139873
0.980962297028
139893
0.980962297028
139913
0.980962297028
139933
0.980962297028
139953
0.980962297028
139973
0.980962297028
139993
1.0
140013
0.952717620251
140033
0.952720971201
140053
0.952720971201
140073
0.952720971201
140093
0.952723843444
140113
0.952721449908
140133
1.0
140153
0.955703316483
140173
0.955722943474
140193
0.955722943474
140213
0.955722943474
140233
0.955722943474
140253
0.955722943474
140273
1.0
140293
0.948266601562
140313
0.948282398897
140333
0.948281441483
140353
0.948281441483
140373
0.948281441483
140393
0.948281441483
140413
0.948282398897
140433
1.0
140453
0.92804218367
140473
0.928059417126
140493
0.928059417126
140513
0.928059417126
140533
0.928059417126
140553
0.928059417126
140573
1.0
140593
0.959799134498
140613
0.959812059589
140633
0.95982354856
140653
0.959815889246
140673
0.959822591146
140693
0.959815889246
140713
1.0
140733
0.960147633272
140753
0.960143324908
140773
0.960143324908
140793
0.960143324908
140813
0.960140931373
140833
0.960142367494
140853
1.0
140873
0.960364966299
140893
0.960371189491
140913
0.96036975337
140933
0.96036975337
140953
0.96036975337
140973
0.960371189491
140993
0.960371189491
141013
1.0
141033
0.954373946844
141053
0.954373946844
141073
0.954373946844
141093
0.954373946844
141113
0.954373946844
141133
0.954373946844
141153
1.0
141173
0.974905215993
141193
0.974905215993
141213
0.974905215993
141233
0.974905215993
141253
0.974905215993
141273
0.974905215993
141293
1.0
141313
0.953289196538
141333
0.953297813266
141353
0.953306429994
141373
0.953297813266
141393
0.953304515165
141413
0.953297813266
141433
1.0
141453
0.943215762868
141473
0.943237783395
141493
0.943237783395
141513
0.943237783395
141533
0.943239219516
141553
0.943237783395
141573
1.0
141593
0.938942823223
141613
0.938962928922
141633
0.938962928922
141653
0.938962928922
141673
0.938962928922
141693
0.938962928922
141713
0.99999664905
141733
0.943558517157
141753
0.943570963542
141773
0.94357622932
141793
0.94357622932
141813
0.94357622932
141833
0.94357622932
141853
0.94357622932
141873
1.0
141893
0.966258329504
141913
0.966261680453
141933
0.966261680453
141953
0.966261680453
141973
0.966261680453
141993
0.966261680453
142013
1.0
142033
0.963361672794
142053
0.963361672794
142073
0.963361672794
142093
0.963361672794
142113
0.963361672794
142133
0.963361672794
142153
1.0
142173
0.967674345129
142193
0.967700195312
142213
0.967700195312
142233
0.967700195312
142253
0.96770067402
142273
0.96770067402
142293
1.0
142313
0.940574735754
142333
0.940597234988
142353
0.940597234988
142373
0.940597234988
142393
0.940603936887
142413
0.940597234988
142433
1.0
142453
0.975719018076
142473
0.975751091452
142493
0.975751091452
142513
0.975751091452
142533
0.975751091452
142553
0.975751091452
142573
0.975750612745
142593
1.0
142613
0.956172928156
142633
0.956168619792
142653
0.956168619792
142673
0.956168619792
142693
0.956166704963
142713
0.956166704963
142733
1.0
142753
0.971451822917
142773
0.971449908088
142793
0.971449908088
142813
0.971449908088
142833
0.971449908088
142853
0.971449908088
142873
1.0
142893
0.950581629136
142913
0.950576842065
142933
0.950576842065
142953
0.9505792356
142973
0.950573969822
142993
0.950576363358
143013
1.0
143033
0.969615502451
143053
0.969621246936
143073
0.969621246936
143093
0.969621246936
143113
0.96962220435
143133
0.96962220435
143153
0.999996170343
143173
0.938748468137
143193
0.938801604626
143213
0.938801125919
143233
0.938801125919
143253
0.938801125919
143273
0.938805434283
143293
0.938805434283
143313
1.0
143333
0.917665728401
143353
0.917665249694
143373
0.917665249694
143393
0.917665249694
143413
0.917665249694
143433
0.917665249694
143453
1.0
143473
0.944529335172
143493
0.944522633272
143513
0.944522633272
143533
0.944522633272
143553
0.944522633272
143573
0.944521675858
143593
1.0
143613
0.943137254902
143633
0.943150658701
143653
0.943151616115
143673
0.943151616115
143693
0.943151616115
143713
0.943151616115
143733
1.0
143753
0.950780771293
143773
0.950785558364
143793
0.950786515778
143813
0.950789388021
143833
0.950789388021
143853
0.950789388021
143873
1.0
143893
0.960197897518
143913
0.960215609681
143933
0.960215609681
143953
0.960215609681
143973
0.960215609681
143993
0.960215609681
144013
0.960215609681
144033
1.0
144053
0.932796702665
144073
0.932796702665
144093
0.932796702665
144113
0.932796702665
144133
0.932796702665
144153
0.932796702665
144173
1.0
144193
0.921311083027
144213
0.92130725337
144233
0.921308689491
144253
0.921308689491
144273
0.921308689491
144293
0.921308689491
144313
1.0
144333
0.964556525735
144353
0.964570408241
144373
0.964578546262
144393
0.964578546262
144413
0.964578546262
144433
0.964578546262
144453
1.0
144473
0.95067689185
144493
0.950673540901
144513
0.950673540901
144533
0.950673540901
144553
0.950673540901
144573
0.950673540901
144593
0.99999664905
144613
0.945811312806
144633
0.945859183517
144653
0.9459051394
144673
0.945904660692
144693
0.945904660692
144713
0.945904660692
144733
0.945902267157
144753
1.0
144773
0.928656843597
144793
0.928656843597
144813
0.928655886183
144833
0.928655886183
144853
0.928655886183
144873
0.928655886183
144893
1.0
144913
0.970167930453
144933
0.970176068474
144953
0.970173674939
144973
0.970173674939
144993
0.970173674939
145013
0.970173674939
