113973
0.162105185543
113993
0.126349005255
114013
0.126137856607
114033
0.1244503432
114053
0.150817111755
114073
0.219013097919
114093
0.289741192085
114113
0.459853268447
114133
0.635884210103
114153
0.988190757722
114173
0.975004021879
114193
0.974052177177
114213
0.979371112184
114233
0.979580585049
114253
0.980832394895
114273
0.998947608323
114293
0.999284440691
114313
0.951812861969
114333
0.927669857357
114353
0.4449002574
114373
0.452615561991
114393
0.435608041077
114413
0.298780365187
114433
0.322859690047
114453
0.29377647737
114473
0.225270471364
114493
0.236142950987
114513
0.234304617117
114533
0.242693586444
114553
0.210015819391
114573
0.210887226512
114593
0.184419910982
114613
0.164851793758
114633
0.179967355749
114653
0.17727604837
114673
0.173622841592
114693
0.17738497426
114713
0.280614878271
114733
0.410977383634
114753
0.269899922244
114773
0.269137441012
114793
0.28955518018
114813
0.342972436722
114833
0.242222691441
114853
0.200437044187
114873
0.187022401866
114893
0.272442084942
114913
0.186459338803
114933
0.181654869155
114953
0.153268782175
114973
0.413536304161
114993
0.452662483912
115013
0.443452380952
115033
0.414323922136
115053
0.361395994208
115073
0.362597530566
115093
0.398871527778
115113
0.375822809417
115133
0.355787148756
115153
0.378282858752
115173
0.348507547726
115193
0.327350788288
115213
0.227403743029
115233
0.299376943908
115253
0.333083641677
115273
0.334668932325
115293
0.356013379451
115313
0.348809188653
115333
0.129566508473
115353
0.137781196375
115373
0.13304710961
115393
0.409490964178
115413
0.326648635242
115433
0.252208681896
115453
0.221719487344
115473
0.122563411626
115493
0.124090049871
115513
0.123168369262
115533
0.241932780995
115553
0.26600875429
115573
0.199498605749
115593
0.299784159159
115613
0.305468414843
115633
0.308206644144
115653
0.166034896504
115673
0.195880590412
115693
0.161143286143
115713
0.290651142214
115733
0.290485239704
115753
0.294493712462
115773
0.292677163771
115793
0.302487197018
115813
0.279244087838
115833
0.291271181896
115853
0.276125455813
115873
0.249886046761
115893
0.253629745817
115913
0.279944565101
115933
0.275361298799
115953
0.151894640176
115973
0.179816535285
115993
0.289044066388
116013
0.301156625375
116033
0.303650190369
116053
0.288041948198
116073
0.26802472115
116093
0.303336818962
116113
0.307636877949
116133
0.1359629719
116153
0.130476458601
116173
0.172104582261
116193
0.133613524239
116213
0.145513258795
116233
0.27443961819
116253
0.279684818747
116273
0.278144774239
116293
0.265237894144
116313
0.305721458065
116333
0.269946844166
116353
0.294262454419
116373
0.283022978335
116393
0.297138097919
116413
0.310438787001
116433
0.309939403689
116453
0.274340746997
116473
0.286121500965
116493
0.322077099421
116513
0.0689819283569
116533
0.0811028662591
116553
0.0880456349206
116573
0.0842617170742
116593
0.159465827435
116613
0.14340847544
116633
0.14921673906
116653
0.157590626341
116673
0.158974823037
116693
0.159564698627
116713
0.139818948413
116733
0.2390370281
116753
0.297117988524
116773
0.159202729515
116793
0.200058317246
116813
0.21362378003
116833
0.239348723724
116853
0.22859019734
116873
0.232518232518
116893
0.219708547834
116913
0.300223214286
116933
0.27550541613
116953
0.32199666184
116973
0.307941870442
116993
0.2738497426
117013
0.291001380845
117033
0.304704257829
117053
0.275071388353
117073
0.324761703668
117093
0.31214473402
117113
0.302527415809
117133
0.316915688009
117153
0.250144117332
117173
0.26387213106
117193
0.245301104676
117213
0.291710237023
117233
0.309232223295
117253
0.220437513406
117273
0.267211966431
117293
0.259124638031
117313
0.242742184148
117333
0.22786290755
117353
0.343099796225
117373
0.378931386744
117393
0.344785633848
117413
0.26170701952
117433
0.24654621139
117453
0.357114368833
117473
0.355837422244
117493
0.365101150257
117513
0.0989700638138
117533
0.29025398166
117553
0.249498940905
117573
0.39607799764
117593
0.332359703453
117613
0.317220680502
117633
0.268825745388
117653
0.267397978335
117673
0.271569002038
117693
0.310008110789
117713
0.299427217396
117733
0.346027388996
117753
0.288956925676
117773
0.24995978121
117793
0.211379906692
117813
0.234368296868
117833
0.251116071429
117853
0.257321495603
117873
0.265950101888
117893
0.260483697984
117913
0.253366647898
117933
0.262558317246
117953
0.269604984449
117973
0.268639733483
117993
0.258645364114
118013
0.271067942943
118033
0.276350010725
118053
0.253981660232
118073
0.26716001716
118093
0.253983336015
118113
0.238794039575
118133
0.252708065208
118153
0.242876246782
118173
0.255313907658
118193
0.255302177177
118213
0.278396141677
118233
0.237384706135
118253
0.228151142214
118273
0.226301077864
118293
0.234656531532
118313
0.391116004397
118333
0.374229139854
118353
0.399127922565
118373
0.379864797834
118393
0.290438317782
118413
0.289647348241
118433
0.252104783355
118453
0.23971907175
118473
0.249374932969
118493
0.260153568747
118513
0.379279949592
118533
0.379784360253
118553
0.379522938117
118573
0.2701496139
118593
0.156417578293
118613
0.151804147898
118633
0.152816320785
118653
0.135336229086
118673
0.245389921171
118693
0.232794736701
118713
0.232374115187
118733
0.253767160017
118753
0.246933317246
118773
0.250831188331
118793
0.26119758151
118813
0.265122265122
118833
0.377929268554
118853
0.38027536465
118873
0.380132923102
118893
0.381062982625
118913
0.373180099743
118933
0.259501689189
118953
0.250646852209
118973
0.253195718039
118993
0.263464915809
119013
0.302604501823
119033
0.430946012977
119053
0.337433974153
119073
0.36558377574
119093
0.334915272415
119113
0.355867586336
119133
0.364110762548
119153
0.285027214715
119173
0.353015403797
119193
0.390011663449
119213
0.352345090626
119233
0.353141087516
119253
0.0745673128486
119273
0.363370066495
119293
0.367412054912
119313
0.416884518447
119333
0.409873042686
119353
0.238618082368
119373
0.200202434577
119393
0.197023474367
119413
0.158358134921
119433
0.16678899882
119453
0.181452099421
119473
0.432147549335
119493
0.392387923638
119513
0.22968951094
119533
0.273650324432
119553
0.378676667739
119573
0.427565958816
119593
0.387027094058
119613
0.123275619369
119633
0.282121407121
119653
0.130272013085
119673
0.16779111701
119693
0.296626984127
119713
0.34487277456
119733
0.310629826255
119753
0.36499390015
119773
0.320087945088
119793
0.20368638728
119813
0.228043892106
119833
0.190079029923
119853
0.162554295367
119873
0.184024426212
119893
0.196827407765
119913
0.185648259867
119933
0.124160432754
119953
0.130179845024
119973
0.176756555663
119993
0.132422042578
120013
0.182727370227
120033
0.190358885671
120053
0.24610548048
120073
0.246323332261
120093
0.253725265444
120113
0.261140604891
120133
0.131254021879
120153
0.356650176963
120173
0.411292430824
120193
0.557419026169
120213
0.330368873338
120233
0.325550997426
120253
0.27269847973
120273
0.33481472544
120293
0.327211698305
120313
0.353638795045
120333
0.365791572823
120353
0.390154104998
120373
0.346114529708
120393
0.358027670528
120413
0.571860923423
120433
0.572015095453
120453
0.570964379558
120473
0.573407671064
120493
0.582800434363
120513
0.597074753325
120533
0.607650619369
120553
0.611280365187
120573
0.602504290004
120593
0.606596551909
120613
0.855974836444
120633
0.844775579151
120653
0.841068747319
120673
0.837851244101
120693
0.835865441334
120713
0.833303169241
120733
0.814210974367
120753
0.855225761476
120773
0.831918972544
120793
0.810236017267
120813
0.797991071429
120833
0.77372405888
120853
0.788246393715
120873
0.774778126341
120893
0.749755335693
120913
0.765827769734
120933
0.760642897362
120953
0.735382145538
120973
0.7074434926
120993
0.734188988095
121013
0.738266167954
121033
0.716243028743
121053
0.706590519091
121073
0.701720693908
121093
0.690519760832
121113
0.690204713642
121133
0.679127788503
121153
0.668706094487
121173
0.66374745281
121193
0.652301855427
121213
0.652861566924
121233
0.652881676319
121253
0.647480627949
121273
0.654627842128
121293
0.664587020056
121313
0.687632386851
121333
0.679385859073
121353
0.687833480802
121373
0.686541452166
121393
0.653282188438
121413
0.677405083655
121433
0.660042296761
121453
0.664044066388
121473
0.670219326469
121493
0.656561695624
121513
0.717957354676
121533
0.732509853604
121553
0.69995777027
121573
0.710205182861
121593
0.691617398649
121613
0.669300997426
121633
0.69402382293
121653
0.725148139211
121673
0.692916130416
121693
0.669156880094
121713
0.682043650794
121733
0.674675233269
121753
0.680406410875
121773
0.664191535285
121793
0.671186253218
121813
0.68199002574
121833
0.673777013621
121853
0.683814953346
121873
0.676282309095
121893
0.688745106714
121913
0.700453802016
121933
0.707113363363
121953
0.709982303732
121973
0.702737894144
121993
0.666460545367
122013
0.683206644144
122033
0.711002855534
122053
0.691392843737
122073
0.665369610682
122093
0.663139143608
122113
0.683012253325
122133
0.672282215251
122153
0.641209848241
122173
0.620227370227
122193
0.617001488095
122213
0.607360708923
122233
0.597505429537
122253
0.595150954526
122273
0.588094232625
122293
0.608150002681
122313
0.613847664629
122333
0.609018058237
122353
0.615803303303
122373
0.626593669562
122393
0.626905365187
122413
0.615739623552
122433
0.623454928142
122453
0.619731338481
122473
0.613276222651
122493
0.618549911519
122513
0.620632909695
122533
0.604937526813
122553
0.626499825719
122573
0.614779399936
122593
0.626417712355
122613
0.628579472329
122633
0.636224394037
122653
0.624386663449
122673
0.647696803947
122693
0.665295876233
122713
0.671489569927
122733
0.699455035393
122753
0.709166197447
122773
0.722998109717
122793
0.739687231875
122813
0.749726847383
122833
0.775738349957
122853
0.796417511261
122873
0.808870254183
122893
0.992933223402
122913
0.0819256756757
122933
0.0776574565637
122953
0.0765681976619
122973
0.0775636127199
122993
0.0777496246246
123013
0.0809570731446
123033
0.978196388353
123053
0.983270659052
123073
0.983357799764
123093
0.983739878271
123113
0.997895216645
123133
0.997754450879
123153
0.99435261154
123173
0.997355614543
123193
0.997511462355
123213
0.997183008902
123233
0.998103013728
123253
0.995523983805
123273
0.992978469541
123293
0.997511462355
123313
0.997059000965
123333
0.994223576255
123353
0.996862934363
123373
0.996204351673
123393
0.996733899078
123413
0.997620388245
123433
0.996727195946
123453
0.993109180609
123473
0.996618270056
123493
0.997288583226
123513
0.997779587623
123533
0.997563411626
123553
1.0
