134471
0.475280992798
134491
0.478575585134
134511
0.478302469136
134531
0.475401716821
134551
0.474452481996
134571
0.474062178498
134591
0.471090374228
134611
0.464291087963
134631
0.462584876543
134651
0.457123038837
134671
0.453632651749
134691
0.450677083333
134711
0.446936246142
134731
0.447874549897
134751
0.445378247171
134771
0.404906603652
134791
0.382941743827
134811
0.404741190844
134831
0.369700681584
134851
0.331693994342
134871
0.295189203961
134891
0.309743923611
134911
0.320065907922
134931
0.302111947016
134951
0.285544785237
134971
0.268138503086
134991
0.270058674126
135011
0.270583043981
135031
0.270790734311
135051
0.269534625772
135071
0.270167984825
135091
0.268851755401
135111
0.266976755401
135131
0.266059992284
135151
0.269958686986
135171
0.26897810571
135191
0.266513470936
135211
0.243050250772
135231
0.214726884002
135251
0.227308706276
135271
0.215160751029
135291
0.204278549383
135311
0.20634998714
135331
0.183777649177
135351
0.19254211677
135371
0.334736046811
135391
0.281814396862
135411
0.333302469136
135431
0.23130465535
135451
0.249274691358
135471
0.307763470936
135491
0.273220807613
135511
0.269563560957
135531
0.208251671811
135551
0.247675861626
135571
0.193301183128
135591
0.192667824074
135611
0.194872524434
135631
0.152750128601
135651
0.31829218107
135671
0.285419238683
135691
0.336848315329
135711
0.307521540638
135731
0.266810699588
135751
0.2081719393
135771
0.185510706019
135791
0.208098797582
135811
0.173210841049
135831
0.141201131687
135851
0.126633069702
135871
0.116426986883
135891
0.106916473765
135911
0.112653999486
135931
0.112205825617
135951
0.104056712963
135971
0.104817386831
135991
0.108066968879
136011
0.113473829733
136031
0.128509034208
136051
0.12446711034
136071
0.122429269547
136091
0.118282536008
136111
0.112721354167
136131
0.107244245113
136151
0.104741994599
136171
0.104514853395
136191
0.101911811986
136211
0.101044077932
136231
0.101022055041
136251
0.105954861111
136271
0.105174414866
136291
0.105760513117
136311
0.102721354167
136331
0.10251720036
136351
0.103089474023
136371
0.101161908436
136391
0.10033275463
136411
0.100233410494
136431
0.101126382459
136451
0.100693962191
136471
0.10479841821
136491
0.105372620885
136511
0.104415187757
136531
0.11028903035
136551
0.113380594136
136571
0.116002121914
136591
0.112621527778
136611
0.112512377829
136631
0.113057323817
136651
0.110359278549
136671
0.108088027263
136691
0.105254951132
136711
0.109854520319
136731
0.108370788323
136751
0.108492316101
136771
0.10931568287
136791
0.113197498714
136811
0.115942322531
136831
0.115300925926
136851
0.116103555813
136871
0.112508841307
136891
0.108133359053
136911
0.106340502829
136931
0.104862075617
136951
0.105199331276
136971
0.106091017233
136991
0.107772472994
137011
0.108216145833
137031
0.114549575617
137051
0.11490467464
137071
0.115382908951
137091
0.120513438786
137111
0.120891364455
137131
0.120474215535
137151
0.123155703447
137171
0.118598572531
137191
0.119573206019
137211
0.126933674126
137231
0.128269032922
137251
0.115821116255
137271
0.110045814043
137291
0.111023019547
137311
0.120777874228
137331
0.127621527778
137351
0.121172678755
137371
0.111730645576
137391
0.111776298868
137411
0.122859760802
137431
0.119980066872
137451
0.118801118827
137471
0.123696630658
137491
0.136661683385
137511
0.127347447274
137531
0.118563528807
137551
0.112478780864
137571
0.118206340021
137591
0.127566872428
137611
0.124417277521
137631
0.131161747685
137651
0.128313882459
137671
0.123716242284
137691
0.127175925926
137711
0.148154899691
137731
0.136154996142
137751
0.124090952932
137771
0.145024434156
137791
0.11325311857
137811
0.106859085648
137831
0.099949524177
137851
0.0997468171296
137871
0.0970532728909
137891
0.103613040123
137911
0.113456950874
137931
0.126118987912
137951
0.136788676698
137971
0.138680394805
137991
0.152512377829
138011
0.144121495628
138031
0.121262377829
138051
0.10998440715
138071
0.110796682099
138091
0.10729536394
138111
0.106166891718
138131
0.109368409208
138151
0.105695087449
138171
0.107435056584
138191
0.108839538323
138211
0.115442547582
138231
0.11612654321
138251
0.115479359568
138271
0.109455054012
138291
0.108994180813
138311
0.105513438786
138331
0.105561664095
138351
0.11001398534
138371
0.117388760288
138391
0.109923161008
138411
0.109342367541
138431
0.116761027521
138451
0.111220582562
138471
0.118892586163
138491
0.121110146605
138511
0.136518132716
138531
0.144376125257
138551
0.154077289095
138571
0.224175990226
138591
0.322119502315
138611
0.359336580504
138631
0.330047421553
138651
0.32151411394
138671
0.315852301955
138691
0.320971096965
138711
0.330718878601
138731
0.330945055298
138751
0.32552662037
138771
0.328564975566
138791
0.326655735597
138811
0.331811664095
138831
0.330872395833
138851
0.343114390432
138871
0.301166248714
138891
0.311481963735
138911
0.30125466178
138931
0.290042438272
138951
0.293758037551
138971
0.294809992284
138991
0.297667824074
139011
0.296423611111
139031
0.295402842078
139051
0.288306809414
139071
0.296915509259
139091
0.293643582819
139111
0.295910011574
139131
0.298628311471
139151
0.295625160751
139171
0.301425540123
139191
0.310714377572
139211
0.293913323045
139231
0.290783822016
139251
0.304927019033
139271
0.303429944702
139291
0.295048868313
139311
0.298555169753
139331
0.29987188143
139351
0.309579796811
139371
0.306696727109
139391
0.273600340792
139411
0.285140014146
139431
0.37918901106
139451
0.791090052726
139471
0.893508391204
139491
0.892668145576
139511
0.890765817901
139531
0.889112332819
139551
0.880796521348
139571
0.877428465792
139591
0.889999839249
139611
0.903656442901
139631
0.904713380916
139651
0.904872845936
139671
0.904794560185
139691
0.904929430298
139711
0.904822691615
139731
0.904696019805
139751
0.904851466049
139771
0.625439493313
139791
0.543792759774
139811
0.543374646348
139831
0.544062660751
139851
0.545572916667
139871
0.546838509516
139891
0.537925507973
139911
0.901365258488
139931
0.443398276749
139951
0.455053851595
139971
0.454584780093
139991
0.455461837706
140011
0.455425990226
140031
0.455231481481
140051
0.647209844393
140071
0.731768904321
140091
0.443157632459
140111
0.443372878086
140131
0.443817836934
140151
0.445223765432
140171
0.448079346708
140191
0.441252572016
140211
0.902284915123
140231
0.717122717335
140251
0.710389821245
140271
0.709697627315
140291
0.709703253601
140311
0.708224665638
140331
0.708786811986
140351
0.903561921296
140371
0.466567322531
140391
0.465682066615
140411
0.464975244342
140431
0.466572788066
140451
0.466272344393
140471
0.465808256173
140491
0.573456147119
140511
0.75460632073
140531
0.492878729424
140551
0.492786779835
140571
0.496709104938
140591
0.50269065072
140611
0.508388149434
140631
0.503007008745
140651
0.903525430813
140671
0.322441325874
140691
0.3392266268
140711
0.33901411394
140731
0.339497492284
140751
0.339631880144
140771
0.338986947016
140791
0.594395576132
140811
0.69407182356
140831
0.480529031636
140851
0.48068431713
140871
0.481350630144
140891
0.482211451903
140911
0.48290943287
140931
0.463936631944
140951
0.90345775463
140971
0.437369630916
140991
0.440182291667
141011
0.442582626029
141031
0.443813818158
141051
0.456534529321
141071
0.452557388117
141091
0.899723829733
141111
0.654567418981
141131
0.636158050412
141151
0.635886059671
141171
0.635920621142
141191
0.635905510545
141211
0.636413001543
141231
0.693060056584
141251
0.891174447016
141271
0.88876398534
141291
0.888451003086
141311
0.889717560442
141331
0.88983748071
141351
0.889445730453
141371
0.892088638117
141391
0.889445408951
141411
0.875972382973
141431
0.874692804784
141451
0.875097575874
141471
0.87667341821
141491
0.877314171811
141511
0.874715470679
141531
0.876191165123
141551
0.876493377058
141571
0.877204378858
141591
0.876639338992
141611
0.877994309414
141631
0.878814461163
141651
0.878411297582
141671
0.888856095679
141691
0.87948591821
141711
0.876945891204
141731
0.875686406893
141751
0.875054816101
141771
0.875250289352
141791
0.875372138632
141811
0.874919463735
141831
0.875131655093
141851
0.877485532407
141871
0.877577642747
141891
0.875522280093
141911
0.876515882202
141931
0.876627604167
141951
0.876649144805
141971
0.885973186728
141991
0.884277906379
142011
0.8842266268
142031
0.883106674383
142051
0.883094618056
142071
0.881416538066
142091
0.881546424897
142111
0.88204845036
142131
0.882509966564
142151
0.883087705761
142171
0.882902038323
142191
0.882936760545
142211
0.886741094393
142231
0.871422968107
142251
0.860111239712
142271
0.858875868056
142291
0.860578221451
142311
0.859218589249
142331
0.860219907407
142351
0.861741737397
142371
0.86089682999
142391
0.86014226466
142411
0.860213959619
142431
0.861706050669
142451
0.860698623971
142471
0.860069122942
142491
0.865311696245
142511
0.869980549126
142531
0.873858989198
142551
0.882963123714
142571
0.919396219136
142591
0.961600115741
142611
0.964407150206
142631
0.999997427984
142651
0.979859182099
142671
0.979430619856
142691
0.978755465535
142711
0.978845968364
142731
0.978991126543
142751
0.979515335648
142771
0.980829153807
142791
1.0
142811
0.976453510802
142831
0.973721064815
142851
0.972025302212
142871
0.973185763889
142891
0.973286876286
142911
0.973404867541
142931
0.973511284722
142951
0.97358442644
142971
0.973823302469
142991
0.973764306842
143011
0.973840342078
143031
0.977010513117
143051
0.999995498971
143071
0.999997427984
143091
0.999998713992
143111
0.999999356996
143131
0.999999356996
143151
0.999998713992
143171
0.999998713992
143191
0.999998070988
143211
0.999998713992
143231
0.999998070988
143251
0.999997427984
143271
0.999992283951
143291
0.999972350823
143311
0.999991640947
143331
0.999989711934
143351
0.999996141975
143371
0.999987782922
143391
0.999981352881
143411
0.999796167695
143431
0.999924768519
143451
0.999858539095
143471
0.999983281893
143491
0.999983281893
143511
0.999996141975
143531
0.999988425926
143551
0.999981352881
143571
0.99994534465
143591
0.999714506173
143611
0.999881687243
143631
0.999864969136
143651
0.999979423868
143671
0.999965277778
143691
0.999987782922
143711
0.999972993827
143731
0.999935056584
143751
0.999953703704
143771
0.999855324074
143791
0.999889403292
143811
0.99990933642
143831
0.999974279835
143851
0.999977494856
143871
0.999993569959
143891
0.999992926955
143911
0.999997427984
143931
0.999965920782
143951
0.999957561728
143971
0.999953703704
143991
0.9999530607
144011
0.999990997942
144031
0.999987139918
144051
0.999995498971
