155037
0.179681629093
155057
0.193319746377
155077
0.196528616479
155097
0.188888050188
155117
0.194203737252
155137
0.0566987050456
155157
0.0568899288782
155177
0.0584079777241
155197
0.0549734970478
155217
0.0916574409554
155237
0.0927309782609
155257
0.101852690553
155277
0.159030293881
155297
0.159499127751
155317
0.174993290392
155337
0.226502113527
155357
0.0461772007515
155377
0.0495580045625
155397
0.0524565552872
155417
0.0583031400966
155437
0.0660846081589
155457
0.0436443236715
155477
0.0439043209877
155497
0.253394223027
155517
0.0503287707998
155537
0.117626140633
155557
0.194259091519
155577
0.138447732152
155597
0.133082561728
155617
0.157568438003
155637
0.0497718733226
155657
0.133360171766
155677
0.227323201825
155697
0.392545625335
155717
0.041174349168
155737
0.139985909823
155757
0.109562030327
155777
0.110229636339
155797
0.100244061997
155817
0.0631499932904
155837
0.726978495706
155857
0.722480542136
155877
0.727210815888
155897
0.110299248524
155917
0.0879268988191
155937
0.0916322799249
155957
0.0853260869565
155977
0.085177636876
155997
0.153386674718
156017
0.148139761138
156037
0.148351952496
156057
0.144347155126
156077
0.0909596417069
156097
0.097256608964
156117
0.105001174181
156137
0.110854468599
156157
0.175218900966
156177
0.327030495169
156197
0.444658313205
156217
0.399373490338
156237
0.400634057971
156257
1.0
156277
1.0
156297
1.0
156317
1.0
156337
1.0
156357
1.0
156377
1.0
156397
1.0
156417
0.446494229737
156437
0.227232622115
156457
0.146276167472
156477
0.181423611111
156497
0.158731716318
156517
0.164612687869
156537
0.133096819646
156557
0.105168914385
156577
0.0903691961889
156597
0.0730785359635
156617
0.0817850912507
156637
0.109263452764
156657
0.0988233024691
156677
0.0842198403113
156697
0.0801034957059
156717
0.224159621578
156737
0.208940552872
156757
0.229471115137
156777
0.506954508857
156797
0.40916951825
156817
0.219263285024
156837
0.285821759259
156857
0.235972725443
156877
0.247518283682
156897
0.272772410091
156917
0.273086084273
156937
0.277415458937
156957
0.287591418411
156977
0.0792127952228
156997
0.0869472960279
157017
0.0869347155126
157037
0.442114533011
157057
0.466545055019
157077
0.103596349973
157097
0.106918444713
157117
0.103962023618
157137
0.10287003489
157157
0.105318203167
157177
0.105111882716
157197
0.116884728932
157217
0.113820954106
157237
0.134497450349
157257
0.14647997182
157277
0.163924953033
157297
0.170013083736
157317
0.124940452228
157337
0.131684447128
157357
1.0
157377
1.0
157397
1.0
157417
1.0
157437
1.0
157457
1.0
157477
0.994879730274
157497
0.992486916264
157517
0.992114533011
157537
0.992270531401
157557
0.992270531401
157577
0.992270531401
157597
0.991807568438
157617
0.991724537037
157637
0.993128522544
157657
1.0
157677
1.0
157697
0.991435185185
157717
0.989699074074
157737
0.990056360709
157757
0.990056360709
157777
0.990056360709
157797
0.990056360709
157817
0.990056360709
157837
0.990126811594
157857
0.992056662641
157877
1.0
157897
1.0
157917
0.994230575684
157937
0.992854267311
157957
0.992303240741
157977
0.992383756039
157997
0.993161231884
158017
0.993161231884
158037
0.993163747987
158057
0.993631743156
158077
0.995194243156
158097
1.0
158117
1.0
158137
0.992977556361
158157
0.991148349436
158177
0.991457830113
158197
0.991457830113
158217
0.991457830113
158237
0.991774859098
158257
0.991779891304
158277
0.992580012077
158297
0.994202898551
158317
1.0
158337
1.0
158357
0.9851147343
158377
0.983615136876
158397
0.984415257649
158417
0.984417773752
158437
0.984417773752
158457
0.984417773752
158477
0.984417773752
158497
0.988081219807
158517
0.998306662641
158537
1.0
158557
0.983101851852
158577
0.980386976651
158597
0.98076439211
158617
0.980837359098
158637
0.980837359098
158657
0.980844907407
158677
0.980834842995
158697
0.980107689211
158717
0.985494665862
158737
1.0
158757
1.0
158777
0.995375402576
158797
0.993883353462
158817
0.993088264895
158837
0.993151167472
158857
0.993151167472
158877
0.993151167472
158897
0.993151167472
158917
0.993518518519
158937
0.995231984702
158957
1.0
158977
1.0
158997
0.993817934783
159017
0.992429045894
159037
0.99179247182
159057
0.991878019324
159077
0.991878019324
159097
0.991878019324
159117
0.991878019324
159137
0.993468196457
159157
0.995692431562
159177
1.0
159197
1.0
159217
0.992496980676
159237
0.992421497585
159257
0.992562399356
159277
0.992562399356
159297
0.992562399356
159317
0.992562399356
159337
0.992562399356
159357
0.993206521739
159377
0.99647242351
159397
1.0
159417
0.996449778583
159437
0.993201489533
159457
0.992675623994
159477
0.992902073269
159497
0.993629227053
159517
0.993629227053
159537
0.993629227053
159557
0.993629227053
159577
0.994484702093
159597
0.997207125604
159617
1.0
159637
0.996344102254
159657
0.993438003221
159677
0.992645430757
159697
0.992720913849
159717
0.992723429952
159737
0.993490841385
159757
0.993427938808
159777
0.993224134461
159797
0.993916062802
159817
1.0
159837
1.0
159857
0.994741344605
159877
0.993274456522
159897
0.99240136876
159917
0.992484400161
159937
0.992484400161
159957
0.992484400161
159977
0.992484400161
159997
0.993709742351
160017
0.994751409018
160037
1.0
160057
1.0
160077
1.0
160097
1.0
160117
0.996047202093
160137
0.993284520934
160157
0.992298208535
160177
0.992378723833
160197
0.992378723833
160217
0.992378723833
160237
0.993080716586
160257
0.993080716586
160277
0.993080716586
160297
0.99362671095
160317
0.996676227858
160337
1.0
160357
1.0
160377
1.0
160397
1.0
160417
1.0
160437
1.0
160457
0.999363425926
160477
0.99938355475
160497
0.995171598229
160517
0.9879931562
160537
0.982221215781
160557
0.976205213366
160577
0.969386574074
160597
0.963010768921
160617
0.957193538647
160637
0.948663949275
160657
0.941540861514
160677
0.938664955717
160697
0.934709641707
160717
0.930817230274
160737
0.925928442029
160757
0.909951187601
160777
0.90257397343
160797
0.893370068438
160817
0.90882397343
160837
0.912947027644
160857
0.91678492351
160877
0.919178576221
160897
0.923580917874
160917
0.9259049584
160937
0.931032776436
160957
0.932291666667
160977
0.930553039452
160997
0.928897443639
161017
0.929735305958
161037
0.933517008857
161057
0.933018820451
161077
0.939480173108
161097
0.938994565217
161117
0.939278884863
161137
0.93857689211
161157
0.939963264895
161177
0.940063909018
161197
0.940091586151
161217
0.939198369565
161237
0.9398022343
161257
0.937847222222
161277
0.940373389694
161297
0.944919987923
161317
0.94467089372
161337
0.943317230274
161357
0.942161500268
161377
0.939579978529
161397
0.943070652174
161417
0.938303475577
161437
0.937973866076
161457
0.939681461353
161477
0.938551731079
161497
0.939673913043
161517
0.937540257649
161537
0.935837694579
161557
0.937599805421
161577
0.93875805153
161597
0.938247282609
161617
0.935235507246
161637
0.935343699678
161657
0.932419987923
161677
0.935547504026
161697
0.936468397746
161717
0.934644223027
161737
0.938521537842
161757
0.939389593398
161777
0.938987016908
161797
0.939568236715
161817
0.941276670692
161837
0.940111714976
161857
0.941754730274
161877
0.937618256844
161897
0.937248389694
161917
0.930860004026
161937
0.931876509662
161957
0.929435889694
161977
0.932890499195
161997
0.93229418277
162017
0.934686996779
162037
0.932628824477
162057
0.934651771337
162077
0.930860004026
162097
0.926567532206
162117
0.932133152174
162137
0.926172504026
162157
0.91926831723
162177
0.92540257649
162197
0.931317934783
162217
0.932447665056
162237
0.936810587762
162257
0.935736211755
162277
0.936146336554
162297
0.938934178744
162317
0.940318035427
162337
0.933504428341
162357
0.935489633655
162377
0.930376912238
162397
0.926557467794
162417
0.930362654321
162437
0.933498557434
162457
0.940184681965
162477
0.937050456253
162497
0.935222926731
162517
0.938710245572
162537
0.938755535427
162557
0.937142713366
162577
0.941598731884
162597
0.938249798712
162617
0.941022544283
162637
0.940979770531
162657
0.943928643317
162677
0.942519625604
162697
0.952875905797
162717
0.950722121578
162737
0.947619766506
162757
0.949724906065
162777
0.943012781804
162797
0.947048611111
162817
0.944882246377
162837
0.944404186795
162857
0.937708836554
162877
0.937336453301
162897
0.936418075684
162917
0.936345108696
162937
0.935965177134
162957
0.931853864734
162977
0.93333081723
162997
0.934762479871
163017
0.923648852657
163037
0.923304146538
163057
0.922186996779
163077
0.91856884058
163097
0.915063909018
163117
0.913456119163
163137
0.919869665862
163157
0.921442230274
163177
0.924632648953
163197
0.929851046699
163217
0.936113627214
163237
0.937520128824
163257
0.931803542673
163277
0.932998691626
163297
0.938886372786
163317
0.944104770531
163337
0.947295189211
163357
0.945966686795
163377
0.95285326087
163397
0.952219202899
163417
0.95511523752
163437
0.953902475845
163457
0.951393921095
163477
0.956433675523
163497
0.954780595813
163517
0.949690519324
163537
0.945335144928
163557
0.947846215781
163577
0.945725140902
163597
0.947234802738
163617
0.942008856683
163637
0.936425623994
163657
0.941739633655
163677
0.938383152174
163697
0.936800523349
163717
0.937955414654
163737
0.939978361514
163757
0.938164251208
163777
0.939598429952
163797
0.943143619163
163817
0.944479669887
163837
0.950045289855
163857
0.950249094203
163877
0.948284017713
163897
0.947833635266
163917
0.94907910628
163937
0.949997483897
163957
0.950256642512
163977
0.947665056361
163997
0.948273953301
164017
0.950067934783
164037
0.949304716855
164057
0.94597842861
164077
0.943874966452
164097
0.943123490338
164117
0.938844437735
164137
0.935768921095
164157
0.931322966989
164177
0.932130636071
164197
0.929848530596
164217
0.922868860709
164237
0.908177334944
164257
0.904337761675
164277
0.902896034622
164297
0.906088969404
164317
0.912975543478
164337
0.911066659957
164357
0.910192733494
164377
0.915631709608
164397
0.911681427805
164417
0.919568572195
164437
0.917134661836
164457
0.917951556629
164477
0.922418478261
164497
0.92632430891
164517
0.937543612453
164537
0.941859567901
164557
0.94534520934
164577
0.953193773484
164597
0.960256474772
164617
0.960092928073
164637
0.960687567096
164657
0.967583366881
164677
0.970850946055
164697
0.976362050456
164717
0.981927670424
164737
0.98224469941
164757
0.990763385668
164777
0.994872181965
164797
0.994940116747
164817
0.99488476248
164837
0.99491747182
164857
1.0
164877
1.0
164897
1.0
164917
1.0
164937
1.0
164957
1.0
164977
1.0
164997
1.0
165017
1.0
