216248
0.995350729772
216268
0.995350729772
216288
0.995350729772
216308
0.999998864462
216328
1.0
216348
0.996730786701
216368
0.996730786701
216388
0.996733814801
216408
0.99672927265
216428
1.0
216448
1.0
216468
0.989885386386
216488
0.9898918211
216508
0.9898918211
216528
0.9898918211
216548
1.0
216568
1.0
216588
0.989739280523
216608
0.989749121851
216628
0.989749121851
216648
0.989749121851
216668
1.0
216688
1.0
216708
0.99416106468
216728
0.994166363857
216748
0.994166363857
216768
0.994166363857
216788
0.994166363857
216808
1.0
216828
1.0
216848
0.994885537791
216868
0.994890079942
216888
0.994890079942
216908
0.994890079942
216928
1.0
216948
1.0
216968
0.990445963542
216988
0.990447099079
217008
0.990447099079
217028
0.990447099079
217048
1.0
217068
1.0
217088
0.994804914608
217108
0.994804914608
217128
0.994804914608
217148
0.994804914608
217168
1.0
217188
1.0
217208
0.995281461967
217228
0.995281461967
217248
0.995281461967
217268
0.995281461967
217288
1.0
217308
1.0
217328
1.0
217348
0.995008175872
217368
0.995008175872
217388
0.995008175872
217408
0.995008175872
217428
1.0
217448
1.0
217468
0.989476592781
217488
0.989476592781
217508
0.989476592781
217528
0.989476592781
217548
1.0
217568
1.0
217588
0.996653191618
217608
0.996650920543
217628
0.996650920543
217648
0.996650920543
217668
1.0
217688
1.0
217708
0.997337920906
217728
0.997337920906
217748
0.997337920906
217768
0.997337920906
217788
1.0
217808
1.0
217828
1.0
217848
0.996970385174
217868
0.996970385174
217888
0.996970385174
217908
0.996970385174
217928
1.0
217948
1.0
217968
0.997067284399
217988
0.997067284399
218008
0.997067284399
218028
0.997067284399
218048
1.0
218068
1.0
218088
0.997317859738
218108
0.997317859738
218128
0.997317859738
218148
0.997317859738
218168
1.0
218188
1.0
218208
0.997094915819
218228
0.997095672844
218248
0.997095672844
218268
0.997095672844
218288
1.0
218308
1.0
218328
0.996796647892
218348
0.99680497517
218368
0.99680497517
218388
0.99680497517
218408
1.0
218428
1.0
218448
1.0
218468
0.996010477229
218488
0.996010477229
218508
0.996010477229
218528
0.996010477229
218548
1.0
218568
1.0
218588
0.99495253452
218608
0.99495253452
218628
0.994954048571
218648
0.994954048571
218668
1.0
218688
1.0
218708
0.995025587452
218728
0.995025587452
218748
0.995024830426
218768
0.995024830426
218788
1.0
218808
1.0
218828
0.992902131783
218848
0.992923328488
218868
0.992923328488
218888
0.992922192951
218908
1.0
218928
1.0
218948
0.995334075218
218968
0.995336346294
218988
0.995336346294
219008
0.995336346294
219028
0.995336346294
219048
1.0
219068
1.0
219088
0.996251968266
219108
0.996251968266
219128
0.996252346778
219148
0.996252346778
219168
1.0
219188
1.0
219208
0.996785671027
219228
0.996785292515
219248
0.996785292515
219268
0.996785292515
219288
1.0
219308
1.0
219328
0.996570675872
219348
0.996570297359
219368
0.996570297359
219388
0.996570297359
219408
1.0
219428
1.0
219448
0.995584650557
219468
0.99558502907
219488
0.995586921633
219508
0.995586921633
219528
0.995754602713
219548
0.996187621124
219568
1.0
219588
1.0
219608
1.0
219628
0.995638020833
219648
0.995609632389
219668
0.995621366279
219688
0.995798131662
219708
0.995657324976
219728
0.995700853924
219748
0.995698204336
219768
0.995601305111
219788
0.995783748183
219808
0.991440694646
219828
0.987326262718
219848
0.985044588784
219868
0.985136567345
219888
0.986545012718
219908
0.989307776163
219928
0.989867974806
219948
0.989629890383
219968
0.989592039123
219988
0.989711270591
220008
0.986215706759
220028
0.983760295543
220048
0.980619398014
220068
0.975690028464
220088
0.979629587573
220108
0.983581259084
220128
0.985830380935
220148
0.986160065407
220168
0.986568859012
220188
0.980306746609
220208
0.973365582607
220228
0.967603485344
220248
0.961071871972
220268
0.957370397287
220288
0.95378815407
220308
0.954553506541
220328
0.950273286095
220348
0.943133781492
220368
0.935877316497
220388
0.927028070494
220408
0.923163835392
220428
0.915609102471
220448
0.907983587694
220468
0.907348822069
220488
0.901986812621
220508
0.901821402616
220528
0.897903797238
220548
0.895554748062
220568
0.889374772892
220588
0.883896560078
220608
0.880775345203
220628
0.883425311894
220648
0.88772597202
220668
0.884225487524
220688
0.884457894259
220708
0.887887596899
220728
0.893295027859
220748
0.893813968629
220768
0.902832409763
220788
0.904924448886
220808
0.907429445252
220828
0.907415440286
220848
0.912267593266
220868
0.919222383721
220888
0.925234299297
220908
0.931907854893
220928
0.938997017321
220948
0.947007479409
220968
0.944587269864
220988
0.943214026163
221008
0.937065089026
221028
0.932432473353
221048
0.927330123547
221068
0.927719613009
221088
0.925886476502
221108
0.927893350291
221128
0.928316148861
221148
0.92853606468
221168
0.927277131783
221188
0.917131101623
221208
0.912033293968
221228
0.904537230499
221248
0.908173222505
221268
0.903520924176
221288
0.905616369913
221308
0.906458181928
221328
0.906466509205
221348
0.908049070373
221368
0.911291409278
221388
0.910437863372
221408
0.907976774467
221428
0.90209014656
221448
0.9005378664
221468
0.905961194889
221488
0.906940406977
221508
0.90812439438
221528
0.909066890746
221548
0.905474049176
221568
0.909965479651
221588
0.912296738735
221608
0.911289516715
221628
0.910924252059
221648
0.907338980741
221668
0.909059320494
221688
0.910220597141
221708
0.915338844477
221728
0.914260840601
221748
0.914670769743
221768
0.910556716328
221788
0.90665084484
221808
0.909270530523
221828
0.915708651284
221848
0.91487440952
221868
0.912408399952
221888
0.916813908067
221908
0.910110828488
221928
0.911231604288
221948
0.910797071827
221968
0.906734117611
221988
0.903301765383
222008
0.90116165516
222028
0.902853606468
222048
0.905214011022
222068
0.907523316376
222088
0.907135719477
222108
0.902626120397
222128
0.89934403767
222148
0.903978924419
222168
0.906549781977
222188
0.90819290516
222208
0.906868111071
222228
0.907764050388
222248
0.912046163396
222268
0.915226047723
222288
0.920402207485
222308
0.916502770712
222328
0.921191027737
222348
0.919736403828
222368
0.919672813711
222388
0.924051447432
222408
0.924468189801
222428
0.920416590964
222448
0.922477213542
222468
0.916040606831
222488
0.922577140867
222508
0.92189543968
222528
0.921455986555
222548
0.918471414729
222568
0.919919225412
222588
0.921574460998
222608
0.915442935441
222628
0.919513081395
222648
0.919122834908
222668
0.915925917515
222688
0.918930550509
222708
0.919055838178
222728
0.921281492248
222748
0.923020757631
222768
0.917006949491
222788
0.917408172844
222808
0.917632630814
222828
0.919186803537
222848
0.916927083333
222868
0.915533778464
222888
0.9084976078
222908
0.903969840116
222928
0.906953654918
222948
0.906581198522
222968
0.90542787064
222988
0.908433260659
223008
0.904135628634
223028
0.908293210998
223048
0.91319229954
223068
0.910957182655
223088
0.910168740916
223108
0.902905462694
223128
0.902474715359
223148
0.904813923207
223168
0.912236933745
223188
0.912834983648
223208
0.908897695615
223228
0.91130919937
223248
0.91314574249
223268
0.909569176962
223288
0.906441527374
223308
0.906819661458
223328
0.907898800872
223348
0.910208484738
223368
0.912807352229
223388
0.9161147953
223408
0.916288911095
223428
0.916863114704
223448
0.913099563953
223468
0.910528706395
223488
0.913233935925
223508
0.908090328246
223528
0.906645167151
223548
0.905596308745
223568
0.907758372699
223588
0.903684441618
223608
0.903872940891
223628
0.901800205911
223648
0.903828654918
223668
0.903490643169
223688
0.905572083939
223708
0.896169831032
223728
0.8988761961
223748
0.896005178052
223768
0.896990067829
223788
0.899614674176
223808
0.900924706274
223828
0.900962179021
223848
0.907253815407
223868
0.907863220688
223888
0.908302673813
223908
0.906202685925
223928
0.897279629966
223948
0.896765231347
223968
0.891338874758
223988
0.891778327883
224008
0.883266336604
224028
0.878280190165
224048
0.884985162306
224068
0.87383834484
224088
0.868255284036
224108
0.867784414365
224128
0.864095809109
224148
0.863304717781
224168
0.860383357558
224188
0.86384674782
224208
0.875436803537
224228
0.872979121245
224248
0.875179414971
224268
0.887864507631
224288
0.90523407219
224308
0.917114068556
224328
0.905506222747
224348
0.900029902495
224368
0.890620079336
224388
0.897756934351
224408
0.904703776042
224428
0.908092220809
224448
0.907200823643
224468
0.898766427447
224488
0.902519001332
224508
0.904799918241
224528
0.892559956395
224548
0.875786927689
224568
0.872684259932
224588
0.86535095688
224608
0.880741657582
224628
0.892526268774
224648
0.907011567345
224668
0.902264640867
224688
0.896012369792
224708
0.891468704578
224728
0.891983860223
224748
0.899559411337
224768
0.905572462452
224788
0.90931670906
224808
0.932460104772
224828
0.945250423934
224848
0.949766457728
224868
0.955519092175
224888
0.958075187742
224908
0.966106089511
224928
0.972625211967
224948
0.958443101986
224968
0.94014693859
224988
0.931802628391
225008
0.943659914002
225028
0.943696251211
225048
0.942697356468
225068
0.942315058745
225088
0.943795800024
225108
0.943563771802
225128
0.942463435683
225148
0.943731452883
225168
0.942337769501
225188
0.943998682776
225208
0.944016094356
225228
0.963889519743
225248
0.983012354651
225268
0.972805762476
225288
0.962242232922
225308
0.96112259266
225328
0.959913623425
225348
0.960961724806
225368
0.961770984738
225388
0.963886870155
225408
0.964803627665
225428
0.968394576672
225448
0.973181246972
225468
0.965727576914
225488
0.959547601744
225508
0.960562772529
225528
0.960556716328
225548
0.960663835392
225568
0.960827731347
225588
0.960864068556
225608
0.967746184593
225628
0.969923767563
225648
0.964083696705
225668
0.963331213663
225688
0.96457992672
225708
0.964617399467
225728
0.964638596172
225748
0.964616642442
225768
0.967628467175
225788
1.0
225808
1.0
225828
1.0
