167439
0.966477864583
167459
0.961779947917
167479
0.957333984375
167499
0.950286458333
167519
0.947224609375
167539
0.939662109375
167559
0.935421223958
167579
0.931649739583
167599
0.928405598958
167619
0.928640625
167639
0.925860677083
167659
0.925377604167
167679
0.926969401042
167699
0.926569661458
167719
0.929444010417
167739
0.929979817708
167759
0.929703776042
167779
0.928746744792
167799
0.930386067708
167819
0.932423828125
167839
0.930108723958
167859
0.931338541667
167879
0.9342734375
167899
0.936775390625
167919
0.937571614583
167939
0.929872395833
167959
0.919660807292
167979
0.907563802083
167999
0.898117838542
168019
0.890716145833
168039
0.888340494792
168059
0.89516796875
168079
0.894850911458
168099
0.894934895833
168119
0.895539713542
168139
0.893143880208
168159
0.888108072917
168179
0.888569010417
168199
0.895357421875
168219
0.90221484375
168239
0.908944661458
168259
0.91880859375
168279
0.928541015625
168299
0.931046223958
168319
0.926902994792
168339
0.92632421875
168359
0.926399739583
168379
0.924042317708
168399
0.9236171875
168419
0.928959635417
168439
0.92900390625
168459
0.928999348958
168479
0.93084375
168499
0.932381510417
168519
0.933674479167
168539
0.932154947917
168559
0.933141276042
168579
0.930818359375
168599
0.927196614583
168619
0.928053385417
168639
0.925685546875
168659
0.925796875
168679
0.924598958333
168699
0.9235859375
168719
0.922610026042
168739
0.919763020833
168759
0.921455729167
168779
0.919475911458
168799
0.920716145833
168819
0.922246744792
168839
0.925108072917
168859
0.927448567708
168879
0.927013020833
168899
0.930581380208
168919
0.930319010417
168939
0.931499348958
168959
0.932912760417
168979
0.931106770833
168999
0.934053385417
169019
0.933044270833
169039
0.933363932292
169059
0.93447265625
169079
0.9351796875
169099
0.933529296875
169119
0.931303385417
169139
0.928111328125
169159
0.927520833333
169179
0.926609375
169199
0.925291015625
169219
0.92234375
169239
0.923790364583
169259
0.923335286458
169279
0.923882161458
169299
0.922171223958
169319
0.923590494792
169339
0.923314453125
169359
0.923001302083
169379
0.924807291667
169399
0.924450520833
169419
0.925737630208
169439
0.926138671875
169459
0.928654296875
169479
0.92981640625
169499
0.929027994792
169519
0.92823828125
169539
0.928745442708
169559
0.93203515625
169579
0.932727213542
169599
0.932754557292
169619
0.931296875
169639
0.929599609375
169659
0.930699869792
169679
0.930837239583
169699
0.932545572917
169719
0.931322265625
169739
0.931965494792
169759
0.93161328125
169779
0.934823567708
169799
0.932009765625
169819
0.928138671875
169839
0.923438151042
169859
0.923720052083
169879
0.921897135417
169899
0.924254557292
169919
0.923077473958
169939
0.924369791667
169959
0.923692708333
169979
0.920774088542
169999
0.920811848958
170019
0.923378255208
170039
0.919367838542
170059
0.921877604167
170079
0.924966145833
170099
0.92804296875
170119
0.925788411458
170139
0.92592578125
170159
0.926832682292
170179
0.929606119792
170199
0.928647786458
170219
0.927287760417
170239
0.926489583333
170259
0.924342447917
170279
0.922944661458
170299
0.926145833333
170319
0.928603515625
170339
0.928998046875
170359
0.928930989583
170379
0.930362630208
170399
0.931692708333
170419
0.927369791667
170439
0.923072916667
170459
0.923103515625
170479
0.922576171875
170499
0.924416666667
170519
0.92812109375
170539
0.926059244792
170559
0.9240546875
170579
0.921593098958
170599
0.919995442708
170619
0.920449869792
170639
0.916373697917
170659
0.915888671875
170679
0.914296223958
170699
0.911428385417
170719
0.911107421875
170739
0.911304036458
170759
0.912638020833
170779
0.910942057292
170799
0.908444010417
170819
0.91180078125
170839
0.910712890625
170859
0.908107421875
170879
0.907596354167
170899
0.911617838542
170919
0.912327473958
170939
0.914640625
170959
0.920389322917
170979
0.920456380208
170999
0.920319010417
171019
0.918588541667
171039
0.921328776042
171059
0.921278645833
171079
0.917466145833
171099
0.922891276042
171119
0.9235234375
171139
0.923450520833
171159
0.922914713542
171179
0.921615234375
171199
0.921671223958
171219
0.9204765625
171239
0.919990885417
171259
0.9200859375
171279
0.918779947917
171299
0.915421223958
171319
0.92319140625
171339
0.929110026042
171359
0.926318359375
171379
0.926727213542
171399
0.925156901042
171419
0.925546223958
171439
0.926097005208
171459
0.926522135417
171479
0.928102864583
171499
0.927163411458
171519
0.926416015625
171539
0.930192708333
171559
0.935344401042
171579
0.930173828125
171599
0.925934895833
171619
0.922410807292
171639
0.920334635417
171659
0.921554036458
171679
0.921488932292
171699
0.918563151042
171719
0.916235677083
171739
0.915849609375
171759
0.9170703125
171779
0.920831380208
171799
0.927018229167
171819
0.928159505208
171839
0.932889973958
171859
0.941849609375
171879
0.949675130208
171899
0.954136067708
171919
0.956170572917
171939
0.96380078125
171959
0.971021484375
171979
0.978630859375
171999
0.986380208333
172019
0.992146484375
172039
0.995068359375
172059
0.992540364583
172079
0.990216796875
172099
0.990186197917
172119
0.99039453125
172139
0.990291015625
172159
0.991957682292
172179
0.9952265625
172199
0.993923177083
172219
0.992222005208
172239
0.992348958333
172259
0.992378255208
172279
0.992150390625
172299
0.992291666667
172319
0.995190104167
172339
0.997018229167
172359
0.992360026042
172379
0.986930338542
172399
0.981999348958
172419
0.975514973958
172439
0.974859375
172459
0.970697265625
172479
0.967430989583
172499
0.964445963542
172519
0.959624348958
172539
0.955891276042
172559
0.951380208333
172579
0.947479817708
172599
0.944849609375
172619
0.946473307292
172639
0.945502604167
172659
0.94633984375
172679
0.947006510417
172699
0.941622395833
172719
0.940110026042
172739
0.9392734375
172759
0.938830729167
172779
0.9380625
172799
0.938108072917
172819
0.940618489583
172839
0.936616536458
172859
0.930647135417
172879
0.925919270833
172899
0.927823567708
172919
0.92371875
172939
0.924874348958
172959
0.923690755208
172979
0.924947916667
172999
0.924815104167
173019
0.924164713542
173039
0.925113932292
173059
0.923746744792
173079
0.922103515625
173099
0.921071614583
173119
0.920801432292
173139
0.921876302083
173159
0.922333984375
173179
0.920822265625
173199
0.921217447917
173219
0.922033203125
173239
0.921669270833
173259
0.921740885417
173279
0.924248046875
173299
0.923432291667
173319
0.923807291667
173339
0.927149088542
173359
0.929352213542
173379
0.927673828125
173399
0.933268229167
173419
0.926157552083
173439
0.932499348958
173459
0.932087890625
173479
0.933504557292
173499
0.931237630208
173519
0.930364583333
173539
0.919391276042
173559
0.913818359375
173579
0.909290364583
173599
0.910771484375
173619
0.902248046875
173639
0.900278645833
173659
0.895481770833
173679
0.899311197917
173699
0.891968098958
173719
0.886325520833
173739
0.880524088542
173759
0.876745442708
173779
0.870748046875
173799
0.87171875
173819
0.872709635417
173839
0.874121744792
173859
0.862611979167
173879
0.859777994792
173899
0.858716145833
173919
0.855911458333
173939
0.852574869792
173959
0.851134765625
173979
0.849313802083
173999
0.848178385417
174019
0.847322265625
174039
0.845278645833
174059
0.848020833333
174079
0.853578125
174099
0.857180989583
174119
0.861416666667
174139
0.863811848958
174159
0.869352213542
174179
0.870910807292
174199
0.872231770833
174219
0.874149088542
174239
0.877701822917
174259
0.884665364583
174279
0.891860677083
174299
0.899725260417
174319
0.904391927083
174339
0.903934895833
174359
0.904836588542
174379
0.905453125
174399
0.91271875
174419
0.916921223958
174439
0.919884765625
174459
0.925964192708
174479
0.927270182292
174499
0.928818359375
174519
0.929362630208
174539
0.929135416667
174559
0.929526692708
174579
0.927095052083
174599
0.929653645833
174619
0.930861328125
174639
0.93340234375
174659
0.932455078125
174679
0.933570963542
174699
0.933145833333
174719
0.931707682292
174739
0.932235677083
174759
0.939481119792
174779
0.930959635417
174799
0.927795572917
174819
0.925951822917
174839
0.928847005208
174859
0.92903125
174879
0.926635416667
174899
0.925923828125
174919
0.926885416667
174939
0.9261171875
174959
0.924876302083
174979
0.924487630208
174999
0.926720052083
175019
0.926371744792
175039
0.935149739583
175059
0.940018880208
175079
0.94142578125
175099
0.941088541667
175119
0.94030078125
175139
0.943175130208
175159
0.934897135417
175179
0.931537109375
175199
0.9320546875
175219
0.932462890625
175239
0.934373046875
175259
0.932779947917
175279
0.929223958333
175299
0.924387369792
175319
0.929212239583
175339
0.927238932292
175359
0.925078125
175379
0.921921223958
175399
0.920895833333
175419
0.929095703125
175439
0.935132161458
175459
0.931513020833
175479
0.931107421875
175499
0.93037890625
175519
0.930341796875
175539
0.932821614583
175559
0.93881640625
175579
0.931563802083
175599
0.927485677083
175619
0.923165364583
175639
0.917261067708
175659
0.911915364583
175679
0.905299479167
175699
0.904885416667
175719
0.902909505208
175739
0.905459635417
175759
0.9103203125
175779
0.913565755208
175799
0.917270182292
175819
0.917175130208
175839
0.923120442708
175859
0.934996744792
175879
0.946041666667
175899
0.946483723958
175919
0.947057942708
175939
0.953518229167
175959
0.955736328125
175979
0.959466145833
175999
0.957350260417
176019
0.955638671875
176039
0.951896484375
176059
0.949715494792
176079
0.951334635417
176099
0.946495442708
176119
0.939302083333
176139
0.9276875
176159
0.929727213542
176179
0.935639322917
176199
0.936697265625
176219
0.937172526042
176239
0.934869140625
176259
0.927689453125
176279
0.923110677083
176299
0.920388671875
176319
0.920884114583
176339
0.915215494792
176359
0.912856119792
176379
0.906418619792
176399
0.91603515625
176419
0.9133125
176439
0.912489583333
176459
0.911997395833
176479
0.906489583333
176499
0.907506510417
176519
0.9147890625
176539
0.910014973958
176559
0.910091145833
176579
0.906608072917
176599
0.906425130208
176619
0.907817274306
176639
0.921006293403
176659
0.923072916667
176679
0.932477864583
176699
0.939910373264
176719
0.943635199653
176739
0.952011067708
176759
0.95374609375
176779
0.961150607639
176799
0.971661241319
176819
0.983168619792
176839
0.987559244792
176859
0.993717447917
176879
1.0
176899
0.0693967013889
176919
0.0640208333333
176939
0.064142578125
176959
0.0638524305556
176979
0.0640930989583
176999
0.124978949653
177019
1.0
