217868
0.103575779727
217888
0.096002375731
217908
0.10154879386
217928
0.169781006335
217948
0.149212658382
217968
0.14420839425
217988
0.160113608674
218008
0.127031554581
218028
0.138700048733
218048
0.125473623294
218068
0.144104836745
218088
0.183965338694
218108
0.186966983431
218128
0.161242080897
218148
0.0705805311891
218168
0.0655016447368
218188
0.0658442982456
218208
0.0743634259259
218228
0.105983491715
218248
0.0995385599415
218268
0.379442312378
218288
0.34883497807
218308
0.307871893275
218328
0.30605963694
218348
0.325306103801
218368
0.34367537768
218388
0.292770772417
218408
0.323215155945
218428
0.374311647173
218448
0.346530823587
218468
0.327250852827
218488
0.318285514133
218508
0.325895467836
218528
0.328571211014
218548
0.344069809942
218568
0.359930860136
218588
0.350333516082
218608
0.355060611598
218628
0.350726425439
218648
0.355345394737
218668
0.63751370614
218688
0.702669651559
218708
0.401923428363
218728
0.412868542885
218748
0.37685794347
218768
0.375435550682
218788
0.37186129386
218808
0.37791788499
218828
0.376594480994
218848
0.335645102339
218868
0.327690972222
218888
0.424185246101
218908
0.279442312378
218928
0.283313535575
218948
0.288322368421
218968
0.286746162281
218988
0.515783382066
219008
0.491815911306
219028
0.369050012183
219048
0.367516447368
219068
0.354442312378
219088
0.347414108187
219108
0.469799281189
219128
0.448802997076
219148
0.433142970273
219168
0.342750974659
219188
0.342912402534
219208
0.345309454191
219228
0.348662889864
219248
0.292799707602
219268
0.297840521442
219288
0.500134015595
219308
0.540585404483
219328
0.546852156433
219348
0.555049951267
219368
0.538389376218
219388
0.382940423977
219408
0.327725999025
219428
0.324118238304
219448
0.328924524854
219468
0.329650950292
219488
0.350724902534
219508
0.366987999513
219528
0.30027869152
219548
0.367971795809
219568
0.355421539961
219588
0.340040204678
219608
0.343954069201
219628
0.358400341131
219648
0.343590095029
219668
0.36404879386
219688
0.314554398148
219708
0.321203399123
219728
0.310049646686
219748
0.310016142788
219768
0.3196332846
219788
0.327406189084
219808
0.327007188109
219828
0.309968932749
219848
0.301171113548
219868
0.30069292154
219888
0.309649122807
219908
0.331749512671
219928
0.320448038499
219948
0.328592531676
219968
0.34002040692
219988
0.331141873782
220008
0.999623842593
220028
1.0
220048
1.0
220068
0.999465460526
220088
0.993870309454
220108
0.982078460039
220128
0.972542032164
220148
0.963380238791
220168
0.952509746589
220188
0.944683540448
220208
0.935722770468
220228
0.927645285088
220248
0.9190896077
220268
0.91176291423
220288
0.901687378168
220308
0.902485380117
220328
0.90206505848
220348
0.901631030702
220368
0.901842714425
220388
0.905453520955
220408
0.906246954191
220428
0.90625
220448
0.90487786306
220468
0.901632553606
220488
0.903615375244
220508
0.904730141326
220528
0.906513462476
220548
0.905841861598
220568
0.910955774854
220588
0.912055311891
220608
0.913054337232
220628
0.914100572612
220648
0.908216069688
220668
0.90946332846
220688
0.905826632554
220708
0.905097161306
220728
0.902523452729
220748
0.904647904483
220768
0.902863060429
220788
0.899305555556
220808
0.902302631579
220828
0.900543676901
220848
0.900065484893
220868
0.902940728558
220888
0.912912707115
220908
0.922601425439
220928
0.931862207602
220948
0.935695358187
220968
0.937914230019
220988
0.944179459064
221008
0.949693896199
221028
0.961534478558
221048
0.972525280214
221068
0.98001035575
221088
0.974209612573
221108
0.972162828947
221128
0.959708516082
221148
0.946486659357
221168
0.943605324074
221188
0.935133406433
221208
0.93232669347
221228
0.926375182749
221248
0.91490162037
221268
0.901579251949
221288
0.900918311404
221308
0.891710830897
221328
0.88511208577
221348
0.895102339181
221368
0.89923245614
221388
0.893864217836
221408
0.893600755361
221428
0.886438535575
221448
0.890239705166
221468
0.885007005361
221488
0.876958455166
221508
0.873177083333
221528
0.885099902534
221548
0.886065423977
221568
0.883185611598
221588
0.895713023879
221608
0.886359344542
221628
0.89551961501
221648
0.894560185185
221668
0.89450079191
221688
0.89187835039
221708
0.894712475634
221728
0.889647295322
221748
0.883040935673
221768
0.879419468811
221788
0.872280092593
221808
0.867604775828
221828
0.866648391813
221848
0.860107517057
221868
0.856926169591
221888
0.862790874756
221908
0.87079830653
221928
0.856391630117
221948
0.869720090156
221968
0.866962110136
221988
0.873888279727
222008
0.87418829191
222028
0.872870979532
222048
0.871625243665
222068
0.883992750975
222088
0.878292519493
222108
0.872753715887
222128
0.879990557992
222148
0.881339851365
222168
0.875060916179
222188
0.883849597953
222208
0.878223988791
222228
0.880088023879
222248
0.877971186647
222268
0.871355689571
222288
0.873269980507
222308
0.874150219298
222328
0.871839973197
222348
0.872222222222
222368
0.873075048733
222388
0.863808174951
222408
0.86805707846
222428
0.868841374269
222448
0.883787158869
222468
0.87789047271
222488
0.873320236355
222508
0.871273452729
222528
0.875994456628
222548
0.870537889864
222568
0.865181834795
222588
0.869680494639
222608
0.865163559942
222628
0.853668676901
222648
0.839374695419
222668
0.837825901559
222688
0.834662828947
222708
0.842490557992
222728
0.841355994152
222748
0.842202729045
222768
0.858534356725
222788
0.862126888402
222808
0.862856359649
222828
0.874678667154
222848
0.885506518031
222868
0.892207297758
222888
0.897458272417
222908
0.899334490741
222928
0.899075596979
222948
0.897025767544
222968
0.889708211501
222988
0.882585587232
223008
0.884886695906
223028
0.884193774366
223048
0.882701327973
223068
0.884679580897
223088
0.886622807018
223108
0.888308662281
223128
0.881033747563
223148
0.894065241228
223168
0.891901193957
223188
0.895726730019
223208
0.890577789961
223228
0.893724110624
223248
0.890759015595
223268
0.894709429825
223288
0.892204251949
223308
0.889287889864
223328
0.894867811891
223348
0.885089242203
223368
0.890693530702
223388
0.883488669591
223408
0.890609770955
223428
0.888479227583
223448
0.890998111598
223468
0.884120674951
223488
0.879104227583
223508
0.882255116959
223528
0.879521503411
223548
0.88142665692
223568
0.880293615984
223588
0.889344237329
223608
0.88789747807
223628
0.893443896199
223648
0.894781006335
223668
0.897637975146
223688
0.905750487329
223708
0.917376340156
223728
0.919843445419
223748
0.912934027778
223768
0.914869639376
223788
0.90837292885
223808
0.922086683723
223828
0.913039108187
223848
0.910669468811
223868
0.916311829922
223888
0.917504264133
223908
0.90422910575
223928
0.901466557018
223948
0.908296783626
223968
0.908768884016
223988
0.912970577485
224008
0.908569383528
224028
0.898234953704
224048
0.895760233918
224068
0.887949256823
224088
0.877250852827
224108
0.889013767057
224128
0.882203338207
224148
0.882731786062
224168
0.888409173977
224188
0.877643762183
224208
0.8811479654
224228
0.887079678363
224248
0.883197794834
224268
0.893506335283
224288
0.909321698343
224308
0.911231420565
224328
0.913768579435
224348
0.915233613548
224368
0.905371284113
224388
0.902258467349
224408
0.903277290448
224428
0.899112146686
224448
0.894745979532
224468
0.902444261696
224488
0.890350877193
224508
0.886405031676
224528
0.890602156433
224548
0.885437987329
224568
0.883496284113
224588
0.88775127924
224608
0.882245979532
224628
0.879734710039
224648
0.891462597466
224668
0.882775950292
224688
0.884248598928
224708
0.88262213694
224728
0.877518884016
224748
0.871707480507
224768
0.879381396199
224788
0.87079830653
224808
0.884323221248
224828
0.892548428363
224848
0.877218871832
224868
0.875335038986
224888
0.867013888889
224908
0.864720394737
224928
0.873950718811
224948
0.877110745614
224968
0.870990192495
224988
0.885399914717
225008
0.886995918616
225028
0.886095882066
225048
0.892831688596
225068
0.905835769981
225088
0.916322490253
225108
0.92766660575
225128
0.92140289961
225148
0.929076815302
225168
0.933225207115
225188
0.926880787037
225208
0.927069627193
225228
0.923731420565
225248
0.92834582115
225268
0.924654300682
225288
0.93049920809
225308
0.935153204191
225328
0.940826023392
225348
0.952505177875
225368
0.956251522904
225388
0.958109466374
225408
0.962611172027
225428
0.969895224172
225448
0.974923854776
225468
0.984936951754
225488
0.992272782651
225508
0.990956993177
225528
0.974486781189
225548
0.951117811891
225568
0.924048184698
225588
0.90723836501
225608
0.8887228923
225628
0.873145102339
225648
0.858420138889
225668
0.837620309454
225688
0.812329434698
225708
0.793433235867
225728
0.789056408382
225748
0.794745979532
225768
0.810179093567
225788
0.810282651072
225808
0.806251522904
225828
0.819319566277
225848
0.806939875731
225868
0.816167153996
225888
0.818489583333
225908
0.820323160331
225928
0.820548550195
225948
0.82367202729
225968
0.815739217836
225988
0.81347161306
226008
0.819455104776
226028
0.812885294834
226048
0.812994943957
226068
0.81344420078
226088
0.823177083333
226108
0.836366959064
226128
0.85338998538
226148
0.878951937135
226168
0.884813596491
226188
0.895396259747
226208
0.884655214425
226228
0.896045017057
226248
0.913687865497
226268
0.93452119883
226288
0.948344602827
226308
0.942467714425
226328
0.926621893275
226348
0.911034965887
226368
0.908835891813
226388
0.925791910331
226408
0.931743421053
226428
0.946951145224
226448
0.945528752437
226468
0.936968506335
226488
0.933462780214
226508
0.937052266082
226528
0.93620248538
226548
0.939152351365
226568
0.946859770955
226588
0.936194870858
226608
0.933050073099
226628
0.93828125
226648
0.937069018031
226668
0.944164230019
226688
0.950600024366
226708
0.92570662768
226728
0.911359344542
226748
0.925158382066
226768
0.927392482943
226788
0.935099902534
226808
0.951506152534
226828
0.940137670565
226848
0.930975877193
226868
0.925481237817
226888
0.896186647173
226908
0.89444292154
226928
0.928161549708
226948
0.927453399123
226968
0.928498111598
226988
0.926842714425
227008
0.913969602827
227028
0.918445419103
227048
0.922275523879
227068
0.930494639376
227088
0.947056225634
227108
0.977916362086
227128
0.976818347953
227148
0.963100024366
227168
0.942650462963
227188
0.925817799708
227208
0.924529422515
227228
0.918401254873
227248
0.909464851365
227268
0.909585160819
227288
0.909540996589
227308
0.909702424464
227328
0.909722222222
227348
0.909665874756
227368
0.909700901559
227388
0.909585160819
227408
0.925059393275
227428
1.0
227448
1.0
