97776
0.229300407784
97796
0.20519041707
97816
0.115723917959
97836
0.126678072513
97856
0.159053516634
97876
0.222803869913
97896
0.0757138747578
97916
0.188848766554
97936
0.110929425065
97956
0.117332596495
97976
0.130147771318
97996
0.303753835594
98016
0.280847514939
98036
0.247833646237
98056
0.183216499112
98076
0.249394379845
98096
0.222275213986
98116
0.176998798853
98136
0.24339874031
98156
0.27444182009
98176
0.235712411176
98196
0.282139504603
98216
0.196041767603
98236
0.30967377261
98256
0.343492611434
98276
0.137147730943
98296
0.142835513566
98316
0.17581910126
98336
0.229798782703
98356
0.231411246366
98376
0.0677688953488
98396
0.0624936914567
98416
0.0618615754199
98436
0.384967498385
98456
0.347239886143
98476
0.339363039002
98496
0.342070665778
98516
0.34633271762
98536
0.255676427245
98556
0.235847414002
98576
0.236442940488
98596
0.225312146722
98616
0.220718265504
98636
0.196699117813
98656
0.331484930152
98676
0.331642643734
98696
0.323990380733
98716
0.314205830103
98736
0.195928213824
98756
0.157740077923
98776
0.229550226098
98796
0.21372587613
98816
0.358207919493
98836
0.418913769784
98856
0.482230095284
98876
0.454499000727
98896
0.131255551518
98916
0.134028787145
98936
0.0882994186047
98956
0.148245720284
98976
0.107700712613
98996
0.185924125888
99016
0.217459272045
99036
0.212789688307
99056
0.416847091005
99076
0.359626080023
99096
0.355782915455
99116
0.507368378553
99136
0.327015958091
99156
0.0777048510174
99176
0.0707742853682
99196
0.0657615168766
99216
0.0710985444929
99236
0.0739411740956
99256
0.380786195898
99276
0.537386950904
99296
0.452775506702
99316
0.472072078892
99336
0.446010224887
99356
0.323966408269
99376
0.376977097464
99396
0.517351017442
99416
0.324700722707
99436
0.210312954215
99456
0.240583868298
99476
0.0660252139858
99496
0.0631472565407
99516
0.0586240310078
99536
0.0600674257106
99556
0.267011617813
99576
0.278989018088
99596
0.146951207203
99616
0.0783798651486
99636
0.049595243863
99656
0.187126534238
99676
0.235854984254
99696
0.232965671431
99716
0.153071755895
99736
0.0820766715116
99756
0.0824602309432
99776
0.0823378452035
99796
0.0736383640181
99816
0.0662573683786
99836
0.0413966610142
99856
0.198663598191
99876
0.18699279312
99896
0.141525859981
99916
0.0964450096899
99936
0.0677247355459
99956
0.0658309108527
99976
0.123812732154
99996
0.05672515948
100016
0.129119478763
100036
0.143871376373
100056
0.133883690649
100076
0.0893012152778
100096
0.0492116844315
100116
0.0656227289244
100136
0.0579540637112
100156
0.0434002543605
100176
0.0740320171189
100196
0.0677196887112
100216
0.0525097908592
100236
0.0759990209141
100256
0.0949057251292
100276
0.0737557029231
100296
0.0698809956395
100316
0.0777010658915
100336
0.0967402495155
100356
0.098027192345
100376
0.0994983446382
100396
0.137913588098
100416
0.118937489906
100436
0.138391775678
100456
0.126599846576
100476
0.156856881864
100496
0.124559663679
100516
0.0906676457526
100536
0.0756116763566
100556
0.0686697553295
100576
0.0610086603682
100596
0.0696791222545
100616
0.0575263444767
100636
0.0773957323966
100656
0.0514928536822
100676
0.0813158611919
100696
0.0831087491925
100716
0.10714934593
100736
0.0880899749677
100756
0.0743600613695
100776
0.0695718770187
100796
0.064937621124
100816
0.0686407360304
100836
0.0711439660045
100856
0.078121214874
100876
0.0431479126292
100896
0.0487927971576
100916
0.0509011123224
100936
0.0536907501615
100956
0.0566570272125
100976
0.0642979348353
100996
0.0610338945413
101016
0.0690482679264
101036
0.0554445251938
101056
0.0694898659561
101076
0.0527268047481
101096
0.118538789971
101116
0.26188781896
101136
0.213689286579
101156
0.219718992248
101176
0.156301730055
101196
0.111961502745
101216
0.118934966489
101236
0.100931645672
101256
0.096921935562
101276
0.0767951590762
101296
0.0531671410691
101316
0.0527835816376
101336
0.101383337371
101356
0.0642373728198
101376
0.0614641371932
101396
0.0956274224806
101416
0.123978015988
101436
0.0960374777939
101456
0.219913295381
101476
0.172099584141
101496
0.181144773498
101516
0.130008983366
101536
0.0799923288114
101556
0.076006591166
101576
0.0645717256137
101596
0.0638462431363
101616
0.118582949774
101636
0.12204255491
101656
0.0967907178618
101676
0.118585473191
101696
0.104676396964
101716
0.238358214228
101736
0.0528479287791
101756
0.0617757792313
101776
0.0615095587048
101796
0.0355158369671
101816
0.0351915778424
101836
0.036419220365
101856
0.0657476380814
101876
0.0652366460756
101896
0.0672869226421
101916
0.0668062116441
101936
0.0942837027616
101956
0.102184522368
101976
0.0881883882429
101996
0.0753366238695
102016
0.0919306161176
102036
0.076704316053
102056
0.101643249354
102076
0.100511496689
102096
0.108475401728
102116
0.0982770106589
102136
0.248864462209
102156
0.281933846092
102176
0.274151627099
102196
0.209853692264
102216
0.221336502745
102236
1.0
102256
0.998700440084
102276
0.9987319828
102296
0.998673944202
102316
0.997251998547
102336
0.993953892119
102356
0.992484001534
102376
0.990481669897
102396
0.987692032057
102416
0.985481518492
102436
0.984720708172
102456
0.98285337936
102476
0.979865653262
102496
0.978174963663
102516
0.975023215439
102536
0.970979439196
102556
0.97008362605
102576
0.967434037871
102596
0.963204790455
102616
0.96316315407
102636
0.961452277132
102656
0.957187701873
102676
0.958086038437
102696
0.955139948724
102716
0.950570039971
102736
0.947408198078
102756
0.943898124596
102776
0.940608850129
102796
0.93900269501
102816
0.937271630733
102836
0.940062530281
102856
0.934540031492
102876
0.933308603844
102896
0.93405427366
102916
0.930686773256
102936
0.927585493379
102956
0.926167332849
102976
0.925446897206
102996
0.92811919614
103016
0.929379643088
103036
0.927032864987
103056
0.929845213582
103076
0.928472474564
103096
0.928821967862
103116
0.930459665698
103136
0.928639020107
103156
0.928452287225
103176
0.923322179829
103196
0.922894460594
103216
0.921719809835
103236
0.922722868217
103256
0.922582818556
103276
0.921573451631
103296
0.916256611353
103316
0.915317900113
103336
0.914118015181
103356
0.914516715116
103376
0.914941910933
103396
0.915568980136
103416
0.919952156008
103436
0.92503936531
103456
0.927874424661
103476
0.929562590843
103496
0.929581516473
103516
0.931973716085
103536
0.935104015262
103556
0.933473887678
103576
0.932836724806
103596
0.934199370155
103616
0.907834706072
103636
0.906239906331
103656
0.908499626534
103676
0.906455658511
103696
0.906138969638
103716
0.929028888081
103736
0.929977692991
103756
0.930023114503
103776
0.931990118298
103796
0.933047430152
103816
0.936571382429
103836
0.938659510255
103856
0.938564882106
103876
0.941836492652
103896
0.942356316618
103916
0.938703670058
103936
0.938703670058
103956
0.718194848191
103976
0.604522468508
103996
0.605793009125
104016
0.601697502826
104036
0.596827307413
104056
0.593222605782
104076
0.592609415375
104096
0.590802648579
104116
0.593135547884
104136
0.597743307897
104156
0.599457969961
104176
0.602873415294
104196
0.603632963905
104216
0.599280069041
104236
0.600143077762
104256
0.603668291747
104276
0.611482053456
104296
0.61070862605
104316
0.613290081961
104336
0.607516503149
104356
0.606356992894
104376
0.609330840197
104396
0.609800195817
104416
0.604956496286
104436
0.606369609981
104456
0.619119175953
104476
0.619723534399
104496
0.620527242813
104516
0.625614452116
104536
0.627298833172
104556
0.631123072109
104576
0.626139322917
104596
0.625445383156
104616
0.665013828327
104636
0.662852521399
104656
0.661081082445
104676
0.655249465036
104696
0.656421592377
104716
0.658998001453
104736
0.659450954861
104756
0.658121113937
104776
0.656181867733
104796
0.65979918645
104816
0.6602874677
104836
0.648029968104
104856
0.649892250081
104876
0.647936601663
104896
0.648895500242
104916
0.653687469719
104936
0.655009740391
104956
0.651464339067
104976
0.651531209625
104996
0.649188216651
105016
0.637474513485
105036
0.636878986999
105056
0.634575106993
105076
0.634481740552
105096
0.637604469477
105116
0.640332283592
105136
0.640611121205
105156
0.638430888647
105176
0.642271529797
105196
0.641923298207
105216
0.640539203811
105236
0.638152051034
105256
0.640112746286
105276
0.642353540859
105296
0.644410125969
105316
0.644918594557
105336
0.645030886628
105356
0.638328690245
105376
0.641074168282
105396
0.633264191699
105416
0.631065033511
105436
0.626358860223
105456
0.619832041344
105476
0.626779009205
105496
0.606416293201
105516
0.609375
105536
0.61028595365
105556
0.606237130572
105576
0.602838087452
105596
0.591314902293
105616
0.60638853561
105636
0.59206940407
105656
0.59222837936
105676
0.593076247578
105696
0.591265695656
105716
0.58352385134
105736
0.583117581153
105756
0.577301104247
105776
0.569228692264
105796
0.57212431363
105816
0.566786024306
105836
0.54844330386
105856
0.51331481145
105876
0.534250343185
105896
0.541103944606
105916
0.544588783915
105936
0.548835695252
105956
0.602691729247
105976
0.608104459383
105996
0.609834261951
106016
0.615141008559
106036
0.622508125404
106056
0.630301699774
106076
0.635048247739
106096
0.636210281411
106116
0.62799529635
106136
0.624581112726
106156
0.620529766231
106176
0.615532138243
106196
0.611820191376
106216
0.611743227148
106236
0.614748617167
106256
0.615900557171
106276
0.616528888081
106296
0.641055242652
106316
0.616467064357
106336
0.615500595526
106356
0.609633650275
106376
0.612965822836
106396
0.611021529797
106416
0.607606084464
106436
0.606794805798
106456
0.620551215278
106476
0.616861979167
106496
0.6170562823
106516
0.61343139333
106536
0.60168488574
106556
0.616033036579
106576
0.614949228844
106596
0.593000545058
106616
0.572223988614
106636
0.564930050872
106656
0.580032703488
106676
0.592203145187
106696
0.601814841731
106716
0.601547359496
106736
0.608273528343
106756
0.614646418766
106776
0.627218083818
106796
0.610881480136
106816
0.674809734335
106836
0.682893501696
106856
0.680362514131
106876
0.688036226179
106896
0.677880733204
106916
0.67403504522
106936
0.686023800872
106956
0.952261991279
106976
0.957187701873
106996
0.960123697917
107016
0.965911155523
107036
0.968939256298
107056
0.943161286741
107076
0.949503896156
107096
0.95375459262
107116
0.957657057494
107136
0.960711654151
107156
0.987686985223
107176
0.987372819767
107196
0.987808109254
107216
0.987777828246
107236
0.988163911095
107256
0.988345597141
107276
0.98830017563
107296
0.988020076308
107316
0.988103349079
107336
0.987490158672
107356
0.98773619186
107376
0.987206274225
107396
0.992706062258
107416
1.0
107436
1.0
107456
1.0
107476
1.0
107496
1.0
107516
1.0
107536
1.0
107556
0.986869398014
107576
0.982770106589
107596
0.9840835453
107616
0.98410247093
107636
0.984098685804
107656
0.984098685804
107676
0.98410247093
107696
0.984098685804
107716
0.984098685804
107736
0.984174388324
107756
0.993993005087
