157448
0.345190163739
157468
0.336930444921
157488
0.329064116966
157508
0.325170845248
157528
0.318073214529
157548
0.306630838099
157568
0.314761837895
157588
0.302766076048
157608
0.292264944172
157628
0.288890165441
157648
0.281565095656
157668
0.277174394063
157688
0.278075001702
157708
0.285205397263
157728
0.283282058483
157748
0.274167049632
157768
0.274489379085
157788
0.277342686206
157808
0.280603213508
157828
0.273431117239
157848
0.261074091095
157868
0.254771752451
157888
0.239127391408
157908
0.22832520595
157928
0.215633510349
157948
0.203120319308
157968
0.200478919867
157988
0.199643203636
158008
0.197771139706
158028
0.19754540271
158048
0.196978826253
158068
0.196340762868
158088
0.199620863971
158108
0.192418555964
158128
0.187531275531
158148
0.197840499047
158168
0.20996583095
158188
0.200725932734
158208
0.205662998706
158228
0.201135706019
158248
0.213698895357
158268
0.201610157952
158288
0.197112651484
158308
0.22168968716
158328
0.225202971814
158348
0.208803317334
158368
0.21503076491
158388
0.209027139502
158408
0.201382931645
158428
0.201174853622
158448
0.197764544186
158468
0.200732528254
158488
0.18110936649
158508
0.182845052083
158528
0.179353468818
158548
0.17622314985
158568
0.17664356107
158588
0.183519709967
158608
0.17927708844
158628
0.181983166531
158648
0.177808627791
158668
0.186273020493
158688
0.180342371324
158708
0.174834048203
158728
0.17657249966
158748
0.17366259872
158768
0.171105026212
158788
0.172935176675
158808
0.17054249217
158828
0.160507727397
158848
0.151324422998
158868
0.138325503813
158888
0.126483992034
158908
0.116887084695
158928
0.116587307666
158948
0.118229379425
158968
0.11676538671
158988
0.116373910675
159008
0.115127782884
159028
0.115693295547
159048
0.119912300858
159068
0.125894224877
159088
0.129969192538
159108
0.130559172454
159128
0.135004127519
159148
0.147775182121
159168
0.151834405637
159188
0.153285207312
159208
0.151198682598
159228
0.143474690223
159248
0.126821427356
159268
0.113821657135
159288
0.101870574619
159308
0.0956727005038
159328
0.0945421006944
159348
0.0943410437092
159368
0.101840788399
159388
0.109438827614
159408
0.117209414148
159428
0.122625825504
159448
0.12826244213
159468
0.13846826491
159488
0.144322959218
159508
0.147706461057
159528
0.143307249115
159548
0.137264050586
159568
0.142332814202
159588
0.140566491353
159608
0.145609936683
159628
0.142106864447
159648
0.134675202546
159668
0.133123765999
159688
0.135346243532
159708
0.130338967184
159728
0.131342337282
159748
0.129393041939
159768
0.133946716708
159788
0.136267488766
159808
0.14224047692
159828
0.15319116796
159848
0.155951286765
159868
0.159707541871
159888
0.167448342184
159908
0.171966911765
159928
0.177140990945
159948
0.175046168641
159968
0.179941746664
159988
0.18512646378
160008
0.182930368328
160028
0.182597188181
160048
0.180033232911
160068
0.184268407884
160088
0.180224290237
160108
0.179547079248
160128
0.180994051266
160148
0.18407543573
160168
0.186473013685
160188
0.188735277097
160208
0.19168921909
160228
0.194836133238
160248
0.196946912446
160268
0.194161900871
160288
0.193890420752
160308
0.192406428717
160328
0.193472562636
160348
0.192813648897
160368
0.189088456563
160388
0.187578720724
160408
0.188381459355
160428
0.185667083674
160448
0.185971754153
160468
0.184282662718
160488
0.186008135893
160508
0.185701550586
160528
0.183850549769
160548
0.183011216639
160568
0.182953559028
160588
0.180183653322
160608
0.179219430828
160628
0.17923900463
160648
0.177983728214
160668
0.185208588644
160688
0.180836397059
160708
0.178311802151
160728
0.181348720044
160748
0.185946861383
160768
0.181615944989
160788
0.177839477805
160808
0.172215839461
160828
0.168507880583
160848
0.174072797522
160868
0.173602388004
160888
0.186520458878
160908
0.197473490264
160928
0.203521795003
160948
0.201215065019
160968
0.200026382081
160988
0.204686010689
161008
0.204404956427
161028
0.202500765931
161048
0.205777675654
161068
0.208407586125
161088
0.207460809845
161108
0.207216775599
161128
0.217991515182
161148
0.229534313725
161168
0.24202197372
161188
0.242105162377
161208
0.244162326389
161228
0.246444163603
161248
0.243822976239
161268
0.237552764161
161288
0.232695908224
161308
0.239035266885
161328
0.232843137255
161348
0.229004970044
161368
0.233465456495
161388
0.248107936751
161408
0.268095341435
161428
0.279590482026
161448
0.299958086533
161468
0.308324610226
161488
0.321803300313
161508
0.332505701934
161528
0.341501565904
161548
0.352987770629
161568
0.352094184028
161588
0.343835316245
161608
0.337804032203
161628
0.333503327546
161648
0.323423457925
161668
0.323655152165
161688
0.31460375817
161708
0.301970571215
161728
0.284822431577
161748
0.281305530025
161768
0.274384701797
161788
0.271577988834
161808
0.275161058347
161828
0.269190623298
161848
0.259925406795
161868
0.264256323189
161888
0.250332116353
161908
0.241171364379
161928
0.220691636029
161948
0.1996557564
161968
0.179065819036
161988
0.164649501294
162008
0.150578703704
162028
0.132935687296
162048
0.121409696691
162068
0.120378455202
162088
0.114707584423
162108
0.123691533905
162128
0.120522492851
162148
0.11903637323
162168
0.120545258034
162188
0.118073427288
162208
0.123994715074
162228
0.143957226988
162248
0.163324652778
162268
0.17598975354
162288
0.176982272944
162308
0.175737634464
162328
0.170590150123
162348
0.161277488426
162368
0.141936019199
162388
0.129755157271
162408
0.123594090414
162428
0.118153637323
162448
0.104745795888
162468
0.0840860736656
162488
0.0729949618736
162508
0.0671487779139
162528
0.0802493957653
162548
0.0965741591776
162568
0.1164990128
162588
0.129341341571
162608
0.14875536152
162628
0.164649714052
162648
0.172554551334
162668
0.165299479167
162688
0.166991549224
162708
0.166449865536
162728
0.171503097767
162748
0.17157373366
162768
0.170309734137
162788
0.167224732775
162808
0.16837426811
162828
0.171720962691
162848
0.170487813181
162868
0.169221473312
162888
0.174718307462
162908
0.172623059641
162928
0.170992902369
162948
0.168283632898
162968
0.173923866422
162988
0.17483936717
163008
0.176102515659
163028
0.179276237405
163048
0.182195925245
163068
0.176671645221
163088
0.183088660812
163108
0.183289505038
163128
0.186063665918
163148
0.186475566789
163168
0.185535386029
163188
0.179988979099
163208
0.18167041122
163228
0.179549419594
163248
0.182285496664
163268
0.178963056577
163288
0.180996604371
163308
0.171693091299
163328
0.170824397467
163348
0.170384837963
163368
0.169572525191
163388
0.169819112541
163408
0.165351605052
163428
0.164467167075
163448
0.162705737677
163468
0.165402667143
163488
0.162747651144
163508
0.164049096201
163528
0.165821801811
163548
0.166115834355
163568
0.165919458061
163588
0.171736068559
163608
0.1734838814
163628
0.173050491898
163648
0.177706716367
163668
0.183276739515
163688
0.180387476171
163708
0.182668249592
163728
0.183740766272
163748
0.189044628268
163768
0.190843928717
163788
0.19012842116
163808
0.200391263276
163828
0.203901569308
163848
0.213870378881
163868
0.219691670071
163888
0.227300985498
163908
0.226941848788
163928
0.226159747753
163948
0.227438427628
163968
0.224076627179
163988
0.227587571487
164008
0.22628931781
164028
0.221980741081
164048
0.221300551471
164068
0.221725856141
164088
0.226101664624
164108
0.222300091912
164128
0.225520620575
164148
0.226705899374
164168
0.224290449687
164188
0.23248804296
164208
0.233593962759
164228
0.238045087827
164248
0.233815444581
164268
0.234902003336
164288
0.240629255174
164308
0.245408666939
164328
0.253529028799
164348
0.253258186955
164368
0.26015454793
164388
0.265200120847
164408
0.268827231413
164428
0.278573708129
164448
0.280771505651
164468
0.290242885349
164488
0.306342975558
164508
0.323203039897
164528
0.334418828295
164548
0.335284330746
164568
0.345216758578
164588
0.345378242443
164608
0.347980494281
164628
0.358132276348
164648
0.339693755106
164668
0.33795019744
164688
0.31173853656
164708
0.297562636166
164728
0.280464494826
164748
0.269158496732
164768
0.254310917075
164788
0.238283590346
164808
0.231299147263
164828
0.222491361996
164848
0.215162675313
164868
0.210650701253
164888
0.200376795684
164908
0.193252570125
164928
0.18727490128
164948
0.184678393927
164968
0.176992059845
164988
0.169969107435
165008
0.171689261642
165028
0.172259667756
165048
0.171164598652
165068
0.171036517906
165088
0.170801845044
165108
0.171574371936
165128
0.176919721882
165148
0.176458035471
165168
0.196443950844
165188
0.195635042211
165208
0.193505965754
165228
0.184962214052
165248
0.187567444513
165268
0.185819844431
165288
0.178138829316
165308
0.177667994281
165328
0.180310031999
165348
0.181668921909
165368
0.178326482503
165388
0.178585622617
165408
0.183422904752
165428
0.178508816721
165448
0.169342107503
165468
0.157421875
165488
0.142094949959
165508
0.128538390182
165528
0.114611843001
165548
0.109001182938
165568
0.108545028254
165588
0.112341920275
165608
0.118742553445
165628
0.12383472052
165648
0.128587324687
165668
0.131862957857
165688
0.135006042347
165708
0.134705201525
165728
0.135340073529
165748
0.135787292347
165768
0.137168096405
165788
0.134996680964
165808
0.139185900054
165828
0.141428376906
165848
0.142613655705
165868
0.145152079929
165888
0.148800891885
165908
0.150726996528
165928
0.151530373434
165948
0.160104124115
165968
0.165356498502
165988
0.172346260553
166008
0.169070201865
166028
0.169210409858
166048
0.167315580746
166068
0.16200342116
166088
0.162384046501
166108
0.15828588814
166128
0.149719158497
166148
0.136249404276
166168
0.118904250068
166188
0.112593401076
166208
0.114928640727
166228
0.124869791667
166248
0.130904905365
166268
0.127374600014
166288
0.120302074823
166308
0.112428513072
166328
0.104834516272
166348
0.100032552083
166368
0.101063793573
166388
0.101275062977
166408
0.101087622549
166428
0.0950646360975
166448
0.0952005889161
166468
0.0959980085784
166488
0.10120995881
166508
0.109998383034
166528
0.119376999932
166548
0.133944376362
166568
0.147446469907
166588
0.152324601716
166608
0.16324657033
166628
0.17167309198
166648
0.186221745643
166668
0.1892346218
166688
0.198578559028
166708
0.202501616966
166728
0.208309291599
166748
0.21250829759
166768
0.220553342865
166788
0.220513131468
166808
0.228706256808
166828
0.229523250272
166848
0.228973481754
166868
0.225416581563
166888
0.222929006672
166908
0.222509446487
166928
0.221271829044
166948
0.219947831563
166968
0.229656649986
166988
0.816715388412
167008
1.0
167028
1.0
