130677
0.464184952978
130697
0.341271914548
130717
0.315214283641
130737
0.500398380355
130757
0.363049677813
130777
0.4551571752
130797
0.415106162197
130817
0.425860254847
130837
0.571068443051
130857
0.463239434576
130877
0.591256675955
130897
0.535722526994
130917
0.523683675839
130937
0.503517575177
130957
0.501676245211
130977
0.374401340996
130997
0.358083347846
131017
0.350359195402
131037
0.338492685475
131057
0.339687826541
131077
0.351229246488
131097
0.350558748404
131117
0.338689335888
131137
0.340095277488
131157
0.211321185998
131177
0.244755021479
131197
0.213372228027
131217
0.248670977011
131237
0.213223107512
131257
0.225519926274
131277
0.255556281203
131297
0.286602011494
131317
0.231921223732
131337
0.248407204226
131357
0.241214951237
131377
0.263352635551
131397
0.242328819807
131417
0.246912008011
131437
0.266325612446
131457
0.270986807732
131477
0.474468826193
131497
0.412406754325
131517
0.410331403112
131537
0.417404649948
131557
0.425460786021
131577
0.422953674678
131597
0.422573798328
131617
0.406702803901
131637
0.402009317311
131657
0.432708188204
131677
0.434873156856
131697
0.420602940323
131717
0.428102142111
131737
0.396917087542
131757
0.410505195635
131777
0.397323087194
131797
0.380725357018
131817
0.366636552305
131837
0.386367990247
131857
0.438116437362
131877
0.425412530477
131897
0.439091707303
131917
0.407219827586
131937
0.394074364333
131957
0.403446461744
131977
0.390986735168
131997
0.402447245443
132017
0.400240552072
132037
0.387326933124
132057
0.382273888308
132077
0.400540607222
132097
0.410106815279
132117
0.390096728782
132137
0.381636407175
132157
0.379758432021
132177
0.427986038546
132197
0.448947448624
132217
0.386781609195
132237
0.415528488912
132257
0.381251451295
132277
0.369366800186
132297
0.115562231511
132317
0.12034642401
132337
0.119966184837
132357
0.53621270173
132377
0.548609296993
132397
0.336653895275
132417
0.35549314989
132437
0.335238883084
132457
0.35204813944
132477
0.368609950075
132497
0.468752902589
132517
0.646657305817
132537
0.441660135841
132557
0.568456112853
132577
0.332534395681
132597
0.351279678974
132617
0.361508765819
132637
0.3547642372
132657
0.68404591896
132677
0.318660745385
132697
0.187985095205
132717
0.164531086729
132737
0.172971453036
132757
0.167181876234
132777
0.175077281435
132797
0.161906057703
132817
0.180993846511
132837
0.194475647277
132857
0.176092099152
132877
0.18282247765
132897
0.330455053408
132917
0.34512401312
132937
0.401758606177
132957
0.206394403808
132977
0.290040128294
132997
0.333791579589
133017
0.27676296006
133037
0.315435968884
133057
0.384835423197
133077
0.388031899454
133097
0.452195445838
133117
0.468260550911
133137
0.479679336468
133157
0.475597207709
133177
0.464065584001
133197
0.479762060258
133217
0.477389919308
133237
0.47356212992
133257
0.488803988157
133277
0.574734050273
133297
0.466192456171
133317
0.461442369093
133337
0.434118846511
133357
0.455385391269
133377
0.514317383606
133397
0.529624187275
133417
0.578093797167
133437
0.592003367003
133457
0.575774628469
133477
0.576079037501
133497
0.605587484036
133517
0.665848499361
133537
0.403582157785
133557
0.400154925694
133577
0.377785034251
133597
0.710300563102
133617
0.472987417276
133637
0.368879165215
133657
0.405907494485
133677
0.375743788459
133697
0.294991582492
133717
0.292388322884
133737
0.574431818182
133757
0.551237591432
133777
0.550349761988
133797
0.518874448508
133817
0.533162806223
133837
0.52948304888
133857
0.547799474631
133877
0.557764063044
133897
0.504696026356
133917
0.524695953791
133937
0.591580314641
133957
0.625697709857
133977
0.621216475096
133997
0.655214864159
134017
0.623472512481
134037
0.597900702427
134057
0.642904258098
134077
0.656373722861
134097
0.717401384535
134117
0.694561999303
134137
0.701285121328
134157
0.704299822942
134177
0.633863781493
134197
0.555405346569
134217
0.556215894578
134237
0.574816411239
134257
0.560645608383
134277
0.608350023221
134297
0.577346017648
134317
0.587522132242
134337
0.584625348311
134357
0.573374912922
134377
0.566564713224
134397
0.581236938349
134417
0.576846046674
134437
0.593493120864
134457
0.600026848949
134477
0.594444807268
134497
0.592733005341
134517
0.582646871009
134537
0.589592403924
134557
0.597579603506
134577
0.583748040752
134597
0.58397516835
134617
0.580001161036
134637
0.561262408568
134657
0.529861111111
134677
0.532674808429
134697
0.521258199814
134717
0.493424547196
134737
0.458052507837
134757
0.441838645071
134777
0.432435344828
134797
0.435107540927
134817
0.429449306281
134837
0.440052464298
134857
0.426169380587
134877
0.417343695576
134897
0.447186665506
134917
0.435952557181
134937
0.41094348659
134957
0.385110443516
134977
0.376063436085
134997
0.331149497852
135017
0.309861183676
135037
0.313753555672
135057
0.329548357135
135077
0.354805599094
135097
0.374583841286
135117
0.405682906653
135137
0.401353694996
135157
0.40562775746
135177
0.401215096366
135197
0.409430512017
135217
0.412343623012
135237
0.414956678858
135257
0.415178001277
135277
0.418431078022
135297
0.405218855219
135317
0.417081011262
135337
0.414708144665
135357
0.42313036979
135377
0.415404040404
135397
0.419040258911
135417
0.41558908046
135437
0.430029824103
135457
0.436255514919
135477
0.442152124695
135497
0.445407741205
135517
0.439137060258
135537
0.45203616626
135557
0.45952557181
135577
0.4394922646
135597
0.425900891095
135617
0.431991611517
135637
0.43056898003
135657
0.437587440497
135677
0.438850792407
135697
0.440481321839
135717
0.427032538024
135737
0.440602867758
135757
0.43320634506
135777
0.422334334727
135797
0.404535295484
135817
0.412925592128
135837
0.402287965866
135857
0.388991930802
135877
0.389565192151
135897
0.374297210612
135917
0.371108353651
135937
0.394628396029
135957
0.387873708348
135977
0.393743106351
135997
0.380695968304
136017
0.396905114362
136037
0.358652618135
136057
0.353964211076
136077
0.349267821897
136097
0.355356002554
136117
0.352377583304
136137
0.356805845814
136157
0.365578921398
136177
0.350275020318
136197
0.356955691977
136217
0.377497315105
136237
0.364126175549
136257
0.366808167886
136277
0.35725610995
136297
0.351106974922
136317
0.355514556484
136337
0.371494760827
136357
0.379634346337
136377
0.387628802392
136397
0.373488476721
136417
0.351601503541
136437
0.34786913677
136457
0.364648641588
136477
0.350250711134
136497
0.356084189597
136517
0.370273859282
136537
0.366993933589
136557
0.360847338326
136577
0.358388482526
136597
0.354596249855
136617
0.359228782074
136637
0.368248577731
136657
0.350512669801
136677
0.354266805991
136697
0.348086830953
136717
0.337794249971
136737
0.35196831824
136757
0.354755892256
136777
0.349798632881
136797
0.342469232555
136817
0.356454269709
136837
0.361431484384
136857
0.361527269825
136877
0.368173473238
136897
0.359184880413
136917
0.35376610937
136937
0.35655114362
136957
0.356049721351
136977
0.360624927435
136997
0.348801956345
137017
0.35845161384
137037
0.360095567746
137057
0.365748360037
137077
0.561381051898
137097
0.86902719726
137117
0.899536674213
137137
0.89768264542
137157
0.901392517125
137177
0.900551491931
137197
0.902164968652
137217
0.903635855683
137237
0.901191150006
137257
0.902326425171
137277
0.901284758505
137297
0.909688479624
137317
0.910721438523
137337
0.912735835365
137357
0.906367192035
137377
0.902261842564
137397
0.895210727969
137417
0.89386066121
137437
0.896765790085
137457
0.897719653431
137477
0.896609050273
137497
0.895023148148
137517
0.89812637873
137537
0.898370559039
137557
0.894569255776
137577
0.893469537327
137597
0.889561926739
137617
0.889884476953
137637
0.885646696854
137657
0.887131734007
137677
0.888413227099
137697
0.885572680831
137717
0.878832143272
137737
0.883364173343
137757
0.884217897364
137777
0.882152705213
137797
0.88646196157
137817
0.889369993034
137837
0.886345495182
137857
0.884004194241
137877
0.8844348659
137897
0.8814832956
137917
0.881351953442
137937
0.888964356206
137957
0.888998461628
137977
0.88986415883
137997
0.887695561941
138017
0.887456461163
138037
0.887848310693
138057
0.889556484384
138077
0.888629832811
138097
0.89047043713
138117
0.888303291536
138137
0.882938581214
138157
0.882396522698
138177
0.882292392314
138197
0.885645608383
138217
0.884218623012
138237
0.888703123186
138257
0.889949422385
138277
0.890406942993
138297
0.892756951701
138317
0.889319560548
138337
0.888959639498
138357
0.890274149541
138377
0.890150789504
138397
0.889150121909
138417
0.891460220016
138437
0.890680149193
138457
0.896437434692
138477
0.893831635319
138497
0.892943080228
138517
0.888394723093
138537
0.889495530013
138557
0.896828921398
138577
0.9027919279
138597
0.905179670266
138617
0.90748541449
138637
0.912086018228
138657
0.906514861256
138677
0.90674960815
138697
0.907766239986
138717
0.893462643678
138737
0.893101271334
138757
0.898648481946
138777
0.892202194357
138797
0.884154040404
138817
0.889632677348
138837
0.888439713224
138857
0.884062246023
138877
0.879344813073
138897
0.876783278184
138917
0.874449233716
138937
0.870605480088
138957
0.866776602229
138977
0.871459929757
138997
0.873144882735
139017
0.86634593057
139037
0.870124738767
139057
0.872481641124
139077
0.872163807616
139097
0.879067615813
139117
0.894554017183
139137
0.894262669801
139157
0.89477207419
139177
0.900659613375
139197
0.912642226866
139217
0.91444437188
139237
0.917553770463
139257
0.926799605248
139277
0.92764933821
139297
0.924472454429
139317
0.93121408046
139337
0.945224878091
139357
0.951346801347
139377
0.94795585162
139397
0.95481212992
139417
0.950489086265
139437
0.943835626379
139457
0.935553451178
139477
0.935003410542
139497
0.920711787414
139517
0.906485109718
139537
0.902017299431
139557
0.887878425055
139577
0.870940003483
139597
0.861341866945
139617
0.868026892488
139637
0.864936723557
139657
0.857175563102
139677
0.847735254847
139697
0.843245675142
139717
0.84988534773
139737
0.861259143156
139757
0.873102795193
139777
0.878598122025
139797
0.89216155811
139817
0.897254150702
139837
0.911467403924
139857
0.925358106931
139877
0.93260514629
139897
0.94149650238
139917
0.953437753977
139937
0.960403605016
139957
0.95439234297
139977
0.958974805527
139997
0.96821955184
140017
0.977183835481
140037
0.98401108789
140057
0.983785411587
140077
0.983791942413
140097
0.984043379194
140117
0.983956301521
140137
0.984024512365
140157
0.985845887031
140177
0.98845422617
140197
1.0
140217
1.0
140237
1.0
140257
1.0
