140124
0.988340277778
140144
0.988342013889
140164
0.988341579861
140184
0.988321614583
140204
1.0
140224
0.988375217014
140244
0.988384114583
140264
0.988368706597
140284
0.988362630208
140304
0.988338324653
140324
1.0
140344
0.986056857639
140364
0.986057291667
140384
0.986069227431
140404
0.986064236111
140424
1.0
140444
0.985309678819
140464
0.98535546875
140484
0.985358723958
140504
0.985357638889
140524
0.985357638889
140544
1.0
140564
0.985650173611
140584
0.985651909722
140604
0.985660373264
140624
0.985659288194
140644
0.984955512153
140664
1.0
140684
0.968671223958
140704
0.968703559028
140724
0.968703342014
140744
0.968728949653
140764
0.968734157986
140784
0.968726128472
140804
1.0
140824
0.987467881944
140844
0.98744140625
140864
0.987456597222
140884
0.987456380208
140904
0.998216579861
140924
0.984658854167
140944
0.978526475694
140964
0.978545789931
140984
0.978544053819
141004
0.978544053819
141024
1.0
141044
0.981653428819
141064
0.981623697917
141084
0.981613498264
141104
0.981613064236
141124
0.981345269097
141144
1.0
141164
0.976114583333
141184
0.976117404514
141204
0.976098090278
141224
0.976098090278
141244
1.0
141264
1.0
141284
1.0
141304
1.0
141324
0.998959635417
141344
0.992319444444
141364
0.985071614583
141384
0.977131944444
141404
0.970070529514
141424
0.960957682292
141444
0.951074001736
141464
0.945567057292
141484
0.935060546875
141504
0.928345920139
141524
0.9195390625
141544
0.920953993056
141564
0.918167317708
141584
0.919284288194
141604
0.916053168403
141624
0.918477213542
141644
0.916542534722
141664
0.913064887153
141684
0.913438585069
141704
0.912787109375
141724
0.915014973958
141744
0.911904730903
141764
0.914399956597
141784
0.909662326389
141804
0.909807291667
141824
0.907832248264
141844
0.910467664931
141864
0.914532118056
141884
0.915450086806
141904
0.917271050347
141924
0.9127265625
141944
0.914921223958
141964
0.912127387153
141984
0.917926649306
142004
0.91917578125
142024
0.918564236111
142044
0.918147569444
142064
0.921323567708
142084
0.923657769097
142104
0.920049479167
142124
0.925011501736
142144
0.924270616319
142164
0.929010850694
142184
0.925069878472
142204
0.928849392361
142224
0.919937934028
142244
0.914674479167
142264
0.900056423611
142284
0.893705946181
142304
0.889593967014
142324
0.879430121528
142344
0.879056857639
142364
0.880216362847
142384
0.884933810764
142404
0.893053602431
142424
0.904794270833
142444
0.9161875
142464
0.932942057292
142484
0.937307725694
142504
0.955252170139
142524
0.9575
142544
0.977794921875
142564
0.980960286458
142584
0.981047743056
142604
0.981128038194
142624
0.981032986111
142644
0.983062934028
142664
0.981332248264
142684
0.987124348958
142704
0.987282986111
142724
0.994683376736
142744
0.994724175347
142764
0.993883897569
142784
0.984036024306
142804
0.983878472222
142824
0.984110026042
142844
0.979179904514
142864
0.978820963542
142884
0.969085720486
142904
0.961273220486
142924
0.954365234375
142944
0.948090494792
142964
0.937340928819
142984
0.941380425347
143004
0.934011067708
143024
0.923304904514
143044
0.923581814236
143064
0.917183810764
143084
0.924909939236
143104
0.924144748264
143124
0.922948784722
143144
0.924852430556
143164
0.922613064236
143184
0.922124131944
143204
0.923513888889
143224
0.922913411458
143244
0.919705946181
143264
0.921150607639
143284
0.923810112847
143304
0.918564670139
143324
0.922951822917
143344
0.924228298611
143364
0.920859592014
143384
0.923312282986
143404
0.924790581597
143424
0.923940321181
143444
0.928290798611
143464
0.929833550347
143484
0.929605685764
143504
0.928880642361
143524
0.923624131944
143544
0.924581597222
143564
0.927984375
143584
0.924212239583
143604
0.930223958333
143624
0.924845052083
143644
0.921628472222
143664
0.924930338542
143684
0.92039453125
143704
0.923656467014
143724
0.924289279514
143744
0.927772135417
143764
0.922855251736
143784
0.926364366319
143804
0.922911024306
143824
0.927122612847
143844
0.931810763889
143864
0.926491970486
143884
0.931809461806
143904
0.929515842014
143924
0.927186848958
143944
0.925959852431
143964
0.926408203125
143984
0.928222439236
144004
0.923766059028
144024
0.92246484375
144044
0.923929036458
144064
0.919538628472
144084
0.919443359375
144104
0.918979817708
144124
0.915132161458
144144
0.920420355903
144164
0.917342664931
144184
0.917055338542
144204
0.915059461806
144224
0.917235894097
144244
0.916981336806
144264
0.916909722222
144284
0.917718967014
144304
0.921170138889
144324
0.922586588542
144344
0.922465277778
144364
0.921807291667
144384
0.925761501736
144404
0.934686631944
144424
0.939135416667
144444
0.932095920139
144464
0.934455295139
144484
0.936432725694
144504
0.935500651042
144524
0.934948133681
144544
0.940187065972
144564
0.93969140625
144584
0.936509114583
144604
0.931928385417
144624
0.930238498264
144644
0.932681206597
144664
0.935031901042
144684
0.929729166667
144704
0.935339626736
144724
0.929598958333
144744
0.931598741319
144764
0.929825954861
144784
0.93094140625
144804
0.934859809028
144824
0.931703993056
144844
0.933767361111
144864
0.932110677083
144884
0.932166666667
144904
0.932457682292
144924
0.935981553819
144944
0.936828125
144964
0.932984809028
144984
0.93509375
145004
0.933634114583
145024
0.936471354167
145044
0.935327039931
145064
0.938775173611
145084
0.935849392361
145104
0.93759765625
145124
0.926732421875
145144
0.931098741319
145164
0.933545572917
145184
0.936809244792
145204
0.937327473958
145224
0.937554253472
145244
0.939435980903
145264
0.937989800347
145284
0.934571831597
145304
0.938697699653
145324
0.938129774306
145344
0.936900390625
145364
0.941232638889
145384
0.935299479167
145404
0.933610894097
145424
0.934481119792
145444
0.930951171875
145464
0.933845269097
145484
0.930565972222
145504
0.930935112847
145524
0.933079861111
145544
0.936025824653
145564
0.937416883681
145584
0.933678168403
145604
0.932613932292
145624
0.933690972222
145644
0.935898003472
145664
0.934883897569
145684
0.940542317708
145704
0.944266059028
145724
0.94042578125
145744
0.942161241319
145764
0.941516059028
145784
0.942377387153
145804
0.947787977431
145824
0.943328776042
145844
0.940340277778
145864
0.933189236111
145884
0.93397265625
145904
0.930003472222
145924
0.932857855903
145944
0.930461371528
145964
0.932509982639
145984
0.926449435764
146004
0.930054470486
146024
0.928720920139
146044
0.926820746528
146064
0.933606987847
146084
0.935903211806
146104
0.931646484375
146124
0.9339609375
146144
0.93262109375
146164
0.928065538194
146184
0.925394314236
146204
0.922569010417
146224
0.929359157986
146244
0.916951822917
146264
0.912872612847
146284
0.912655381944
146304
0.911227647569
146324
0.901170355903
146344
0.895709418403
146364
0.897236545139
146384
0.900569010417
146404
0.894409939236
146424
0.874064453125
146444
0.878467881944
146464
0.867825954861
146484
0.869654513889
146504
0.871488932292
146524
0.880610677083
146544
0.883202473958
146564
0.888555121528
146584
0.888243055556
146604
0.895457248264
146624
0.902524305556
146644
0.911830729167
146664
0.926092447917
146684
0.92328515625
146704
0.927873046875
146724
0.928349826389
146744
0.931777560764
146764
0.929849392361
146784
0.931878255208
146804
0.923275824653
146824
0.921283203125
146844
0.920759982639
146864
0.922142795139
146884
0.926733506944
146904
0.925337673611
146924
0.924955729167
146944
0.92107421875
146964
0.914341579861
146984
0.912239366319
147004
0.923939236111
147024
0.930284071181
147044
0.931822482639
147064
0.933099826389
147084
0.930773871528
147104
0.933961371528
147124
0.928948784722
147144
0.934680555556
147164
0.940618489583
147184
0.944407769097
147204
0.937236328125
147224
0.935811414931
147244
0.937633680556
147264
0.938759982639
147284
0.933568576389
147304
0.936876736111
147324
0.934592447917
147344
0.939303385417
147364
0.935740668403
147384
0.938100694444
147404
0.942323133681
147424
0.946456380208
147444
0.950597873264
147464
0.956467013889
147484
0.964085286458
147504
0.969252170139
147524
0.977063585069
147544
0.975162326389
147564
0.980356987847
147584
0.983677951389
147604
0.988278428819
147624
0.993510850694
147644
0.993627170139
147664
0.992160807292
147684
0.990599175347
147704
0.986074435764
147724
0.976593098958
147744
0.981036241319
147764
0.973999131944
147784
0.970610894097
147804
0.962155164931
147824
0.956291883681
147844
0.947884765625
147864
0.943944010417
147884
0.941725477431
147904
0.935250651042
147924
0.936977430556
147944
0.935137152778
147964
0.941687934028
147984
0.946373480903
148004
0.952083116319
148024
0.959054253472
148044
0.954542751736
148064
0.958344184028
148084
0.952925130208
148104
0.960637803819
148124
0.969103081597
148144
0.974877604167
148164
0.974581597222
148184
0.965249565972
148204
0.959644965278
148224
0.953559027778
148244
0.953810980903
148264
0.951342230903
148284
0.95356640625
148304
0.945003038194
148324
0.945443793403
148344
0.929825303819
148364
0.915519314236
148384
0.909378038194
148404
0.906330946181
148424
0.911945746528
148444
0.919562934028
148464
0.921250434028
148484
0.9301640625
148504
0.937368706597
148524
0.93741796875
148544
0.941790147569
148564
0.946041232639
148584
0.955455295139
148604
0.970199435764
148624
0.962888671875
148644
0.954992621528
148664
0.951240668403
148684
0.953795355903
148704
0.951069878472
148724
0.939399305556
148744
0.946296875
148764
0.956211805556
148784
0.961220703125
148804
0.960534505208
148824
0.967086588542
148844
0.961629123264
148864
0.956706597222
148884
0.954115451389
148904
0.955974609375
148924
0.969806640625
148944
0.970645833333
148964
0.970763020833
148984
0.965268012153
149004
0.958720052083
149024
0.954360894097
149044
0.963611111111
149064
0.969422960069
149084
0.955052517361
149104
0.955285807292
149124
0.955282986111
149144
0.955215060764
149164
0.943567708333
149184
0.945066840278
149204
0.947426432292
149224
0.952486111111
149244
0.953473741319
149264
0.962255859375
149284
0.983326171875
149304
0.982972005208
149324
0.980066623264
149344
0.969618489583
149364
0.967434461806
149384
0.960805555556
149404
0.958988064236
149424
0.946245225694
149444
0.937948350694
149464
0.939375217014
149484
0.9442578125
149504
0.944528211806
149524
0.944653211806
149544
0.944588975694
149564
0.946696180556
149584
0.946743055556
149604
0.970407986111
149624
1.0
149644
1.0
149664
1.0
149684
1.0
149704
1.0
