136506
0.401336449465
136526
0.413444211978
136546
0.416795665635
136566
0.409317252806
136586
0.39350026606
136606
0.392532269898
136626
0.391034168602
136646
0.308208768705
136666
0.290646264674
136686
0.273171943531
136706
0.256120900252
136726
0.246663663409
136746
0.235875116905
136766
0.223591492518
136786
0.206712279896
136806
0.186816204689
136826
0.171771196143
136846
0.164612761223
136866
0.159357061081
136886
0.159083946078
136906
0.153557146543
136926
0.148423390738
136946
0.144037929728
136966
0.144103437016
136986
0.148934347588
137006
0.158285261062
137026
0.170086651026
137046
0.182280076916
137066
0.197730222846
137086
0.208887625774
137106
0.217516447368
137126
0.227229162635
137146
0.238470213332
137166
0.253621545246
137186
0.27348738632
137206
0.289760908475
137226
0.297744231327
137246
0.0762514915506
137266
0.074488337687
137286
0.079569183759
137306
0.0769186580882
137326
0.0573087993421
137346
0.0632921342879
137366
0.0720025880418
137386
0.0787196046182
137406
0.103930336526
137426
0.119419786829
137446
0.0481619662668
137466
0.0523378039538
137486
0.0538913344943
137506
0.0549036740519
137526
0.0586320465686
137546
0.082240873323
137566
0.0765094894866
137586
0.0750945320562
137606
0.0741144422407
137626
0.0840161208398
137646
0.10850072965
137666
0.171057166699
137686
0.178418170311
137706
0.186324396124
137726
0.20178058888
137746
0.177521224361
137766
0.176728082269
137786
0.191013206269
137806
0.176234761997
137826
0.18135894366
137846
0.135991619098
137866
0.176692305212
137886
0.155522869098
137906
0.212834691854
137926
0.215916557824
137946
0.215490256547
137966
0.198894740873
137986
0.210588295762
138006
0.238277722684
138026
0.248247428083
138046
0.238187524187
138066
0.244982645608
138086
0.240752890383
138106
0.242353787732
138126
0.235466956108
138146
0.229529476264
138166
0.231813665022
138186
0.229566261126
138206
0.227198928502
138226
0.232361910636
138246
0.24404286797
138266
0.248304872936
138286
0.24318220298
138306
0.252360277993
138326
0.246394075722
138346
0.132345886545
138366
0.132222430502
138386
0.133185891544
138406
0.158212699142
138426
0.144230420375
138446
0.145175740938
138466
0.165081894189
138486
0.174537115422
138506
0.176174293731
138526
0.111453596652
138546
0.0973100691757
138566
0.119991715848
138586
0.128752055921
138606
0.234890995872
138626
0.230392660765
138646
0.229468504096
138666
0.229979964848
138686
0.230215791086
138706
0.228435504547
138726
0.229366715848
138746
0.229283068079
138766
0.229746154218
138786
0.229996593621
138806
0.229491683598
138826
0.22834530605
138846
0.229058831592
138866
0.23013264722
138886
0.229605061597
138906
0.227553675664
138926
0.052451181953
138946
0.0511853795795
138966
0.0525771575077
138986
0.0998991187758
139006
0.107633513932
139026
0.108953737745
139046
0.200843834656
139066
0.126443175955
139086
0.0977449367905
139106
0.08447265625
139126
0.0752018632288
139146
0.222389685726
139166
0.218811979973
139186
0.1051961389
139206
0.105163385255
139226
0.108599998388
139246
0.115295347168
139266
0.109264141512
139286
0.107909652348
139306
0.137004462558
139326
0.12160924197
139346
0.135887815241
139366
0.192465956366
139386
0.145262916022
139406
0.10683583672
139426
0.105038417505
139446
0.104682662539
139466
0.105168424278
139486
0.104643862068
139506
0.104729525445
139526
0.106221076013
139546
0.160153730489
139566
0.159687620937
139586
0.113424862132
139606
0.108473518931
139626
0.108937108972
139646
0.113064572046
139666
0.218944002354
139686
0.150507026413
139706
0.174744219234
139726
0.187037417763
139746
0.188745646285
139766
0.226812939403
139786
0.218510142544
139806
0.23127499355
139826
0.218719261965
139846
0.226788248194
139866
0.236625427309
139886
0.173825101587
139906
0.133944768286
139926
0.11130091428
139946
0.112384304051
139966
0.0968273308501
139986
0.16763264722
140006
0.185421403348
140026
0.156106387868
140046
0.0996229803599
140066
0.357160853651
140086
0.196858472007
140106
0.122381220169
140126
0.10448765238
140146
0.16986745356
140166
0.239223547149
140186
0.153991510255
140206
0.0846328971556
140226
0.051850026606
140246
0.0517200198336
140266
0.119217722039
140286
0.161069824723
140306
0.117269132159
140326
0.157444248259
140346
0.101168952367
140366
0.139119844072
140386
0.145088061952
140406
0.246051926116
140426
0.0961616760191
140446
0.146711634901
140466
0.0845804913248
140486
0.108059815209
140506
0.105337735423
140526
0.106983983972
140546
0.106176732617
140566
0.119154734262
140586
0.122050660313
140606
0.107513585204
140626
0.117620855908
140646
0.0918240857198
140666
0.0977338509417
140686
0.0866404435952
140706
0.0782036087461
140726
0.104516878709
140746
0.0973574359843
140766
0.103695518092
140786
0.137118344459
140806
0.150178482166
140826
0.162593625032
140846
0.145032632708
140866
0.152741328851
140886
0.144154835043
140906
0.100629776993
140926
0.102884739422
140946
0.101636573626
140966
0.107271208237
140986
0.129792614003
141006
0.117790670956
141026
0.129860640802
141046
0.138499540441
141066
0.144893051793
141086
0.141041223233
141106
0.129153162087
141126
0.114156528154
141146
0.122617046407
141166
0.0876673963171
141186
0.0910803260449
141206
0.146578100813
141226
0.140287385513
141246
0.14369326061
141266
0.119426337558
141286
0.114539997743
141306
0.116346991099
141326
0.0964635134481
141346
0.109577568692
141366
0.0998058968653
141386
0.0958341395769
141406
0.100553183856
141426
0.0806097418408
141446
0.0851614905831
141466
0.0693424882288
141486
0.0616227062371
141506
0.0645755732392
141526
0.0645886746969
141546
0.0917364067337
141566
0.0892899614616
141586
0.0886222910217
141606
0.142122093492
141626
0.140649187307
141646
0.0658640512126
141666
0.0662707003031
141686
0.0626093467815
141706
0.060272752193
141726
0.132356468492
141746
0.132082345685
141766
0.131658060017
141786
0.132486475264
141806
0.131611701013
141826
0.0591646712139
141846
0.0586008046311
141866
0.058948497162
141886
0.0586658080173
141906
0.0590099732327
141926
0.154563439274
141946
0.147669553019
141966
0.14180816241
141986
0.129760868163
142006
0.118668972523
142026
0.110716387706
142046
0.309132421472
142066
0.0921203802245
142086
0.0631888343331
142106
0.0823068845137
142126
0.0705206116164
142146
0.0572311984004
142166
0.0747735463429
142186
0.107441023284
142206
0.12560417876
142226
0.101452649316
142246
0.0615753394285
142266
0.0567746629902
142286
0.0966776718911
142306
0.0761683476845
142326
0.0770038175632
142346
0.0760978013738
142366
0.070683372033
142386
0.0776971870163
142406
0.0651797519995
142426
0.0578419278896
142446
0.0766727538055
142466
0.0762671125193
142486
0.0767503547472
142506
0.0786767729296
142526
0.0786682065918
142546
0.0787372411958
142566
0.080598655992
142586
0.0797153154025
142606
0.0834119420795
142626
0.0856230650155
142646
0.0857560952012
142666
0.0895822247485
142686
0.0926696336429
142706
0.0913922415183
142726
0.0884796866938
142746
0.0877757352941
142766
0.0876341387706
142786
0.083876036023
142806
0.0755052123646
142826
0.0712149888738
142846
0.0680479634288
142866
0.0635607141705
142886
0.0626698150477
142906
0.0725473063403
142926
0.0973004950335
142946
0.129276114229
142966
0.147895301213
142986
0.161129285184
143006
0.18792932469
143026
0.230301958366
143046
0.255821078431
143066
0.24787655605
143086
0.232191087784
143106
0.244145664022
143126
0.253383199497
143146
0.26105561468
143166
0.151396917731
143186
0.282653367679
143206
0.297205559856
143226
0.40685871388
143246
0.365437447594
143266
0.34986838074
143286
0.33182011497
143306
0.344938705334
143326
0.398233923504
143346
0.404766511868
143366
0.391645905895
143386
0.401965823336
143406
0.405621633933
143426
0.392906669247
143446
0.408222273284
143466
0.457329560114
143486
0.472343830624
143506
0.466679969685
143526
0.458784325819
143546
0.472153859488
143566
0.430020579367
143586
0.403062818466
143606
0.058517660765
143626
0.319610564209
143646
0.315005401832
143666
0.309365224297
143686
0.267450637739
143706
0.223674132482
143726
0.212737942628
143746
0.260375346685
143766
0.27261311597
143786
0.254038776284
143806
0.229795536636
143826
0.231924019608
143846
0.255715762868
143866
0.264292682534
143886
0.228178010513
143906
0.221844463526
143926
0.205993715332
143946
0.188292134288
143966
0.185271744389
143986
0.181195679341
144006
0.173259219395
144026
0.177620493099
144046
0.203062012223
144066
0.195051478651
144086
0.256367812339
144106
0.288683061629
144126
0.304459736197
144146
0.291541698916
144166
0.323461384965
144186
0.406833014867
144206
0.459178377354
144226
0.413375681276
144246
0.367637484681
144266
0.354826274671
144286
0.358065358133
144306
0.3620094008
144326
0.363599716202
144346
0.391889794569
144366
0.424952834752
144386
0.421204306147
144406
0.528955733198
144426
0.667448219008
144446
0.628228501516
144466
0.590039264061
144486
0.553008497807
144506
0.519051031186
144526
0.477239744582
144546
0.447553353167
144566
0.438561721975
144586
0.421728868357
144606
0.472276811629
144626
0.49409980892
144646
0.492272659475
144666
0.469920060952
144686
0.463378402348
144706
0.463505889609
144726
0.54371603699
144746
0.548088396543
144766
0.521359911152
144786
0.555558243034
144806
0.515772139448
144826
0.491219503838
144846
0.471624762158
144866
0.46649251806
144886
0.472192156057
144906
0.466392241518
144926
0.474566039409
144946
0.480373008578
144966
0.518334986133
144986
0.567505764641
145006
0.547900441015
145026
0.490548306082
145046
0.483153037119
145066
0.463807223136
145086
0.468927877483
145106
0.422210598878
145126
0.366374201819
145146
0.268858036636
145166
0.3524937113
145186
0.380511682469
145206
0.441606299181
145226
0.409454314209
145246
0.394875415215
145266
0.372812056566
145286
0.355891020059
145306
0.339376632643
145326
0.303478638577
145346
0.290765689499
145366
0.298333796923
145386
0.30645670069
145406
0.311655963784
145426
0.32628323739
145446
0.325598434275
145466
0.373291771478
145486
0.43060510594
145506
0.412945852683
145526
0.512172261997
145546
0.557858052761
145566
0.608056791796
145586
0.591546939499
145606
0.581379200529
145626
0.566016229683
145646
0.549631345137
145666
0.530444260352
145686
0.513140258159
145706
0.527236418827
145726
0.533159285507
145746
0.522852973426
145766
0.544815551632
145786
0.530710824626
145806
0.509664844556
145826
0.486361886449
145846
0.508111314016
145866
0.550446658927
145886
0.583583268834
145906
0.611630466331
145926
0.642515641125
145946
0.683719221652
145966
0.699992743808
145986
0.746289767963
146006
0.756103767576
146026
0.766931618453
146046
0.777564963074
146066
0.800222422439
146086
0.842845495517
