182169
0.208630741004
182189
0.203052497633
182209
0.227332899306
182229
0.235629241635
182249
0.212367818813
182269
0.225273733428
182289
0.213306897096
182309
0.215506628788
182329
0.229697857481
182349
0.243066899463
182369
0.161660057607
182389
0.110855626578
182409
0.128926471749
182429
0.121668343592
182449
0.144258009785
182469
0.16285560685
182489
0.127252505524
182509
0.198881392045
182529
0.218601049558
182549
0.221311750316
182569
0.232729146938
182589
0.255327197759
182609
0.197158104482
182629
0.229749644886
182649
0.202786162405
182669
0.212862018624
182689
0.235602608112
182709
0.245554174558
182729
0.192885396938
182749
0.193590198864
182769
0.195703618213
182789
0.20563052399
182809
0.224852529198
182829
0.110054648043
182849
0.0902945470328
182869
0.0790640782828
182889
0.0645182291667
182909
0.0615485913826
182929
0.0670296717172
182949
0.0775139086174
182969
0.208576487532
182989
0.207103259154
183009
0.209798670297
183029
0.201710957229
183049
0.216397865372
183069
0.191368272569
183089
0.218450619476
183109
0.211495817551
183129
0.205460365372
183149
0.198791133996
183169
0.222841205019
183189
0.199753886521
183209
0.229214508365
183229
0.228866792929
183249
0.233559718277
183269
0.243561099274
183289
0.252071989426
183309
0.203658163668
183329
0.212941919192
183349
0.215450402462
183369
0.221453302557
183389
0.216732264047
183409
0.195823962279
183429
0.214935487689
183449
0.223625414299
183469
0.229131155303
183489
0.243526574337
183509
0.249294704861
183529
0.182545178346
183549
0.212359927399
183569
0.20309146149
183589
0.219430141256
183609
0.245025449811
183629
0.260314078283
183649
0.168817570234
183669
0.153381964173
183689
0.152223405934
183709
0.143928543245
183729
0.171304845328
183749
0.190306384154
183769
0.189122672033
183789
0.205215238321
183809
0.211202848801
183829
0.230084043561
183849
0.250082366635
183869
0.244396109533
183889
0.209931344697
183909
0.206777245107
183929
0.226088028725
183949
0.242116477273
183969
0.259641828441
183989
0.207722735164
184009
0.219636304451
184029
0.21601858428
184049
0.227507990057
184069
0.22802586411
184089
0.245566998106
184109
0.265015881471
184129
0.277984927399
184149
0.206729403409
184169
0.210288431187
184189
0.198466106376
184209
0.188624033302
184229
0.195565518466
184249
0.168726818971
184269
0.191011679293
184289
0.228766177399
184309
0.244533222854
184329
0.240644728535
184349
0.27607569839
184369
0.190807488952
184389
0.212945864899
184409
0.225565715751
184429
0.26558850221
184449
0.294250611585
184469
0.217911044034
184489
0.21884913589
184509
0.220148259943
184529
0.208416686395
184549
0.205227568655
184569
0.209035175979
184589
0.137217388731
184609
0.15905293166
184629
0.136809008049
184649
0.270287346117
184669
0.933806324968
184689
0.962518248895
184709
0.966536951547
184729
0.992948035038
184749
0.98454121291
184769
0.984826290246
184789
0.990978633996
184809
0.991114267677
184829
0.9912735756
184849
0.982230014994
184869
0.982943201547
184889
0.991262231692
184909
0.991320430871
184929
0.99136975221
184949
0.981321022727
184969
0.981409307923
184989
0.990561868687
185009
0.99039762863
185029
0.989739188763
185049
0.989223780777
185069
0.979401929451
185089
0.976839685922
185109
0.965273832071
185129
0.949842171717
185149
0.94111772017
185169
0.92467497238
185189
0.907916568024
185209
0.908648496686
185229
0.907880070234
185249
0.906927181976
185269
0.912609986585
185289
0.912672131471
185309
0.915360144413
185329
0.918702158302
185349
0.921067609691
185369
0.926900351168
185389
0.92861180161
185409
0.926106770833
185429
0.920626676926
185449
0.920516690341
185469
0.921170691288
185489
0.917264441288
185509
0.909132339015
185529
0.905660116793
185549
0.901822916667
185569
0.899158577967
185589
0.892969243213
185609
0.882897825915
185629
0.876569404987
185649
0.872687322443
185669
0.866641512784
185689
0.871718158144
185709
0.874075718119
185729
0.873876459912
185749
0.875767933239
185769
0.888388770518
185789
0.891290838068
185809
0.879032512626
185829
0.877856691919
185849
0.867798591383
185869
0.860568576389
185889
0.849582248264
185909
0.831087732797
185929
0.820806699811
185949
0.824168442235
185969
0.808400903567
185989
0.809388316761
186009
0.816201073232
186029
0.830451980745
186049
0.850299380524
186069
0.870815577652
186089
0.883242088857
186109
0.893350990372
186129
0.916614879261
186149
0.936145636048
186169
0.939126124527
186189
0.948079920297
186209
0.950573113952
186229
0.952029573074
186249
0.962934520991
186269
0.948809382891
186289
0.930811533302
186309
0.917908577967
186329
0.897055516098
186349
0.886217645202
186369
0.886008522727
186389
0.877368410669
186409
0.880675406408
186429
0.872119633838
186449
0.871623461174
186469
0.883096097696
186489
0.882525943024
186509
0.885769314236
186529
0.889809718277
186549
0.882140743371
186569
0.885241575915
186589
0.886482500789
186609
0.885415187027
186629
0.888774956597
186649
0.882427793561
186669
0.882161951547
186689
0.886764125631
186709
0.895249368687
186729
0.899653764205
186749
0.900014303188
186769
0.904289476799
186789
0.909686710859
186809
0.914111821338
186829
0.915241279987
186849
0.911103219697
186869
0.910899029356
186889
0.911577197759
186909
0.901830808081
186929
0.906078361742
186949
0.897328756313
186969
0.899700619476
186989
0.893531013258
187009
0.886155993529
187029
0.885734296086
187049
0.888338462753
187069
0.878237452652
187089
0.879652975063
187109
0.876647332702
187129
0.879418205492
187149
0.883005346433
187169
0.88701467803
187189
0.890714271622
187209
0.892884903725
187229
0.888243765783
187249
0.892673315183
187269
0.893112275095
187289
0.905252722538
187309
0.894151475694
187329
0.900444385259
187349
0.898913450915
187369
0.896059718277
187389
0.890868154198
187409
0.891025489268
187429
0.883963166824
187449
0.878182705966
187469
0.851414535985
187489
0.841872336648
187509
0.848853278883
187529
0.849515171244
187549
0.849732185133
187569
0.84654997238
187589
0.860112354009
187609
0.876949672506
187629
0.899992601799
187649
0.875240194918
187669
0.892326092961
187689
0.902122790404
187709
0.900487788037
187729
0.907069720644
187749
0.918366279987
187769
0.912880267519
187789
0.932239386048
187809
0.933653922033
187829
0.929014263731
187849
0.928668521149
187869
0.930084536774
187889
0.929150883838
187909
0.931161221591
187929
0.935062539457
187949
0.933652935606
187969
0.943310053662
187989
0.955404139047
188009
0.964961134785
188029
0.973800505051
188049
0.977023161301
188069
0.985568576389
188089
0.993414121686
188109
0.993484651199
188129
0.993510791509
188149
0.984995462437
188169
0.967088857323
188189
0.963772983744
188209
0.940286162405
188229
0.927040916982
188249
0.907055417456
188269
0.897093986742
188289
0.877220446654
188309
0.878772589173
188329
0.875235755997
188349
0.890244732481
188369
0.886835148359
188389
0.894577612058
188409
0.890007496843
188429
0.897393367266
188449
0.90052034012
188469
0.897127032039
188489
0.879142992424
188509
0.88727114899
188529
0.892143110795
188549
0.88450915404
188569
0.871444917929
188589
0.874816524621
188609
0.883400410354
188629
0.900560783617
188649
0.910869436553
188669
0.90215287642
188689
0.911621586963
188709
0.927222419508
188729
0.91751696654
188749
0.919523851799
188769
0.916140901199
188789
0.914581853693
188809
0.917423255997
188829
0.917884903725
188849
0.925140072601
188869
0.925946476484
188889
0.923431088226
188909
0.921244180082
188929
0.923512961648
188949
0.913500236742
188969
0.905899325284
188989
0.898672762784
189009
0.904269255051
189029
0.897362788037
189049
0.899436257102
189069
0.893447660196
189089
0.902061138731
189109
0.910417653093
189129
0.911191998106
189149
0.90202020202
189169
0.9079451744
189189
0.917307350852
189209
0.918642479482
189229
0.926548690025
189249
0.926188151042
189269
0.921965751263
189289
0.928537326389
189309
0.932211272885
189329
0.927092704388
189349
0.938710838857
189369
0.939784071181
189389
0.944196358112
189409
0.94961085464
189429
0.953992562342
189449
0.96353772096
189469
0.968382556029
189489
0.975091244476
189509
0.984019886364
189529
0.980883049242
189549
0.979915857797
189569
0.976004182449
189589
0.958893130524
189609
0.955981198706
189629
0.940096275253
189649
0.932627544981
189669
0.930558514836
189689
0.93033459596
189709
0.929827079388
189729
0.928939295297
189749
0.931823113952
189769
0.922259706439
189789
0.919008443813
189809
0.917550505051
189829
0.923372889047
189849
0.92932893387
189869
0.942916962595
189889
0.952926235006
189909
0.968258266256
189929
0.978798729482
189949
0.992470111269
189969
0.992911537247
189989
0.993018564552
190009
0.99117739899
190029
0.967715731534
190049
0.95302438447
190069
0.930784406566
190089
0.906518801294
190109
0.885723445391
190129
0.856094637784
190149
0.829069010417
190169
0.835850694444
190189
0.839554726957
190209
0.84127949416
190229
0.832243331755
190249
0.826839192708
190269
0.835548847854
190289
0.857696101641
190309
0.857148634785
190329
0.850432548138
190349
0.856522253788
190369
0.873582504735
190389
0.888740924874
190409
0.884916055082
190429
0.874412089646
190449
0.86891473327
190469
0.862960661301
190489
0.852051274463
190509
0.852288016888
190529
0.841710069444
190549
0.841827947443
190569
0.851618233112
190589
0.870781545928
190609
0.895163056345
190629
0.921731474905
190649
0.927764461016
190669
0.939726858428
190689
0.945167988479
190709
0.954741260259
190729
0.955541745581
190749
0.954348169192
190769
0.938964350537
190789
0.945802754104
190809
0.947494969223
190829
0.959639362374
190849
0.935208037405
190869
0.932073173138
190889
0.899214804293
190909
0.894660471907
190929
0.889756451231
190949
0.895844184028
190969
0.899168442235
190989
0.921144550979
191009
0.918039279514
191029
0.946042949021
191049
0.96650390625
191069
0.967363083965
191089
0.949184718277
191109
0.952500591856
191129
0.921815814394
191149
0.926185191761
191169
0.927434501263
191189
0.930885022096
191209
0.941905875158
191229
0.941658775253
191249
0.911881510417
191269
0.943207465278
191289
0.943309067235
191309
0.945389441288
191329
0.943710542929
191349
0.931981928662
191369
0.944441978378
191389
0.972199534407
191409
0.948297427399
191429
0.92180792298
191449
0.924693221275
191469
0.923898654514
191489
0.929893169981
191509
0.938238833649
191529
0.932797210385
191549
0.953239918718
191569
0.975511462279
191589
0.977142025726
191609
0.977470999053
191629
0.978348918876
191649
0.978354344223
191669
0.978358783144
191689
0.978369140625
191709
1.0
191729
1.0
191749
1.0
