167475
0.125659787002
167495
0.142786069652
167515
0.156646455224
167535
0.154840543377
167555
0.0565968983209
167575
0.0568072722326
167595
0.0985720810012
167615
0.0631078008396
167635
0.0884386660448
167655
0.0795461170709
167675
0.0609671369714
167695
0.229839085821
167715
0.0649137126866
167735
0.315931572606
167755
0.104032571517
167775
0.144007015703
167795
0.116866351835
167815
0.115889303483
167835
0.0641718166978
167855
0.06767821051
167875
0.156753342662
167895
0.149326609142
167915
0.177312169621
167935
0.172153879042
167955
0.185745588464
167975
0.15538081079
167995
0.142855546486
168015
0.160162080224
168035
0.155709732587
168055
0.112981965174
168075
0.161786283427
168095
0.16386475824
168115
0.170904267724
168135
0.140792618937
168155
0.156407901897
168175
0.164097967195
168195
0.15965825171
168215
0.161067222481
168235
0.134718497357
168255
0.195339707711
168275
0.135196575715
168295
0.161218808302
168315
0.181292269123
168335
0.175255072295
168355
0.135696517413
168375
0.140454951803
168395
0.170443194185
168415
0.157969430193
168435
0.168477922886
168455
0.158550023321
168475
0.160610035759
168495
0.211663848725
168515
0.411963133551
168535
0.79472413324
168555
0.829822566853
168575
0.2007569574
168595
0.16123532727
168615
0.156051772388
168635
0.152440920398
168655
0.142859919154
168675
0.146277402052
168695
0.150378964552
168715
0.150443097015
168735
0.144478292133
168755
0.158085548818
168775
0.162281852456
168795
0.162848355877
168815
0.15245598181
168835
0.162633609297
168855
0.199683710354
168875
0.22999261505
168895
0.25262700171
168915
0.267995957711
168935
0.274351873445
168955
0.277327716884
168975
0.286991798818
168995
0.284376457556
169015
0.280003303794
169035
0.27508065143
169055
0.282877604167
169075
0.301802996735
169095
0.319496754509
169115
0.320262457245
169135
0.316995102612
169155
0.317082070118
169175
0.309153937345
169195
0.298767393501
169215
0.29491458722
169235
0.296917269123
169255
0.304028684701
169275
0.307376690765
169295
0.306248542444
169315
0.323220810012
169335
0.315725571362
169355
0.298732412158
169375
0.284693233053
169395
0.279435342817
169415
0.2759522699
169435
0.277306825249
169455
0.276643637282
169475
0.269236823694
169495
0.2484496463
169515
0.25224852301
169535
0.265750835665
169555
0.269485094061
169575
0.289660097948
169595
0.279267238029
169615
0.273722695118
169635
0.284248678483
169655
0.269671175373
169675
0.279555348259
169695
0.292752545864
169715
0.32509036847
169735
0.320849852301
169755
0.311856731965
169775
0.277633803638
169795
0.266333858053
169815
0.258653509795
169835
0.252377759639
169855
0.244458858053
169875
0.238685964708
169895
0.226903568097
169915
0.239464299596
169935
0.239733461598
169955
0.255622279229
169975
0.24344002643
169995
0.260266538402
170015
0.243454116138
170035
0.245021474658
170055
0.236467078669
170075
0.256691639459
170095
0.241521882774
170115
0.250749183769
170135
0.25859132074
170155
0.250037410603
170175
0.270209499378
170195
0.256565317942
170215
0.261339785448
170235
0.259691289646
170255
0.246474172108
170275
0.253221684546
170295
0.237806572606
170315
0.247051850124
170335
0.239689249067
170355
0.227680931281
170375
0.231605157805
170395
0.236134270056
170415
0.235080942942
170435
0.237289626088
170455
0.236366993159
170475
0.233497551306
170495
0.232433049596
170515
0.236925722948
170535
0.242196245336
170555
0.256383123445
170575
0.255907474347
170595
0.247740788246
170615
0.247542560634
170635
0.255505188899
170655
0.259927413713
170675
0.25949694885
170695
0.266688530006
170715
0.267063607743
170735
0.261551616915
170755
0.261414120802
170775
0.260682427705
170795
0.265944204757
170815
0.269254800218
170835
0.273063393968
170855
0.269473433613
170875
0.278899448072
170895
0.27940667755
170915
0.27224862018
170935
0.265075987251
170955
0.263693252488
170975
0.26689210199
170995
0.271807952425
171015
0.284926442009
171035
0.289514828203
171055
0.308774001088
171075
0.308253167755
171095
0.303871754509
171115
0.302369986007
171135
0.296448907805
171155
0.285480313277
171175
0.267957089552
171195
0.267025711287
171215
0.256460859764
171235
0.251573188744
171255
0.25048585199
171275
0.247659165112
171295
0.236973822295
171315
0.242200618004
171335
0.232295553483
171355
0.23068592584
171375
0.23838619403
171395
0.242829310479
171415
0.241593788868
171435
0.242221509639
171455
0.242966806592
171475
0.236068680037
171495
0.235037702114
171515
0.239701395367
171535
0.234094663402
171555
0.235436100746
171575
0.228077872357
171595
0.224519492382
171615
0.23319340796
171635
0.245832361629
171655
0.24971188977
171675
0.239986104633
171695
0.247522154851
171715
0.252578902363
171735
0.252959324471
171755
0.248263564988
171775
0.242216651119
171795
0.260223783427
171815
0.284400750155
171835
0.287845440765
171855
0.28926267102
171875
0.270044309701
171895
0.251863242382
171915
0.255165578358
171935
0.252881102301
171955
0.246654909049
171975
0.229202133862
171995
0.221668027052
172015
0.214942863806
172035
0.236588055815
172055
0.264651838464
172075
0.267720965485
172095
0.261997629042
172115
0.258031133396
172135
0.251742751088
172155
0.250311916978
172175
0.245505869092
172195
0.254231284981
172215
0.274799343128
172235
0.287511174596
172255
0.289213599969
172275
0.312713774876
172295
0.310775225435
172315
0.314100396455
172335
0.318050373134
172355
0.321202094994
172375
0.324931494869
172395
0.351072275342
172415
0.365404909049
172435
0.372151449782
172455
0.379584499378
172475
0.366312480566
172495
0.351120374689
172515
0.341200248756
172535
0.346983830846
172555
0.346833216729
172575
0.333864369558
172595
0.345235735386
172615
0.334509581001
172635
0.32870607898
172655
0.316712822606
172675
0.302775672419
172695
0.28093516791
172715
0.257036594372
172735
0.247662566076
172755
0.234547963308
172775
0.243083896922
172795
0.218608131219
172815
0.20468992926
172835
0.183844449627
172855
0.168981751399
172875
0.173951531405
172895
0.170896494092
172915
0.166081215019
172935
0.176981304415
172955
0.195054026741
172975
0.203121113184
172995
0.193335568252
173015
0.183770114272
173035
0.161639070274
173055
0.165182388837
173075
0.157543337998
173095
0.141522854478
173115
0.134751535292
173135
0.137617576182
173155
0.137066134173
173175
0.138156386039
173195
0.135566794932
173215
0.136762962531
173235
0.134174343128
173255
0.129105935168
173275
0.124490341262
173295
0.124905258862
173315
0.123652732432
173335
0.124793027052
173355
0.122786458333
173375
0.125028179415
173395
0.126511971393
173415
0.127970984919
173435
0.131344741138
173455
0.129896902208
173475
0.131026993937
173495
0.127550722948
173515
0.127187791511
173535
0.130291899876
173555
0.128792560634
173575
0.127642548974
173595
0.131148456934
173615
0.131066347948
173635
0.13224113806
173655
0.132184293377
173675
0.131509930815
173695
0.135780569807
173715
0.138420689521
173735
0.13835704291
173755
0.133032590951
173775
0.132621074316
173795
0.13552501166
173815
0.13513924518
173835
0.135564851524
173855
0.135090659981
173875
0.130794270833
173895
0.134422127643
173915
0.161262534981
173935
0.161868392413
173955
0.164373445274
173975
0.163727747979
173995
0.162935809235
174015
0.188091767724
174035
0.195238164646
174055
0.19129644745
174075
0.192771494092
174095
0.19367177783
174115
0.189777188277
174135
0.185209693719
174155
0.182101698539
174175
0.177816969838
174195
0.175926033893
174215
0.176201026119
174235
0.174515119714
174255
0.162721548507
174275
0.163461015236
174295
0.159237503887
174315
0.156061003576
174335
0.15683350824
174355
0.154328941231
174375
0.143357917444
174395
0.140869383551
174415
0.139366643346
174435
0.129938685479
174455
0.125017976524
174475
0.123424381996
174495
0.122710665423
174515
0.123078455379
174535
0.121094721704
174555
0.11864019745
174575
0.120607412158
174595
0.122379314366
174615
0.124192513993
174635
0.121103952892
174655
0.124408232276
174675
0.123018209733
174695
0.126195195896
174715
0.123031327736
174735
0.12647699005
174755
0.124350901741
174775
0.124655045087
174795
0.123368509017
174815
0.120361571051
174835
0.121552880131
174855
0.120801267102
174875
0.121315784359
174895
0.122939015858
174915
0.120907182836
174935
0.123839299596
174955
0.122065939832
174975
0.124264905939
174995
0.121819612873
175015
0.119677977301
175035
0.118357917444
175055
0.12248280084
175075
0.121467856032
175095
0.120208041822
175115
0.123434584888
175135
0.119031308302
175155
0.122199063277
175175
0.124254703047
175195
0.123860191231
175215
0.126298196517
175235
0.129591301306
175255
0.131066347948
175275
0.139718886039
175295
0.153275614117
175315
0.187681708644
175335
0.205056747512
175355
0.230133026275
175375
0.218962803172
175395
0.191908620958
175415
0.173693058147
175435
0.14139653296
175455
0.128494247512
175475
0.127826686878
175495
0.125361473881
175515
0.124897971082
175535
0.123058535448
175555
0.132555970149
175575
0.147698519123
175595
0.157982062345
175615
0.173323324782
175635
0.180936139614
175655
0.171719527363
175675
0.179140430659
175695
0.179046661225
175715
0.175276935634
175735
0.174398515236
175755
0.17138671875
175775
0.179571381374
175795
0.199222150964
175815
0.206243683924
175835
0.190152751866
175855
0.161739155784
175875
0.148210607121
175895
0.137889167444
175915
0.139329718595
175935
0.139366643346
175955
0.141177413713
175975
0.144892723881
175995
0.14697751477
176015
0.142696187034
176035
0.150096684546
176055
0.13367440143
176075
0.138203999534
176095
0.139817513993
176115
0.135515780473
176135
0.18729982898
176155
0.312494169776
176175
0.999766791045
176195
0.146153509795
176215
0.136993256374
176235
0.113150555815
176255
0.106885494403
176275
0.106953513682
176295
0.120634134017
176315
0.122158737562
176335
0.120530647544
176355
0.189097967195
176375
0.222076628576
176395
0.276832633706
176415
0.287840096393
176435
0.289330690299
176455
0.292503789646
176475
0.30049799829
176495
0.292524681281
176515
0.293355974036
176535
0.295783290578
176555
0.298004605877
176575
0.29988533893
176595
0.299496171486
176615
0.298355391014
176635
0.301774331468
176655
0.301399739583
176675
0.939994849969
176695
0.79832283893
176715
0.766577755752
176735
0.795768229167
176755
0.815223200404
176775
0.893788868159
176795
0.952789762127
176815
0.978658951337
176835
0.999755616449
176855
1.0
176875
1.0
176895
0.0481790267413
176915
0.0464401624689
176935
0.0464945778918
176955
0.0463541666667
176975
0.0464654267724
176995
1.0
177015
1.0
177035
1.0
177055
1.0
