130855
0.0836024953358
130875
0.0842535370025
130895
0.0838774875622
130915
0.0847942902674
130935
0.0825083566542
130955
0.0784723841729
130975
0.0747347248134
130995
0.0682651197139
131015
0.0647218011505
131035
0.0620335820896
131055
0.0616395561256
131075
0.0601329291045
131095
0.0570579718595
131115
0.0545796408582
131135
0.0683064171331
131155
0.0766203163868
131175
0.117183127332
131195
0.122347733986
131215
0.104753575871
131235
0.0989369558458
131255
0.0966126399254
131275
0.0974045786692
131295
0.0961331040112
131315
0.0974662818719
131335
0.0946323072139
131355
0.0933239078047
131375
0.0956195584577
131395
0.0982038051928
131415
0.0975926033893
131435
0.0934113611629
131455
0.100065590019
131475
0.0835164995336
131495
0.0731605643657
131515
0.0736245530162
131535
0.0790855293843
131555
0.0822654306592
131575
0.076610113495
131595
0.0726300139925
131615
0.0602728544776
131635
0.0662362018035
131655
0.0726198111007
131675
0.0829883784204
131695
0.0893311761505
131715
0.0878935401119
131735
0.0831482237251
131755
0.0833182719216
131775
0.0868980293843
131795
0.0863135494403
131815
0.0932451997823
131835
0.0876773359764
131855
0.0814025575249
131875
0.0817198188744
131895
0.080567377954
131915
0.0828168726679
131935
0.0898563821517
131955
0.0908538362873
131975
0.0921325987251
131995
0.0923672652363
132015
0.0917580068408
132035
0.0902635261194
132055
0.0906386038557
132075
0.0932175062189
132095
0.0938253070585
132115
0.0931281094527
132135
0.0916054493159
132155
0.0910326298197
132175
0.0911881024565
132195
0.090967039801
132215
0.0898821323072
132235
0.091064210199
132255
0.0892495530162
132275
0.0900609258396
132295
0.0875432408271
132315
0.0815332517102
132335
0.0805819535137
132355
0.0833892063122
132375
0.0838468788868
132395
0.0806339396766
132415
0.079738028607
132435
0.0870646766169
132455
0.0916705534826
132475
0.0885076570274
132495
0.0890994247512
132515
0.0922953591418
132535
0.101450754042
132555
0.107703183302
132575
0.111205204447
132595
0.122013467817
132615
0.152204796331
132635
0.127701337065
132655
0.133064171331
132675
0.118071750622
132695
0.115555523165
132715
0.122545961598
132735
0.104749203203
132755
0.104476640236
132775
0.105900672419
132795
0.10351076648
132815
0.104356148943
132835
0.103861065765
132855
0.10360842273
132875
0.10379158893
132895
0.104630655317
132915
0.103335373912
132935
0.102917055348
132955
0.100872104322
132975
0.103839688277
132995
0.102933088464
133015
0.104962492226
133035
0.110690687189
133055
0.0984243819963
133075
0.080665520056
133095
0.0750072877799
133115
0.0789091651119
133135
0.0846363883706
133155
0.0865321828358
133175
0.0814992420709
133195
0.0788032493781
133215
0.0815609452736
133235
0.082420903296
133255
0.0856328708022
133275
0.079346917755
133295
0.0820463114117
133315
0.10076424518
133335
0.105456117848
133355
0.105080068408
133375
0.103532143968
133395
0.103364039179
133415
0.102903937345
133435
0.100803599192
133455
0.0998921408582
133475
0.100154986785
133495
0.101937577736
133515
0.101304998445
133535
0.0997828241604
133555
0.100324063277
133575
0.101225804571
133595
0.100053443719
133615
0.0991915422886
133635
0.0996919698383
133655
0.100331836909
133675
0.118496871113
133695
0.118678579757
133715
0.119518131996
133735
0.118896727301
133755
0.169822761194
133775
0.17072012982
133795
0.167747687345
133815
0.166078785759
133835
0.165465154695
133855
0.16592768579
133875
0.166402363184
133895
0.165536089086
133915
0.163537779851
133935
0.165709052394
133955
0.165502079447
133975
0.166021455224
133995
0.161798915578
134015
0.161896085976
134035
0.163016946517
134055
0.163587822606
134075
0.162513118004
134095
0.162928035603
134115
0.16307136194
134135
0.162967389614
134155
0.161807660914
134175
0.163058729789
134195
0.162088969216
134215
0.163141324627
134235
0.162183224502
134255
0.160770366915
134275
0.158526216573
134295
0.158859996891
134315
0.15730721393
134335
0.155717506219
134355
0.157856712531
134375
0.157273690143
134395
0.157894123134
134415
0.15643559546
134435
0.156354458178
134455
0.155698072139
134475
0.154940143035
134495
0.152316542289
134515
0.156667346859
134535
0.154726368159
134555
0.155261777052
134575
0.15382802783
134595
0.155289956468
134615
0.153356751399
134635
0.152678502021
134655
0.152036691542
134675
0.151871501866
134695
0.150729749689
134715
0.148985055193
134735
0.149568077581
134755
0.151383220616
134775
0.152841262438
134795
0.150498969994
134815
0.114124689055
134835
0.0678672069341
134855
0.0520425217662
134875
0.0553025886194
134895
0.054345946051
134915
0.0566960121269
134935
0.0557714357898
134955
0.0618368120336
134975
0.058741449005
134995
0.0576443952114
135015
0.0566940687189
135035
0.0558399409204
135055
0.0558044737251
135075
0.05449461676
135095
0.0544513759328
135115
0.0548750388682
135135
0.055470207556
135155
0.055714591107
135175
0.0556538596082
135195
0.0554522310323
135215
0.0560027013371
135235
0.0557840679415
135255
0.0990579329913
135275
0.309773398632
135295
1.0
135315
1.0
135335
0.987243956001
135355
0.987241526741
135375
0.987242012593
135395
0.987244441853
135415
0.987244441853
135435
0.968887981965
135455
0.968886524409
135475
0.968880208333
135495
0.968884095149
135515
1.0
135535
0.980887554415
135555
0.980885125155
135575
0.980885611007
135595
0.980889497823
135615
0.983890605566
135635
0.983893520678
135655
0.983893520678
135675
0.983893520678
135695
0.971359996891
135715
0.971356110075
135735
0.971355138371
135755
0.971355138371
135775
0.97341806592
135795
0.973424381996
135815
0.973417094216
135835
0.973429726368
135855
0.975310945274
135875
0.975309487718
135895
0.975310945274
135915
0.975309487718
135935
0.980540170243
135955
0.980562033582
135975
0.980563491138
135995
0.980563491138
136015
0.981866546175
136035
0.981875777363
136055
0.981881607587
136075
0.981887437811
136095
0.974381510417
136115
0.974400458644
136135
0.974401430348
136155
0.9744019162
136175
0.970042366294
136195
0.970045281405
136215
0.970045281405
136235
0.970045281405
136255
1.0
136275
0.979568952114
136295
0.979570895522
136315
0.979574782338
136335
1.0
136355
0.979441173041
136375
0.979445545709
136395
0.979446517413
136415
1.0
136435
0.97224619092
136455
0.972244733364
136475
0.97224376166
136495
0.97224376166
136515
0.972497862251
136535
0.972503206623
136555
0.972488631063
136575
0.972497376399
136595
0.979634542133
136615
0.97967292444
136635
0.97966806592
136655
0.97966806592
136675
0.98123542444
136695
0.981241254664
136715
0.981238825404
136735
0.98124028296
136755
0.978016655006
136775
0.978047749534
136795
0.978052608053
136815
0.978052608053
136835
0.979740943719
136855
0.979745802239
136875
0.979749203203
136895
0.979749203203
136915
0.96662342584
136935
0.966638001399
136955
0.966635086287
136975
0.966637515547
136995
0.978032688122
137015
0.978033659826
137035
0.978027829602
137055
0.978026857898
137075
0.976432777519
137095
0.976438121891
137115
0.97644298041
137135
0.97644298041
137155
0.980746657338
137175
0.980752973414
137195
0.980755888526
137215
0.980756374378
137235
0.969423390858
137255
0.969437480566
137275
0.969437480566
137295
0.969434565454
137315
1.0
137335
0.979477126088
137355
0.979485385572
137375
0.979480527052
137395
1.0
137415
0.981439968128
137435
0.981439968128
137455
0.98143802472
137475
1.0
137495
0.966231343284
137515
0.966238145211
137535
0.966238145211
137555
0.966236687655
137575
0.965249436412
137595
0.965264497823
137615
0.965263040267
137635
0.965264011971
137655
0.938249669621
137675
0.938314773787
137695
0.938331778607
137715
0.938331778607
137735
0.938331778607
137755
0.977623114894
137775
0.977632346082
137795
0.977632346082
137815
0.977631374378
137835
0.968580437655
137855
0.968583838619
137875
0.968583838619
137895
0.968586753731
137915
0.960456020678
137935
0.960467195274
137955
0.960464280162
137975
0.96046379431
137995
0.966150206001
138015
0.966152149409
138035
0.966153606965
138055
0.966153606965
138075
0.970448052705
138095
0.970445623445
138115
0.970449996113
138135
0.970449996113
138155
0.976420631219
138175
0.976430348259
138195
0.976433749223
138215
0.976433749223
138235
0.969082808613
138255
0.969085237873
138275
0.969085723725
138295
0.969079893501
138315
0.975897854478
138335
0.975901741294
138355
0.975906599813
138375
0.975906599813
138395
0.978737173507
138415
0.978749805659
138435
0.978761951959
138455
0.978761951959
138475
0.978228000622
138495
0.978231401586
138515
0.978234316698
138535
0.978232859142
138555
0.981607587065
138575
0.981614388993
138595
0.98162119092
138615
0.98162119092
138635
0.976015430659
138655
0.976039237407
138675
0.976044095927
138695
0.97605235541
138715
1.0
138735
0.978706564832
138755
0.978704621424
138775
0.978704621424
138795
0.978713852612
138815
0.977095965485
138835
0.977119286381
138855
0.977116371269
138875
0.977118314677
138895
0.97713386194
138915
0.980038285137
138935
0.980033426617
138955
0.980028082245
138975
0.980028082245
138995
0.976371560168
139015
0.976406055659
139035
0.976401682991
139055
0.976407999067
139075
0.976407999067
139095
0.984627643035
139115
0.984629586443
139135
0.984639789335
139155
0.984639789335
139175
0.940726543066
139195
0.940798935012
139215
0.940809623756
139235
0.940816425684
139255
1.0
139275
0.941125913402
139295
0.941127370958
139315
0.941127370958
139335
0.94113514459
139355
0.943399700715
139375
0.943400186567
139395
0.943399214863
139415
0.943399214863
139435
0.940487989739
139455
0.940536089086
139475
0.940531230566
139495
0.940534145678
139515
0.940534145678
139535
0.93406502643
139555
0.934068427394
139575
0.934067941542
139595
0.934068427394
139615
0.941455321051
139635
0.94148204291
139655
0.941483986318
139675
0.941485443874
139695
1.0
139715
0.940314054726
139735
0.940306281095
139755
0.940312111318
139775
0.940312111318
139795
0.964036263993
139815
0.964035778141
139835
0.964036749845
139855
0.964036749845
139875
0.879762321206
139895
0.879790500622
139915
0.879799245958
139935
0.87980459033
139955
0.935182486007
139975
0.935233014614
139995
0.935236415578
140015
0.935236415578
140035
0.943036283427
140055
0.943065434546
140075
0.943065434546
140095
0.894831992382
140115
0.894838308458
140135
0.89483879431
140155
0.898776624689
140175
1.0
140195
1.0
140215
1.0
140235
0.921764225746
140255
0.912030666978
140275
0.913449840641
140295
0.91163566931
140315
0.907533135106
140335
0.903561295087
140355
0.895407241138
140375
0.870392665578
140395
0.917800159359
140415
1.0
140435
1.0
