217904
0.100959071828
217924
0.10721927472
217944
0.187417891014
217964
0.162746812811
217984
0.154342059235
218004
0.151712142413
218024
0.162621462998
218044
0.126521202581
218064
0.129569437966
218084
0.126902596393
218104
0.161455418221
218124
0.184337589397
218144
0.1910399176
218164
0.113933749223
218184
0.0644307758085
218204
0.0612897426928
218224
0.0616988300684
218244
0.0624781366604
218264
0.09482664801
218284
0.0917288557214
218304
0.346386232898
218324
0.321914839863
218344
0.30603525342
218364
0.314696536847
218384
0.320213872046
218404
0.332086151275
218424
0.345153626399
218444
0.389746579602
218464
0.450163246269
218484
0.414767471238
218504
0.352047866138
218524
0.353001107743
218544
0.352913168532
218564
0.357088580535
218584
0.370702639148
218604
0.364337978078
218624
0.362641868781
218644
0.363688393968
218664
0.355904073383
218684
0.361977709111
218704
0.680306961287
218724
0.713877390392
218744
0.43866458722
218764
0.426486221238
218784
0.393272893346
218804
0.38819331079
218824
0.382875660759
218844
0.442418279695
218864
0.382183807525
218884
0.371424615205
218904
0.40809818097
218924
0.324963561101
218944
0.333272601835
218964
0.33096674829
218984
0.324147815609
219004
0.554420281405
219024
0.531004644745
219044
0.401199082711
219064
0.40918697528
219084
0.408757482121
219104
0.407394667289
219124
0.4083741449
219144
0.483170572917
219164
0.459824413091
219184
0.446679201648
219204
0.412640411225
219224
0.414911769279
219244
0.423471995491
219264
0.428676442009
219284
0.322554706934
219304
0.30418221393
219324
0.5709227301
219344
0.574908659826
219364
0.562446070429
219384
0.577831059546
219404
0.428960179571
219424
0.390012826493
219444
0.375364874845
219464
0.382190123601
219484
0.300602456468
219504
0.317746229789
219524
0.350953241604
219544
0.225016518968
219564
0.387047185945
219584
0.395358655939
219604
0.375908057369
219624
0.367148145989
219644
0.382065745491
219664
0.394015761039
219684
0.374559332245
219704
0.331376321517
219724
0.324339241294
219744
0.323563335665
219764
0.319653684701
219784
0.319485579913
219804
0.321065570585
219824
0.335743645056
219844
0.321919212531
219864
0.307784806437
219884
0.29794193097
219904
0.292888584422
219924
0.303098763993
219944
0.312291083644
219964
0.298592000933
219984
0.307898495802
220004
0.306245627332
220024
0.608710354478
220044
1.0
220064
1.0
220084
1.0
220104
0.999387826493
220124
0.993538654384
220144
0.986319379664
220164
0.98142587842
220184
0.974449043843
220204
0.969536594372
220224
0.962853700249
220244
0.956940395678
220264
0.952628459266
220284
0.948795572917
220304
0.9409913324
220324
0.939662527208
220344
0.939496365827
220364
0.939224774565
220384
0.938810342817
220404
0.939993878265
220424
0.941816794932
220444
0.942795786692
220464
0.941638001399
220484
0.940664354011
220504
0.941903762438
220524
0.942207905784
220544
0.942429940143
220564
0.943468205846
220584
0.945172088775
220604
0.945906696984
220624
0.94744150342
220644
0.946533931903
220664
0.945241565609
220684
0.945034592662
220704
0.942845829447
220724
0.940954407649
220744
0.942502817942
220764
0.939809740361
220784
0.941552977301
220804
0.94024409204
220824
0.938226834577
220844
0.939111085199
220864
0.936068680037
220884
0.934844333022
220904
0.940448635728
220924
0.948094974347
220944
0.953529228856
220964
0.96025876477
220984
0.961755188899
221004
0.965745005442
221024
0.968993411847
221044
0.972810265081
221064
0.980408018501
221084
0.98741691931
221104
0.984381801928
221124
0.983183205068
221144
0.979493159204
221164
0.96875242926
221184
0.965194535137
221204
0.963997881685
221224
0.960475940609
221244
0.957571517413
221264
0.952631374378
221284
0.946900750155
221304
0.939852981188
221324
0.936972850591
221344
0.930382268346
221364
0.928609394434
221384
0.937790053638
221404
0.934293862718
221424
0.937201201026
221444
0.932771202581
221464
0.926882190609
221484
0.92695069574
221504
0.923563335665
221524
0.918692183613
221544
0.92453601135
221564
0.929035486629
221584
0.925847325871
221604
0.926609627643
221624
0.929417852146
221644
0.929243431281
221664
0.934374514148
221684
0.933809954136
221704
0.935511893657
221724
0.933129275498
221744
0.937052530317
221764
0.931816989272
221784
0.929636485541
221804
0.924247901119
221824
0.91779287158
221844
0.915725571362
221864
0.914814113029
221884
0.91003430115
221904
0.912541297419
221924
0.920344080379
221944
0.917085471082
221964
0.915017685012
221984
0.92004139459
222004
0.919735793688
222024
0.921041763837
222044
0.926644123134
222064
0.920269745025
222084
0.925409573228
222104
0.924619577892
222124
0.921172458022
222144
0.923012865361
222164
0.928072042133
222184
0.923403490361
222204
0.927483189521
222224
0.926442494558
222244
0.922252992848
222264
0.921980429882
222284
0.924743956001
222304
0.927174673507
222324
0.923643501244
222344
0.922904034515
222364
0.925384794776
222384
0.924170650653
222404
0.917747201493
222424
0.920415986474
222444
0.924637554415
222464
0.921662196828
222484
0.924816347948
222504
0.92413809857
222524
0.923077969527
222544
0.922049420864
222564
0.925288596082
222584
0.914796136505
222604
0.919512301772
222624
0.920386349502
222644
0.910010980255
222664
0.903348006063
222684
0.895815842662
222704
0.894883978545
222724
0.895815842662
222744
0.897141732743
222764
0.890812538868
222784
0.902387962531
222804
0.909600921175
222824
0.90964853467
222844
0.915906308302
222864
0.924637068563
222884
0.930357489894
222904
0.934164140236
222924
0.938426033893
222944
0.939447780628
222964
0.938132579291
222984
0.936096373601
223004
0.93174313977
223024
0.934522213153
223044
0.929940628887
223064
0.929819165889
223084
0.932428676928
223104
0.927011427239
223124
0.930791841573
223144
0.933165228545
223164
0.931410331157
223184
0.936990341262
223204
0.933718613961
223224
0.935454563122
223244
0.936972364739
223264
0.934682058458
223284
0.933006840796
223304
0.935686314521
223324
0.934752021144
223344
0.932298954447
223364
0.933842506219
223384
0.930628595305
223404
0.932012787624
223424
0.931975862873
223444
0.932115788246
223464
0.933885261194
223484
0.93152596393
223504
0.928948519123
223524
0.927347150964
223544
0.927122687345
223564
0.928385902519
223584
0.929105449316
223604
0.929838114117
223624
0.932725046642
223644
0.933367828825
223664
0.937776449782
223684
0.936073052705
223704
0.938062130752
223724
0.943627079447
223744
0.950745296953
223764
0.948071653451
223784
0.949227009484
223804
0.948619208644
223824
0.948855332711
223844
0.95108393579
223864
0.945613728234
223884
0.949435439988
223904
0.951506627021
223924
0.94754644745
223944
0.941566581157
223964
0.942286613806
223984
0.945669601213
224004
0.947797632929
224024
0.948672166511
224044
0.942278840174
224064
0.939295708955
224084
0.936690084733
224104
0.932515644434
224124
0.928754178327
224144
0.927622629042
224164
0.929442144745
224184
0.928309137904
224204
0.9283081662
224224
0.923738242382
224244
0.926451239894
224264
0.927694535137
224284
0.929769123134
224304
0.940286847015
224324
0.945031191698
224344
0.944375777363
224364
0.945027790734
224384
0.944195040423
224404
0.940184818097
224424
0.938062616604
224444
0.93758308069
224464
0.93537099658
224484
0.937531094527
224504
0.934164626088
224524
0.931322877799
224544
0.928485502177
224564
0.930924965019
224584
0.927316542289
224604
0.929232256685
224624
0.928408737562
224644
0.921683088464
224664
0.926467758862
224684
0.928252293221
224704
0.924441756063
224724
0.924441756063
224744
0.921211326182
224764
0.91807612329
224784
0.923383084577
224804
0.92372075171
224824
0.919797982743
224844
0.930399759017
224864
0.92722423041
224884
0.923812577736
224904
0.917411963619
224924
0.914620743937
224944
0.914483733675
224964
0.917210820896
224984
0.920638506685
225004
0.918876321517
225024
0.926665500622
225044
0.929799245958
225064
0.927952036692
225084
0.93552744092
225104
0.943908873601
225124
0.950980449316
225144
0.954381413246
225164
0.952758181748
225184
0.956497298663
225204
0.957180406561
225224
0.955937111318
225244
0.954822081001
225264
0.954763778762
225284
0.958397951648
225304
0.954305134484
225324
0.958147252021
225344
0.960148476368
225364
0.967135513837
225384
0.971136019123
225404
0.974818291356
225424
0.974803229944
225444
0.977889361785
225464
0.984373542444
225484
0.988100027208
225504
0.991904734142
225524
0.994569146455
225544
0.990848491915
225564
0.975647640703
225584
0.957557427705
225604
0.94492430426
225624
0.935421039335
225644
0.923539043066
225664
0.917824451959
225684
0.900329893501
225704
0.88953134717
225724
0.877813568874
225744
0.870078805193
225764
0.872759736474
225784
0.88078115283
225804
0.882993722792
225824
0.878272699005
225844
0.883829874067
225864
0.87958255597
225884
0.882576861785
225904
0.884816153607
225924
0.892247259795
225944
0.886057505442
225964
0.882059915267
225984
0.889276274876
226004
0.880645114272
226024
0.884940531716
226044
0.88603758551
226064
0.879904189988
226084
0.886359705379
226104
0.883325559701
226124
0.893043085354
226144
0.905850629664
226164
0.915548235386
226184
0.927689676617
226204
0.929733170087
226224
0.931441425684
226244
0.929810906405
226264
0.939188821517
226284
0.951561042444
226304
0.960589144123
226324
0.965472442475
226344
0.95741944574
226364
0.95069816931
226384
0.94108898865
226404
0.951446381374
226424
0.948163479478
226444
0.963124805659
226464
0.962890625
226484
0.957568602301
226504
0.952887904229
226524
0.952476873445
226544
0.953994675062
226564
0.952737775964
226584
0.957540422886
226604
0.955196672886
226624
0.946139420087
226644
0.9517821051
226664
0.953946575715
226684
0.956418590641
226704
0.960950618004
226724
0.957088580535
226744
0.937833294465
226764
0.944153257152
226784
0.951337064677
226804
0.951316173041
226824
0.965561353389
226844
0.965951978389
226864
0.955458061256
226884
0.949904287158
226904
0.941006393812
226924
0.919638137438
226944
0.941266810479
226964
0.952370471859
226984
0.952579388215
227004
0.95175052472
227024
0.947361823694
227044
0.939965212998
227064
0.944511330068
227084
0.949104574782
227104
0.95097899176
227124
0.97253915967
227144
0.982372803949
227164
0.978959207867
227184
0.96503177472
227204
0.954175897854
227224
0.938792852146
227244
0.942359977456
227264
0.931131937966
227284
0.931925820118
227304
0.933563141325
227324
0.933619500155
227344
0.933437791511
227364
0.933483461598
227384
0.933336734297
227404
0.933401838464
227424
0.9390867926
227444
1.0
227464
1.0
227484
1.0
