147126
0.655258747329
147146
0.653265892094
147166
0.656020466079
147186
0.650641359509
147206
0.653587406517
147226
0.650934161325
147246
0.650531183226
147266
0.653370225694
147286
0.655050413996
147306
0.653433159722
147326
0.652111378205
147346
0.66171207265
147366
0.667886785524
147386
0.675370592949
147406
0.670706296741
147426
0.669739750267
147446
0.669523070246
147466
0.66982288328
147486
0.669842915331
147506
0.669578492254
147526
0.668294938568
147546
0.668930455395
147566
0.669502203526
147586
0.66841396234
147606
0.668858006143
147626
0.670430856036
147646
0.669164997329
147666
0.669879974626
147686
0.67062099359
147706
0.669443442842
147726
0.669680154915
147746
0.6745965211
147766
0.674445946848
147786
0.67395198985
147806
0.67421607906
147826
0.673844150641
147846
0.673109308226
147866
0.673063902244
147886
0.673850994925
147906
0.672407852564
147926
0.672686965812
147946
0.673717447917
147966
0.673364049145
147986
0.675661892361
148006
0.677206363515
148026
1.0
148046
1.0
148066
1.0
148086
1.0
148106
1.0
148126
0.996575854701
148146
0.858191439637
148166
0.64017711672
148186
0.633118656517
148206
0.631528111645
148226
0.626105602297
148246
0.622786625267
148266
0.612583633814
148286
0.602105702457
148306
0.593364383013
148326
0.579619891827
148346
0.56962757078
148366
0.564450120192
148386
0.566242654915
148406
0.559037793803
148426
0.536059194712
148446
0.497013388088
148466
0.436841112447
148486
0.354456797543
148506
0.298722789797
148526
0.268420305823
148546
0.264189369658
148566
0.277885783921
148586
0.317724525908
148606
0.320640190972
148626
0.324371661325
148646
0.324271000267
148666
0.324429921207
148686
0.328217481303
148706
0.324916366186
148726
0.316652978098
148746
0.309972956731
148766
0.261558660524
148786
0.218062065972
148806
0.195771567842
148826
0.187633380075
148846
0.20679286859
148866
0.261940938835
148886
0.37346237313
148906
0.384140291132
148926
0.364454794338
148946
0.343169237447
148966
0.321567674947
148986
0.307637553419
149006
0.29981887687
149026
0.292642895299
149046
0.288732305021
149066
0.2909246461
149086
0.295659054487
149106
0.304312065972
149126
0.308231169872
149146
0.312340912126
149166
0.319065504808
149186
0.328237847222
149206
0.332592147436
149226
0.304970452724
149246
0.170084969284
149266
0.120998597756
149286
0.130583600427
149306
0.190046073718
149326
0.24138671875
149346
0.249290030716
149366
0.248742487981
149386
0.245596120459
149406
0.241940604968
149426
0.24135166266
149446
0.241214109241
149466
0.240500300481
149486
0.238756844284
149506
0.239671140491
149526
0.242045105502
149546
0.24390357906
149566
0.246837439904
149586
0.247443576389
149606
0.250274939904
149626
0.249920372596
149646
0.235698784722
149666
0.199166332799
149686
0.181883680556
149706
0.174392194177
149726
0.199837573451
149746
0.20382411859
149766
0.19892711672
149786
0.194694344284
149806
0.19226963141
149826
0.188406951122
149846
0.187692975427
149866
0.18871761485
149886
0.186279380342
149906
0.182022402511
149926
0.177214543269
149946
0.178837640224
149966
0.186157518697
149986
0.189003071581
150006
0.199571481036
150026
0.222708333333
150046
0.234368656517
150066
0.231007278312
150086
0.177023404113
150106
0.117033587073
150126
0.1014715211
150146
0.102482972756
150166
0.106076555823
150186
0.100985910791
150206
0.0974217080662
150226
0.0979667467949
150246
0.0964558293269
150266
0.0909668803419
150286
0.087183994391
150306
0.0827675948184
150326
0.0804473824786
150346
0.0822869925214
150366
0.083699752938
150386
0.0850419003739
150406
0.0877423878205
150426
0.087059127938
150446
0.0840796941774
150466
0.0828230168269
150486
0.093324485844
150506
0.111879507212
150526
0.132842548077
150546
0.205202657585
150566
0.397826021635
150586
0.609565638355
150606
0.582800647703
150626
0.545834334936
150646
0.507562934028
150666
0.474541599893
150686
0.453649839744
150706
0.430758213141
150726
0.419117254274
150746
0.411802884615
150766
0.405797776442
150786
0.403983540331
150806
0.406432291667
150826
0.412631877671
150846
0.422199686165
150866
0.441702724359
150886
0.760837339744
150906
1.0
150926
1.0
150946
0.999644931891
150966
0.994822382479
150986
0.988261051015
151006
0.978792568109
151026
0.970882578793
151046
0.963440004006
151066
0.955382612179
151086
0.947882111378
151106
0.941207431891
151126
0.926820245726
151146
0.919951255342
151166
0.910982739049
151186
0.912980268429
151206
0.908086438301
151226
0.914132779113
151246
0.920015024038
151266
0.921025140224
151286
0.926892528045
151306
0.928784054487
151326
0.9357421875
151346
0.943358373397
151366
0.952253772703
151386
0.960282785791
151406
0.963142027244
151426
0.966460169605
151446
0.9662628539
151466
0.968455028045
151486
0.968591746795
151506
0.974289696848
151526
0.976260516827
151546
0.981221955128
151566
0.981578358707
151586
0.976328125
151606
0.973863848825
151626
0.971455662393
151646
0.975146734776
151666
0.977613681891
151686
0.984018763355
151706
0.988096955128
151726
0.985945679754
151746
0.983382244925
151766
0.979877804487
151786
0.973751669338
151806
0.973663862179
151826
0.973712439904
151846
0.978313468216
151866
0.977976095085
151886
0.97773571047
151906
0.97818626469
151926
0.978067574786
151946
0.975477597489
151966
0.979422075321
151986
0.983602597489
152006
0.988928285256
152026
0.992158119658
152046
0.996414930556
152066
0.997169638088
152086
0.987044771635
152106
0.982782785791
152126
0.972670773237
152146
0.964461471688
152166
0.959001569177
152186
0.950992922009
152206
0.943754340278
152226
0.9398308961
152246
0.932737713675
152266
0.925205161592
152286
0.916690705128
152306
0.91988681891
152326
0.911336805556
152346
0.914776809562
152366
0.915058259882
152386
0.914800347222
152406
0.914144464476
152426
0.916495893429
152446
0.917367621528
152466
0.91017711672
152486
0.91314186031
152506
0.91801181891
152526
0.917179821047
152546
0.919490017361
152566
0.918795239049
152586
0.917195679754
152606
0.920738514957
152626
0.918019664797
152646
0.916670339209
152666
0.915899105235
152686
0.917011051015
152706
0.918443509615
152726
0.915146734776
152746
0.915890257746
152766
0.916828926282
152786
0.917266459669
152806
0.919825721154
152826
0.921154847756
152846
0.918519965278
152866
0.917961738782
152886
0.917555255075
152906
0.912734041132
152926
0.915374599359
152946
0.91467197516
152966
0.907093516293
152986
0.905727664263
153006
0.905147903312
153026
0.900462740385
153046
0.90464309562
153066
0.910361077724
153086
0.910615484776
153106
0.906219451122
153126
0.918774706197
153146
0.914029614049
153166
0.914552617521
153186
0.921565004006
153206
0.916906216613
153226
0.92450637687
153246
0.92400657719
153266
0.924416232639
153286
0.916471854968
153306
0.922045940171
153326
0.915395799947
153346
0.922197682959
153366
0.92437099359
153386
0.931053185096
153406
0.929592681624
153426
0.930943342682
153446
0.925971387553
153466
0.920141225962
153486
0.930353398771
153506
0.935640024038
153526
0.941173878205
153546
0.94160289797
153566
0.932986111111
153586
0.925910790598
153606
0.918917267628
153626
0.913835303152
153646
0.919777143429
153666
0.931240484776
153686
0.933105301816
153706
0.92495826656
153726
0.918658019498
153746
0.915750534188
153766
0.916159521902
153786
0.919357138088
153806
0.916186565171
153826
0.918438167735
153846
0.924760116186
153866
0.923253872863
153886
0.917433393429
153906
0.913146033654
153926
0.916802383814
153946
0.918357538729
153966
0.920643529647
153986
0.921699385684
154006
0.923078091613
154026
0.927075487447
154046
0.930569244124
154066
0.935241386218
154086
0.929349459135
154106
0.92941139156
154126
0.929093382746
154146
0.934575821314
154166
0.932254941239
154186
0.933837640224
154206
0.935414830395
154226
0.93336071047
154246
0.93433059562
154266
0.933688902244
154286
0.931105936165
154306
0.92550113515
154326
0.923979366987
154346
0.927634882479
154366
0.923915765224
154386
0.928082598825
154406
0.925023036859
154426
0.919993489583
154446
0.917529547276
154466
0.916175046741
154486
0.918364549947
154506
0.918579894498
154526
0.922957732372
154546
0.926348657853
154566
0.93138938969
154586
0.937552083333
154606
0.942277310363
154626
0.9438019164
154646
0.948052884615
154666
0.947771100427
154686
0.947500834669
154706
0.945327857906
154726
0.949560463408
154746
0.950568075588
154766
0.949817374466
154786
0.948819778312
154806
0.942072482639
154826
0.935400641026
154846
0.933141192575
154866
0.930570078793
154886
0.934999499199
154906
0.936094083868
154926
0.937083500267
154946
0.93247913328
154966
0.930916466346
154986
0.92621761485
155006
0.927827857906
155026
0.920440538194
155046
0.927674612714
155066
0.926159188034
155086
0.927545239049
155106
0.927998297276
155126
0.926218950321
155146
0.931103432158
155166
0.937180488782
155186
0.939130275107
155206
0.940355235043
155226
0.937358940972
155246
0.943301782853
155266
0.943667033921
155286
0.947328559028
155306
0.943253205128
155326
0.941569511218
155346
0.945819477831
155366
0.931888855502
155386
0.934809695513
155406
0.928402610844
155426
0.93270950187
155446
0.927164296207
155466
0.934092881944
155486
0.929072516026
155506
0.932992120726
155526
0.937448918269
155546
0.943658186432
155566
0.94008213141
155586
0.94644798344
155606
0.949639590011
155626
0.951652644231
155646
0.948561531784
155666
0.962241586538
155686
0.947746394231
155706
0.945547542735
155726
0.945409154647
155746
0.93759364984
155766
0.936216112447
155786
0.939029447115
155806
0.931908219818
155826
0.932304019765
155846
0.930972389156
155866
0.935612980769
155886
0.933894397703
155906
0.941306256677
155926
0.941907552083
155946
0.93134632078
155966
0.939866786859
155986
0.933803752671
156006
0.930185129541
156026
0.935614483173
156046
0.930083967682
156066
0.924834902511
156086
0.929487346421
156106
0.927921674679
156126
0.92229934562
156146
0.931628939637
156166
0.938360877404
156186
0.941474025107
156206
0.934029447115
156226
0.936986344818
156246
0.924380842682
156266
0.925545372596
156286
0.918290598291
156306
0.909914029113
156326
0.918429153312
156346
0.922842548077
156366
0.922974926549
156386
0.926145499466
156406
0.921609742254
156426
0.926395733173
156446
0.935015024038
156466
0.945225861378
156486
0.955843015491
156506
0.970045906784
156526
0.981645633013
156546
0.981606403579
156566
0.98140491453
156586
0.984770799947
156606
0.986262686966
156626
0.989060162927
156646
0.99330078125
156666
0.995662393162
156686
0.999935897436
156706
1.0
