150933
0.229131464995
150953
0.22992369186
150973
0.229289304748
150993
0.229237827035
151013
0.228788911095
151033
0.22912919392
151053
0.229609147892
151073
0.232211421996
151093
0.235794043726
151113
0.235912896681
151133
0.241041742369
151153
0.244017229893
151173
0.246860616521
151193
0.250025738857
151213
0.254790076914
151233
0.265230589874
151253
0.266482331032
151273
0.265037926962
151293
0.260068056565
151313
0.257841266957
151333
0.257758751211
151353
0.258291318435
151373
0.261810350048
151393
0.262414456153
151413
0.26746002907
151433
0.26560607437
151453
0.265094325339
151473
0.264697265625
151493
0.266807473353
151513
0.268852955426
151533
0.269822326187
151553
0.269792045179
151573
0.274576822917
151593
0.27450301296
151613
0.276511400799
151633
0.27681610344
151653
0.280905175024
151673
0.285555959302
151693
0.289098837209
151713
0.296217523619
151733
0.298910640746
151753
0.298359904918
151773
0.300780871487
151793
0.309503694283
151813
0.310595703125
151833
0.313991718144
151853
0.319472580547
151873
0.320540743096
151893
0.326315331274
151913
0.334557064559
151933
0.356675448159
151953
0.289107921512
151973
0.169936258479
151993
0.118884371972
152013
0.122151692708
152033
0.149815285853
152053
0.200139292636
152073
0.204503542878
152093
0.200676402011
152113
0.204483860223
152133
0.205338920179
152153
0.208688378149
152173
0.213146499516
152193
0.209593780281
152213
0.196262945131
152233
0.198332652011
152253
0.204424055233
152273
0.206021378391
152293
0.208073295179
152313
0.203431973716
152333
0.196164153343
152353
0.194436621851
152373
0.19159285671
152393
0.190475109012
152413
0.194145545664
152433
0.189549645712
152453
0.189381207607
152473
0.192154190891
152493
0.195327640504
152513
0.188784293241
152533
0.195292438832
152553
0.216002755572
152573
0.227767684109
152593
0.225469734133
152613
0.229800675266
152633
0.2323257328
152653
0.232935138081
152673
0.233166787791
152693
0.232321947674
152713
0.236049161216
152733
0.235716827156
152753
0.230947946948
152773
0.223463238857
152793
0.225773679748
152813
0.228549312621
152833
0.231801492854
152853
0.23537200218
152873
0.231391185199
152893
0.2280258297
152913
0.228263914123
152933
0.230029296875
152953
0.23168150436
152973
0.231548646439
152993
0.228371790213
153013
0.231297692587
153033
0.241613674903
153053
0.236358406008
153073
0.237892517563
153093
0.236667650799
153113
0.234072189922
153133
0.238343704578
153153
0.233030901768
153173
0.232630813953
153193
0.230058820858
153213
0.231521015019
153233
0.228061409884
153253
0.229467584181
153273
0.228078821463
153293
0.226330850291
153313
0.221831849564
153333
0.223870896923
153353
0.192429369549
153373
0.177197265625
153393
0.172499924297
153413
0.173001832001
153433
0.172476835029
153453
0.171492702277
153473
0.170699718387
153493
0.175386082849
153513
0.17619231468
153533
0.173246729651
153553
0.174421632752
153573
0.175028388445
153593
0.173442799176
153613
0.172074476139
153633
0.172156991885
153653
0.168903676114
153673
0.175671102834
153693
0.176115476623
153713
0.175799418605
153733
0.17670103561
153753
0.179885840601
153773
0.183982482437
153793
0.201939877059
153813
0.216462648377
153833
0.225601456516
153853
0.227961104046
153873
0.222557836725
153893
0.227363054142
153913
0.230943783309
153933
0.233148240673
153953
0.232672828852
153973
0.234291727229
153993
0.233131586119
154013
0.232008917757
154033
0.23121063469
154053
0.229794240552
154073
0.233786791424
154093
0.236271726623
154113
0.234470006662
154133
0.234164925509
154153
0.226344098232
154173
0.228936531008
154193
0.230536125242
154213
0.234854196948
154233
0.23163911095
154253
0.227866854409
154273
0.230451338421
154293
0.228683684593
154313
0.223574143047
154333
0.223512066982
154353
0.221191027737
154373
0.230793135296
154393
0.224841403222
154413
0.222220960514
154433
0.230982770107
154453
0.229425569283
154473
0.23099488251
154493
0.226345990795
154513
0.229962678658
154533
0.236869776526
154553
0.251523891715
154573
0.263780129603
154593
0.2567397953
154613
0.249252059109
154633
0.244092932413
154653
0.233813287306
154673
0.23255019077
154693
0.235774361071
154713
0.234143350291
154733
0.23811659702
154753
0.242326792636
154773
0.244606195494
154793
0.23892396439
154813
0.238102213542
154833
0.234535110828
154853
0.230748092297
154873
0.229061818677
154893
0.230922965116
154913
0.233108496851
154933
0.236492399467
154953
0.229973655523
154973
0.259272423086
154993
0.28928544392
155013
0.459980998668
155033
1.0
155053
0.999921647892
155073
0.99592909702
155093
0.987671466206
155113
0.978974382267
155133
0.969708393895
155153
0.962297874273
155173
0.95548918968
155193
0.9478515625
155213
0.939325944767
155233
0.933684593023
155253
0.927143895349
155273
0.923964389535
155293
0.909665697674
155313
0.90374159702
155333
0.904342296512
155353
0.90899459484
155373
0.912865643169
155393
0.9166015625
155413
0.923774754724
155433
0.933698219477
155453
0.937807730741
155473
0.943742051235
155493
0.95072447311
155513
0.960694494913
155533
0.96657090298
155553
0.974946629724
155573
0.982507040334
155593
0.988293740916
155613
0.991146211846
155633
0.99544081577
155653
0.994404069767
155673
0.991336982195
155693
0.987328533794
155713
0.983173601017
155733
0.982898800872
155753
0.98355287064
155773
0.98745912064
155793
0.98704237827
155813
0.986710801235
155833
0.982579714753
155853
0.978477016715
155873
0.978062545422
155893
0.980310910247
155913
0.982787518169
155933
0.987524981831
155953
0.991576580669
155973
0.982402570858
155993
0.977067814317
156013
0.96815384266
156033
0.95686659702
156053
0.950809638445
156073
0.942303324855
156093
0.941096248183
156113
0.931278388445
156133
0.924334574855
156153
0.916603833576
156173
0.90684615734
156193
0.896390125363
156213
0.893843114099
156233
0.894589162427
156253
0.894426780523
156273
0.898065043605
156293
0.89977402798
156313
0.901526162791
156333
0.903872183866
156353
0.901166197311
156373
0.90138762718
156393
0.892913108648
156413
0.900799418605
156433
0.894340479651
156453
0.90274459484
156473
0.900815316134
156493
0.908638035974
156513
0.905921829578
156533
0.910290243459
156553
0.903010310683
156573
0.903984602108
156593
0.908513126817
156613
0.906112599927
156633
0.907173192224
156653
0.914297556323
156673
0.913434547602
156693
0.912160474201
156713
0.90533021439
156733
0.902860419695
156753
0.908025981105
156773
0.903571266352
156793
0.906669013445
156813
0.89849427689
156833
0.901280886628
156853
0.901349018895
156873
0.907412790698
156893
0.907033521076
156913
0.905050872093
156933
0.902264262355
156953
0.911130541424
156973
0.907670557776
156993
0.913858103198
157013
0.91351744186
157033
0.918134538517
157053
0.919274618459
157073
0.918937363735
157093
0.916625408794
157113
0.910251635174
157133
0.9015625
157153
0.907500227108
157173
0.908504042515
157193
0.901128724564
157213
0.891466433503
157233
0.893493368459
157253
0.889361146439
157273
0.891099654797
157293
0.88751021984
157313
0.891477788881
157333
0.889148800872
157353
0.895445357922
157373
0.902112100291
157393
0.894603924419
157413
0.885560501453
157433
0.892483875363
157453
0.900759674782
157473
0.89855559593
157493
0.900250953852
157513
0.902453897166
157533
0.908703897166
157553
0.900308866279
157573
0.90267759811
157593
0.896871593387
157613
0.889694994549
157633
0.889774482195
157653
0.904160610465
157673
0.898593068677
157693
0.897389398619
157713
0.898824718387
157733
0.904953215843
157753
0.899325490552
157773
0.90358262173
157793
0.90241074673
157813
0.906001317224
157833
0.904626180959
157853
0.910219840116
157873
0.918881722384
157893
0.926940634084
157913
0.925312272892
157933
0.933372320131
157953
0.939128361192
157973
0.945951807776
157993
0.952263126817
158013
0.951978106831
158033
0.956540697674
158053
0.95443541061
158073
0.959809910974
158093
0.967768895349
158113
0.971130087209
158133
0.975540515988
158153
0.97972837936
158173
0.967370321584
158193
0.960283430233
158213
0.952977380087
158233
0.946334484012
158253
0.943773846294
158273
0.941374454942
158293
0.940266170058
158313
0.937259265988
158333
0.93167128452
158353
0.928256722384
158373
0.918441133721
158393
0.915837345567
158413
0.923539698401
158433
0.927625363372
158453
0.923803143169
158473
0.913837663517
158493
0.917311273619
158513
0.922387127544
158533
0.925387218387
158553
0.923276253634
158573
0.921634265988
158593
0.920155795785
158613
0.918913517442
158633
0.915358148619
158653
0.913926235465
158673
0.911964026163
158693
0.918853333939
158713
0.928164743823
158733
0.931146666061
158753
0.930531204578
158773
0.926036746003
158793
0.925103333939
158813
0.925977698038
158833
0.927879723837
158853
0.928494049782
158873
0.926687409157
158893
0.933773164971
158913
0.933818586483
158933
0.930243913517
158953
0.927712799782
158973
0.926448946221
158993
0.93109556686
159013
0.933487009448
159033
0.938174509448
159053
0.939420194404
159073
0.934301190044
159093
0.930383584666
159113
0.928699582122
159133
0.924324355015
159153
0.929270757631
159173
0.932233375727
159193
0.937297874273
159213
0.929734057049
159233
0.931269304142
159253
0.930327943314
159273
0.931296557049
159293
0.924847837936
159313
0.926280886628
159333
0.926500045422
159353
0.935073355741
159373
0.934515806686
159393
0.929760174419
159413
0.935193722747
159433
0.934260310683
159453
0.939732467297
159473
0.933951444404
159493
0.934913244913
159513
0.934260310683
159533
0.936216842297
159553
0.921879542151
159573
0.927607194767
159593
0.928858557413
159613
0.936391715116
159633
0.933443859012
159653
0.935496911337
159673
0.936331531613
159693
0.940507661095
159713
0.942009220567
159733
0.944152358891
159753
0.943686031371
159773
0.95139481892
159793
0.962948158915
159813
0.964193086846
159833
0.959505208333
159853
0.952506888929
159873
0.950657854893
159893
0.951508372699
159913
0.947692965722
159933
0.946875
159953
0.949208151647
159973
0.947215282825
159993
0.944581592175
160013
0.941745775799
160033
0.946837527253
160053
0.935381843508
160073
0.939488705184
160093
0.94495102047
160113
0.940397513929
160133
0.940540213178
160153
0.931855620155
160173
0.92642699249
160193
0.923753558018
160213
0.910006737524
160233
0.916584907946
160253
0.910637718023
160273
0.903611388687
160293
0.903426296027
160313
0.886425024225
160333
0.884286806565
160353
0.891947901526
160373
0.888815709787
160393
0.895018774225
160413
0.903307443072
160433
0.898397377665
160453
0.905388126817
160473
0.908451807776
160493
0.90655318859
160513
0.916247653222
160533
0.924776299055
160553
0.942332470325
160573
0.944876832001
160593
0.948964768047
160613
0.954969491885
160633
0.963172995397
160653
0.964794921875
160673
0.970965055717
160693
0.981902177204
160713
0.981466887718
160733
0.993806019864
160753
0.99376892563
160773
0.999511340237
160793
0.95098678234
160813
0.951128724564
160833
0.951128724564
160853
0.951128724564
160873
0.951128724564
160893
0.951128724564
160913
1.0
