153034
0.988069600499
153054
0.988238822566
153074
0.988241748596
153094
0.988561173533
153114
0.988953261548
153134
0.988773310705
153154
0.989174664482
153174
0.989151743914
153194
0.989683306024
153214
0.984638830368
153234
0.984869499064
153254
0.985123575999
153274
0.985115773252
153294
0.98519136236
153314
0.990570868446
153334
0.990757646692
153354
0.990851767322
153374
0.990811778246
153394
0.990946863296
153414
0.989087371255
153434
0.988034000468
153454
0.988322702091
153474
0.988264181492
153494
0.986706558208
153514
0.988020833333
153534
0.987216662765
153554
0.987185451779
153574
0.987184476436
153594
0.986102333021
153614
0.989963717228
153634
0.988192981429
153654
0.988934242353
153674
0.988918149189
153694
0.987642887797
153714
0.9984375
153734
0.973519916511
153754
0.974881495787
153774
0.975222865949
153794
0.97525553995
153814
0.972251482522
153834
0.974746410737
153854
0.973629154963
153874
0.973633056336
153894
0.973909078496
153914
0.969283025125
153934
0.9984375
153954
0.979469510768
153974
0.980967638109
153994
0.981213424625
154014
0.981224641074
154034
0.980154689451
154054
0.983156796192
154074
0.983701037765
154094
0.983965843477
154114
0.983964868134
154134
0.981176361579
154154
0.989468730493
154174
0.984701252341
154194
0.985013849875
154214
0.985093340356
154234
0.983214341448
154254
0.99842579588
154274
0.960675132647
154294
0.963132997815
154314
0.963219803371
154334
0.963299781523
154354
0.963294904806
154374
0.96057320927
154394
0.948896886704
154414
0.953392731742
154434
0.953714107366
154454
0.954001345974
154474
0.953998907615
154494
0.947616748596
154514
0.9984375
154534
0.964644292291
154554
0.968467638109
154574
0.969013830368
154594
0.969112827715
154614
0.964000565699
154634
0.9984375
154654
0.935587351748
154674
0.951361091604
154694
0.951560061642
154714
0.951687343945
154734
0.936289598939
154754
0.998394584894
154774
0.985157713015
154794
0.986338366105
154814
0.986373966136
154834
0.986386157928
154854
0.987330777934
154874
1.0
154894
1.0
154914
0.992581538702
154934
0.984887542915
154954
0.978737027934
154974
0.977884577871
154994
0.977707065387
155014
0.977308149969
155034
0.976875097534
155054
0.977993816323
155074
0.97800161907
155094
0.977403733614
155114
0.977348626717
155134
0.976784878277
155154
0.970390527466
155174
0.961968925562
155194
0.953898934925
155214
0.94611130618
155234
0.945547070069
155254
0.946308325531
155274
0.93776724407
155294
0.931995162297
155314
0.924273369226
155334
0.910901412297
155354
0.899869791667
155374
0.893454470974
155394
0.879497795724
155414
0.870934769039
155434
0.866848568196
155454
0.863520209114
155474
0.866436485643
155494
0.865473334114
155514
0.869078690699
155534
0.874002223783
155554
0.869462000624
155574
0.870699223627
155594
0.865298747659
155614
0.867698092228
155634
0.867596168851
155654
0.864013245162
155674
0.8609082397
155694
0.865837137172
155714
0.870494401529
155734
0.862163506554
155754
0.866235077247
155774
0.865761060393
155794
0.864915437734
155814
0.867701993602
155834
0.871911575375
155854
0.864067864388
155874
0.855927649032
155894
0.853340063202
155914
0.869765332397
155934
0.881698657928
155954
0.876052883115
155974
0.874090980025
155994
0.857770072566
156014
0.865163174938
156034
0.868809495943
156054
0.871039618446
156074
0.870753842853
156094
0.866465258271
156114
0.858202149657
156134
0.855365363608
156154
0.862933540106
156174
0.870254467072
156194
0.860261099407
156214
0.851913135924
156234
0.855527758271
156254
0.865025651529
156274
0.86705241495
156294
0.87438016932
156314
0.869878472222
156334
0.865805926186
156354
0.868234043383
156374
0.872423630618
156394
0.866408200687
156414
0.868016541823
156434
0.873739856429
156454
0.869941869538
156474
0.878041120474
156494
0.879139844725
156514
0.882634012172
156534
0.876924840044
156554
0.875756866417
156574
0.87633036829
156594
0.880329763577
156614
0.876377672441
156634
0.880512640449
156654
0.871271262484
156674
0.877499804931
156694
0.872661126717
156714
0.879444151841
156734
0.886106722066
156754
0.874616202403
156774
0.867668344257
156794
0.871287843321
156814
0.872470934769
156834
0.869909195537
156854
0.873144409332
156874
0.880776470818
156894
0.860761938202
156914
0.867398174157
156934
0.86460869226
156954
0.865811290574
156974
0.873556979557
156994
0.871209328184
157014
0.865491865637
157034
0.874848334114
157054
0.87750516932
157074
0.885682447722
157094
0.880398037609
157114
0.883548396536
157134
0.879694327403
157154
0.878164013733
157174
0.885367411829
157194
0.894773622815
157214
0.894751677591
157234
0.893166257022
157254
0.897846929619
157274
0.90079295412
157294
0.900785151373
157314
0.897641132179
157334
0.897494343009
157354
0.895983048533
157374
0.904113998127
157394
0.894996976436
157414
0.902055048377
157434
0.903566830524
157454
0.906978093789
157474
0.902672928371
157494
0.907461376404
157514
0.910898486267
157534
0.913345134988
157554
0.909552024813
157574
0.902066752497
157594
0.906122717697
157614
0.903743855337
157634
0.903066967072
157654
0.897182233146
157674
0.898979790886
157694
0.900331129057
157714
0.90823531133
157734
0.898520404182
157754
0.897483126561
157774
0.89703056726
157794
0.892218710986
157814
0.900617879994
157834
0.891191186798
157854
0.890486013577
157874
0.889122483614
157894
0.888733321629
157914
0.898360935549
157934
0.9014713054
157954
0.897175405743
157974
0.893424235331
157994
0.89014025437
158014
0.887616553527
158034
0.892556179775
158054
0.884781230493
158074
0.880756963951
158094
0.884198462859
158114
0.883653245943
158134
0.885103093789
158154
0.872690387016
158174
0.875564723783
158194
0.876754642634
158214
0.877295958177
158234
0.872431921036
158254
0.881892751248
158274
0.884633953652
158294
0.880808169476
158314
0.878761899189
158334
0.880749161205
158354
0.886562207397
158374
0.879530957397
158394
0.868925074126
158414
0.875493036049
158434
0.884069717541
158454
0.883305536049
158474
0.889394604401
158494
0.886267166042
158514
0.890920529026
158534
0.887124492821
158554
0.885055789638
158574
0.876472768414
158594
0.878570244226
158614
0.887804307116
158634
0.888726981898
158654
0.879503647784
158674
0.885809730025
158694
0.878607794944
158714
0.876635650749
158734
0.880980317572
158754
0.878445887953
158774
0.871223470662
158794
0.873027855805
158814
0.87359599329
158834
0.868016541823
158854
0.866706168071
158874
0.864932993914
158894
0.856157342385
158914
0.861075998752
158934
0.867514240012
158954
0.878739466292
158974
0.877551985799
158994
0.88410190387
159014
0.887464399969
159034
0.887920372971
159054
0.885428858458
159074
0.88591994382
159094
0.886998673533
159114
0.894559534956
159134
0.895381749376
159154
0.896405859863
159174
0.898353620474
159194
0.895312012328
159214
0.890677668539
159234
0.892393785112
159254
0.884255032772
159274
0.882271184457
159294
0.885345466604
159314
0.87953193274
159334
0.877331558208
159354
0.877443235019
159374
0.874648876404
159394
0.866625702247
159414
0.865101240637
159434
0.865859082397
159454
0.86487886236
159474
0.863209562266
159494
0.857886138421
159514
0.853242041199
159534
0.846947175406
159554
0.849707397004
159574
0.848093203808
159594
0.846856468477
159614
0.847508973159
159634
0.851575667135
159654
0.849162180087
159674
0.851612730181
159694
0.855830602372
159714
0.863319776061
159734
0.866582299469
159754
0.872026178215
159774
0.869455173221
159794
0.879946453652
159814
0.881578203027
159834
0.887325413546
159854
0.903592189451
159874
0.912733594725
159894
0.910974563046
159914
0.914270248127
159934
0.916613998127
159954
0.929251521536
159974
0.937197155899
159994
0.936177922129
160014
0.940951740012
160034
0.931943469101
160054
0.933151431804
160074
0.935088951311
160094
0.934869499064
160114
0.935959932896
160134
0.928025514981
160154
0.92041832475
160174
0.919220115481
160194
0.915938572878
160214
0.913093984082
160234
0.899717150437
160254
0.890950764669
160274
0.89074252887
160294
0.887624843945
160314
0.893642712235
160334
0.892580563358
160354
0.888761606586
160374
0.888032049782
160394
0.878830660893
160414
0.887269331305
160434
0.895468554931
160454
0.896201037765
160474
0.897038857678
160494
0.902327656835
160514
0.903554638733
160534
0.904654825999
160554
0.903578046973
160574
0.895510982366
160594
0.897407537453
160614
0.897053000156
160634
0.902212078652
160654
0.893267692728
160674
0.903160600031
160694
0.901989212703
160714
0.897396808677
160734
0.887195692884
160754
0.891495493914
160774
0.884738315387
160794
0.89686036985
160814
0.889856429463
160834
0.900618855337
160854
0.906185627341
160874
0.906284624688
160894
0.899795665574
160914
0.902294007491
160934
0.906755715512
160954
0.900708099251
160974
0.901717579588
160994
0.890870786517
161014
0.885875565699
161034
0.878805789638
161054
0.873417505462
161074
0.879786497347
161094
0.877796309301
161114
0.868657342385
161134
0.864248790574
161154
0.853954529494
161174
0.843320848939
161194
0.84987369304
161214
0.842347943976
161234
0.841434534956
161254
0.846688709426
161274
0.855785248908
161294
0.862923786673
161314
0.863889864232
161334
0.87852440309
161354
0.875092169944
161374
0.865259246255
161394
0.859502769975
161414
0.872856683052
161434
0.873918831929
161454
0.87887406367
161474
0.886498322409
161494
0.88407849563
161514
0.885482990012
161534
0.895750916823
161554
0.888113490949
161574
0.886625117041
161594
0.894263030587
161614
0.894331792291
161634
0.888127145755
161654
0.884981663546
161674
0.901239173689
161694
0.888074964888
161714
0.897117860487
161734
0.889813026685
161754
0.891474036361
161774
0.896056686954
161794
0.901748302903
161814
0.906626970194
161834
0.912027933833
161854
0.913793305243
161874
0.920688982522
161894
0.917907303371
161914
0.924019779963
161934
0.915726435705
161954
0.905295138889
161974
0.90649676186
161994
0.921107404806
162014
0.929295899657
162034
0.920892829276
162054
0.916478425406
162074
0.903199126092
162094
0.895681179775
162114
0.88528255696
162134
0.884167251873
162154
0.877512484395
162174
0.874232892478
162194
0.862819424938
162214
0.862194717541
162234
0.867682486735
162254
0.870277875312
162274
0.874272393883
162294
0.87197204666
162314
0.878570244226
162334
0.882878335674
162354
0.899645950375
162374
0.91274676186
162394
0.924298240481
162414
0.930633583021
162434
0.93878940387
162454
0.944765820069
162474
0.954835264513
162494
0.966571570693
162514
0.971007919788
162534
0.985334737828
162554
1.0
162574
1.0
162594
1.0
162614
1.0
