123225
0.0608325559701
123245
0.0605517335199
123265
0.0614515314055
123285
0.353202250466
123305
0.366456292755
123325
0.226790364583
123345
0.119850454757
123365
0.153566639459
123385
0.365683302239
123405
0.0876064015858
123425
0.0597389031405
123445
0.0639687305659
123465
0.0725066075871
123485
0.0734753964552
123505
0.0653971354167
123525
0.0640182874689
123545
0.0605721393035
123565
0.059960451648
123585
0.0594420475746
123605
0.0583765741604
123625
0.0578810051306
123645
0.0577916083644
123665
0.0582633706468
123685
0.0588133550995
123705
0.0590693990983
123725
0.294207186723
123745
0.224920806126
123765
0.283790520056
123785
0.254755033427
123805
0.222645075404
123825
0.218496871113
123845
0.20526857898
123865
0.180328824627
123885
0.164581389925
123905
0.158908096238
123925
0.126912313433
123945
0.121964396766
123965
0.118273379198
123985
0.11004644745
124005
0.104168610075
124025
0.10544931592
124045
0.262333352767
124065
0.260096976057
124085
0.270175975591
124105
0.271811353389
124125
0.268180581468
124145
0.26318845227
124165
0.276018831623
124185
0.267752060012
124205
0.271516927083
124225
0.147798118781
124245
0.142902188277
124265
0.146652965641
124285
0.139994849969
124305
0.144860171797
124325
0.141954291045
124345
0.136532182836
124365
0.156304901275
124385
0.158722986629
124405
0.141143889925
124425
0.141552005597
124445
0.118219935479
124465
0.118966204136
124485
0.115625
124505
0.113965329602
124525
0.113138409515
124545
0.0585223297575
124565
0.0577600279851
124585
0.0579271610697
124605
0.211124067164
124625
0.106463289024
124645
0.10154792444
124665
0.0959737445585
124685
0.091944088153
124705
0.0634799634639
124725
0.0908582089552
124745
0.133041336287
124765
0.0778956778607
124785
0.0788678676928
124805
0.0750728777985
124825
0.0748693058147
124845
0.0796087919776
124865
0.146444049285
124885
0.10224609375
124905
0.0884381801928
124925
0.0800917288557
124945
0.0781211131841
124965
0.0691658893035
124985
0.0626515858209
125005
0.0631160603234
125025
0.0782969916045
125045
0.0860643073694
125065
0.07070555426
125085
0.0931791239117
125105
0.0890377215485
125125
0.160122726213
125145
0.26513186023
125165
0.236708061256
125185
0.190047321984
125205
0.215904364894
125225
0.234011582711
125245
0.173494344683
125265
0.172127643035
125285
0.101626146611
125305
0.297991487873
125325
0.102367556748
125345
0.10538566931
125365
0.209783601524
125385
0.0919829563122
125405
0.109909923041
125425
0.106945254198
125445
0.121597092662
125465
0.10056407416
125485
0.107181378265
125505
0.103355293843
125525
0.10975590796
125545
0.142045631219
125565
0.131144570118
125585
0.121863339552
125605
0.116650147699
125625
0.120449996113
125645
0.112965932058
125665
0.107366487873
125685
0.153962608831
125705
0.163138409515
125725
0.138936664335
125745
0.134664081934
125765
0.173822780628
125785
0.205008648165
125805
0.206813102456
125825
0.148585684857
125845
0.154256549285
125865
0.1536987912
125885
0.179967836598
125905
0.2054930426
125925
0.219406871891
125945
0.227489991449
125965
0.214580418221
125985
0.193626593595
126005
0.182185265081
126025
0.170677860697
126045
0.143022679571
126065
0.184002351524
126085
0.203646805037
126105
0.200223977767
126125
0.198200404229
126145
0.197421097637
126165
0.199466048663
126185
0.194893695585
126205
0.202979730255
126225
0.209794290267
126245
0.214784476057
126265
0.217133084577
126285
0.215295592351
126305
0.224942183613
126325
0.23175528607
126345
0.226834577114
126365
0.22607664801
126385
0.227678016169
126405
0.228108481032
126425
0.0771625272077
126445
0.0752511854789
126465
0.0956181009017
126485
0.104328455379
126505
0.138824432525
126525
0.156941853234
126545
0.147544989894
126565
0.1587890625
126585
0.144261602146
126605
0.13986318408
126625
0.131322877799
126645
0.119584207867
126665
0.116281386039
126685
0.102567727767
126705
0.0990350979478
126725
0.0944146455224
126745
0.0949928093905
126765
0.0859331273321
126785
0.0890659009639
126805
0.0851125233209
126825
0.0838813743781
126845
0.0826064987562
126865
0.0796962453358
126885
0.0795762398943
126905
0.0752779073383
126925
0.0746696206468
126945
0.0719823732898
126965
0.0716597675684
126985
0.071387204602
127005
0.0703717739428
127025
0.0703081273321
127045
0.0682947566853
127065
0.0688364816542
127085
0.0675586909204
127105
0.0681426850124
127125
0.218267548974
127145
0.998661477767
127165
1.0
127185
0.997493003731
127205
0.997409923041
127225
0.997409923041
127245
0.997409923041
127265
0.99737056903
127285
0.992043201959
127305
0.991633628731
127325
0.991633628731
127345
0.991633628731
127365
0.990843633396
127385
0.99344245569
127405
0.993417677239
127425
0.993427880131
127445
0.993427880131
127465
0.994897096549
127485
0.976714085821
127505
0.976714085821
127525
0.976714085821
127545
0.976712628265
127565
1.0
127585
0.990106110075
127605
0.990106110075
127625
0.990106110075
127645
0.990104652519
127665
0.995070545709
127685
0.994859200093
127705
0.994859200093
127725
0.994859200093
127745
0.994754256063
127765
0.993285039646
127785
0.993271921642
127805
0.993271921642
127825
0.993271921642
127845
0.99269035681
127865
0.990087161847
127885
0.990069671175
127905
0.990069671175
127925
0.990014284049
127945
0.992843400187
127965
0.993601329291
127985
0.993601329291
128005
0.993601329291
128025
0.993601329291
128045
1.0
128065
0.992750116604
128085
0.992750116604
128105
0.992750116604
128125
0.992750116604
128145
0.993529909049
128165
0.993137826493
128185
0.993102845149
128205
0.993102845149
128225
0.992957089552
128245
0.993209246735
128265
0.99306640625
128285
0.99306640625
128305
0.99306640625
128325
0.992264750466
128345
0.99997813666
128365
0.995745394123
128385
0.993312733209
128405
0.987886252332
128425
0.985264109142
128445
0.980541627799
128465
0.973683826959
128485
0.967984783116
128505
0.966455806903
128525
0.960240788246
128545
0.953393190299
128565
0.951301597481
128585
0.951693680037
128605
0.951896280317
128625
0.95232917444
128645
0.951282649254
128665
0.952039120802
128685
0.951101912313
128705
0.941779384328
128725
0.944293668377
128745
0.945308127332
128765
0.94207526819
128785
0.943691697761
128805
0.93828125
128825
0.933956681437
128845
0.940458838619
128865
0.942011135728
128885
0.941772096549
128905
0.944048798974
128925
0.943658173974
128945
0.945407241138
128965
0.944159573228
128985
0.945311042444
129005
0.948953474813
129025
0.947864680504
129045
0.944394239739
129065
0.943745627332
129085
0.938871560168
129105
0.94157969916
129125
0.94988048041
129145
0.947102378731
129165
0.950378964552
129185
0.953724055504
129205
0.94852058069
129225
0.954008278918
129245
0.952525944496
129265
0.954293959888
129285
0.954463036381
129305
0.949103603078
129325
0.953310109608
129345
0.952314598881
129365
0.945399953358
129385
0.945370802239
129405
0.943282124534
129425
0.948769822761
129445
0.949586054104
129465
0.943293784981
129485
0.947074685168
129505
0.948530783582
129525
0.948685284515
129545
0.950402285448
129565
0.951722831157
129585
0.950905142257
129605
0.958656424907
129625
0.959151993937
129645
0.954444088153
129665
0.961657532649
129685
0.961994228078
129705
0.958934818097
129725
0.956898612407
129745
0.950940123601
129765
0.954976096082
129785
0.95526614972
129805
0.953455865205
129825
0.95146484375
129845
0.952725629664
129865
0.94697994403
129885
0.942461520522
129905
0.943213619403
129925
0.949453416511
129945
0.951055270522
129965
0.94366691931
129985
0.939801480877
130005
0.93517082556
130025
0.929818680037
130045
0.930477495336
130065
0.930391499534
130085
0.93194816931
130105
0.92785389459
130125
0.934950734608
130145
0.932743994869
130165
0.929400361474
130185
0.932780433769
130205
0.933972714552
130225
0.934790403451
130245
0.935201434235
130265
0.937762360075
130285
0.940670184235
130305
0.944637651586
130325
0.938441581157
130345
0.933990205224
130365
0.938711229011
130385
0.941484958022
130405
0.94132316931
130425
0.942336170709
130445
0.938225862873
130465
0.937469391325
130485
0.938457614272
130505
0.938160272854
130525
0.930569321362
130545
0.938805970149
130565
0.941394589552
130585
0.930522679571
130605
0.934869111474
130625
0.938969216418
130645
0.940078416511
130665
0.941603020056
130685
0.940442805504
130705
0.942439657183
130725
0.941471840019
130745
0.9408203125
130765
0.940982101213
130785
0.945280433769
130805
0.940782416045
130825
0.944939365672
130845
0.947332672575
130865
0.947163596082
130885
0.945420359142
130905
0.941130771922
130925
0.945501982276
130945
0.947498833955
130965
0.948014808769
130985
0.946775886194
131005
0.95724842584
131025
0.946885202892
131045
0.934227786847
131065
0.932503498134
131085
0.930973064366
131105
0.938109258396
131125
0.938189423974
131145
0.935006121735
131165
0.93503673041
131185
0.937422749534
131205
0.931370977146
131225
0.940418027052
131245
0.948603661381
131265
0.952352495336
131285
0.954021396922
131305
0.952657124534
131325
0.948960762593
131345
0.95134532416
131365
0.951986648787
131385
0.950603428172
131405
0.95185546875
131425
0.949403859608
131445
0.954795359142
131465
0.955591184701
131485
0.956639167444
131505
0.954878439832
131525
0.951756354944
131545
0.954417852146
131565
0.954464493937
131585
0.953369869403
131605
0.953942688899
131625
0.951558127332
131645
0.953120627332
131665
0.954726854011
131685
0.940094449627
131705
0.940891732743
131725
0.941180328825
131745
0.937113747668
131765
0.929253148321
131785
0.920267315765
131805
0.92793697528
131825
0.926906969061
131845
0.925658815299
131865
0.918621735075
131885
0.931062946984
131905
0.931569204757
131925
0.932041938744
131945
0.939559526586
131965
0.944601212687
131985
0.95546632074
132005
0.948598317009
132025
0.954726854011
132045
0.949537954757
132065
0.957487465019
132085
0.962167677239
132105
0.966570953825
132125
0.971729244403
132145
0.959341476213
132165
0.960710121269
132185
0.962540811567
132205
0.970010785914
132225
0.97404530084
132245
0.976518773321
132265
0.979152576959
132285
0.980219507929
132305
0.980108733675
132325
0.984326900653
132345
1.0
132365
0.963928404851
132385
0.962651585821
132405
0.962651585821
132425
0.962651585821
132445
0.962651585821
132465
0.962651585821
132485
0.967393015392
132505
0.963323033271
132525
0.9632933963
132545
0.963270561256
132565
0.963281735852
132585
0.963281735852
132605
0.963284165112
132625
0.989845207556
132645
0.989479361007
132665
0.989479361007
132685
0.989479361007
132705
0.989479361007
132725
0.989479361007
132745
0.989549323694
132765
0.989549323694
132785
1.0
132805
1.0
