117168
0.995144395211
117188
0.253043862718
117208
0.353391732743
117228
0.480501787935
117248
0.811151760728
117268
0.465265955379
117288
0.31711413635
117308
0.281094527363
117328
0.280143229167
117348
0.261594371891
117368
0.390854807991
117388
0.485149933924
117408
0.416744402985
117428
0.224297458022
117448
0.209045592351
117468
0.196262826493
117488
0.0858150652985
117508
0.104739486163
117528
0.163007229478
117548
0.163145697295
117568
0.123975338153
117588
0.129590329602
117608
0.162661788713
117628
0.163843866604
117648
0.1619140625
117668
0.161846043221
117688
0.163918201959
117708
0.161655589241
117728
0.1603394162
117748
0.163515916511
117768
0.165217856032
117788
0.168171836132
117808
0.167595615672
117828
0.168760202892
117848
0.168286983053
117868
0.168640683302
117888
0.169767374067
117908
0.126883162313
117928
0.116995588464
117948
0.110449704602
117968
0.186846043221
117988
0.173665364583
118008
0.180450287624
118028
0.187534495491
118048
0.164873386971
118068
0.130238942009
118088
0.121944476835
118108
0.10866711365
118128
0.13593992926
118148
0.153923740672
118168
0.15183360541
118188
0.154104963464
118208
0.155370607898
118228
0.160127098881
118248
0.163515916511
118268
0.157734763682
118288
0.194071148165
118308
0.194165889303
118328
0.189382676461
118348
0.195489835976
118368
0.145254197761
118388
0.136426267102
118408
0.161464649409
118428
0.201308399409
118448
0.197283601524
118468
0.127602223259
118488
0.128403879042
118508
0.117613592195
118528
0.111179454291
118548
0.1113524176
118568
0.111559876399
118588
0.126571731188
118608
0.129838114117
118628
0.131353000622
118648
0.13535642102
118668
0.133632618159
118688
0.125995510728
118708
0.126540150808
118728
0.130907960199
118748
0.132420417444
118768
0.138410000777
118788
0.136250874534
118808
0.1339722287
118828
0.112323149876
118848
0.112445098725
118868
0.110135844216
118888
0.110693602301
118908
0.115705165578
118928
0.132940764925
118948
0.127662954757
118968
0.134300664646
118988
0.13075200171
119008
0.126374961132
119028
0.12785632385
119048
0.120706040112
119068
0.132473861163
119088
0.1449340213
119108
0.136652188277
119128
0.0637311489428
119148
0.0588318174751
119168
0.0594833449938
119188
0.0600129236629
119208
0.0704742887127
119228
0.0710291316853
119248
0.066260494403
119268
0.0717982353856
119288
0.0636281483209
119308
0.0657041938744
119328
0.0573698888371
119348
0.0581404500933
119368
0.0594405900187
119388
0.0589552238806
119408
0.0719663401741
119428
0.0917934740361
119448
0.076903082245
119468
0.0715990360697
119488
0.0720037507774
119508
0.0557835820896
119528
0.0551602339863
119548
0.0837944068719
119568
0.0791161380597
119588
0.0729234685945
119608
0.0616847403607
119628
0.0509697605721
119648
0.0519089124689
119668
0.235978311567
119688
0.209615982587
119708
0.1786987912
119728
0.226947780628
119748
0.190807680348
119768
0.156067319652
119788
0.180236026897
119808
0.622906949627
119828
0.990716826026
119848
0.991035544932
119868
0.991010280628
119888
0.990992304104
119908
0.999622978856
119928
0.995914470616
119948
0.99590815454
119968
0.99590815454
119988
0.996963910914
120008
0.996397407494
120028
0.996387690454
120048
0.996390119714
120068
0.995127876244
120088
0.993140741604
120108
0.9931397699
120128
0.99316163324
120148
0.99636485541
120168
0.996458138993
120188
0.996457167289
120208
0.996457167289
120228
0.99462404773
120248
0.994590038091
120268
0.994571089863
120288
0.994572547419
120308
1.0
120328
0.406727106654
120348
0.225120491294
120368
0.126909398321
120388
0.102761582711
120408
0.0994388409515
120428
0.100003886816
120448
0.0956020677861
120468
0.126911827581
120488
0.201635377799
120508
0.733462084111
120528
1.0
120548
0.987523320896
120568
0.987517490672
120588
0.98751700482
120608
1.0
120628
0.987341126399
120648
0.987340154695
120668
0.987343555659
120688
1.0
120708
0.987382423818
120728
0.987346956623
120748
0.987344527363
120768
1.0
120788
0.994920903296
120808
0.994889808769
120828
0.994888837065
120848
1.0
120868
0.993660603234
120888
0.993650886194
120908
0.99365234375
120928
1.0
120948
0.992621851679
120968
0.992604846859
120988
0.992596587376
121008
1.0
121028
0.989434662624
121048
0.989385591573
121068
0.989368100902
121088
0.999995627332
121108
0.996561625466
121128
0.996538790423
121148
0.996545106499
121168
1.0
121188
0.993470635106
121208
0.993460432214
121228
0.99345703125
121248
0.999991254664
121268
0.993941911536
121288
0.993922477456
121308
0.993919562345
121328
1.0
121348
0.993703358209
121368
0.993682466573
121388
0.993679065609
121408
1.0
121428
0.991564151897
121448
0.991525283738
121468
0.991531599813
121488
0.999951414801
121508
0.99989505597
121528
0.999872706779
121548
1.0
121568
1.0
121588
0.992149117693
121608
0.988356557058
121628
0.988470246424
121648
0.988515430659
121668
0.988417774409
121688
0.988455670864
121708
0.988302627488
121728
0.988345382463
121748
0.988358500466
121768
0.988408057369
121788
0.986143015392
121808
0.981865088619
121828
0.975960529384
121848
0.971125816231
121868
0.968720848881
121888
0.963937150187
121908
0.968696070429
121928
0.966981984608
121948
0.959944904384
121968
0.958889633862
121988
0.959001865672
122008
0.95733150653
122028
0.956095499067
122048
0.953798390858
122068
0.95222423041
122088
0.952919484608
122108
0.950115146922
122128
0.949575851213
122148
0.949208547108
122168
0.945637534981
122188
0.942796758396
122208
0.936344158116
122228
0.931777635261
122248
0.933297866138
122268
0.932841651119
122288
0.933654967351
122308
0.929850746269
122328
0.923482684235
122348
0.919563316231
122368
0.918305445429
122388
0.916757520989
122408
0.909679629198
122428
0.90477786847
122448
0.905219507929
122468
0.908965426772
122488
0.914030433769
122508
0.911972364739
122528
0.917279326026
122548
0.923793143657
122568
0.918653801306
122588
0.91651119403
122608
0.921305095616
122628
0.923807719216
122648
0.923446245336
122668
0.92551014459
122688
0.920324160448
122708
0.916919309701
122728
0.918685867537
122748
0.91669921875
122768
0.917986240672
122788
0.915852378731
122808
0.91593983209
122828
0.911742070896
122848
0.91219245569
122868
0.916243003731
122888
0.917917735541
122908
0.916731284981
122928
0.91922370569
122948
0.919647854478
122968
0.916592817164
122988
0.90978748834
123008
0.912530608675
123028
0.911075967817
123048
0.91379139459
123068
0.909857451026
123088
0.90984870569
123108
0.915085704291
123128
0.921411497201
123148
0.918989039179
123168
0.922657707556
123188
0.922150478078
123208
0.920943621735
123228
0.923927238806
123248
0.918098472481
123268
0.919694496269
123288
0.917120452425
123308
0.920844507929
123328
0.922815123601
123348
0.924486940299
123368
0.929435342817
123388
0.927901993937
123408
0.930053346549
123428
0.934694204757
123448
0.933688491138
123468
0.930343400187
123488
0.927528859608
123508
0.924411147388
123528
0.926773845616
123548
0.926387593284
123568
0.926036322295
123588
0.926033407183
123608
0.925034981343
123628
0.924673507463
123648
0.923271338619
123668
0.921891033116
123688
0.922033873601
123708
0.919075034981
123728
0.921439190765
123748
0.920191522854
123768
0.915680387127
123788
0.915299965019
123808
0.919410272854
123828
0.918786438899
123848
0.920375174907
123868
0.922045534049
123888
0.925046641791
123908
0.924122551306
123928
0.928071070429
123948
0.929979011194
123968
0.932809584888
123988
0.935519181437
124008
0.935864622201
124028
0.937156016791
124048
0.935673682369
124068
0.934697119869
124088
0.936322294776
124108
0.931356401586
124128
0.931696012127
124148
0.933431961287
124168
0.934127215485
124188
0.929057835821
124208
0.92453358209
124228
0.922466767724
124248
0.921383803638
124268
0.918445370802
124288
0.914837919776
124308
0.911427238806
124328
0.910650361474
124348
0.910380713619
124368
0.907073519123
124388
0.907923274254
124408
0.900517432369
124428
0.900365846549
124448
0.906029909049
124468
0.907472889459
124488
0.906757229478
124508
0.898176597481
124528
0.90134532416
124548
0.906917560634
124568
0.904614622201
124588
0.89900886194
124608
0.899946070429
124628
0.90183360541
124648
0.902122201493
124668
0.899475279851
124688
0.897807835821
124708
0.899033640392
124728
0.907144939366
124748
0.908644764459
124768
0.905187441698
124788
0.898282999067
124808
0.899274137127
124828
0.897581914646
124848
0.901459013526
124868
0.898975338153
124888
0.899167735541
124908
0.900568446828
124928
0.903030258862
124948
0.903509794776
124968
0.90585208722
124988
0.91279296875
125008
0.917181669776
125028
0.920706040112
125048
0.923635727612
125068
0.929378498134
125088
0.932859141791
125108
0.928468983209
125128
0.927667327425
125148
0.93126457556
125168
0.933347423041
125188
0.933169601213
125208
0.933700151586
125228
0.94217292444
125248
0.948125583022
125268
0.940302880131
125288
0.929234200093
125308
0.928944146455
125328
0.927129489272
125348
0.92361094916
125368
0.919744053172
125388
0.919153743004
125408
0.922232101213
125428
0.927861182369
125448
0.92618645056
125468
0.923798973881
125488
0.920673973881
125508
0.919188724347
125528
0.915294134795
125548
0.910711578825
125568
0.905089785448
125588
0.90350833722
125608
0.914728603078
125628
0.922590659981
125648
0.926351154384
125668
0.936074510261
125688
0.936900944496
125708
0.938335179571
125728
0.934100979478
125748
0.935399661847
125768
0.940751807369
125788
0.943391441231
125808
0.948718808302
125828
0.953394647854
125848
0.96042735541
125868
0.963155414335
125888
0.965838774876
125908
0.969325734608
125928
0.972957478234
125948
0.973311664335
125968
0.971558224502
125988
0.969587608831
126008
0.968856887438
126028
0.968506588153
126048
0.968757773632
126068
0.970848394745
126088
0.967517879353
126108
0.968462375622
126128
0.973807719216
126148
0.970970343595
126168
0.962200715174
126188
0.95568592584
126208
0.950601484764
126228
0.95205806903
126248
0.95099113806
126268
0.950876962842
126288
0.95275380908
126308
0.955924479167
126328
0.954758434391
126348
0.952659553794
126368
0.948629411536
126388
0.949430581468
126408
0.953642432369
126428
0.955862290112
126448
0.954833255597
126468
0.955849172108
126488
0.966224055504
126508
0.971159340019
126528
0.98379635028
126548
0.986594857743
126568
0.991569496269
126588
0.991540345149
126608
0.994111473881
126628
0.996995977146
126648
1.0
126668
1.0
126688
1.0
126708
1.0
126728
1.0
126748
1.0
