-8426
0.0815742055976
-8406
0.0815742055976
-8386
0.0815742055976
-8366
0.0815742055976
-8346
0.0815742055976
-8326
0.0815742055976
-8306
0.0815742055976
-8286
0.0815742055976
-8266
0.0815742055976
-8246
0.0815742055976
-8226
0.0815742055976
-8206
0.0815742055976
-8186
0.0815742055976
-8166
0.0815742055976
-8146
0.0815742055976
-8126
0.0815742055976
-8106
0.0815742055976
-8086
0.0815742055976
-8066
0.0815742055976
-8046
0.0815742055976
-8026
0.0815742055976
-8006
0.0815742055976
-7986
0.0815742055976
-7966
0.0815742055976
-7946
0.0815742055976
-7926
0.0815742055976
-7906
0.0815742055976
-7886
0.0815742055976
-7866
0.0815742055976
-7846
0.0815742055976
-7826
0.0815742055976
-7806
0.0815742055976
-7786
0.0815742055976
-7766
0.0815742055976
-7746
0.0815742055976
-7726
0.0815742055976
-7706
0.0815742055976
-7686
0.0815742055976
-7666
0.0815742055976
-7646
0.0815742055976
-7626
0.0815742055976
-7606
0.0815742055976
-7586
0.0815742055976
-7566
0.0815742055976
-7546
0.0815742055976
-7526
0.0815742055976
-7506
0.0815742055976
-7486
0.0815742055976
-7466
0.0815742055976
-7446
0.0815742055976
-7426
0.0815742055976
-7406
0.0815742055976
-7386
0.0815742055976
-7366
0.0815742055976
-7346
0.0815742055976
-7326
0.0815742055976
-7306
0.0815742055976
-7286
0.0815742055976
-7266
0.0815742055976
-7246
0.0815742055976
-7226
0.0815742055976
-7206
0.0815742055976
-7186
0.0815742055976
-7166
0.0815742055976
-7146
0.0815742055976
-7126
0.0815742055976
-7106
0.0815742055976
-7086
0.0815742055976
-7066
0.0815742055976
-7046
0.0815742055976
-7026
0.0815742055976
-7006
0.0815742055976
-6986
0.0815742055976
-6966
0.0815742055976
-6946
0.0815742055976
-6926
0.0815742055976
-6906
0.0815742055976
-6886
0.0815742055976
-6866
0.0815742055976
-6846
0.0815742055976
-6826
0.0815742055976
-6806
0.0815742055976
-6786
0.0815742055976
-6766
0.0815742055976
-6746
0.0815742055976
-6726
0.0815742055976
-6706
0.0815742055976
-6686
0.0815742055976
-6666
0.0815742055976
-6646
0.0815742055976
-6626
0.0815742055976
-6606
0.0815742055976
-6586
0.0815742055976
-6566
0.0815742055976
-6546
0.0815742055976
-6526
0.0815742055976
-6506
0.0815742055976
-6486
0.0815742055976
-6466
0.0815742055976
-6446
0.0815742055976
-6426
0.0815742055976
-6406
0.0815742055976
-6386
0.0815742055976
-6366
0.0815742055976
-6346
0.0815742055976
-6326
0.0815742055976
-6306
0.0815742055976
-6286
0.0815742055976
-6266
0.0815742055976
-6246
0.0815742055976
-6226
0.0815742055976
-6206
0.0815742055976
-6186
0.0815742055976
-6166
0.0815742055976
-6146
0.0815742055976
-6126
0.0815742055976
-6106
0.0815742055976
-6086
0.0815742055976
-6066
0.0815742055976
-6046
0.0815742055976
-6026
0.0815742055976
-6006
0.0815742055976
-5986
0.0815742055976
-5966
0.0815742055976
-5946
0.0815742055976
-5926
0.0815742055976
-5906
0.0815742055976
-5886
0.0815742055976
-5866
0.0815742055976
-5846
0.0815742055976
-5826
0.0815742055976
-5806
0.0815742055976
-5786
0.0815742055976
-5766
0.0815742055976
-5746
0.0815742055976
-5726
0.0815742055976
-5706
0.0815742055976
-5686
0.0815742055976
-5666
0.0815742055976
-5646
0.0815742055976
-5626
0.0815742055976
-5606
0.0815742055976
-5586
0.0815742055976
-5566
0.0815742055976
-5546
0.0815742055976
-5526
0.0815742055976
-5506
0.0815742055976
-5486
0.0815742055976
-5466
0.0815742055976
-5446
0.0815742055976
-5426
0.0815742055976
-5406
0.0815742055976
-5386
0.0815742055976
-5366
0.0815742055976
-5346
0.0815742055976
-5326
0.0815742055976
-5306
0.0815742055976
-5286
0.0815742055976
-5266
0.0815742055976
-5246
0.0815742055976
-5226
0.0815742055976
-5206
0.0815742055976
-5186
0.0815742055976
-5166
0.0815742055976
-5146
0.0815742055976
-5126
0.0815742055976
-5106
0.0815742055976
-5086
0.0815742055976
-5066
0.0815742055976
-5046
0.0815742055976
-5026
0.0815742055976
-5006
0.0815742055976
-4986
0.0815742055976
-4966
0.0815742055976
-4946
0.0815742055976
-4926
0.0815742055976
-4906
0.0815742055976
-4886
0.0815742055976
-4866
0.0815742055976
-4846
0.0815742055976
-4826
0.0815742055976
-4806
0.0815742055976
-4786
0.0815742055976
-4766
0.0815742055976
-4746
0.0815742055976
-4726
0.0815742055976
-4706
0.0815742055976
-4686
0.0815742055976
-4666
0.0815742055976
-4646
0.0815742055976
-4626
0.0815742055976
-4606
0.0815742055976
-4586
0.0815742055976
-4566
0.0815742055976
-4546
0.0815742055976
-4526
0.0815742055976
-4506
0.0815742055976
-4486
0.0815742055976
-4466
0.0815742055976
-4446
0.0815742055976
-4426
0.0815742055976
-4406
0.0815742055976
-4386
0.0815742055976
-4366
0.0815742055976
-4346
0.0815742055976
-4326
0.0815742055976
-4306
0.0815742055976
-4286
0.0815742055976
-4266
0.0815742055976
-4246
0.0815742055976
-4226
0.0815742055976
-4206
0.0815742055976
-4186
0.0815742055976
-4166
0.0815742055976
-4146
0.0815742055976
-4126
0.0815742055976
-4106
0.0815742055976
-4086
0.0815742055976
-4066
0.0815742055976
-4046
0.0815742055976
-4026
0.0815742055976
-4006
0.0815742055976
-3986
0.0815742055976
-3966
0.0815742055976
-3946
0.0815742055976
-3926
0.0815742055976
-3906
0.0815742055976
-3886
0.0815742055976
-3866
0.0815742055976
-3846
0.0815742055976
-3826
0.0815742055976
-3806
0.0815742055976
-3786
0.0815742055976
-3766
0.0815742055976
-3746
0.0815742055976
-3726
0.0815742055976
-3706
0.0815742055976
-3686
0.0815742055976
-3666
0.0815742055976
-3646
0.0815742055976
-3626
0.0815742055976
-3606
0.0815742055976
-3586
0.0815742055976
-3566
0.0815742055976
-3546
0.0815742055976
-3526
0.0815742055976
-3506
0.0815742055976
-3486
0.0815742055976
-3466
0.0815742055976
-3446
0.0815742055976
-3426
0.0815742055976
-3406
0.0815742055976
-3386
0.0815742055976
-3366
0.0815742055976
-3346
0.0815742055976
-3326
0.0815742055976
-3306
0.0815742055976
-3286
0.0815742055976
-3266
0.0815742055976
-3246
0.0815742055976
-3226
0.0815742055976
-3206
0.0815742055976
-3186
0.0815742055976
-3166
0.0815742055976
-3146
0.0815742055976
-3126
0.0815742055976
-3106
0.0815742055976
-3086
0.0815742055976
-3066
0.0815742055976
-3046
0.0815742055976
-3026
0.0815742055976
-3006
0.0815742055976
-2986
0.0815742055976
-2966
0.0815742055976
-2946
0.0815742055976
-2926
0.0815742055976
-2906
0.0815742055976
-2886
0.0815742055976
-2866
0.0815742055976
-2846
0.0815742055976
-2826
0.0815742055976
-2806
0.0815742055976
-2786
0.0815742055976
-2766
0.0815742055976
-2746
0.0815742055976
-2726
0.0815742055976
-2706
0.0815742055976
-2686
0.0815742055976
-2666
0.0815742055976
-2646
0.0815742055976
-2626
0.0815742055976
-2606
0.0815742055976
-2586
0.0815742055976
-2566
0.0815742055976
-2546
0.0815742055976
-2526
0.0815742055976
-2506
0.0815742055976
-2486
0.0815742055976
-2466
0.0815742055976
-2446
0.0815742055976
-2426
0.0815742055976
-2406
0.0815742055976
-2386
0.0815742055976
-2366
0.0815742055976
-2346
0.0815742055976
-2326
0.0815742055976
-2306
0.0815742055976
-2286
0.0815742055976
-2266
0.0815742055976
-2246
0.0815742055976
-2226
0.0815742055976
-2206
0.0815742055976
-2186
0.0815742055976
-2166
0.0815742055976
-2146
0.0815742055976
-2126
0.0815742055976
-2106
0.0815742055976
-2086
0.0815742055976
-2066
0.0815742055976
-2046
0.0815742055976
-2026
0.0815742055976
-2006
0.0815742055976
-1986
0.0815742055976
-1966
0.0815742055976
-1946
0.0815742055976
-1926
0.0815742055976
-1906
0.0815742055976
-1886
0.0815742055976
-1866
0.0815742055976
-1846
0.0815742055976
-1826
0.0815742055976
-1806
0.0815742055976
-1786
0.0815742055976
-1766
0.0815742055976
-1746
0.0815742055976
-1726
0.0815742055976
-1706
0.0815742055976
-1686
0.0815742055976
-1666
0.0815742055976
-1646
0.0815742055976
-1626
0.0815742055976
-1606
0.0815742055976
-1586
0.0815742055976
-1566
0.0815742055976
-1546
0.0815742055976
-1526
0.0815742055976
-1506
0.0815742055976
-1486
0.0815742055976
-1466
0.0815742055976
-1446
0.0815742055976
-1426
0.0815742055976
-1406
0.0815742055976
-1386
0.0815742055976
-1366
0.0815742055976
-1346
0.0815742055976
-1326
0.0815742055976
-1306
0.0815742055976
-1286
0.0815742055976
-1266
0.0815742055976
-1246
0.0815742055976
-1226
0.0815742055976
-1206
0.0815742055976
-1186
0.0815742055976
-1166
0.0815742055976
-1146
0.0815742055976
-1126
0.0815742055976
-1106
0.0815742055976
-1086
0.0815742055976
-1066
0.0815742055976
-1046
0.0815742055976
-1026
0.0815742055976
-1006
0.0815742055976
-986
0.0815742055976
-966
0.0815742055976
-946
0.0815742055976
-926
0.0815742055976
-906
0.0815742055976
-886
0.0815742055976
-866
0.0815742055976
-846
0.0815742055976
-826
0.0815742055976
-806
0.0815742055976
-786
0.0815742055976
-766
0.0815742055976
-746
0.0815742055976
-726
0.0815742055976
-706
0.0815742055976
-686
0.0815742055976
-666
0.0815742055976
-646
0.0815742055976
-626
0.0815742055976
-606
0.0815742055976
-586
0.0815742055976
-566
0.0815742055976
-546
0.0815742055976
-526
0.0815742055976
-506
0.0815742055976
-486
0.0815742055976
-466
0.0815742055976
-446
0.0815742055976
-426
0.0815742055976
-406
0.0815742055976
-386
0.0815742055976
-366
0.0815742055976
-346
0.0815742055976
-326
0.0815742055976
-306
0.0815742055976
-286
0.0815742055976
-266
0.0815742055976
-246
0.0815742055976
-226
0.0815742055976
-206
0.0815742055976
-186
0.0815742055976
-166
0.0815742055976
-146
0.0815742055976
-126
0.0815742055976
-106
0.0815742055976
-86
0.0815742055976
-66
0.0815742055976
-46
0.0815742055976
-26
0.0815742055976
-6
0.0815742055976
14
0.0829979482323
34
0.0882671112163
54
0.0835865162037
74
0.0802902067551
94
0.0837657170665
114
0.0924692892466
134
0.0992131602483
154
0.129027909301
174
0.142412076494
194
0.202201046928
214
0.194991911301
234
0.144003511679
254
0.136579006208
274
0.129090382997
294
0.128002025463
314
0.136827256944
334
0.147421480429
354
0.147406684028
374
0.106585056292
394
0.0960072732534
414
0.0897171585648
434
0.104985400884
454
0.0895856349958
474
0.101971867109
494
0.103139138784
514
0.102461792403
534
0.102996106902
554
0.104237360585
574
0.100025318287
594
0.079152527883
614
0.0884019228746
634
0.0988465382997
654
0.124371974958
674
0.104079532302
694
0.13593125263
714
0.169142597854
734
0.207743121317
754
0.245612044928
774
0.25815117319
794
0.319700915404
814
0.282142716225
834
0.31050412984
854
0.33717053346
874
0.310905276726
894
0.281723484848
914
0.282624421296
934
0.284993489583
954
0.276891637731
974
0.280926123211
994
0.281448929398
1014
0.349957912458
1034
0.294694996843
1054
0.342778369634
1074
0.197507299558
1094
0.195537734112
1114
0.19461378104
1134
0.179896293666
1154
0.0791278672138
1174
0.10343013468
1194
0.113072456334
1214
0.109294441814
1234
0.108807804609
1254
0.19669185343
1274
0.169824876368
1294
0.159501920244
1314
0.170316445707
1334
0.205786708228
1354
0.251441827125
1374
0.0656401252104
1394
0.0603956228956
1414
0.0594864662247
1434
0.0569940945918
1454
0.0567294034091
1474
0.0548584806397
1494
0.0522740425084
1514
0.09230652883
1534
0.0716507523148
1554
0.0714583990951
