164975
0.440047591902
164995
0.443640089483
165015
0.440651343975
165035
0.683892387023
165055
0.680949203635
165075
0.679590977405
165095
0.679367701423
165115
0.678334456191
165135
0.675659463101
165155
0.672864194652
165175
0.670470995716
165195
0.31996592558
165215
0.314046088999
165235
0.315891030956
165255
0.31311433285
165275
0.308854382601
165295
0.307091927515
165315
0.118395867883
165335
0.112707296849
165355
0.111142637507
165375
0.139552886609
165395
0.350433595909
165415
0.889271524323
165435
0.786639934011
165455
0.742963567579
165475
0.73074622547
165495
0.703422989221
165515
0.701989401949
165535
0.700971056177
165555
0.650106455569
165575
0.486802100608
165595
0.453168618712
165615
0.519516998342
165635
0.491803353027
165655
0.442980410448
165675
0.443133939677
165695
0.445440764925
165715
0.446377919431
165735
0.450439210199
165755
0.447265625
165775
0.446385908997
165795
0.44857828911
165815
0.408737778123
165835
0.391154254768
165855
0.397169534273
165875
0.404991967247
165895
0.407846401672
165915
0.4149333627
165935
0.408235299198
165955
0.405921132186
165975
0.396434926064
165995
0.397492787797
166015
0.394255933872
166035
0.402427100608
166055
0.414365023839
166075
0.409140711374
166095
0.409728700249
166115
0.422241008499
166135
0.41838960579
166155
0.429694409895
166175
0.419791666667
166195
0.423628817717
166215
0.417603605238
166235
0.416869860766
166255
0.428726592731
166275
0.442390046296
166295
0.587473440091
166315
1.0
166335
0.850392568408
166355
0.749501623825
166375
0.727384777501
166395
0.723077321725
166415
0.708512558734
166435
0.704305512369
166455
0.704179190851
166475
0.703650367952
166495
0.703663324005
166515
0.628236206122
166535
0.503483666736
166555
0.437558950041
166575
0.428611499793
166595
0.426324324558
166615
0.433054994127
166635
0.432294473811
166655
0.436634535655
166675
0.439190764925
166695
0.439291606205
166715
0.435922384605
166735
0.436438899254
166755
0.437100737631
166775
1.0
166795
0.86004871476
166815
0.644036112839
166835
0.618719121407
166855
0.604090225954
166875
0.602647569444
166895
0.602609565022
166915
0.602570912797
166935
0.602512826493
166955
0.604909048507
166975
0.604674975815
166995
0.604356688778
167015
0.604212444721
167035
0.604000181385
167055
0.604471349848
167075
0.604160836443
167095
0.604485601506
167115
0.604039697347
167135
0.604152415008
167155
0.604055676479
167175
0.604235549682
167195
0.604994990326
167215
1.0
167235
1.0
167255
1.0
167275
1.0
167295
0.989333497443
167315
0.984254724641
167335
0.98289541874
167355
0.982164481412
167375
0.981557490326
167395
0.9815510123
167415
0.981544102405
167435
0.98154388647
167455
0.981687698659
167475
0.98168467558
167495
0.981684027778
167515
0.966510762161
167535
0.960830396628
167555
0.959590502349
167575
0.959525722084
167595
0.959548611111
167615
0.959540189677
167635
0.959543212756
167655
0.959550770453
167675
0.959544940229
167695
0.960344112769
167715
0.943740067026
167735
0.940847412244
167755
0.939988209992
167775
0.940346012991
167795
0.940381210268
167815
0.940507099917
167835
0.940523726852
167855
0.940533659826
167875
0.940549638958
167895
0.941089474502
167915
0.945407942924
167935
0.947360420122
167955
0.959266816957
167975
0.999829843836
167995
1.0
168015
0.824114453773
168035
0.760335907269
168055
0.7295164801
168075
0.700877340727
168095
0.69850508741
168115
0.697610256012
168135
0.697725133015
168155
0.697797255044
168175
0.697063078704
168195
0.69994212963
168215
0.698388482933
168235
0.700469656924
168255
0.711132488599
168275
0.786331148079
168295
1.0
168315
1.0
168335
0.997868297402
168355
0.995852983347
168375
0.995861404782
168395
0.995809148701
168415
0.995775247029
168435
0.99227041874
168455
0.99227862424
168475
0.992215355514
168495
0.992247097844
168515
0.988676625553
168535
0.988067043256
168555
0.992233278054
168575
0.9923421089
168595
0.992262645108
168615
0.991089474502
168635
0.989818701631
168655
0.988345814331
168675
0.988346030265
168695
0.988515322692
168715
0.990544672471
168735
0.992381840796
168755
0.98875889649
168775
0.983202045329
168795
0.978122192855
168815
0.974001520177
168835
0.973080344804
168855
0.971557360766
168875
0.966862734936
168895
0.960555512369
168915
0.954345028331
168935
0.948339249931
168955
0.944578107725
168975
0.944725590796
168995
0.944755173784
169015
0.943815428068
169035
0.941892317924
169055
0.941683509536
169075
0.939685686153
169095
0.940624136263
169115
0.940635148908
169135
0.940494575732
169155
0.942754327322
169175
0.943587617468
169195
0.948098915146
169215
0.952120474019
169235
0.95669180141
169255
0.959243711996
169275
0.964166796227
169295
0.968450715174
169315
0.965622192855
169335
0.962850893104
169355
0.959776421711
169375
0.959801038212
169395
0.951550407684
169415
0.948253955915
169435
0.947847135849
169455
0.952834568477
169475
0.94896740257
169495
0.948885779436
169515
0.955741906786
169535
0.961271982103
169555
0.965477516929
169575
0.969535568684
169595
0.980628757255
169615
0.982787667565
169635
0.982411510158
169655
0.97837634743
169675
0.978687940506
169695
0.97693520246
169715
0.973971289386
169735
0.972999801341
169755
0.968843499516
169775
0.96119964414
169795
0.955583627004
169815
0.952899132808
169835
0.948108848121
169855
0.94320627764
169875
0.937111318408
169895
0.933568917565
169915
0.928933673646
169935
0.925810832988
169955
0.926364920191
169975
0.928367062258
169995
0.9283692216
170015
0.927862208057
170035
0.931036656993
170055
0.9307047661
170075
0.929156733693
170095
0.929004500069
170115
0.93173585199
170135
0.932749879077
170155
0.935679890478
170175
0.933693295674
170195
0.937064676617
170215
0.935292504491
170235
0.936079152847
170255
0.932750310945
170275
0.932766721946
170295
0.935253204464
170315
0.933211978303
170335
0.932337228787
170355
0.932034057145
170375
0.93227136885
170395
0.928842981274
170415
0.92567371476
170435
0.929343948659
170455
0.926566386816
170475
0.922315505804
170495
0.922495379008
170515
0.919836149116
170535
0.91825443097
170555
0.920871985558
170575
0.917796650428
170595
0.918843499516
170615
0.916252936705
170635
0.914641419638
170655
0.91276365568
170675
0.918067863806
170695
0.922152043601
170715
0.920747823383
170735
0.920537071587
170755
0.921318537521
170775
0.919802679312
170795
0.918681548853
170815
0.922876502902
170835
0.924235161001
170855
0.924956165354
170875
0.924693157477
170895
0.923879733278
170915
0.923961572347
170935
0.924534013958
170955
0.922651067579
170975
0.922209266169
170995
0.923934148701
171015
0.920144287244
171035
0.918276672195
171055
0.915890815022
171075
0.914586572347
171095
0.913789343214
171115
0.91368569479
171135
0.912740766653
171155
0.913476238599
171175
0.915418998756
171195
0.916336719182
171215
0.918545942164
171235
0.917375794638
171255
0.918800960475
171275
0.92068930521
171295
0.919270617399
171315
0.923260649876
171335
0.925227378731
171355
0.922189616155
171375
0.926820973259
171395
0.922930918325
171415
0.923072571172
171435
0.924238400014
171455
0.93108567406
171475
0.922589742261
171495
0.917342540768
171515
0.913107638889
171535
0.912782657891
171555
0.912347982311
171575
0.913563260088
171595
0.911768630804
171615
0.912186031647
171635
0.911826501175
171655
0.910743591072
171675
0.910092117537
171695
0.918377945343
171715
0.912729106205
171735
0.908301591003
171755
0.900052040146
171775
0.900855963239
171795
0.906893268035
171815
0.906083730652
171835
0.907371994196
171855
0.911300269486
171875
0.914150601161
171895
0.916003964552
171915
0.925160007255
171935
0.930726143588
171955
0.935396584784
171975
0.939707927377
171995
0.932622261954
172015
0.931741250345
172035
0.935853069721
172055
0.930766523286
172075
0.932002530749
172095
0.930258430072
172115
0.932018078013
172135
0.930764363944
172155
0.934354486249
172175
0.937869463447
172195
0.935911803828
172215
0.9368733589
172235
0.934988037244
172255
0.93168057283
172275
0.935590061844
172295
0.934799526672
172315
0.937623082504
172335
0.942427186982
172355
0.940392438847
172375
0.937324661415
172395
0.935676867399
172415
0.937070506841
172435
0.934954135572
172455
0.94213222084
172475
0.942720209715
172495
0.941222705915
172515
0.941072631633
172535
0.935620508568
172555
0.933524003248
172575
0.934625483693
172595
0.939568433872
172615
0.942090113668
172635
0.942890365879
172655
0.937920207988
172675
0.935025609798
172695
0.934918938295
172715
0.930474148355
172735
0.929544551548
172755
0.929888102888
172775
0.930088273908
172795
0.927403779713
172815
0.923684960614
172835
0.9235921089
172855
0.924262584646
172875
0.924497305141
172895
0.917151007117
172915
0.91757402225
172935
0.919047773286
172955
0.926381331191
172975
0.923773277709
172995
0.923622987493
173015
0.920891851506
173035
0.923361491155
173055
0.91810953911
173075
0.908381054795
173095
0.916277337272
173115
0.921472714552
173135
0.920396282477
173155
0.924512852405
173175
0.920505329256
173195
0.922741328082
173215
0.924839992745
173235
0.920042798162
173255
0.926105583195
173275
0.934126243781
173295
0.938997719735
173315
0.937486396144
173335
0.933263154713
173355
0.933459007048
173375
0.935246726437
173395
0.938412538004
173415
0.939520928344
173435
0.937519002211
173455
0.945174086166
173475
0.949018363046
173495
0.94564374309
173515
0.947986197485
173535
0.949238400014
173555
0.94958583817
173575
0.940564970287
173595
0.938768397595
173615
0.930734780956
173635
0.925178793532
173655
0.928103190644
173675
0.922841737493
173695
0.921040846117
173715
0.91846280749
173735
0.917487864497
173755
0.916895988806
173775
0.919266514649
173795
0.92612069859
173815
0.935336771006
173835
0.94320066335
173855
0.951404004284
173875
0.952598336443
173895
0.954290612908
173915
0.95964686118
173935
0.959861715727
173955
0.954663747236
173975
0.9539712462
173995
0.949604192579
174015
0.947367114082
174035
0.945771360213
174055
0.945959438917
174075
0.940674017067
174095
0.942657804726
174115
0.943404505252
174135
0.940463697139
174155
0.947718007186
174175
0.947586503248
174195
0.945748255252
174215
0.949175347222
174235
0.945350072554
174255
0.937101385434
174275
0.93875889649
174295
0.943096798991
174315
0.935294879768
174335
0.936058423162
174355
0.931132099917
174375
0.925944712203
174395
0.939402380459
174415
0.939551375069
174435
0.947740248411
174455
0.956155852681
174475
0.961822614359
174495
0.966089906371
174515
0.97354093249
174535
0.980411743367
174555
0.991998341625
