159541
0.0727513227513
159561
0.0745948786018
159581
0.0757471010084
159601
0.0744773519164
159621
0.0678635953026
159641
0.0714239625389
159661
0.101637538484
159681
0.0995059270321
159701
0.081734048633
159721
0.0892257987206
159741
0.0955630219568
159761
0.0919404347105
159781
0.0818031819774
159801
0.080365208414
159821
0.0795747838431
159841
0.139082462253
159861
0.903397673433
159881
0.998128790812
159901
0.998128790812
159921
0.994280367974
159941
0.994545379127
159961
0.8193753111
159981
0.612263333518
160001
0.612187286839
160021
0.287216783732
160041
0.202099810114
160061
0.20399867264
160081
0.169026418155
160101
0.179776653209
160121
0.17137003853
160141
0.156612373947
160161
0.16539000424
160181
0.20695757978
160201
0.188123352322
160221
0.1018080674
160241
0.105797061372
160261
0.193430488727
160281
0.19184272625
160301
0.198903545158
160321
0.198864369596
160341
0.197806629427
160361
0.891711833785
160381
0.61759812326
160401
0.527888391129
160421
0.6096500931
160441
0.907969691942
160461
0.981716534852
160481
0.705438950648
160501
0.848962078056
160521
0.577523827959
160541
0.998128790812
160561
0.675004148001
160581
0.516002064783
160601
0.850409269399
160621
0.661783548108
160641
0.933885478311
160661
0.639365908965
160681
0.641043544789
160701
0.641313164832
160721
0.468742510554
160741
0.489807440591
160761
0.637725144258
160781
0.911373356931
160801
0.540922330992
160821
0.539848459709
160841
0.537885072728
160861
0.620981048246
160881
0.636319432922
160901
0.571481573659
160921
0.571912504839
160941
0.787590103792
160961
0.789230868499
160981
0.593682594989
161001
0.597772984533
161021
0.604799236768
161041
0.702936323581
161061
0.500255793374
161081
0.618946223476
161101
0.74549941928
161121
0.589642903232
161141
0.51282653983
161161
0.510208690522
161181
0.776362848663
161201
0.506924856664
161221
0.430133842155
161241
0.998128790812
161261
0.981824843759
161281
0.483255903988
161301
0.517792618402
161321
0.521680216802
161341
0.482149770477
161361
0.43642267205
161381
0.429152148664
161401
0.509167081467
161421
0.511920893018
161441
0.741602603101
161461
0.716636247995
161481
0.970897166455
161501
0.649673690614
161521
0.672340209797
161541
0.670192467231
161561
0.543897369246
161581
0.55044890585
161601
0.469986910753
161621
0.471102262043
161641
0.810381062994
161661
0.540148037535
161681
0.536447099165
161701
0.523848699371
161721
0.853953505521
161741
0.609539479749
161761
0.679654517634
161781
0.663002599414
161801
0.709513209078
161821
0.634874546024
161841
0.638741404421
161861
0.701060505503
161881
0.639356691186
161901
0.513209077669
161921
0.454040152646
161941
0.459040797891
161961
0.484896668695
161981
0.480193296831
162001
0.481529874823
162021
0.525215235146
162041
0.526567944251
162061
0.483288166215
162081
0.483269730656
162101
0.634450528179
162121
0.633607101377
162141
0.634314565935
162161
0.648542208211
162181
0.504903858562
162201
0.496822170603
162221
0.70572239736
162241
0.682611120329
162261
0.85847713069
162281
0.816215917261
162301
0.686650812086
162321
0.686740685434
162341
0.819022731044
162361
0.295455173939
162381
0.28349049647
162401
0.998128790812
162421
0.995716037092
162441
0.993508378961
162461
0.986871577899
162481
0.977126080785
162501
0.9703440997
162521
0.961177018233
162541
0.953404125878
162561
0.942882030861
162581
0.936839776561
162601
0.924794443523
162621
0.916528399978
162641
0.91219143484
162661
0.901823737625
162681
0.899913352875
162701
0.902685599985
162721
0.896253894512
162741
0.893523127408
162761
0.890946758107
162781
0.888225208783
162801
0.88696467747
162821
0.891836273805
162841
0.884892981583
162861
0.882302785613
162881
0.886992330808
162901
0.884266172594
162921
0.887418653098
162941
0.886937024132
162961
0.885300868315
162981
0.892834098409
163001
0.894758309828
163021
0.888393433254
163041
0.882194476707
163061
0.882427225633
163081
0.878117913832
163101
0.868291761149
163121
0.863141326992
163141
0.861392253378
163161
0.868718083439
163181
0.870490201501
163201
0.861454473388
163221
0.869462419114
163241
0.870501723725
163261
0.883339785779
163281
0.898261065944
163301
0.92426672566
163321
0.93456528953
163341
0.945757977988
163361
0.952749663551
163381
0.949113249636
163401
0.952800361337
163421
0.971862728831
163441
0.979057205538
163461
0.982806537249
163481
0.976321829545
163501
0.971129915381
163521
0.968041959331
163541
0.968058090445
163561
0.974395313681
163581
0.9828503217
163601
0.982414781631
163621
0.974724849289
163641
0.963283280792
163661
0.965212101101
163681
0.969680419593
163701
0.970705897535
163721
0.979718581199
163741
0.973579540217
163761
0.963543683056
163781
0.947126818207
163801
0.934615987316
163821
0.923824272256
163841
0.932007355788
163861
0.916044466567
163881
0.90522048928
163901
0.898583688218
163921
0.881738196634
163941
0.869317239091
163961
0.862832531387
163981
0.858470217355
164001
0.863687480412
164021
0.865471120698
164041
0.861136460004
164061
0.869354110208
164081
0.874543719927
164101
0.875225835592
164121
0.87845666722
164141
0.881325701012
164161
0.878431318327
164181
0.867810132183
164201
0.886697361872
164221
0.887119075272
164241
0.897408421363
164261
0.906107700533
164281
0.906285142783
164301
0.901494202017
164321
0.898210368158
164341
0.902104879892
164361
0.903312408974
164381
0.90348754678
164401
0.903333148978
164421
0.911216654684
164441
0.917715189057
164461
0.907865991925
164481
0.911539276957
164501
0.917136773409
164521
0.928707390815
164541
0.939337794738
164561
0.939072783585
164581
0.940082130413
164601
0.939413841417
164621
0.938853861328
164641
0.923739007798
164661
0.915869328761
164681
0.911518536954
164701
0.903353888981
164721
0.900086186236
164741
0.887434784212
164761
0.875308795605
164781
0.875813469019
164801
0.86734924322
164821
0.874548328817
164841
0.859580959755
164861
0.878922165072
164881
0.875569197869
164901
0.863544604834
164921
0.868483030068
164941
0.883650885829
164961
0.87975406965
164981
0.878963645079
165001
0.876244400199
165021
0.874891691094
165041
0.874893995539
165061
0.870923437126
165081
0.863945578231
165101
0.879673414081
165121
0.884768541563
165141
0.86211584905
165161
0.852586969747
165181
0.852354220821
165201
0.865452685139
165221
0.85674879708
165241
0.850757240566
165261
0.846249746511
165281
0.869227365743
165301
0.872266928452
165321
0.868483030068
165341
0.875725900116
165361
0.885971461755
165381
0.884998986044
165401
0.887243515292
165421
0.881528492156
165441
0.884422874841
165461
0.889137768929
165481
0.887437088657
165501
0.883802979186
165521
0.887264255296
165541
0.88024261195
165561
0.883153125749
165581
0.870264365909
165601
0.879486754051
165621
0.880954685397
165641
0.885750235053
165661
0.878276920524
165681
0.87777224711
165701
0.885676492819
165721
0.891562044872
165741
0.900065446233
165761
0.902452851059
165781
0.898595210442
165801
0.90805956529
165821
0.900742953008
165841
0.905303449293
165861
0.904017569087
165881
0.91138257471
165901
0.908845380971
165921
0.902183231016
165941
0.893440167395
165961
0.885280128311
165981
0.888206773224
166001
0.893852663016
166021
0.889411997861
166041
0.894862009845
166061
0.889688531239
166081
0.889557177885
166101
0.88473858378
166121
0.888183728776
166141
0.887056855262
166161
0.889893626827
166181
0.888683793301
166201
0.894371163099
166221
0.896525819
166241
0.896954445735
166261
0.893103718452
166281
0.890352211345
166301
0.88659135741
166321
0.87832761831
166341
0.88177967664
166361
0.888898106668
166381
0.88936821341
166401
0.899987095109
166421
0.905049960364
166441
0.904766513652
166461
0.899019228288
166481
0.906199878325
166501
0.909232527699
166521
0.919408955994
166541
0.921471434102
166561
0.926096454842
166581
0.927716479546
166601
0.921081982929
166621
0.911495492506
166641
0.906833600649
166661
0.917311911214
166681
0.912673063805
166701
0.913746935088
166721
0.915417657578
166741
0.913092472761
166761
0.911248916911
166781
0.901975830983
166801
0.900459506296
166821
0.895544125509
166841
0.906156093874
166861
0.90675294508
166881
0.899482421695
166901
0.905632984901
166921
0.898567557104
166941
0.893071456225
166961
0.896931401287
166981
0.894334291982
167001
0.895516472172
167021
0.899104492746
167041
0.89806749258
167061
0.884607230426
167081
0.887923326512
167101
0.894253636414
167121
0.89233172944
167141
0.897795568092
167161
0.899401766127
167181
0.904623638073
167201
0.909497538853
167221
0.902515071069
167241
0.906789816197
167261
0.91464797301
167281
0.910811072396
167301
0.914051121804
167321
0.915583577604
167341
0.911965599248
167361
0.909428405509
167381
0.908976734325
167401
0.898410854857
167421
0.901353630883
167441
0.902206275464
167461
0.900980310824
167481
0.903427631215
167501
0.898947790498
167521
0.89337103405
167541
0.88554283502
167561
0.884526574858
167581
0.887250428627
167601
0.895682392198
167621
0.894958796527
167641
0.887766624265
167661
0.892052891617
167681
0.889739229025
167701
0.893617609645
167721
0.894675349815
167741
0.901054053058
167761
0.906775989529
167781
0.910082867835
167801
0.905513153771
167821
0.907409711852
167841
0.906068524971
167861
0.905603027119
167881
0.91219143484
167901
0.914166344044
167921
0.920238556127
167941
0.920950629574
167961
0.915862415427
167981
0.918496395848
168001
0.924782921299
168021
0.925695481445
168041
0.933249451542
168061
0.927718783991
168081
0.925246114706
168101
0.904450804712
168121
0.911848072562
168141
0.913401268366
168161
0.896696347916
168181
0.901809910956
168201
0.889091680032
168221
0.873041221909
168241
0.847415795587
168261
0.851321829545
168281
0.829687701639
168301
0.828358036982
168321
0.823292867282
168341
0.824212340763
168361
0.832598215438
168381
0.847609368951
168401
0.866413638626
168421
0.870916523791
168441
0.894762918718
168461
0.90620218277
168481
0.916224213263
168501
0.928075972937
168521
0.948479527312
168541
0.933970742769
168561
0.9311800601
168581
0.916772671128
168601
0.911129085781
168621
0.891525173755
168641
0.896468207879
168661
0.868377025607
168681
0.86075161772
168701
0.85039083384
168721
0.852213649688
168741
0.85255470752
168761
0.891926147153
168781
0.902515071069
168801
0.920109507218
168821
0.931539553491
168841
0.939489888096
168861
0.961008793761
168881
0.966963479159
168901
0.981522961488
168921
0.991634865328
168941
0.991959792047
168961
0.991498903084
168981
0.99161642977
169001
0.991570340873
169021
0.991863005365
169041
0.992464465461
169061
0.998128790812
169081
0.998128790812
169101
0.998128790812
169121
0.998128790812
