278485
0.140769675926
278505
0.152855902778
278525
0.143606770833
278545
0.143113425926
278565
0.160419560185
278585
0.146912615741
278605
0.140151909722
278625
0.136652199074
278645
0.13861400463
278665
0.137524594907
278685
0.140774016204
278705
0.135421006944
278725
0.130989583333
278745
0.129638310185
278765
0.134071180556
278785
0.120072337963
278805
0.135054976852
278825
0.136096643519
278845
0.1371484375
278865
0.134684606481
278885
0.137876157407
278905
0.130973668981
278925
0.121824363426
278945
0.146264467593
278965
0.144525462963
278985
0.144385127315
279005
0.146898148148
279025
0.145869502315
279045
0.145070891204
279065
0.146715856481
279085
0.14915943287
279105
0.142413194444
279125
0.140985243056
279145
0.142026909722
279165
0.140630787037
279185
0.141740451389
279205
0.111157407407
279225
0.112397280093
279245
0.112230902778
279265
0.111767939815
279285
0.110989583333
279305
0.111397569444
279325
0.112126736111
279345
0.112718460648
279365
0.111116898148
279385
0.110593171296
279405
0.110379050926
279425
0.110393518519
279445
0.112621527778
279465
0.113166956019
279485
0.11322337963
279505
0.114467592593
279525
0.113447627315
279545
0.113725405093
279565
0.113851273148
279585
0.113948206019
279605
0.112307581019
279625
0.112316261574
279645
0.112447916667
279665
0.112345196759
279685
0.112667824074
279705
0.113268229167
279725
0.112802372685
279745
0.115596064815
279765
0.115620659722
279785
0.114359085648
279805
0.115998263889
279825
0.114275173611
279845
0.114502314815
279865
0.115724826389
279885
0.115506365741
279905
0.113884548611
279925
0.113561921296
279945
0.116537905093
279965
0.11712818287
279985
0.116322337963
280005
0.119049479167
280025
0.114489293981
280045
0.103791956019
280065
0.103068576389
280085
0.102973090278
280105
0.102692418981
280125
0.102688078704
280145
0.101394675926
280165
0.101970486111
280185
0.101341145833
280205
0.103331886574
280225
0.103043981481
280245
0.103071469907
280265
0.102647569444
280285
0.102680844907
280305
0.103043981481
280325
0.102942708333
280345
0.102745949074
280365
0.102841435185
280385
0.102839988426
280405
0.102692418981
280425
0.102628761574
280445
0.103446180556
280465
0.102335069444
280485
0.10310619213
280505
0.102585358796
280525
0.10169994213
280545
0.101890914352
280565
0.102475405093
280585
0.102120949074
280605
0.102307581019
280625
0.101575520833
280645
0.101969039352
280665
0.102330729167
280685
0.388783275463
280705
0.374286747685
280725
0.370363136574
280745
0.366449652778
280765
0.353091724537
280785
0.366238425926
280805
0.387576678241
280825
0.371364293981
280845
0.348793402778
280865
0.323375289352
280885
0.38775462963
280905
0.37052662037
280925
0.406938657407
280945
0.32587818287
280965
0.124790219907
280985
0.125313946759
281005
0.125079571759
281025
0.124526909722
281045
0.125407986111
281065
0.124450231481
281085
0.124474826389
281105
0.125240162037
281125
0.124817708333
281145
0.124607928241
281165
0.125817418981
281185
0.124905960648
281205
0.123903356481
281225
0.126234085648
281245
0.125642361111
281265
0.126859085648
281285
0.126080729167
281305
0.125426793981
281325
0.12502025463
281345
0.124351851852
281365
0.123700810185
281385
0.124014756944
281405
0.124609375
281425
0.112974537037
281445
0.118657407407
281465
0.127573784722
281485
0.131271701389
281505
0.135938946759
281525
0.138337673611
281545
0.140516493056
281565
0.140729166667
281585
0.142311921296
281605
0.142511574074
281625
0.201685474537
281645
0.200285011574
281665
0.19736255787
281685
0.202680844907
281705
0.101089409722
281725
0.0993142361111
281745
0.0999971064815
281765
0.0995196759259
281785
0.09921875
281805
0.100348668981
281825
0.0986545138889
281845
0.0995066550926
281865
0.0998017939815
281885
0.0989048032407
281905
0.323153935185
281925
0.322627314815
281945
0.322164351852
281965
0.323375289352
281985
0.321116898148
282005
0.325264756944
282025
0.322400173611
282045
0.318087384259
282065
0.321707175926
282085
0.321526331019
282105
0.317942708333
282125
0.321848958333
282145
0.322897858796
282165
0.125407986111
282185
0.134220196759
282205
0.150983796296
282225
0.166498842593
282245
0.190853587963
282265
0.163019386574
282285
0.149173900463
282305
0.148804976852
282325
0.151656539352
282345
0.157892071759
282365
0.164469039352
282385
0.159732349537
282405
0.162531828704
282425
0.158425925926
282445
0.157818287037
282465
0.160442708333
282485
0.161763599537
282505
0.156245659722
282525
0.159228877315
282545
0.313579282407
282565
0.32271556713
282585
0.324424189815
282605
0.3196875
282625
0.324716435185
282645
0.324262152778
282665
0.321252893519
282685
0.323388310185
282705
0.318255208333
282725
0.319392361111
282745
0.319755497685
282765
0.319738136574
282785
0.320075231481
282805
0.299694733796
282825
0.299189814815
282845
0.301413483796
282865
0.297556423611
282885
0.29771556713
282905
0.300209780093
282925
0.300630787037
282945
0.298394097222
282965
0.302709780093
282985
0.297724247685
283005
0.299337384259
283025
0.301589988426
283045
0.297309027778
283065
0.30439525463
283085
0.30779369213
283105
0.319762731481
283125
0.307653356481
283145
0.324989872685
283165
0.358980034722
283185
0.412826967593
283205
0.472154224537
283225
0.501901041667
283245
0.529006076389
283265
0.523715277778
283285
0.513292824074
283305
0.555400752315
283325
0.544262152778
283345
0.533967013889
283365
0.511161747685
283385
0.529429976852
283405
0.552188946759
283425
0.548436053241
283445
0.518123553241
283465
0.488282696759
283485
0.452815393519
283505
0.447939814815
283525
0.444392361111
283545
0.404516782407
283565
0.400853587963
283585
0.366338252315
283605
0.351413483796
283625
0.344249131944
283645
0.298560474537
283665
0.298139467593
283685
0.276643518519
283705
0.269950810185
283725
0.260180844907
283745
0.263566261574
283765
0.246861979167
283785
0.239626736111
283805
0.21880931713
283825
0.207815393519
283845
0.218450520833
283865
0.206131365741
283885
0.202433449074
283905
0.202595486111
283925
0.20146556713
283945
0.192229456019
283965
0.199822048611
283985
0.20048900463
284005
0.203330439815
284025
0.199968171296
284045
0.189013310185
284065
0.183780381944
284085
0.179803240741
284105
0.17333912037
284125
0.171549479167
284145
0.170201099537
284165
0.169703414352
284185
0.171096643519
284205
0.175182291667
284225
0.211656539352
284245
0.246124131944
284265
0.28009837963
284285
0.309619502315
284305
0.352764756944
284325
0.377774884259
284345
0.400379050926
284365
0.411141493056
284385
0.393188657407
284405
0.395250289352
284425
0.393764467593
284445
0.394742476852
284465
0.396312210648
284485
0.393509837963
284505
0.393829571759
284525
0.395633680556
284545
0.401811342593
284565
0.404509548611
284585
0.404499421296
284605
0.402708333333
284625
0.404074074074
284645
0.405399305556
284665
0.402394386574
284685
0.403793402778
284705
0.405575810185
284725
0.403515625
284745
0.404642650463
284765
0.401820023148
284785
0.400706018519
284805
0.40298755787
284825
0.396467013889
284845
0.396980613426
284865
0.393803530093
284885
0.385969328704
284905
0.383201678241
284925
0.38265625
284945
0.373844039352
284965
0.377365451389
284985
0.375380497685
285005
0.373686342593
285025
0.374153645833
285045
0.387209201389
285065
0.381905381944
285085
0.379048032407
285105
0.388204571759
285125
0.382821180556
285145
0.374061053241
285165
0.381098090278
285185
0.384314236111
285205
0.377936921296
285225
0.378524305556
285245
0.377588252315
285265
0.375316840278
285285
0.381359953704
285305
0.390202546296
285325
0.379839409722
285345
0.374914641204
285365
0.38478443287
285385
0.379098668981
285405
0.379594907407
285425
0.388362268519
285445
0.377517361111
285465
0.374376446759
285485
0.378077256944
285505
0.381807002315
285525
0.381245659722
285545
0.403446180556
285565
0.400017361111
285585
0.393153935185
285605
0.397204861111
285625
0.40162037037
285645
0.40478443287
285665
0.411753472222
285685
0.411247106481
285705
0.410951967593
285725
0.413391203704
285745
0.480506365741
285765
0.972154224537
285785
0.96955150463
285805
0.952611400463
285825
0.953175636574
285845
0.953234953704
285865
0.953314525463
285885
0.953350694444
285905
0.953342013889
285925
0.953169849537
285945
0.958019386574
285965
0.958152488426
285985
0.958177083333
286005
0.958158275463
286025
0.957986111111
286045
0.958036747685
286065
0.958035300926
286085
0.999992766204
286105
1.0
286125
1.0
286145
1.0
286165
1.0
286185
1.0
286205
1.0
286225
1.0
286245
1.0
286265
1.0
286285
1.0
286305
1.0
286325
1.0
286345
1.0
286365
1.0
286385
1.0
286405
1.0
286425
1.0
286445
1.0
286465
1.0
286485
1.0
286505
1.0
286525
1.0
286545
1.0
286565
1.0
286585
1.0
286605
1.0
286625
1.0
286645
1.0
286665
1.0
286685
1.0
286705
1.0
286725
1.0
286745
1.0
286765
1.0
286785
1.0
286805
1.0
286825
1.0
286845
1.0
286865
1.0
286885
1.0
286905
1.0
286925
1.0
286945
1.0
286965
1.0
286985
1.0
287005
1.0
287025
1.0
287045
1.0
287065
1.0
287085
1.0
287105
1.0
287125
1.0
287145
1.0
287165
1.0
287185
1.0
287205
1.0
287225
1.0
287245
1.0
287265
1.0
287285
1.0
287305
1.0
287325
1.0
287345
1.0
287365
1.0
287385
1.0
287405
1.0
287425
1.0
287445
1.0
287465
1.0
287485
1.0
287505
1.0
287525
1.0
287545
1.0
287565
1.0
287585
1.0
287605
1.0
287625
1.0
287645
1.0
287665
1.0
287685
1.0
287705
1.0
287725
1.0
287745
1.0
287765
1.0
287785
1.0
287805
1.0
287825
1.0
287845
1.0
287865
1.0
287885
1.0
287905
1.0
287925
1.0
287945
1.0
287965
1.0
287985
1.0
288005
1.0
288025
1.0
288045
1.0
288065
1.0
288085
1.0
288105
1.0
288125
1.0
288145
1.0
288165
1.0
288185
1.0
288205
1.0
288225
1.0
288245
1.0
288265
1.0
288285
1.0
288305
1.0
