127444
0.296185350048
127464
0.283791333576
127484
0.276378542878
127504
0.282260628634
127524
0.420232255329
127544
0.380877922117
127564
0.319258342418
127584
0.337320585029
127604
0.331972202035
127624
0.341946387476
127644
0.308834862524
127664
0.284995382146
127684
0.278120079336
127704
0.535277752544
127724
0.423423495034
127744
0.454069767442
127764
0.278922147529
127784
0.272731952519
127804
0.269376059835
127824
0.382008160732
127844
0.355394183018
127864
0.350909187258
127884
0.355449445858
127904
0.359427613251
127924
0.362916742369
127944
0.255768910489
127964
0.245041863493
127984
0.273226668484
128004
0.310043453246
128024
0.371543044453
128044
0.362598413275
128064
0.369488099564
128084
0.355631510417
128104
0.283518804506
128124
0.278451277859
128144
0.285032097868
128164
0.345272756177
128184
0.352119670543
128204
0.316586800509
128224
0.307032385538
128244
0.287490537185
128264
0.289079533067
128284
0.525478818435
128304
0.529477425509
128324
0.519526329336
128344
0.560827352834
128364
0.556165970203
128384
0.372766775678
128404
0.374156295422
128424
0.378731755693
128444
0.366256359012
128464
0.373320161095
128484
0.534948446584
128504
0.544943071705
128524
0.560770197432
128544
0.433180414244
128564
0.52889603016
128584
0.497454881298
128604
0.606424115795
128624
0.33597686531
128644
0.340213556807
128664
0.336110101744
128684
0.332403327883
128704
0.346460907219
128724
0.362195297359
128744
0.344906355984
128764
0.337701368702
128784
0.358458621003
128804
0.333371941618
128824
0.386369382873
128844
0.162126408067
128864
0.15824097626
128884
0.354684093387
128904
0.35687378876
128924
0.255058442345
128944
0.227258963178
128964
0.320469204215
128984
0.175863008721
129004
0.339994776526
129024
0.340334302326
129044
0.33776230923
129064
0.351145757631
129084
0.359841327519
129104
0.355524012839
129124
0.352515594719
129144
0.358831077398
129164
0.234567662912
129184
0.350308109254
129204
0.574575687379
129224
0.575415985344
129244
0.443461573401
129264
0.417432019138
129284
0.442006570979
129304
0.465016730257
129324
0.457194010417
129344
0.451185501453
129364
0.370106210635
129384
0.410785337936
129404
0.461448492006
129424
0.747639216933
129444
0.75538131359
129464
0.748480650436
129484
0.803617823401
129504
0.804577352834
129524
0.804797268653
129544
0.805587602955
129564
0.808030144743
129584
0.802973594961
129604
0.696091857437
129624
0.722356089511
129644
0.758078972868
129664
0.790444449491
129684
0.882974503391
129704
0.999897423086
129724
1.0
129744
1.0
129764
1.0
129784
0.990819555475
129804
0.835616521318
129824
0.835697144501
129844
0.83568389656
129864
0.819081955547
129884
0.80030167454
129904
0.800296753876
129924
0.800155190165
129944
0.800082137234
129964
0.818602380087
129984
0.818797314075
130004
0.818268153464
130024
0.801745700097
130044
0.80139481892
130064
0.800822507873
130084
0.810083954094
130104
0.812576459545
130124
0.812066603077
130144
0.800958772408
130164
0.802760113857
130184
0.799364098837
130204
0.795973004482
130224
0.794938151042
130244
0.796490809714
130264
0.797215282825
130284
0.82632630814
130304
0.800519319283
130324
0.859853439922
130344
0.844406719356
130364
0.797188786943
130384
0.792312409157
130404
0.792703034157
130424
0.791217750727
130444
0.808938196463
130464
0.782308321221
130484
0.785351941013
130504
0.805140201066
130524
0.80752975109
130544
0.877145409399
130564
0.801247577519
130584
0.870676629118
130604
0.848736524952
130624
0.792332091812
130644
0.849815285853
130664
0.788889898256
130684
0.810914410732
130704
0.810655508115
130724
0.816211694525
130744
0.822044952156
130764
0.802300221051
130784
0.800024603319
130804
0.797914774104
130824
0.799735419695
130844
0.810259962452
130864
0.997191815044
130884
0.993441890746
130904
0.989127982679
130924
0.985805777616
130944
0.983647120276
130964
0.978272998425
130984
0.976858496851
131004
0.97319260235
131024
0.967396438953
131044
0.962919013445
131064
0.956701944041
131084
0.953770363978
131104
0.95325331577
131124
0.948837209302
131144
0.950402737403
131164
0.946099806202
131184
0.946313665819
131204
0.949126392926
131224
0.94649459484
131244
0.945433624031
131264
0.945487751332
131284
0.94885575642
131304
0.946126680596
131324
0.948523422359
131344
0.947685773983
131364
0.943896484375
131384
0.950120367006
131404
0.948622971172
131424
0.946774694162
131444
0.947868217054
131464
0.944861691497
131484
0.945923419331
131504
0.944093689438
131524
0.945293195858
131544
0.940920996851
131564
0.93801894077
131584
0.939385371245
131604
0.941354772287
131624
0.938331592175
131644
0.934742157219
131664
0.936207000969
131684
0.939483406008
131704
0.933851138566
131724
0.933114931565
131744
0.931636839874
131764
0.926253633721
131784
0.930656870761
131804
0.933091463784
131824
0.936619958212
131844
0.9342788578
131864
0.937005662548
131884
0.933685728561
131904
0.936881131904
131924
0.941030386991
131944
0.936531764777
131964
0.937194540334
131984
0.939851320252
132004
0.942567148135
132024
0.942959665698
132044
0.944921496487
132064
0.946999152132
132084
0.947035489341
132104
0.944878724564
132124
0.948518501696
132144
0.947863674903
132164
0.944430944162
132184
0.946550236192
132204
0.94944169392
132224
0.946350760053
132244
0.946332591449
132264
0.947981770833
132284
0.947417030039
132304
0.950735071463
132324
0.949026087088
132344
0.950307730741
132364
0.954517926357
132384
0.954547450339
132404
0.953774906129
132424
0.957082349201
132444
0.959535110828
132464
0.958362478803
132484
0.963802840359
132504
0.961698688832
132524
0.957642169331
132544
0.952653373304
132564
0.957011188832
132584
0.952230196221
132604
0.952408854167
132624
0.947642245034
132644
0.943875666182
132664
0.94401533733
132684
0.94162919392
132704
0.938231286337
132724
0.937305823038
132744
0.937494700824
132764
0.936566966449
132784
0.937746790213
132804
0.936493913517
132824
0.933760295543
132844
0.936261506783
132864
0.943249984859
132884
0.941679157582
132904
0.940549675993
132924
0.941496335998
132944
0.946673252786
132964
0.948712300145
132984
0.946901874394
133004
0.945596005935
133024
0.947244428295
133044
0.945502891836
133064
0.942952095446
133084
0.941538729409
133104
0.945229984254
133124
0.94460127483
133144
0.945337481831
133164
0.95390625
133184
0.952871775073
133204
0.953329775315
133224
0.957218235223
133244
0.955750741885
133264
0.954957379482
133284
0.956147044574
133304
0.955361630935
133324
0.958142184472
133344
0.958433639172
133364
0.957653524709
133384
0.955910474201
133404
0.953633342418
133424
0.952615900557
133444
0.950358451429
133464
0.946984768653
133484
0.940026571584
133504
0.942592886991
133524
0.942832485465
133544
0.945728863857
133564
0.940704109133
133584
0.943373758479
133604
0.942690543241
133624
0.939216176114
133644
0.94227645046
133664
0.943514565165
133684
0.945502891836
133704
0.948585119913
133724
0.949676750242
133744
0.948241808987
133764
0.947768668241
133784
0.952358133479
133804
0.950170709181
133824
0.95132630814
133844
0.943976729046
133864
0.945332561168
133884
0.944324582122
133904
0.944999848595
133924
0.941788547723
133944
0.94005798813
133964
0.939039032219
133984
0.937130193193
134004
0.935505238614
134024
0.930380935078
134044
0.928881646681
134064
0.929868050509
134084
0.931893471415
134104
0.933287911822
134124
0.935650587452
134144
0.937826656371
134164
0.938072689559
134184
0.939115113251
134204
0.941277177204
134224
0.937783884448
134244
0.938487539365
134264
0.941402464874
134284
0.942742399467
134304
0.942642472141
134324
0.935844007389
134344
0.932998349685
134364
0.922796299661
134384
0.927527707122
134404
0.926345612282
134424
0.921014262355
134444
0.923127119671
134464
0.917399467054
134484
0.921196705426
134504
0.92203246124
134524
0.916045906008
134544
0.912609768653
134564
0.916130692829
134584
0.922690694646
134604
0.931284066134
134624
0.933813665819
134644
0.933945388203
134664
0.930456259084
134684
0.934496124031
134704
0.938658248547
134724
0.940776783551
134744
0.945110752786
134764
0.945817435804
134784
0.945753088663
134804
0.945106589147
134824
0.946185728561
134844
0.944036155523
134864
0.946939725654
134884
0.949880768532
134904
0.949222913639
134924
0.947495382146
134944
0.946589980015
134964
0.947993126211
134984
0.94429808624
135004
0.942865037548
135024
0.939755556565
135044
0.93741256359
135064
0.940152616279
135084
0.934604378634
135104
0.936624121851
135124
0.93496964329
135144
0.931156885901
135164
0.931278766957
135184
0.93734253876
135204
0.93479477047
135224
0.939025784278
135244
0.942889640867
135264
0.943196614583
135284
0.943036882267
135304
0.942347610828
135324
0.947271681202
135344
0.946008963178
135364
0.946365900557
135384
0.94797685017
135404
0.944909384084
135424
0.938405780644
135444
0.938690422117
135464
0.935551795664
135484
0.934366672723
135504
0.933580123547
135524
0.937142305596
135544
0.929340025436
135564
0.933221293605
135584
0.930756041061
135604
0.932690997456
135624
0.929224200581
135644
0.931679233285
135664
0.927388035974
135684
0.928226062863
135704
0.935265261628
135724
0.930580032703
135744
0.93721725109
135764
0.93985396984
135784
0.936873940165
135804
0.930616748425
135824
0.924499984859
135844
0.916813151042
135864
0.91432480923
135884
0.902974730499
135904
0.903308200097
135924
0.901864553052
135944
0.897266003513
135964
0.888518577398
135984
0.883791712088
136004
0.873428415698
136024
0.86385696766
136044
0.866874470082
136064
0.859850411822
136084
0.865325218023
136104
0.874515125363
136124
0.87468810562
136144
0.87834945797
136164
0.876672647166
136184
0.886077928173
136204
0.884859496124
136224
0.892279100048
136244
0.898268683382
136264
0.901643501696
136284
0.906105029675
136304
0.906585740673
136324
0.910674812258
136344
0.904742005814
136364
0.893961967054
136384
0.898841372941
136404
0.899363720325
136424
0.90131041061
136444
0.902926659399
136464
0.905199249031
136484
0.906653872941
136504
0.908832212936
136524
0.909113826308
136544
0.912867914244
136564
0.920781098595
136584
0.929799539729
136604
0.939215797602
136624
0.9519050539
136644
0.954855559593
136664
0.967123531371
136684
0.969495669816
136704
0.972536261507
136724
0.976230544453
136744
0.977115128391
136764
0.981162942103
136784
0.98501922844
136804
0.991261658188
136824
0.992472141473
136844
0.996843204942
136864
0.996962814922
136884
0.996959408309
136904
0.996961679385
136924
0.996962814922
136944
0.997228909278
136964
0.997152071221
136984
0.999943601623
137004
1.0
137024
1.0
