196523
0.964125897316
196543
0.960263537765
196563
0.931143199906
196583
0.89820829432
196603
0.919200608614
196623
0.951508856117
196643
0.939743289638
196663
0.954901587859
196683
0.957213639201
196703
0.960663916199
196723
0.95543071161
196743
0.945428565855
196763
0.943093106273
196783
0.961710459582
196803
0.968746098627
196823
0.941656913233
196843
0.934286731429
196863
0.932312148876
196883
0.944992587391
196903
0.916283356742
196923
0.925823677434
196943
0.949637172285
196963
0.970477820693
196983
0.978246917915
197003
0.924160229401
197023
0.924357736423
197043
0.933296270287
197063
0.957647179307
197083
0.96448531133
197103
0.950088268571
197123
0.942922421192
197143
0.966632041979
197163
0.973856409956
197183
0.944597085674
197203
0.933736150125
197223
0.912154240793
197243
0.890378725811
197263
0.863810861423
197283
0.831779611423
197303
0.808416237516
197323
0.788125195069
197343
0.76442093867
197363
0.760585401061
197383
0.752361793851
197403
0.7230176147
197423
0.709799274345
197443
0.704615812266
197463
0.712263966916
197483
0.719205973002
197503
0.744044553683
197523
0.753358594725
197543
0.745236423221
197563
0.728249356273
197583
0.709103366885
197603
0.678712156679
197623
0.687775046816
197643
0.729687012328
197663
0.756055419007
197683
0.764970544632
197703
0.769674625468
197723
0.775605200531
197743
0.792352820693
197763
0.804228113296
197783
0.812768219413
197803
0.834807564763
197823
0.851420099875
197843
0.873317532772
197863
0.847374863452
197883
0.86078485877
197903
0.885630754526
197923
0.908354790886
197943
0.936335927747
197963
0.959232599875
197983
0.962793090668
198003
0.932926615169
198023
0.912630208333
198043
0.893928975499
198063
0.874286536361
198083
0.865258270911
198103
0.857335069444
198123
0.84308042681
198143
0.811951369382
198163
0.797467521067
198183
0.784176029963
198203
0.77451525437
198223
0.770994264981
198243
0.767518141386
198263
0.752683169476
198283
0.735621976436
198303
0.746145443196
198323
0.748489680868
198343
0.737684339888
198363
0.723826174313
198383
0.705558969257
198403
0.716944151841
198423
0.737224953184
198443
0.770400768571
198463
0.804892322097
198483
0.836312031835
198503
0.851146516074
198523
0.842805379994
198543
0.851606390449
198563
0.893306218789
198583
0.926918987984
198603
0.975675912921
198623
0.949936115012
198643
0.925710537609
198663
0.916384304775
198683
0.919928214732
198703
0.904476338171
198723
0.871342462547
198743
0.842459620787
198763
0.809555926186
198783
0.777668051654
198803
0.780314645755
198823
0.787300542291
198843
0.793826076779
198863
0.78973207319
198883
0.774707884675
198903
0.761313007179
198923
0.744470778714
198943
0.741069268883
198963
0.758188007179
198983
0.7667676147
199003
0.78776431804
199023
0.792056803995
199043
0.774819073814
199063
0.756019331305
199083
0.74338570927
199103
0.727414462391
199123
0.740056374844
199143
0.749271906211
199163
0.752530040574
199183
0.745284215044
199203
0.754402212079
199223
0.769762406367
199243
0.784178955993
199263
0.803991592541
199283
0.814854966448
199303
0.837958411361
199323
0.863825003901
199343
0.889836434925
199363
0.87946122035
199383
0.905047401685
199403
0.927173552591
199423
0.956861540262
199443
0.940154884519
199463
0.903683871723
199483
0.892150436954
199503
0.880811095506
199523
0.875509129213
199543
0.874881495787
199563
0.857473568196
199583
0.829529494382
199603
0.787955485331
199623
0.768171621411
199643
0.752550522784
199663
0.755819873596
199683
0.801481546504
199703
0.822449964888
199723
0.834291608146
199743
0.82187792603
199763
0.801100187266
199783
0.791507198034
199803
0.784772452403
199823
0.779520716292
199843
0.768715862984
199863
0.763245649969
199883
0.757628647784
199903
0.745469042603
199923
0.757400417447
199943
0.797551400593
199963
0.826005578964
199983
0.845722631866
200003
0.858391853933
200023
0.870706538702
200043
0.887204470974
200063
0.90965980025
200083
0.933517673221
200103
0.9226855103
200123
0.925163370006
200143
0.920866495006
200163
0.914023973939
200183
0.894252789482
200203
0.870353952091
200223
0.841721773564
200243
0.814581870318
200263
0.795147179307
200283
0.781230980805
200303
0.77047684535
200323
0.751195770911
200343
0.74673113686
200363
0.748232677903
200383
0.781234394507
200403
0.817836103308
200423
0.839259031679
200443
0.851317688826
200463
0.851523973939
200483
0.886887972066
200503
0.911115012484
200523
0.941225811486
200543
0.937378082085
200563
0.961486130618
200583
0.956906893727
200603
0.962450745162
200623
0.955805731117
200643
0.941392595194
200663
0.90998897862
200683
0.879572409488
200703
0.854880617978
200723
0.85795636314
200743
0.867045099875
200763
0.861685100655
200783
0.832027348627
200803
0.800533025125
200823
0.788505578964
200843
0.791969510768
200863
0.798282420412
200883
0.809643219413
200903
0.814205387797
200923
0.805551654182
200943
0.790040281679
200963
0.764926166511
200983
0.754332962703
201003
0.768378881866
201023
0.772344140137
201043
0.771280528246
201063
0.788233945849
201083
0.784334035581
201103
0.790862008427
201123
0.783991690075
201143
0.763332943196
201163
0.746806238296
201183
0.740200237984
201203
0.742566908552
201223
0.728619499064
201243
0.731260728777
201263
0.749106585518
201283
0.749672772316
201303
0.766138518258
201323
0.797006671348
201343
0.832264357054
201363
0.866419417135
201383
0.873652563202
201403
0.895203261548
201423
0.912415145131
201443
0.929933774189
201463
0.948021028402
201483
0.96149247035
201503
0.914766210206
201523
0.891324808833
201543
0.86532849563
201563
0.846065952715
201583
0.834782205836
201603
0.816352118446
201623
0.793968964576
201643
0.751452286205
201663
0.714683793695
201683
0.704057428215
201703
0.686455407303
201723
0.69364124922
201743
0.702724133895
201763
0.700481331929
201783
0.733902933833
201803
0.763666998283
201823
0.785055789638
201843
0.805951544944
201863
0.81316957319
201883
0.809451076779
201903
0.812338093009
201923
0.862711161829
201943
0.913610428371
201963
0.952741690075
201983
0.9635514201
202003
0.932880286361
202023
0.918424723002
202043
0.901451310861
202063
0.87822204666
202083
0.855549215824
202103
0.829010124064
202123
0.807357502341
202143
0.780820361267
202163
0.758259694913
202183
0.747057389201
202203
0.759250643727
202223
0.770098412141
202243
0.766948053215
202263
0.753516112672
202283
0.743136996723
202303
0.75140985877
202323
0.758697136392
202343
0.758313338795
202363
0.768228191323
202383
0.764299508427
202403
0.746000604713
202423
0.727465180243
202443
0.729296875
202463
0.728339575531
202483
0.779482190231
202503
0.820015020287
202523
0.855518492509
202543
0.87718525671
202563
0.892603483926
202583
0.921388791355
202603
0.958489388265
202623
0.956084191635
202643
0.933336259363
202663
0.913420724095
202683
0.859497405587
202703
0.83336161829
202723
0.809936310081
202743
0.798361910893
202763
0.787005500936
202783
0.759709055087
202803
0.732446746255
202823
0.724581090044
202843
0.729899637172
202863
0.719684866573
202883
0.72905303917
202903
0.735124551342
202923
0.744962839419
202943
0.756976143102
202963
0.749926849251
202983
0.737177649032
203003
0.722442649813
203023
0.741092189451
203043
0.795941596442
203063
0.82826301108
203083
0.857044417135
203103
0.867959484238
203123
0.881543090668
203143
0.888616768102
203163
0.915552336923
203183
0.946521925718
203203
0.965917115325
203223
0.985200628121
203243
0.983201174313
203263
0.905191752497
203283
0.902950901217
203303
0.900425249688
203323
0.902521750156
203343
0.903698989544
203363
0.903662901841
203383
0.901070439295
203403
0.898377516386
203423
0.895701174313
203443
0.902983575218
203463
0.907458450375
203483
0.905066908552
203503
0.898159039482
203523
0.982568176498
203543
0.990036867978
203563
0.933941947566
203583
0.761804092541
203603
0.765405547753
203623
0.770372971286
203643
0.770900632022
203663
0.765502594413
203683
0.763664072253
203703
0.744332767634
203723
0.760314255618
203743
0.769750214576
203763
0.765326057272
203783
0.990841038546
203803
0.989698423845
203823
0.966511099407
203843
0.963309534956
203863
0.963733809301
203883
0.987144975031
203903
0.928453690699
203923
0.912700920724
203943
0.912233243602
203963
0.903560003121
203983
0.898846168851
204003
0.895983048533
204023
0.980732092697
204043
0.972028616573
204063
0.929371976436
204083
0.9321809652
204103
0.928575608614
204123
0.923843730493
204143
0.905203944288
204163
0.950395989388
204183
0.966868562734
204203
0.910443488608
204223
0.921404396848
204243
0.911649012953
204263
0.912210810705
204283
0.914753530743
204303
0.975239446785
204323
0.993587605337
204343
0.837872581149
204363
0.836709484238
204383
0.83147627965
204403
0.826537141074
204423
0.795985974563
204443
0.802027738764
204463
0.805770131086
204483
0.817435237203
204503
0.827426166511
204523
0.829974738608
204543
0.95842647862
204563
0.991270677278
204583
0.946823306804
204603
0.955532147316
204623
0.953558540106
204643
0.955658941948
204663
0.954011587079
204683
0.95884636392
204703
0.965137816011
204723
0.82710869226
204743
0.821871586298
204763
0.822165164638
204783
0.843693917759
204803
0.854076935081
204823
0.842909254057
204843
0.988736247659
204863
0.947933247503
204883
0.934877789482
204903
0.934479361735
204923
0.930416081461
204943
0.931253901373
204963
0.929723100031
204983
0.918849485019
205003
0.916972436798
205023
0.902843613452
205043
0.907738861579
205063
0.937170333958
205083
0.941970973783
205103
0.941809554463
205123
0.989783278714
205143
0.984861696317
205163
0.968447155899
205183
0.970721656523
205203
0.9692318196
205223
0.968593457397
205243
0.969993075062
205263
0.969227918227
205283
0.97619820927
205303
0.965975635924
205323
0.974901002653
205343
0.967551303059
205363
0.974726416199
205383
0.97613968867
205403
0.968997737203
205423
0.977867509363
205443
0.966348704744
205463
0.96852664638
205483
0.977100401841
205503
0.958300659332
205523
0.974325550094
205543
0.979600694444
205563
0.994081616729
205583
0.990182681804
205603
0.974766405275
205623
0.975982658396
205643
0.982570127185
205663
0.984846578496
205683
0.974743972378
205703
0.972276353777
205723
0.996741865637
205743
1.0
205763
1.0
205783
1.0
205803
1.0
205823
1.0
205843
1.0
205863
1.0
205883
1.0
205903
1.0
205923
1.0
205943
1.0
205963
1.0
205983
1.0
206003
1.0
206023
1.0
206043
1.0
206063
1.0
206083
1.0
206103
1.0
