129027
0.0915704900568
129047
0.0977139559659
129067
0.0904548413826
129087
0.0890758167614
129107
0.0927423650568
129127
0.0878654711174
129147
0.0884898792614
129167
0.0907640861742
129187
0.0899887547348
129207
0.0894812381629
129227
0.0882013494318
129247
0.087939453125
129267
0.0922674005682
129287
0.0895759351326
129307
0.0864494554924
129327
0.0852805397727
129347
0.0853042140152
129367
0.0438165838068
129387
0.0491595643939
129407
0.0493711529356
129427
0.0498165246212
129447
0.0524132930871
129467
0.0516749526515
129487
0.0519797585227
129507
0.0527846827652
129527
0.0550603693182
129547
0.0554894649621
129567
0.0566953716856
129587
0.0566864938447
129607
0.0564763849432
129627
0.0567885890152
129647
0.057646780303
129667
0.0568758877841
129687
0.056719045928
129707
0.0518821022727
129727
0.0496064157197
129747
0.0502071496212
129767
0.0632427793561
129787
0.0648097182765
129807
0.0625577059659
129827
0.0649354876894
129847
0.0653660629735
129867
0.0651944247159
129887
0.0655510179924
129907
0.0629808830492
129927
0.0621937144886
129947
0.0627914891098
129967
0.0633685487689
129987
0.0624334161932
130007
0.0643687855114
130027
0.0623549952652
130047
0.0627604166667
130067
0.0635120738636
130087
0.0651263612689
130107
0.0546149976326
130127
0.0616773200758
130147
0.0737467447917
130167
0.0780924479167
130187
0.0746034564394
130207
0.0722774621212
130227
0.0691924124053
130247
0.070947265625
130267
0.0697576349432
130287
0.0593498461174
130307
0.0601429332386
130327
0.0589828953598
130347
0.0591530539773
130367
0.0588319720644
130387
0.0590864701705
130407
0.062090139678
130427
0.0700136126894
130447
0.076445608428
130467
0.0527758049242
130487
0.0625207149621
130507
0.0609138257576
130527
0.0609301017992
130547
0.183857125947
130567
0.17695608428
130587
0.173705314867
130607
0.16903852983
130627
0.177001953125
130647
0.167894767992
130667
0.171451822917
130687
0.169864169034
130707
0.176099372633
130727
0.171104107481
130747
0.168137428977
130767
0.164589251894
130787
0.178716856061
130807
0.43681344697
130827
0.426895419034
130847
0.419480942235
130867
0.422404711174
130887
0.420265151515
130907
0.408565636837
130927
0.396627900095
130947
0.392724609375
130967
0.38681640625
130987
0.37440962358
131007
0.34863577178
131027
0.330807587595
131047
0.33545217803
131067
0.351711943655
131087
0.374755859375
131107
0.474862393466
131127
0.483080314867
131147
0.475338837595
131167
0.542647668087
131187
0.516422526042
131207
0.507056403883
131227
0.357498816288
131247
0.304060132576
131267
0.371734434186
131287
0.129634232955
131307
0.155313387784
131327
0.157738517992
131347
0.145487097538
131367
0.158083274148
131387
0.154888731061
131407
0.151611328125
131427
0.150253018466
131447
0.15116891572
131467
0.140222537879
131487
0.399970407197
131507
0.450548946496
131527
0.417729048295
131547
0.405422881155
131567
0.428444602273
131587
0.412468927557
131607
0.42216352983
131627
0.4498046875
131647
0.141728811553
131667
0.139951763731
131687
0.143862452652
131707
0.142166785038
131727
0.141582327178
131747
0.146265388258
131767
0.148217033617
131787
0.165864701705
131807
0.176602450284
131827
0.542493785511
131847
0.574720348011
131867
0.584389796402
131887
0.632365648674
131907
0.619788707386
131927
0.631340258049
131947
0.700140565814
131967
0.693144827178
131987
0.681511896307
132007
0.74325875947
132027
0.757188091856
132047
0.732016453598
132067
0.131883285985
132087
0.133533084754
132107
0.142699455492
132127
0.137637606534
132147
0.155425840436
132167
0.126433771307
132187
0.192653586648
132207
0.216083688447
132227
0.15244436553
132247
0.100948449337
132267
0.524532433712
132287
0.196343809186
132307
0.174776574337
132327
0.166591205019
132347
0.322184244792
132367
0.275503077652
132387
0.346117424242
132407
0.421182528409
132427
0.43076467803
132447
0.410245028409
132467
0.158318536932
132487
0.152531664299
132507
0.158756510417
132527
0.15741743608
132547
0.162550307765
132567
0.272031841856
132587
0.52236624053
132607
0.222708037405
132627
0.226621685606
132647
0.243721886837
132667
0.168963068182
132687
0.233756510417
132707
0.293875769413
132727
0.178312914299
132747
0.280770596591
132767
0.30536961411
132787
0.286592980587
132807
0.254541015625
132827
0.235023082386
132847
0.241036339962
132867
0.254474431818
132887
0.2537109375
132907
0.24658499053
132927
0.271004971591
132947
0.275887784091
132967
0.273678681345
132987
0.261882990057
133007
0.229311671402
133027
0.214756451231
133047
0.176541785038
133067
0.146244673295
133087
0.185505445076
133107
0.172379557292
133127
0.180551609848
133147
0.158797940341
133167
0.15390181108
133187
0.137760416667
133207
0.248835523201
133227
0.250645123106
133247
0.27559037642
133267
0.253508226799
133287
0.258240116004
133307
0.253327710701
133327
0.297786458333
133347
0.360990767045
133367
0.399860913826
133387
0.399177320076
133407
0.404456676136
133427
0.201439689867
133447
0.256926195549
133467
0.29550485322
133487
0.316961115057
133507
0.296439985795
133527
0.236209753788
133547
0.19365234375
133567
0.166458037405
133587
0.194266394413
133607
0.179271721117
133627
0.180018939394
133647
0.191677024148
133667
0.18925633286
133687
0.190974195076
133707
0.193661221591
133727
0.267584043561
133747
0.25908647017
133767
0.246112985322
133787
0.23096147017
133807
0.231887724905
133827
0.243288352273
133847
0.256395004735
133867
0.266526100852
133887
0.27128462358
133907
0.262134528883
133927
0.257603870739
133947
0.264931048769
133967
0.273754142992
133987
0.270839251894
134007
0.286273378314
134027
0.276652758049
134047
0.26904740767
134067
0.274579782197
134087
0.276478160511
134107
0.276815518466
134127
0.273653527462
134147
1.0
134167
1.0
134187
1.0
134207
1.0
134227
1.0
134247
1.0
134267
1.0
134287
1.0
134307
1.0
134327
1.0
134347
1.0
134367
1.0
134387
1.0
134407
1.0
134427
0.999968927557
134447
0.999014559659
134467
0.998979048295
134487
0.992453835227
134507
0.988347833807
134527
0.983713600852
134547
0.979177024148
134567
0.975244140625
134587
0.968221768466
134607
0.961292613636
134627
0.957421875
134647
0.95488725142
134667
0.954856178977
134687
0.955779474432
134707
0.955211292614
134727
0.954061612216
134747
0.954900568182
134767
0.950652521307
134787
0.946453302557
134807
0.944198330966
134827
0.93760209517
134847
0.933265269886
134867
0.929523259943
134887
0.921218039773
134907
0.9244140625
134927
0.931005859375
134947
0.92598100142
134967
0.916916725852
134987
0.91522993608
135007
0.915061257102
135027
0.919935191761
135047
0.918630149148
135067
0.91083984375
135087
0.901669034091
135107
0.891783558239
135127
0.889519708807
135147
0.887158203125
135167
0.887655362216
135187
0.877570134943
135207
0.878764204545
135227
0.877605646307
135247
0.870361328125
135267
0.867067649148
135287
0.863720703125
135307
0.859508167614
135327
0.862819602273
135347
0.860675603693
135367
0.85634765625
135387
0.853932883523
135407
0.862229225852
135427
0.869815340909
135447
0.867547052557
135467
0.876402698864
135487
0.875927734375
135507
0.869256036932
135527
0.877658913352
135547
0.872776100852
135567
0.874134410511
135587
0.871031605114
135607
0.873428622159
135627
0.873109019886
135647
0.869642223011
135667
0.877889737216
135687
0.877379261364
135707
0.881294389205
135727
0.879851740057
135747
0.877676669034
135767
0.885799893466
135787
0.892422762784
135807
0.900008877841
135827
0.904363458807
135847
0.909503728693
135867
0.912340198864
135887
0.906010298295
135907
0.899072265625
135927
0.899085582386
135947
0.906285511364
135967
0.907848011364
135987
0.910813210227
136007
0.916881214489
136027
0.91835493608
136047
0.921830610795
136067
0.923211115057
136087
0.91298828125
136107
0.922722833807
136127
0.93212446733
136147
0.928915127841
136167
0.933655894886
136187
0.937899502841
136207
0.931756036932
136227
0.925985440341
136247
0.924169921875
136267
0.919176136364
136287
0.918838778409
136307
0.926194069602
136327
0.92372602983
136347
0.922096946023
136367
0.918621271307
136387
0.920765269886
136407
0.916432883523
136427
0.918434836648
136447
0.915416370739
136467
0.919464666193
136487
0.932142223011
136507
0.926171875
136527
0.92353515625
136547
0.924285333807
136567
0.927281605114
136587
0.922682883523
136607
0.925337357955
136627
0.927627840909
136647
0.922030362216
136667
0.933167613636
136687
0.934237393466
136707
0.934206321023
136727
0.939488636364
136747
0.941446200284
136767
0.947602982955
136787
0.953533380682
136807
0.945334694602
136827
0.942933238636
136847
0.94628462358
136867
0.947625177557
136887
0.946426669034
136907
0.949649325284
136927
0.946537642045
136947
0.945827414773
136967
0.953284801136
136987
0.94893022017
137007
0.953524502841
137027
0.956574041193
137047
0.957195490057
137067
0.953844105114
137087
0.946599786932
137107
0.939510830966
137127
0.935418146307
137147
0.932985617898
137167
0.928351384943
137187
0.914821555398
137207
0.905970348011
137227
0.908718039773
137247
0.909872159091
137267
0.916228693182
137287
0.914470880682
137307
0.9091796875
137327
0.905428799716
137347
0.907856889205
137367
0.9068359375
137387
0.913148082386
137407
0.911776455966
137427
0.91172318892
137447
0.903471235795
137467
0.894611150568
137487
0.90664506392
137507
0.920885120739
137527
0.91963334517
137547
0.92578568892
137567
0.93417524858
137587
0.944580078125
137607
0.952468039773
137627
0.961700994318
137647
0.965074573864
137667
0.967440518466
137687
0.968634588068
137707
0.971031605114
137727
0.973362038352
137747
0.977871981534
137767
0.981312144886
137787
0.985848721591
137807
0.98603071733
137827
0.985808771307
137847
0.985684481534
137867
0.993976384943
137887
1.0
137907
0.989475319602
137927
0.987721946023
137947
0.987646484375
137967
0.987650923295
137987
0.987721946023
138007
0.987619850852
138027
0.989506392045
138047
1.0
138067
1.0
138087
1.0
138107
1.0
138127
1.0
138147
1.0
138167
1.0
138187
1.0
138207
1.0
138227
1.0
138247
1.0
138267
1.0
138287
1.0
138307
1.0
138327
1.0
138347
1.0
138367
1.0
138387
1.0
138407
1.0
138427
1.0
138447
1.0
138467
1.0
138487
1.0
138507
1.0
138527
1.0
138547
1.0
138567
1.0
138587
1.0
138607
1.0
138627
1.0
138647
1.0
138667
1.0
138687
1.0
138707
1.0
138727
1.0
138747
1.0
138767
1.0
138787
1.0
138807
1.0
138827
1.0
138847
1.0
138867
1.0
138887
1.0
138907
1.0
138927
1.0
138947
1.0
138967
1.0
138987
1.0
139007
1.0
