217567
0.986948485393
217587
0.999733596743
217607
0.986839978448
217627
0.986983656609
217647
0.986927906489
217667
0.999507228807
217687
0.985015565134
217707
0.985806169181
217727
0.985944234914
217747
0.995408285441
217767
0.988898617098
217787
0.987398976293
217807
0.985655756106
217827
0.991830923731
217847
0.994070656729
217867
0.989535066451
217887
0.989675751317
217907
0.989429926964
217927
0.999699173851
217947
0.990526221264
217967
0.990484689296
217987
0.990535949473
218007
0.999746318247
218027
0.981250374162
218047
0.978609539631
218067
0.97879063398
218087
0.991119642002
218107
0.987407207854
218127
0.985662865182
218147
0.985685689057
218167
0.989794360632
218187
0.994157088123
218207
0.989524215757
218227
0.989483806274
218247
0.989735243056
218267
0.999977176125
218287
0.972246542744
218307
0.972437365302
218327
0.972409303161
218347
0.999855199353
218367
0.986074069085
218387
0.986573949353
218407
0.986767765206
218427
0.996673326748
218447
0.968955040709
218467
0.964444519277
218487
0.964445267601
218507
0.972928639847
218527
0.988246827107
218547
0.980227415589
218567
0.980591475096
218587
0.982975260417
218607
0.999975679478
218627
0.986968315972
218647
0.987263903855
218667
0.987175601652
218687
0.999937140805
218707
0.990901131466
218727
0.990797488625
218747
0.990817693367
218767
0.994782686782
218787
0.992841534962
218807
0.990891403257
218827
0.990860347821
218847
0.991351996528
218867
0.994497949593
218887
0.987697557471
218907
0.987518708094
218927
0.987522075551
218947
0.999769516284
218967
0.987142301245
218987
0.987294585129
219007
0.986196420019
219027
0.99763043283
219047
0.980512152778
219067
0.978710189176
219087
0.978891283525
219107
0.980297009698
219127
0.995131031489
219147
0.992595710608
219167
0.992561661877
219187
0.99261404454
219207
0.999983536877
219227
0.979772060584
219247
0.979244866499
219267
0.979215681873
219287
0.979318202227
219307
0.979342148587
219327
0.990086581058
219347
0.99360258022
219367
0.989700446001
219387
0.980668178281
219407
0.97121123683
219427
0.958626676245
219447
0.945339065493
219467
0.93852033944
219487
0.933543612308
219507
0.921056333812
219527
0.909206252993
219547
0.900113745211
219567
0.887446494852
219587
0.880960024545
219607
0.87277373683
219627
0.871985003592
219647
0.871708872126
219667
0.87502993295
219687
0.874250179598
219707
0.875120854286
219727
0.874409198396
219747
0.873245929119
219767
0.877209051724
219787
0.875778256705
219807
0.876369432471
219827
0.877702945402
219847
0.878141837284
219867
0.876151296097
219887
0.876809821001
219907
0.876431543343
219927
0.8788385267
219947
0.879510521432
219967
0.880122650263
219987
0.879452526341
220007
0.880549568966
220027
0.877983192648
220047
0.877736245809
220067
0.874386748683
220087
0.877998159124
220107
0.883724332495
220127
0.879293133381
220147
0.875492397031
220167
0.868606321839
220187
0.868584994612
220207
0.865845381346
220227
0.858570551964
220247
0.854144216954
220267
0.852835024545
220287
0.849118848779
220307
0.850139188218
220327
0.848333482998
220347
0.841375942888
220367
0.845145623803
220387
0.845296036877
220407
0.844822347941
220427
0.844847790948
220447
0.847871018918
220467
0.846695402299
220487
0.848874895235
220507
0.853536952227
220527
0.854164047534
220547
0.847290319684
220567
0.839490167026
220587
0.833927502395
220607
0.827598180077
220627
0.821662101892
220647
0.823817648467
220667
0.824125957854
220687
0.824584306154
220707
0.811257782567
220727
0.81277313817
220747
0.810775862069
220767
0.817546695402
220787
0.822338586566
220807
0.826976323036
220827
0.827930061662
220847
0.836343091475
220867
0.841131615182
220887
0.837985287955
220907
0.839646192529
220927
0.843271821121
220947
0.849442498803
220967
0.848156130268
220987
0.845550092792
221007
0.847861664871
221027
0.850015340637
221047
0.851979690493
221067
0.852441032088
221087
0.852469842553
221107
0.853620764488
221127
0.855264083453
221147
0.851859210369
221167
0.853044929358
221187
0.85922159363
221207
0.861626706178
221227
0.859265744732
221247
0.856688891882
221267
0.861306797773
221287
0.863321659483
221307
0.863190702826
221327
0.865780277179
221347
0.866728403376
221367
0.860876511614
221387
0.868972252155
221407
0.87057366499
221427
0.86518461147
221447
0.868674419301
221467
0.865252708932
221487
0.86877581717
221507
0.866908749401
221527
0.871946464919
221547
0.867473359674
221567
0.877716041068
221587
0.876702810704
221607
0.881558309387
221627
0.88142735273
221647
0.888309312141
221667
0.8897083034
221687
0.894621048851
221707
0.897806663075
221727
0.89067476353
221747
0.894334440852
221767
0.890711805556
221787
0.887959096624
221807
0.88471174569
221827
0.887899604885
221847
0.874920677682
221867
0.880338541667
221887
0.876089559387
221907
0.871097865781
221927
0.871269980244
221947
0.86739478568
221967
0.872187425168
221987
0.877299224737
222007
0.876063742217
222027
0.880552562261
222047
0.889049030172
222067
0.883282073156
222087
0.888140939296
222107
0.894711596025
222127
0.901785500479
222147
0.899555121528
222167
0.900829891044
222187
0.902038059746
222207
0.88887916068
222227
0.88881330819
222247
0.887159886853
222267
0.877207180915
222287
0.872500224497
222307
0.876750703424
222327
0.869309746169
222347
0.869057561063
222367
0.868476487668
222387
0.862928041188
222407
0.863181348779
222427
0.866244237907
222447
0.873823260896
222467
0.87375029933
222487
0.876767540709
222507
0.875026191331
222527
0.871377738865
222547
0.874968570402
222567
0.874105753113
222587
0.875343854765
222607
0.877454501916
222627
0.882249012213
222647
0.886899844349
222667
0.883626676245
222687
0.876726757064
222707
0.874821150623
222727
0.877678999042
222747
0.879097820881
222767
0.887901475694
222787
0.879297997486
222807
0.872509578544
222827
0.863668507543
222847
0.860062709531
222867
0.854122141403
222887
0.858346428999
222907
0.857267720307
222927
0.856069653975
222947
0.856060299928
222967
0.859837838242
222987
0.859202885536
223007
0.861093525503
223027
0.866736260776
223047
0.866959261255
223067
0.865694968271
223087
0.867595336446
223107
0.865663164511
223127
0.863803579981
223147
0.869565672893
223167
0.87334583034
223187
0.872684686303
223207
0.873675466954
223227
0.872641283525
223247
0.86760207136
223267
0.86958700012
223287
0.875508860153
223307
0.881199488147
223327
0.891146955819
223347
0.885986141044
223367
0.884803041188
223387
0.874913568606
223407
0.868009533645
223427
0.874470186782
223447
0.87094820103
223467
0.873925032926
223487
0.872719483357
223507
0.869956297893
223527
0.866863849976
223547
0.869506181154
223567
0.864113386015
223587
0.867635371767
223607
0.871867890924
223627
0.87839813817
223647
0.872322871767
223667
0.879584231322
223687
0.881248129191
223707
0.880112173731
223727
0.879759713242
223747
0.885010326868
223767
0.88750598659
223787
0.887821779215
223807
0.894871737308
223827
0.888011105125
223847
0.880963392002
223867
0.881723314775
223887
0.883204247486
223907
0.877436542146
223927
0.875108132783
223947
0.867837793343
223967
0.869930854885
223987
0.865474586925
224007
0.8649114733
224027
0.863194070283
224047
0.867358491978
224067
0.866690238865
224087
0.871025278376
224107
0.87045991978
224127
0.872713496767
224147
0.875327017481
224167
0.881494701868
224187
0.883026520594
224207
0.882831956418
224227
0.883969782687
224247
0.882444698875
224267
0.885314894636
224287
0.884936616978
224307
0.890140834531
224327
0.890922832854
224347
0.893316720546
224367
0.891321689416
224387
0.890646327227
224407
0.885970052083
224427
0.873076059626
224447
0.871473898467
224467
0.873285216116
224487
0.865812455101
224507
0.860709261255
224527
0.859183803281
224547
0.849123712883
224567
0.836077436542
224587
0.822503591954
224607
0.811484150503
224627
0.804265819564
224647
0.799419300766
224667
0.801300586686
224687
0.804440927323
224707
0.80270855783
224727
0.796201134459
224747
0.798333482998
224767
0.80496250898
224787
0.796396072797
224807
0.811631570283
224827
0.812039032567
224847
0.810359419899
224867
0.814306453544
224887
0.814711296695
224907
0.814273527299
224927
0.81077810704
224947
0.808029888051
224967
0.817184880867
224987
0.821494477371
225007
0.820040110153
225027
0.830569025383
225047
0.83778099557
225067
0.847891597821
225087
0.854157686782
225107
0.861606127275
225127
0.870096982759
225147
0.870922758022
225167
0.876592058788
225187
0.883481501437
225207
0.882720082016
225227
0.885690553161
225247
0.877921081777
225267
0.872988131585
225287
0.872703020235
225307
0.874739209171
225327
0.871693905651
225347
0.876718525503
225367
0.876488415948
225387
0.878232384459
225407
0.874675601652
225427
0.874339978448
225447
0.872037386255
225467
0.879507902299
225487
0.887196554717
225507
0.884415783645
225527
0.884486500239
225547
0.885601128472
225567
0.88657320103
225587
0.881413134579
225607
0.891397644277
225627
0.890568501557
225647
0.896189909602
225667
0.892265699832
225687
0.880487083932
225707
0.866599317529
225727
0.874986156011
225747
0.874604510896
225767
0.872238685345
225787
0.869553699713
225807
0.871442843032
225827
0.872515565134
225847
0.873026670259
225867
0.871052966355
225887
0.862170363386
225907
0.86587007603
225927
0.875423177083
225947
0.87976719648
225967
0.882862637692
225987
0.877737368295
226007
0.875747201269
226027
0.877136838482
226047
0.869606082375
226067
0.859912296456
226087
0.856786548132
226107
0.855783420139
226127
0.858437724497
226147
0.858826478688
226167
0.847829112787
226187
0.848951972581
226207
0.849876900742
226227
0.846878741619
226247
0.854433444085
226267
0.856095096983
226287
0.862877903496
226307
0.857076897749
226327
0.855746378113
226347
0.856181902538
226367
0.852622874761
226387
0.848531414631
226407
0.847610976413
226427
0.846507947198
226447
0.846109464799
226467
0.850873293822
226487
0.845312874162
226507
0.84273153137
226527
0.828588212404
226547
0.842825820163
226567
0.856717328185
226587
0.844150353209
226607
0.851270653736
226627
0.858504699473
226647
0.871437604765
226667
0.884348060345
226687
0.90598097761
226707
0.906538852969
226727
0.922565328664
226747
0.931348404574
226767
0.952657671815
226787
0.955209081657
226807
0.959893588362
226827
0.978879310345
226847
0.995595740541
226867
0.989906235034
226887
0.981088736231
226907
0.981185269995
226927
0.980306737907
226947
0.980380447797
226967
0.980457525144
226987
1.0
227007
0.247356172174
227027
0.246271851054
227047
0.246767241379
227067
0.247215487308
227087
0.245244402538
227107
0.246787446121
227127
1.0
227147
1.0
