137848
0.0465598366477
137868
0.0445682410038
137888
0.0410555752841
137908
0.0413312815657
137928
0.337960661301
137948
0.135985834912
137968
0.110840830177
137988
0.0994801530934
138008
0.123235775726
138028
0.0550712200126
138048
0.0479502051768
138068
0.0506184895833
138088
0.0468567511048
138108
0.0500434027778
138128
0.0536542179609
138148
0.0385076349432
138168
0.0482757260101
138188
0.158814216383
138208
0.150185941446
138228
0.213517499211
138248
0.0427778764205
138268
0.0384366122159
138288
0.0516956676136
138308
0.0481154316604
138328
0.0381061592487
138348
0.218922624684
138368
0.0750749684343
138388
0.154255938289
138408
0.0804445825442
138428
0.121609651199
138448
0.308768840751
138468
0.307400666824
138488
0.293334714331
138508
0.303473208649
138528
0.0783508917298
138548
0.0660511363636
138568
0.0636511600379
138588
0.053831774779
138608
0.0357170336174
138628
0.0883290916982
138648
0.038157946654
138668
0.0377618963068
138688
0.490039555713
138708
0.105259627525
138728
0.0884297072285
138748
0.0842467645202
138768
0.0811380405619
138788
0.0839276554609
138808
0.101905283302
138828
0.0791133996212
138848
0.0832603377525
138868
0.0638657078598
138888
0.0710094105114
138908
0.086340948548
138928
0.0879118331755
138948
0.0791720920139
138968
0.0949637981376
138988
0.0884375986427
139008
0.0490125868056
139028
0.0434131352588
139048
0.0461070667614
139068
0.044166272096
139088
0.0457805595013
139108
0.0424158577967
139128
0.0449179292929
139148
0.0511052911932
139168
0.045514224274
139188
0.0401105784407
139208
0.0389835858586
139228
0.0391251380997
139248
0.0394560842803
139268
0.0607905224116
139288
0.0610085227273
139308
0.0600719105114
139328
0.062395931976
139348
0.0603135850694
139368
0.035217901673
139388
0.0397091027462
139408
0.0478382457386
139428
0.0945682410038
139448
0.103316860006
139468
0.303004162721
139488
0.404612531566
139508
0.282932844066
139528
0.235144412879
139548
0.216054095644
139568
0.202818714489
139588
0.201032788826
139608
0.202543994634
139628
0.203532394255
139648
0.0903379498106
139668
0.0885761916035
139688
0.0547461923927
139708
0.0841624250316
139728
0.101144748264
139748
0.334355271465
139768
0.399944266888
139788
0.189040798611
139808
0.189053622159
139828
0.0610726404672
139848
0.0923675228851
139868
0.140088383838
139888
0.0501380997475
139908
0.11077868529
139928
0.272108783144
139948
0.20784751815
139968
0.132399680398
139988
0.143524601484
140008
0.127940044981
140028
0.121954407355
140048
0.119458254419
140068
0.119149502841
140088
0.122201014047
140108
0.12024542298
140128
0.121958846275
140148
0.432918540878
140168
0.128689729324
140188
0.302514401831
140208
0.276987649937
140228
0.203188131313
140248
0.167815853851
140268
0.246585976957
140288
0.1860701744
140308
0.2001953125
140328
0.0582593513258
140348
0.126693201547
140368
0.187874348958
140388
0.175216520676
140408
0.187999131944
140428
0.0990254103535
140448
0.221927280619
140468
0.18047170928
140488
0.140715751263
140508
0.148519373422
140528
0.178958530619
140548
0.179688486427
140568
0.202090238321
140588
0.206466520676
140608
0.233984375
140628
0.282667495265
140648
0.257608802872
140668
0.231974530461
140688
0.220773161301
140708
0.204858151831
140728
0.19801481613
140748
0.201602450284
140768
0.367992917456
140788
0.37575067077
140808
0.313306403883
140828
0.317095762311
140848
0.324537859059
140868
0.274454999211
140888
0.241187756471
140908
0.313795671559
140928
0.213394195865
140948
0.20807340988
140968
0.207267499211
140988
0.229465553977
141008
0.248524305556
141028
0.218449633049
141048
0.244220525568
141068
0.228858901515
141088
0.207572305082
141108
0.230559008049
141128
0.224681384154
141148
0.224928977273
141168
0.24424272017
141188
0.196243193655
141208
0.157543698706
141228
0.136432193024
141248
0.106973544034
141268
0.0773398042929
141288
0.101935369318
141308
0.106463068182
141328
0.14456034959
141348
0.227102075442
141368
0.361923433554
141388
0.118468375158
141408
0.121883384628
141428
0.121850832544
141448
0.276957070707
141468
0.240027718592
141488
0.111906171086
141508
0.134513592961
141528
0.129043363321
141548
0.113201349432
141568
0.162349569918
141588
0.132819404987
141608
0.282504734848
141628
0.0663904671717
141648
0.0586637863005
141668
0.142235341698
141688
0.134917534722
141708
0.296948488794
141728
0.307645793876
141748
0.310833431976
141768
0.255890447443
141788
0.189873342803
141808
0.100545494003
141828
0.138888888889
141848
0.145711509628
141868
0.135116792929
141888
0.0425544507576
141908
0.0383478338068
141928
0.0387428977273
141948
0.0377263849432
141968
0.0452774818497
141988
0.045660708649
142008
0.0454762468434
142028
0.0454175544508
142048
0.0874413076073
142068
0.0881549873737
142088
0.196568221275
142108
0.190971729009
142128
0.0402171125316
142148
0.0718355429293
142168
0.0559471669823
142188
0.0578568892045
142208
0.0564176925505
142228
0.0568226207386
142248
0.0523817274306
142268
0.0483699297664
142288
0.0478269018308
142308
0.0471270320391
142328
0.0476296164773
142348
0.0475176570391
142368
0.0472389914773
142388
0.0721354166667
142408
0.0724017518939
142428
0.0716456557765
142448
0.0609153053977
142468
0.0655534840593
142488
0.0632827296402
142508
0.0661399147727
142528
0.0681887231692
142548
0.145480192551
142568
0.137919231376
142588
0.11207435685
142608
0.104596255524
142628
0.0735593237058
142648
0.0899201980745
142668
0.0503506747159
142688
0.0568916706124
142708
0.0632699060922
142728
0.0590780855429
142748
0.0554066051136
142768
0.0520108309659
142788
0.0484542692551
142808
0.0481469973169
142828
0.0489662247475
142848
0.0492365056818
142868
0.236726641414
142888
0.298252544981
142908
0.275023181029
142928
0.221297447128
142948
0.209515072601
142968
0.188721689552
142988
0.211075599747
143008
0.224293718434
143028
0.212012211963
143048
0.164099491004
143068
0.150254004893
143088
0.139374210859
143108
0.143962081755
143128
0.141491575915
143148
0.144077493687
143168
0.147360815183
143188
0.0552389125631
143208
0.0550322561553
143228
0.0552492700442
143248
0.0552334872159
143268
0.0538179648043
143288
0.0546761560922
143308
0.0545454545455
143328
0.0544053819444
143348
0.0562470407197
143368
0.0583308672664
143388
0.188206281566
143408
0.126373106061
143428
0.117758147885
143448
0.112878787879
143468
0.0900775331439
143488
0.105695134943
143508
0.0956321022727
143528
0.0952469026199
143548
0.0952671243687
143568
0.135697798295
143588
0.132683771307
143608
0.135622829861
143628
0.136648220486
143648
0.137992226957
143668
0.137305180713
143688
0.135003353851
143708
0.135894097222
143728
0.135534051452
143748
0.137230705492
143768
0.0559471669823
143788
0.0556852706755
143808
0.0554667771465
143828
0.0553217724116
143848
0.0548926767677
143868
0.055150134154
143888
0.212060053662
143908
0.202214528093
143928
0.199132930871
143948
0.199813565341
143968
0.196467605745
143988
0.199741556187
144008
0.0934496330492
144028
0.0958160708649
144048
0.0970880681818
144068
0.0941184303977
144088
0.0931615964331
144108
0.0919438525884
144128
0.0919320154672
144148
0.0946767479482
144168
0.116298729482
144188
0.112233664773
144208
0.110321476484
144228
0.175970150726
144248
0.18020636048
144268
0.184872652304
144288
0.0947842684659
144308
0.0957904237689
144328
0.0968542850379
144348
0.20316149779
144368
0.206374289773
144388
0.0530268505366
144408
0.0667080965909
144428
0.0921006944444
144448
0.148909998422
144468
0.0799533420139
144488
0.0825210108902
144508
0.183808297822
144528
0.178630050505
144548
0.198127268782
144568
0.246051333649
144588
0.256729403409
144608
0.263171263415
144628
0.260001380997
144648
0.111972261679
144668
0.110723445391
144688
0.10862432923
144708
0.111611229482
144728
0.110856613005
144748
0.106211036143
144768
0.105765171244
144788
0.102354600694
144808
0.100511955492
144828
0.0999422940341
144848
0.100446358112
144868
0.191176905777
144888
0.221178089489
144908
0.209139737216
144928
0.198601740057
144948
0.185129616477
144968
0.195650351168
144988
0.230694148516
145008
0.191884666982
145028
0.195928030303
145048
0.206670711016
145068
0.214652383207
145088
0.19765920928
145108
0.205596492266
145128
0.211446989426
145148
0.215529316604
145168
0.20312943892
145188
0.206127189867
145208
0.211702473958
145228
0.213799124053
145248
0.234176235006
145268
0.126322798295
145288
0.143010673138
145308
0.141425978535
145328
0.13577868529
145348
0.123614563605
145368
0.115003057923
145388
0.113456340751
145408
0.111544152462
145428
0.115050406408
145448
0.22893830887
145468
0.201308988321
145488
0.188720703125
145508
0.204169132734
145528
0.193112768308
145548
0.109328637942
145568
0.132154060133
145588
0.166975418245
145608
0.113132299558
145628
0.113514539931
145648
0.141914752999
145668
0.143999072759
145688
0.150231317077
145708
0.208511876578
145728
0.218759371054
145748
0.225187421086
145768
0.112652402936
145788
0.115998855745
145808
0.120490550032
145828
0.121321614583
145848
0.16669625947
145868
0.163323666351
145888
0.159773023201
145908
0.163639322917
145928
0.160703223643
145948
0.0802073469066
145968
0.0813392716225
145988
0.0848642676768
146008
0.107077612058
146028
0.105757773043
146048
0.106090692077
146068
0.107489445234
146088
0.106278606376
146108
0.106360479798
146128
0.104500572128
146148
0.102533143939
146168
0.0998944523359
146188
0.0929445825442
146208
0.0902491714015
146228
0.0854531644571
146248
0.0816021543561
146268
0.0787602588384
146288
0.0774384469697
146308
0.0742730034722
146328
0.0744653566919
146348
0.0718034840593
146368
0.0768579348169
146388
0.0803597498422
146408
0.0805215238321
146428
0.0875503077652
146448
0.0848366477273
146468
0.0900706281566
146488
0.0854901554609
146508
0.0916380602904
146528
0.0979413273359
146548
0.100373362532
146568
0.0980853456439
146588
0.0894457267992
146608
0.0875966698232
146628
0.0824544270833
146648
0.0820130011048
146668
0.0800258443813
146688
0.0777605153093
146708
0.0844795612374
146728
0.0796534682765
146748
0.0731820154672
146768
0.0687929095644
146788
0.0675268308081
146808
0.0686770044192
146828
0.0701975812816
146848
0.0699366714015
146868
0.0706631747159
146888
0.0719544073548
146908
0.0670528527462
146928
0.0686503708965
146948
0.0683036418876
146968
0.0687736742424
146988
0.0702025134154
147008
0.0685502485795
147028
0.0692816840278
147048
0.0684486466225
147068
0.0679401436237
147088
0.0660659327652
147108
0.0674977312184
147128
0.0683993252841
147148
0.0706202651515
147168
0.0705684777462
147188
0.0671189433396
147208
0.0654119318182
147228
0.0654686513573
147248
0.0668728298611
147268
0.0658661813447
147288
0.068047170928
147308
0.065253610322
147328
0.0710631707702
147348
0.149962515783
147368
0.60230873185
147388
0.902756569602
147408
1.0
147428
1.0
