145473
0.092125848327
145493
0.0937406289457
145513
0.0944439512311
145533
0.0698597301136
145553
0.0678444602273
145573
0.0671317668876
145593
0.0652506510417
145613
0.0653951625631
145633
0.0612191248422
145653
0.106320036301
145673
0.073492739899
145693
0.0790315261995
145713
0.0758409288194
145733
0.0795183278093
145753
0.0820657749369
145773
0.081914358428
145793
0.0817387744634
145813
0.0829905500316
145833
0.0815868647412
145853
0.0822482638889
145873
0.0824307528409
145893
0.0794704861111
145913
0.0804805871212
145933
0.110722952178
145953
0.106640131787
145973
0.103922032828
145993
0.108152817235
146013
0.109488932292
146033
0.109098800505
146053
0.110312598643
146073
0.11064601089
146093
0.109723701862
146113
0.108013731061
146133
0.105910175979
146153
0.105993035827
146173
0.106996725063
146193
0.108640605271
146213
0.110528626105
146233
0.0743193655303
146253
0.0741689354482
146273
0.0513805042614
146293
0.0523984966856
146313
0.0532764165088
146333
0.0502362492109
146353
0.0555358270202
146373
0.0583565143624
146393
0.0541104403409
146413
0.0534090909091
146433
0.0517272332702
146453
0.0511205808081
146473
0.0511043047664
146493
0.0544058751578
146513
0.0541533499053
146533
0.0554726957071
146553
0.120821989426
146573
0.111320726799
146593
0.0620649857955
146613
0.0629655934343
146633
0.0632896346275
146653
0.0619505602904
146673
0.0615352746212
146693
0.0604467526831
146713
0.0611545138889
146733
0.0629868016098
146753
0.0629009824811
146773
0.0643386994949
146793
0.0646218039773
146813
0.0653172348485
146833
0.0658425071023
146853
0.0649211845013
146873
0.0650183475379
146893
0.0654035471907
146913
0.0650804924242
146933
0.0657808554293
146953
0.0657517558396
146973
0.0675953874684
146993
0.0657280815972
147013
0.0666459517045
147033
0.0665241279987
147053
0.0646918402778
147073
0.063756707702
147093
0.063274838226
147113
0.0644407946654
147133
0.0643574416035
147153
0.0643904869003
147173
0.0837584832702
147193
0.0853653724747
147213
0.0480582189078
147233
0.0471329505997
147253
0.0461267952967
147273
0.0467669862689
147293
0.0469036063763
147313
0.0476197522096
147333
0.0478441642992
147353
0.0465376420455
147373
0.0458338265467
147393
0.0457312381629
147413
0.0454944957386
147433
0.0456276633523
147453
0.0456330886995
147473
0.0468996606692
147493
0.0732816445707
147513
0.144149502841
147533
0.287668678977
147553
0.764630188605
147573
0.999959556503
147593
1.0
147613
1.0
147633
1.0
147653
1.0
147673
1.0
147693
1.0
147713
0.0514845722854
147733
0.0551511205808
147753
0.0583782157513
147773
0.0644575639205
147793
0.0702740293561
147813
0.0764890112058
147833
0.0781245067866
147853
0.0718015112058
147873
0.0747469815341
147893
0.074182745423
147913
0.10273881392
147933
0.10214695786
147953
0.101130445076
147973
0.0980463817866
147993
0.0977647569444
148013
0.0993050623422
148033
0.069391177399
148053
0.0686380405619
148073
0.069251104798
148093
0.0696871054293
148113
0.0702434501263
148133
0.0699830334596
148153
0.0700718118687
148173
0.0701763731061
148193
0.0808416193182
148213
0.0816381589331
148233
1.0
148253
1.0
148273
0.996926787405
148293
0.996246152936
148313
0.993252840909
148333
0.991571969697
148353
0.988898259943
148373
0.988756214489
148393
0.988890861742
148413
0.988954486269
148433
0.988358191288
148453
0.984662050189
148473
0.986237866951
148493
0.588726621686
148513
0.591759390783
148533
0.59238577178
148553
0.596863162879
148573
0.596252071496
148593
0.593805733112
148613
0.580616220802
148633
0.576819957386
148653
0.574542791193
148673
0.574764737216
148693
0.570521129261
148713
0.567614129577
148733
0.564286418876
148753
0.560493607955
148773
0.569091796875
148793
0.570701152146
148813
0.57226118608
148833
0.572624684343
148853
0.561337989268
148873
0.560574988163
148893
0.563339449179
148913
0.563098267835
148933
0.558418659249
148953
0.568991674558
148973
0.569523851799
148993
0.569991911301
149013
0.568822009154
149033
0.568918678977
149053
0.568883660827
149073
0.574885081282
149093
0.575641177399
149113
0.561177201705
149133
0.558988320707
149153
0.558770813605
149173
0.558571555398
149193
0.556926688763
149213
0.556744199811
149233
0.557796223958
149253
0.558613478535
149273
0.553556068497
149293
0.555310428504
149313
0.557253689236
149333
0.557942708333
149353
0.558591283933
149373
0.5782576744
149393
0.573616043245
149413
0.572527521307
149433
0.578815498737
149453
0.575709240846
149473
0.572461923927
149493
0.571875986427
149513
0.557961450442
149533
0.556652462121
149553
0.555102785669
149573
0.555397727273
149593
0.553663095802
149613
0.555200441919
149633
0.557024838226
149653
0.556321022727
149673
0.557288214173
149693
0.555877623895
149713
0.55406506471
149733
0.554875907513
149753
0.556924222696
149773
0.55601818971
149793
0.552098129735
149813
0.553061375473
149833
0.551175820707
149853
0.550201231061
149873
0.551351404672
149893
0.553078144729
149913
0.553040660511
149933
0.553838679766
149953
0.551963975694
149973
0.55244436553
149993
0.552202197759
150013
0.55637971512
150033
0.561761659564
150053
0.564476799242
150073
0.560854640152
150093
0.554905007102
150113
0.554498599274
150133
0.553854955808
150153
0.55521227904
150173
0.559418895991
150193
0.564167061237
150213
0.568089587279
150233
0.570883641098
150253
0.568269116951
150273
0.571277225379
150293
0.576493450126
150313
0.577309225063
150333
0.581727430556
150353
0.587063012942
150373
0.585324435764
150393
0.581038904672
150413
0.581100063131
150433
0.581030520044
150453
0.581653448548
150473
0.585791015625
150493
0.580687736742
150513
0.583968098958
150533
0.570682410038
150553
0.575207149621
150573
0.562328361742
150593
0.568183297822
150613
0.556210542929
150633
0.552238202336
150653
0.55035412721
150673
0.546719144571
150693
0.544908558239
150713
0.542637310606
150733
0.545103870739
150753
0.546187953756
150773
0.54912109375
150793
0.551088028725
150813
0.552193813131
150833
0.552552379261
150853
0.54553839173
150873
0.545379083807
150893
0.545485617898
150913
0.548326526989
150933
0.545988202336
150953
0.560454150884
150973
0.557558495107
150993
0.556352588384
151013
0.555455926452
151033
0.556378728693
151053
0.556658873895
151073
0.558911872633
151093
0.556263316761
151113
0.555866279987
151133
0.554225852273
151153
0.556612018624
151173
0.560417653093
151193
0.559445036301
151213
0.562311592487
151233
0.565445963542
151253
0.561214192708
151273
0.556133601641
151293
0.557243824968
151313
0.556562697285
151333
0.557345920139
151353
0.558034446023
151373
0.55762162642
151393
0.556068497475
151413
0.553224629104
151433
0.554630287247
151453
0.554899581755
151473
0.555712890625
151493
0.553846077967
151513
0.550882358744
151533
0.549264618845
151553
0.552317116477
151573
0.553185172033
151593
0.554186888415
151613
0.553100339331
151633
0.552475931187
151653
0.558072423453
151673
0.557955038668
151693
0.557088955966
151713
0.555451487532
151733
0.557225576073
151753
0.556020162563
151773
0.555512645991
151793
0.555517084912
151813
0.545942826705
151833
0.548491753472
151853
0.549416035354
151873
0.551720821496
151893
0.554803405145
151913
0.553087515783
151933
0.552923768939
151953
0.553693181818
151973
0.551398259943
151993
0.550731928662
152013
0.55419921875
152033
0.553427339804
152053
0.553002189867
152073
0.552073962279
152093
0.549979778251
152113
0.549700619476
152133
0.551450047348
152153
0.551981238163
152173
0.550629340278
152193
0.551452513415
152213
0.548146504104
152233
0.544158873895
152253
0.545729265309
152273
0.54284199416
152293
0.54671174637
152313
0.548086825284
152333
0.548524798769
152353
0.547574376578
152373
0.551223169192
152393
0.567412898516
152413
0.569219045928
152433
0.566052616004
152453
0.566351503314
152473
0.556939512311
152493
0.554225359059
152513
0.554143485638
152533
0.553771109533
152553
0.552617976641
152573
0.551341540404
152593
0.560572028883
152613
0.563536241319
152633
0.565612176452
152653
0.553047072285
152673
0.552549419981
152693
0.551755346433
152713
0.554469992898
152733
0.560560191761
152753
0.562087673611
152773
0.562244022254
152793
0.553463344381
152813
0.551387409249
152833
0.549094953441
152853
0.550487294823
152873
0.552759035669
152893
0.556293402778
152913
0.558016197128
152933
0.562701231061
152953
0.56631303267
152973
0.570756885259
152993
0.576825382734
153013
0.576105784407
153033
0.579637685448
153053
0.585400390625
153073
0.588736979167
153093
0.995719401042
153113
0.989469401042
153133
0.985171046402
153153
0.981525213068
153173
0.969223484848
153193
0.956898082386
153213
0.950035511364
153233
0.944452829072
153253
0.937970525568
153273
0.937534031723
153293
0.930890447443
153313
0.92304243608
153333
0.92314157197
153353
0.923745265152
153373
0.923070549242
153393
0.924730705492
153413
0.928796756629
153433
0.939234138258
153453
0.948606178977
153473
0.940787760417
153493
0.938370028409
153513
0.936900745739
153533
0.933121744792
153553
0.932828776042
153573
0.930723248106
153593
0.929962713068
153613
0.924138849432
153633
0.920905835701
153653
0.919688091856
153673
0.912972005208
153693
0.907244318182
153713
0.907398200758
153733
0.906782670455
153753
0.903006628788
153773
0.90517578125
153793
0.908728397254
153813
0.909796697443
153833
0.914985795455
153853
0.915511067708
153873
0.916099964489
153893
0.921695963542
153913
0.922517163826
153933
0.926023910985
153953
0.936362156723
153973
0.942329545455
153993
0.942697975852
154013
0.944183534564
154033
0.94033351089
154053
0.942308830492
154073
0.94579930161
154093
0.942425722064
154113
0.937415660511
154133
0.940172230114
154153
0.936845999053
154173
0.932310901989
154193
0.93651899858
154213
0.93242483428
154233
0.931548887311
154253
0.930513139205
154273
0.940219578598
154293
0.937769294508
154313
0.927772845644
154333
0.935830965909
154353
0.946923828125
154373
0.947401751894
154393
0.956183416193
154413
0.963000118371
154433
0.962386067708
154453
0.968110795455
154473
0.975383226799
154493
0.977941524621
154513
0.977482836174
154533
0.982364169034
154553
0.993022017045
154573
0.993220288826
154593
0.99345407197
154613
0.993337180398
154633
0.993338660038
154653
0.993331261837
154673
0.993479225852
154693
0.993479225852
154713
0.993565044981
154733
0.997586706913
154753
1.0
154773
1.0
154793
0.490942629419
154813
0.789903922033
154833
0.827604166667
154853
0.903294665404
154873
0.940295040246
154893
0.951212811711
154913
0.943838285196
154933
0.947312973485
154953
0.947743548769
154973
0.947736643782
154993
0.953151633523
155013
1.0
155033
1.0
155053
1.0
