155083
0.0794953235389
155103
0.0857085273496
155123
0.0568037826483
155143
0.0587086544637
155163
0.147032220081
155183
0.137872143278
155203
0.148194645151
155223
0.10117915061
155243
0.142256409227
155263
0.204915134607
155283
0.107697762792
155303
0.111901392903
155323
0.140736893866
155343
0.134105551541
155363
0.0698311389424
155383
0.0711088029865
155403
0.131611271676
155423
0.0948144134018
155443
0.0972929712588
155463
0.0845501164098
155483
0.0750592084136
155503
0.095377227842
155523
0.0992804672447
155543
0.0935181840077
155563
0.088456868176
155583
0.107622999625
155603
0.0941671349818
155623
0.108433853832
155643
0.107633536716
155663
0.110085333708
155683
0.0685457811496
155703
0.0685469519375
155723
0.0901352761721
155743
0.114412063798
155763
0.118850353243
155783
0.102093201402
155803
0.128723941608
155823
0.107582523817
155843
0.17383105197
155863
0.201865232284
155883
0.197181244648
155903
0.230430448512
155923
0.0789343489082
155943
0.0714130405695
155963
0.115753619407
155983
0.0962494647827
156003
0.120049407247
156023
0.145839020017
156043
0.0848354541319
156063
0.110752682777
156083
0.120632794102
156103
0.0853009259259
156123
0.0896599363091
156143
0.0939259526868
156163
0.184301240366
156183
0.0695504843717
156203
0.129096084885
156223
0.132596907782
156243
0.120810921109
156263
0.108640748769
156283
0.0933255057803
156303
0.0810131663455
156323
0.0927680435132
156343
0.126581399861
156363
0.200297212856
156383
0.119574401895
156403
0.197759948352
156423
0.0784444578249
156443
0.0990269080497
156463
0.115546557215
156483
0.103035852869
156503
0.111412170841
156523
0.0982175591415
156543
0.113933211571
156563
0.0700376993684
156583
0.155342472169
156603
0.146166673357
156623
0.0649032929244
156643
0.161301113252
156663
0.159531885571
156683
0.0861887176194
156703
0.0992819725434
156723
0.106114355866
156743
0.0952519535431
156763
0.106108501927
156783
0.094118965425
156803
0.0862181545708
156823
0.0745101089167
156843
0.0807289994113
156863
0.0667680234425
156883
0.0784511480411
156903
0.081802444605
156923
0.21976022265
156943
0.18081312888
156963
0.26757486352
156983
0.268944685292
157003
0.208110716388
157023
0.183898322094
157043
0.15147803602
157063
0.147354019482
157083
0.124642909709
157103
0.0935526386213
157123
0.288452686791
157143
0.20658384179
157163
0.141269267823
157183
0.0959594439092
157203
0.17891243845
157223
0.144877134179
157243
0.148656771837
157263
0.141774211893
157283
0.157340672501
157303
0.0928842860201
157323
0.106759459966
157343
0.189974376472
157363
0.193303595322
157383
0.167907701777
157403
0.146140581514
157423
0.10886788161
157443
0.113981213873
157463
0.0851754843717
157483
0.19284096687
157503
0.144208279812
157523
0.113776326001
157543
0.138396990741
157563
0.218074455416
157583
0.34883138648
157603
0.355221044744
157623
0.200492901681
157643
0.157299694926
157663
0.158499417951
157683
0.176206245986
157703
0.175721372565
157723
0.191228290248
157743
0.0901637095911
157763
0.138860622725
157783
0.141957189306
157803
0.188886045547
157823
0.141933606294
157843
0.182935934489
157863
0.202090190805
157883
0.256291646596
157903
0.313523770338
157923
0.316457262899
157943
0.313578128345
157963
0.443401941501
157983
0.448103156444
158003
0.402553655534
158023
0.407102668058
158043
0.399443875776
158063
0.389702419182
158083
0.428046055449
158103
0.425006355705
158123
0.436681117534
158143
0.448324100835
158163
0.461451977628
158183
0.465474804646
158203
0.442312607043
158223
0.444133851156
158243
0.418522699904
158263
0.412610890334
158283
0.400667349069
158303
0.405702740313
158323
0.411201596286
158343
0.385350768037
158363
0.378412344787
158383
0.359062232391
158403
0.356707778045
158423
0.349881081407
158443
0.329452171644
158463
0.322434636587
158483
0.30130693374
158503
0.299914866999
158523
0.298506241972
158543
0.292017568508
158563
0.303165475808
158583
0.342440222918
158603
0.324347369407
158623
0.313096432777
158643
0.169742828088
158663
0.169814413402
158683
0.17154918647
158703
0.173526981642
158723
0.292785605331
158743
0.303976831781
158763
0.2994539111
158783
0.297328931171
158803
0.29306559088
158823
0.29755506048
158843
0.291406751766
158863
0.281767153714
158883
0.255824334993
158903
0.250647111165
158923
0.248296838204
158943
0.288443487744
158963
0.249650603458
158983
0.277715224256
159003
0.268130485977
159023
0.289702920948
159043
0.0919220656712
159063
0.094906403875
159083
0.109526198887
159103
0.285621889049
159123
0.27356310881
159143
0.287715257707
159163
0.29335644803
159183
0.305561409495
159203
0.30161384741
159223
0.313345476076
159243
0.325701469171
159263
0.322644040355
159283
0.335288883537
159303
0.318374344359
159323
0.311517039981
159343
0.367287853243
159363
0.339850941982
159383
0.303091047153
159403
0.297651734104
159423
0.311869948887
159443
0.297340806305
159463
0.307621828838
159483
0.309323485335
159503
0.246866135463
159523
0.271358849818
159543
0.280540168058
159563
0.285888494166
159583
0.341961036181
159603
0.341166573004
159623
0.305402684115
159643
0.277952225166
159663
0.274338337615
159683
0.256465257707
159703
0.245008262417
159723
0.220882673678
159743
0.202038341629
159763
0.192644107258
159783
0.183485033986
159803
0.194936175337
159823
0.200001170788
159843
0.18639293647
159863
0.172730678656
159883
0.16361107766
159903
0.167433699957
159923
0.185121628131
159943
0.209863720295
159963
0.236258463124
159983
0.12261727949
160003
0.179644682616
160023
0.153183539392
160043
0.207676521355
160063
0.194349443374
160083
0.184225975434
160103
0.076819738814
160123
0.207758643759
160143
0.185643464997
160163
0.205507887765
160183
0.216722529972
160203
0.233562975005
160223
0.236947889906
160243
0.228795359666
160263
0.217061723935
160283
0.212555194284
160303
0.21686603511
160323
0.217179806251
160343
0.215131596553
160363
0.215567798651
160383
0.21172493845
160403
0.206091776386
160423
0.214213197121
160443
0.224899981267
160463
0.235673738225
160483
0.22715190805
160503
0.196784682081
160523
0.189429123849
160543
0.186323859987
160563
0.28106033237
160583
0.235742814708
160603
0.27606157006
160623
0.286971807429
160643
0.295679792871
160663
0.204867299561
160683
0.218707349872
160703
0.22153095563
160723
0.225009700814
160743
0.222626311282
160763
0.220409675391
160783
0.223186115125
160803
0.215821525102
160823
0.233921737851
160843
0.235189199315
160863
0.237872310533
160883
0.238412378238
160903
0.239416579694
160923
0.256182763327
160943
0.266485529062
160963
0.281269903393
160983
0.290938102119
161003
0.291866871387
161023
0.287690503907
161043
0.297709604474
161063
0.290017361111
161083
0.318058900664
161103
0.321590498555
161123
0.333777730946
161143
0.348403714408
161163
0.363457369942
161183
0.372800758671
161203
0.380502702847
161223
0.369416178281
161243
0.34376455122
161263
0.327962427746
161283
0.182471633483
161303
0.183327479394
161323
0.267222958146
161343
0.285838652055
161363
0.275590244327
161383
0.258182134447
161403
0.225510965264
161423
0.196428093556
161443
0.160506315564
161463
0.16255569605
161483
0.357173918861
161503
0.352775436202
161523
0.328608368122
161543
0.321907280293
161563
0.317293707183
161583
0.305470255299
161603
0.3213660418
161623
0.339700077607
161643
0.340978243417
161663
0.335045192411
161683
0.338810446104
161703
0.341058024245
161723
0.369099898309
161743
0.349528005245
161763
0.311127502141
161783
0.255061650343
161803
0.279815617641
161823
0.347197468422
161843
0.386958092486
161863
0.259452773764
161883
0.264015501231
161903
0.304253973988
161923
0.275035458146
161943
0.257134446585
161963
0.268933646435
161983
0.23363272051
162003
0.216419630432
162023
0.22468656337
162043
0.23004392127
162063
0.30476393572
162083
0.281076890655
162103
0.234631737048
162123
0.213382606776
162143
0.209635249411
162163
0.227444103243
162183
0.230330429779
162203
0.228225520499
162223
0.228152764397
162243
0.223891932937
162263
0.231320414526
162283
0.247976711357
162303
0.292493911903
162323
0.248386654357
162343
0.217480865982
162363
0.209203563209
162383
0.236319511347
162403
0.250533210233
162423
0.213924681546
162443
0.319777115446
162463
0.36189821505
162483
0.341964046778
162503
0.23212625107
162523
0.225191340184
162543
0.247104641672
162563
0.293342231321
162583
0.324260731107
162603
0.322179237583
162623
0.335804030186
162643
0.331854795547
162663
0.316774211893
162683
0.311147238279
162703
0.329601028955
162723
0.310717057375
162743
0.328613720295
162763
0.342025262256
162783
0.339437152109
162803
0.343035652162
162823
0.365877890173
162843
0.350145846714
162863
0.357263233248
162883
0.363810613359
162903
0.378088872832
162923
0.368364309034
162943
0.382262731481
162963
0.388806264718
162983
0.354543158585
163003
0.321519749518
163023
0.306277597142
163043
0.309371989403
163063
0.297813135571
163083
0.309754000749
163103
0.33629208146
163123
0.383033611646
163143
0.192408946157
163163
0.22344368845
163183
0.227159100032
163203
0.216642080122
163223
0.209718709859
163243
0.19164542523
163263
0.213839046778
163283
0.257310733783
163303
0.224509774406
163323
0.244156597891
163343
0.410634934971
163363
0.375518491758
163383
0.353392775905
163403
0.346187413027
163423
0.319654182723
163443
0.302254435613
163463
0.280159829266
163483
0.273433318615
163503
0.239371086224
163523
0.236823117373
163543
0.209641939627
163563
0.207543553308
163583
0.224494386909
163603
0.222147459056
163623
0.231840913348
163643
0.240507084939
163663
0.245648850621
163683
0.253293258938
163703
0.266598426461
163723
0.287765601584
163743
0.279729146596
163763
0.30274566474
163783
0.322426942839
163803
0.300404758082
163823
0.287320367694
163843
0.288172533986
163863
0.271234579052
163883
0.290968208092
163903
0.33159839301
163923
0.327624237315
163943
0.317055200974
163963
0.295519060426
163983
0.2743548959
164003
0.310161100407
164023
0.286193568026
164043
0.312002916934
164063
0.356463752408
164083
0.400356923036
164103
0.430745724952
164123
0.46141986459
164143
0.461936014772
164163
0.457327626579
164183
0.480827178334
164203
0.498570133537
164223
0.511348112021
164243
0.572600721205
164263
0.609582731214
164283
0.707014524459
164303
0.699340679191
164323
0.702380378934
164343
0.703206118872
164363
0.700308418968
164383
0.667192015896
164403
0.410340398202
164423
0.473224249358
164443
0.489471941233
164463
0.544837661903
164483
0.543920433258
164503
0.545962956273
164523
0.548619306626
164543
0.536730625134
164563
0.558731401199
164583
0.58576639772
164603
0.782244500642
164623
0.911107766003
164643
1.0
164663
1.0
