133569
0.233622497294
133589
0.215939529221
133609
0.221416734307
133629
0.212980248918
133649
0.191566896645
133669
0.143188582251
133689
0.139853896104
133709
0.126090706169
133729
0.20618066829
133749
0.173755411255
133769
0.202685335498
133789
0.181343005952
133809
0.173655641234
133829
0.169022253788
133849
0.182888595779
133869
0.177076569264
133889
0.172548024892
133909
0.190640219156
133929
0.168690814394
133949
0.171464082792
133969
0.184982075216
133989
0.134232954545
134009
0.195415652056
134029
0.194103422619
134049
0.193893736472
134069
0.20480079816
134089
0.196220576299
134109
0.195850243506
134129
0.202649824134
134149
0.199085159632
134169
0.191732616342
134189
0.245843479437
134209
0.259995603355
134229
0.259554247835
134249
0.304887040043
134269
0.314404085498
134289
0.167677895022
134309
0.160883387446
134329
0.159995603355
134349
0.171347402597
134369
0.149408143939
134389
0.344539705087
134409
0.505142383658
134429
0.492557832792
134449
0.496249323593
134469
0.497805059524
134489
0.462060335498
134509
0.352303165584
134529
0.135631425866
134549
0.104476122835
134569
0.119629329004
134589
0.133182832792
134609
0.0732007575758
134629
0.175552962662
134649
0.197250405844
134669
0.196863162879
134689
0.198708062771
134709
0.195576298701
134729
0.189333062771
134749
0.202008928571
134769
0.108336715368
134789
0.102242288961
134809
0.081121482684
134829
0.0910748106061
134849
0.131392045455
134869
0.120280370671
134889
0.121577380952
134909
0.137904153139
134929
0.0889170725108
134949
0.122050865801
134969
0.119321563853
134989
0.207207115801
135009
0.713326907468
135029
0.0913453733766
135049
0.0976849972944
135069
0.092283887987
135089
0.0818114177489
135109
0.0766656520563
135129
0.0609527191558
135149
0.0513342126623
135169
0.0590942911255
135189
0.0570971996753
135209
0.0772439799784
135229
0.131419101732
135249
0.110555330087
135269
0.0515337527056
135289
0.0704900568182
135309
0.0703632305195
135329
0.0553503787879
135349
0.0536914908009
135369
0.0875744047619
135389
0.0821699134199
135409
0.074898538961
135429
0.083625879329
135449
0.297600446429
135469
0.403395562771
135489
0.316565205628
135509
0.321031182359
135529
0.132459077381
135549
0.0897490530303
135569
0.150512378247
135589
0.155274283009
135609
0.0513714150433
135629
0.0535781926407
135649
0.0434320887446
135669
0.0603794642857
135689
0.0534226190476
135709
0.063998241342
135729
0.077054586039
135749
0.101403544372
135769
0.0987655573593
135789
0.110614515693
135809
0.0992018398268
135829
0.0967211174242
135849
0.103840300325
135869
0.0819433170996
135889
0.0990936147186
135909
0.117429315476
135929
0.0989448051948
135949
0.108030641234
135969
0.0947899756494
135989
0.099962797619
136009
0.101501623377
136029
0.112012987013
136049
0.0643804112554
136069
0.0550037202381
136089
0.0492322781385
136109
0.0448626893939
136129
0.043878517316
136149
0.0426170183983
136169
0.0425798160173
136189
0.0434709821429
136209
0.0439529220779
136229
0.0446546942641
136249
0.0630783279221
136269
0.0755039231602
136289
0.068910646645
136309
0.0789535984848
136329
0.0765574269481
136349
0.0694957386364
136369
0.0687635281385
136389
0.104203869048
136409
0.0791091720779
136429
0.0788622835498
136449
0.0929653679654
136469
0.0690577651515
136489
0.0815577651515
136509
0.0754295183983
136529
0.0620823187229
136549
0.0925307765152
136569
0.094857616342
136589
0.166763054654
136609
0.158507508117
136629
0.142272050866
136649
0.121942640693
136669
0.0733157467532
136689
0.0697426271645
136709
0.0720914502165
136729
0.0736218208874
136749
0.0756172213203
136769
0.159895833333
136789
0.157944399351
136809
0.0759435876623
136829
0.0813869724026
136849
0.101559117965
136869
0.0951586174242
136889
0.0973180465368
136909
0.107345779221
136929
0.104190340909
136949
0.107981601732
136969
0.114929991883
136989
0.0897389069264
137009
0.114583333333
137029
0.0727120535714
137049
0.0728625541126
137069
0.0790229301948
137089
0.0735575622294
137109
0.0662100919913
137129
0.0798413825758
137149
0.0827600784632
137169
0.0804670589827
137189
0.0679670589827
137209
0.0676592938312
137229
0.0627671807359
137249
0.0701890557359
137269
0.0666176271645
137289
0.0611252029221
137309
0.06868066829
137329
0.0718513257576
137349
0.0721404897186
137369
0.0754244453463
137389
0.0798785849567
137409
0.0795234713203
137429
0.0744707115801
137449
0.0925595238095
137469
0.100184320887
137489
0.0766927083333
137509
0.103295792749
137529
0.104307021104
137549
0.101707927489
137569
0.105118709416
137589
0.0777411390693
137609
0.073469629329
137629
0.072554788961
137649
0.0787439123377
137669
0.114028679654
137689
0.110445413961
137709
0.10909767316
137729
0.106777597403
137749
0.0630495806277
137769
0.0652495941558
137789
0.119326636905
137809
0.121580762987
137829
0.137718141234
137849
0.129131155303
137869
0.129792343074
137889
0.0740056818182
137909
0.0772828733766
137929
0.0775196158009
137949
0.0925476866883
137969
0.0788859577922
137989
0.0635399756494
138009
0.0757626488095
138029
0.0625016910173
138049
0.0584533955628
138069
0.0583536255411
138089
0.0577719155844
138109
0.0561705221861
138129
0.0602796942641
138149
0.0573085768398
138169
0.0565611471861
138189
0.0618033008658
138209
0.0607413419913
138229
0.0582132711039
138249
0.0663656655844
138269
0.0715689258658
138289
0.0694906655844
138309
0.0662422213203
138329
0.0564816693723
138349
0.0619977678571
138369
0.0922061011905
138389
0.099512987013
138409
0.0532450622294
138429
0.0521002435065
138449
0.0709517045455
138469
0.0787675865801
138489
0.0779542072511
138509
0.0845288825758
138529
0.0954714556277
138549
0.082678909632
138569
0.0771864853896
138589
0.0826822916667
138609
0.102172957251
138629
0.0913487554113
138649
0.111252029221
138669
0.111360254329
138689
0.114153814935
138709
0.101210768398
138729
0.0862131358225
138749
0.0875591856061
138769
0.0952465503247
138789
1.0
138809
1.0
138829
1.0
138849
0.998215976732
138869
0.983676609848
138889
0.959194061147
138909
0.948540652056
138929
0.920241477273
138949
0.909024959416
138969
0.901599702381
138989
0.879291801948
139009
0.859589759199
139029
0.848452719156
139049
0.833306277056
139069
0.859197443182
139089
0.877169575216
139109
0.891597334957
139129
0.901420454545
139149
0.908592058983
139169
0.899225514069
139189
0.90719527868
139209
0.922541260823
139229
0.914234983766
139249
0.897416125541
139269
0.887954883658
139289
0.867644074675
139309
0.84937601461
139329
0.852866274351
139349
0.828344832251
139369
0.821328801407
139389
0.837589623918
139409
0.819275906385
139429
0.833130411255
139449
0.836490462662
139469
0.827634604978
139489
0.843998579545
139509
0.857256155303
139529
0.855849228896
139549
0.856814799784
139569
0.866027462121
139589
0.871927421537
139609
0.873396915584
139629
0.878141910173
139649
0.868296807359
139669
0.868660376082
139689
0.88084077381
139709
0.872833806818
139729
0.874994926948
139749
0.880642924784
139769
0.865826231061
139789
0.861341653139
139809
0.875170792749
139829
0.877467194264
139849
0.881168831169
139869
0.886456642316
139889
0.866622700216
139909
0.854694264069
139929
0.870244859307
139949
0.869365530303
139969
0.872020427489
139989
0.874808915043
140009
0.856143465909
140029
0.8504785579
140049
0.850466720779
140069
0.847850716991
140089
0.858876149892
140109
0.868653612013
140129
0.850924986472
140149
0.848760484307
140169
0.849403070887
140189
0.847253787879
140209
0.856640625
140229
0.868200419372
140249
0.86486235119
140269
0.873351258117
140289
0.869100040584
140309
0.852522997835
140329
0.851910849567
140349
0.86725683171
140369
0.862378246753
140389
0.859921198593
140409
0.862395156926
140429
0.856047077922
140449
0.850128517316
140469
0.855713947511
140489
0.867982278139
140509
0.869066220238
140529
0.871998444264
140549
0.860839420996
140569
0.863353963745
140589
0.881288893398
140609
0.887944737554
140629
0.884902597403
140649
0.894987824675
140669
0.883514272186
140689
0.876716382576
140709
0.881605113636
140729
0.866455289502
140749
0.870662540584
140769
0.862459415584
140789
0.843301880411
140809
0.835925662879
140829
0.830160984848
140849
0.815841450216
140869
0.822718817641
140889
0.83685741342
140909
0.820151853355
140929
0.822071158009
140949
0.83826264881
140969
0.840491409632
140989
0.830539772727
141009
0.859234645563
141029
0.860709212662
141049
0.864076028139
141069
0.879724702381
141089
0.891149215368
141109
0.884988839286
141129
0.884819737554
141149
0.887779017857
141169
0.88543357684
141189
0.889794710498
141209
0.886997767857
141229
0.885195143398
141249
0.883844020563
141269
0.856478287338
141289
0.838321834416
141309
0.860888460498
141329
0.85167579816
141349
0.845603354978
141369
0.865420386905
141389
0.846570616883
141409
0.837080627706
141429
0.851951433983
141449
0.857335633117
141469
0.856233089827
141489
0.867121550325
141509
0.851440746753
141529
0.850644277597
141549
0.859581304113
141569
0.859716585498
141589
0.87107514881
141609
0.873826433983
141629
0.865995332792
141649
0.865504937771
141669
0.876499932359
141689
0.879694264069
141709
0.878491950758
141729
0.881655844156
141749
0.877536525974
141769
0.874269480519
141789
0.893259604978
141809
0.880504261364
141829
0.874440273268
141849
0.8871973079
141869
0.866042681277
141889
0.870738636364
141909
0.878057359307
141929
0.871834415584
141949
0.857996820887
141969
0.860949337121
141989
0.856145156926
142009
0.847771239177
142029
0.853853828463
142049
0.849531588203
142069
0.859297213203
142089
0.878926542208
142109
0.868496347403
142129
0.88218851461
142149
0.897336647727
142169
0.894008725649
142189
0.912229437229
142209
0.927629531926
142229
0.931451231061
142249
0.919260687229
142269
0.920836715368
142289
0.922331574675
142309
0.915181953463
142329
0.916829004329
142349
0.917887581169
142369
0.909650635823
142389
0.912063717532
142409
0.917160443723
142429
0.919177827381
142449
0.919289434524
142469
0.882022794913
142489
0.892611945346
142509
0.900439664502
142529
0.893476055195
142549
0.914278950216
142569
0.914054044913
142589
0.904922551407
142609
0.899430127165
142629
0.897458400974
142649
0.918328936688
142669
0.913775027056
142689
0.920238095238
142709
0.9207910579
142729
0.905115327381
142749
0.910775162338
142769
0.905253990801
142789
0.904836309524
142809
0.912459415584
142829
0.897099905303
142849
0.888517992424
142869
0.882251082251
142889
0.837904153139
142909
0.843051609848
142929
0.857624797078
142949
0.854312094156
142969
0.872684997294
142989
0.895508658009
143009
0.902232142857
143029
0.915951366342
143049
0.959883996212
143069
0.977791869589
143089
1.0
143109
1.0
143129
1.0
143149
1.0
