157072
0.0574406828704
157092
0.065150462963
157112
0.0625607638889
157132
0.399263599537
157152
0.419660011574
157172
0.463256655093
157192
0.518125
157212
0.0817650462963
157232
0.07703125
157252
0.0750882523148
157272
0.138136574074
157292
0.147803819444
157312
0.146310763889
157332
0.150099826389
157352
0.168718171296
157372
0.13578125
157392
0.116877893519
157412
0.0686747685185
157432
0.0934606481481
157452
0.0660648148148
157472
0.043912037037
157492
0.0555454282407
157512
0.0656684027778
157532
0.082740162037
157552
0.0536545138889
157572
0.238927951389
157592
0.120219907407
157612
0.161184895833
157632
0.0747569444444
157652
0.170296585648
157672
0.0573365162037
157692
0.0514713541667
157712
0.140588831019
157732
0.0838295717593
157752
0.0724131944444
157772
0.0682957175926
157792
0.101559606481
157812
0.096009837963
157832
0.0441261574074
157852
0.232780671296
157872
0.0798336226852
157892
0.0447439236111
157912
0.0470442708333
157932
0.0371079282407
157952
0.036021412037
157972
0.0479311342593
157992
0.0669169560185
158012
0.0799421296296
158032
0.100270543981
158052
0.0999131944444
158072
0.0867158564815
158092
0.692866030093
158112
0.695040509259
158132
0.592767650463
158152
0.615345775463
158172
0.591940104167
158192
0.587601273148
158212
0.57681568287
158232
0.564921875
158252
0.615716145833
158272
0.528603877315
158292
0.596261574074
158312
0.621030092593
158332
0.631326678241
158352
0.593875868056
158372
0.640571469907
158392
0.325726273148
158412
0.309429976852
158432
0.300237268519
158452
0.320862268519
158472
0.316990740741
158492
0.50173900463
158512
0.317589699074
158532
0.676507523148
158552
0.286987847222
158572
0.301255787037
158592
0.449074074074
158612
0.472599826389
158632
0.584184027778
158652
0.605315393519
158672
0.523405671296
158692
0.529181134259
158712
0.599534143519
158732
0.2567578125
158752
0.2539453125
158772
0.267200520833
158792
0.228279803241
158812
0.328414351852
158832
0.479694733796
158852
0.502092013889
158872
0.559095775463
158892
0.565584490741
158912
0.557757523148
158932
0.386780960648
158952
0.337526041667
158972
0.31923900463
158992
0.429383680556
159012
0.428816550926
159032
0.406822916667
159052
0.370470196759
159072
0.394466145833
159092
0.428722511574
159112
0.244943576389
159132
0.427602719907
159152
0.449175347222
159172
0.752243923611
159192
0.597523148148
159212
0.590490451389
159232
0.768408564815
159252
0.598052662037
159272
0.537411747685
159292
0.279681712963
159312
0.65334056713
159332
0.247203414352
159352
0.743074363426
159372
0.691604456019
159392
0.532065972222
159412
0.535674189815
159432
0.471598668981
159452
0.475969328704
159472
0.417458043981
159492
0.32197193287
159512
0.476448206019
159532
0.486950231481
159552
0.446085069444
159572
0.378994502315
159592
0.44509837963
159612
0.436568287037
159632
0.442510127315
159652
0.580425347222
159672
0.585991030093
159692
0.587458043981
159712
0.599084201389
159732
0.582689525463
159752
0.325078125
159772
0.414185474537
159792
0.570655381944
159812
0.487194733796
159832
0.54283275463
159852
0.33931712963
159872
0.613687789352
159892
0.59814380787
159912
0.385099826389
159932
0.511384548611
159952
0.458187210648
159972
0.427439236111
159992
0.395386284722
160012
0.600970775463
160032
0.610934606481
160052
0.615339988426
160072
0.384738136574
160092
0.404388020833
160112
0.414379340278
160132
0.2936328125
160152
0.29322337963
160172
0.429364872685
160192
0.396226851852
160212
0.436799768519
160232
0.39787037037
160252
0.439016203704
160272
0.430494791667
160292
0.367259837963
160312
0.260086805556
160332
0.402980324074
160352
0.306370081019
160372
0.236417824074
160392
0.741833043981
160412
0.543518518519
160432
0.721924189815
160452
0.718291377315
160472
0.627744502315
160492
0.451633391204
160512
0.6060546875
160532
0.470626446759
160552
0.415611979167
160572
0.413188657407
160592
0.422044270833
160612
0.422685185185
160632
0.454953703704
160652
0.258214699074
160672
0.447876157407
160692
0.445811631944
160712
0.378179976852
160732
0.443778935185
160752
0.326329571759
160772
0.343139467593
160792
0.315397858796
160812
0.457281539352
160832
0.385125868056
160852
0.269631076389
160872
0.198891782407
160892
0.582947048611
160912
0.567112268519
160932
0.414338831019
160952
0.406359953704
160972
0.409756944444
160992
0.418657407407
161012
0.341491608796
161032
0.311184895833
161052
0.263033854167
161072
0.4203515625
161092
0.421209490741
161112
0.434932002315
161132
0.46388744213
161152
0.256341145833
161172
0.286273148148
161192
0.350763888889
161212
0.257229456019
161232
0.3893359375
161252
0.0494010416667
161272
0.238391203704
161292
0.260966435185
161312
0.0575361689815
161332
0.245875289352
161352
0.0784288194444
161372
0.404351851852
161392
0.399732349537
161412
0.388741319444
161432
0.437721354167
161452
0.581070601852
161472
0.561555266204
161492
0.59232349537
161512
0.399871238426
161532
0.387693865741
161552
0.382420428241
161572
0.361879340278
161592
0.0884649884259
161612
0.275494791667
161632
0.420601851852
161652
0.432320601852
161672
0.338512731481
161692
0.40548900463
161712
0.453090277778
161732
0.465821759259
161752
0.480467303241
161772
0.481377314815
161792
0.491451099537
161812
0.470082465278
161832
0.508806423611
161852
0.453790509259
161872
0.453194444444
161892
0.444456018519
161912
0.0731061921296
161932
0.0735026041667
161952
0.241611689815
161972
0.365337094907
161992
0.549986979167
162012
0.333219039352
162032
0.0567679398148
162052
0.260692997685
162072
0.473556134259
162092
0.727281539352
162112
0.821556712963
162132
0.832764756944
162152
0.827654803241
162172
0.72009837963
162192
0.64044849537
162212
0.660988136574
162232
0.705243055556
162252
0.751775173611
162272
0.780688657407
162292
0.785620659722
162312
0.783113425926
162332
0.790026041667
162352
0.781018518519
162372
0.782941261574
162392
0.776440972222
162412
0.782288773148
162432
0.778337673611
162452
0.780283564815
162472
0.776646412037
162492
0.766793981481
162512
0.719377893519
162532
0.717701099537
162552
0.717365451389
162572
0.714293981481
162592
0.691908275463
162612
0.692586805556
162632
0.692659143519
162652
0.69025462963
162672
0.666875
162692
0.680206886574
162712
0.684266493056
162732
0.678152488426
162752
0.678308738426
162772
0.67123119213
162792
0.670849247685
162812
0.659309895833
162832
0.681873553241
162852
0.684934895833
162872
0.688039641204
162892
0.691521990741
162912
0.698369502315
162932
0.704927662037
162952
0.709780092593
162972
0.704460358796
162992
0.707615740741
163012
0.71533130787
163032
0.697679398148
163052
0.689840856481
163072
0.686109664352
163092
0.688250868056
163112
0.682625868056
163132
0.694837962963
163152
0.700287905093
163172
0.698342013889
163192
0.694427083333
163212
0.765802951389
163232
0.790726273148
163252
0.800276331019
163272
0.795363136574
163292
0.856911168981
163312
0.91185619213
163332
0.874518229167
163352
0.862630208333
163372
0.880888310185
163392
0.847058738426
163412
0.813119212963
163432
0.761236979167
163452
0.731966145833
163472
0.727879050926
163492
0.739360532407
163512
0.827161458333
163532
0.846782407407
163552
0.856587094907
163572
0.788836805556
163592
0.78005787037
163612
0.756267361111
163632
0.762443576389
163652
0.772607060185
163672
0.771182002315
163692
0.769926215278
163712
0.792523148148
163732
0.797756076389
163752
0.792880497685
163772
0.791636284722
163792
0.792634548611
163812
0.790484664352
163832
0.784840856481
163852
0.664626736111
163872
0.655694444444
163892
0.655109953704
163912
0.653741319444
163932
0.64759837963
163952
0.643512731481
163972
0.700318287037
163992
0.695402199074
164012
0.685512152778
164032
0.685243055556
164052
0.685260416667
164072
0.699425636574
164092
0.65255787037
164112
0.651629050926
164132
0.651820023148
164152
0.653550347222
164172
0.651467013889
164192
0.647384259259
164212
0.650557002315
164232
0.659592013889
164252
0.647984664352
164272
0.645753761574
164292
0.647523148148
164312
0.644968171296
164332
0.715315393519
164352
0.716015625
164372
0.724694733796
164392
0.720121527778
164412
0.72693287037
164432
0.725
164452
0.724302662037
164472
0.7257421875
164492
0.724605034722
164512
0.683667534722
164532
0.690597511574
164552
0.681099537037
164572
0.683012152778
164592
0.686508969907
164612
0.664325810185
164632
0.672280092593
164652
0.674152199074
164672
0.69447337963
164692
0.684441550926
164712
0.687254050926
164732
0.688311631944
164752
0.683794849537
164772
0.694748263889
164792
0.70271556713
164812
0.689506655093
164832
0.689888599537
164852
0.665248842593
164872
0.661276041667
164892
0.667029803241
164912
0.722952835648
164932
0.727310474537
164952
0.696157407407
164972
0.689490740741
164992
0.687622974537
165012
0.695651041667
165032
0.679250578704
165052
0.679415509259
165072
0.684875578704
165092
0.669703414352
165112
0.668506944444
165132
0.665648148148
165152
0.673135127315
165172
0.698544560185
165192
0.678287037037
165212
0.697630208333
165232
0.662173032407
165252
0.651281828704
165272
0.633098958333
165292
0.673149594907
165312
0.665486111111
165332
0.654460358796
165352
0.642683738426
165372
0.597569444444
165392
0.605776909722
165412
0.593278356481
165432
0.586885127315
165452
0.596734664352
165472
0.590953414352
165492
0.597378472222
165512
0.622579571759
165532
0.623002025463
165552
0.644460358796
165572
0.6410546875
165592
0.631134259259
165612
0.622650462963
165632
0.636754918981
165652
0.639884259259
165672
0.648839699074
165692
0.630991030093
165712
0.63513744213
165732
0.639263599537
165752
0.648764467593
165772
0.650951967593
165792
0.647110821759
165812
0.6543359375
165832
0.671901041667
165852
0.67052806713
165872
0.663385416667
165892
0.665504918981
165912
0.679620949074
165932
0.64525462963
165952
0.643062789352
165972
0.644163773148
165992
0.640283564815
166012
0.6426171875
166032
0.6653125
166052
0.670883969907
166072
0.663760127315
166092
0.663436053241
166112
0.663767361111
166132
0.679019097222
166152
0.662423321759
166172
0.676116898148
166192
0.67056712963
166212
0.668083043981
166232
0.670646701389
166252
0.663598090278
166272
0.681666666667
166292
0.659565972222
166312
0.672996238426
166332
0.686494502315
166352
0.695067997685
166372
0.670217013889
166392
0.668314525463
166412
0.67052662037
166432
0.671493055556
166452
0.668052662037
166472
0.67529369213
166492
0.68076244213
166512
0.676882233796
166532
0.679324363426
166552
0.685720486111
166572
0.680927372685
166592
0.674309895833
166612
0.690536747685
166632
0.684104456019
166652
0.687659143519
166672
0.690360243056
166692
0.698240740741
166712
0.696420717593
166732
0.678295717593
166752
0.685380497685
166772
0.668441840278
166792
0.675121527778
166812
0.67017650463
166832
0.676137152778
166852
0.679719328704
166872
0.681125578704
166892
0.664800347222
166912
0.668634259259
166932
0.696456886574
166952
0.666451099537
166972
0.664240451389
166992
0.933229166667
167012
0.936076388889
167032
0.932191840278
167052
0.657381365741
167072
0.653844039352
167092
0.656986400463
167112
0.653546006944
167132
0.658415798611
167152
0.648909143519
167172
0.65326244213
167192
0.663438946759
167212
0.660632233796
167232
0.65978587963
167252
0.688049768519
167272
0.678936631944
167292
0.685888310185
167312
0.691753472222
167332
0.691325231481
167352
0.654461805556
167372
0.653158275463
167392
0.666184895833
167412
0.696439525463
167432
0.691205150463
167452
0.694616608796
167472
0.692643229167
167492
0.682802372685
167512
0.676993634259
167532
0.670257523148
167552
0.671021412037
167572
0.668528645833
167592
0.673699363426
167612
0.656019965278
167632
0.649427083333
167652
0.677463831019
167672
0.644781539352
167692
0.65279369213
167712
0.651766493056
167732
0.656565393519
167752
0.649921875
167772
0.648959780093
167792
0.656860532407
167812
0.649097222222
167832
0.658109085648
167852
0.662981770833
167872
0.686031539352
167892
0.662887731481
167912
0.657724247685
167932
0.64927806713
167952
0.682955729167
167972
0.658469328704
167992
0.656657986111
168012
0.793259548611
168032
0.747414641204
168052
0.656176215278
168072
0.657122395833
168092
0.660946180556
168112
0.657307581019
168132
0.665750868056
168152
0.672175925926
168172
0.671688368056
168192
0.663243634259
168212
0.662408854167
168232
0.664168113426
168252
0.674272280093
168272
0.698232060185
168292
0.749548611111
168312
0.65853443287
168332
0.862306134259
168352
0.860510706019
168372
0.858355034722
168392
0.849296875
168412
0.646432291667
168432
0.646990740741
168452
0.635532407407
168472
0.821182002315
168492
0.803645833333
168512
0.805888310185
168532
0.816941550926
168552
0.801255787037
168572
0.812728587963
168592
0.811928530093
168612
0.832734375
168632
0.847730034722
168652
0.854913194444
168672
0.874803240741
168692
0.885513599537
168712
0.894613715278
168732
0.899593460648
168752
0.89646412037
168772
0.90728587963
168792
0.901812789352
168812
0.907009548611
168832
0.909947916667
168852
0.909997106481
168872
0.909210069444
168892
0.916099537037
168912
1.0
168932
1.0
168952
1.0
168972
1.0
168992
1.0
169012
1.0
169032
1.0
169052
1.0
