114358
0.445308326656
114378
0.785431690705
114398
0.524750016693
114418
0.526509081197
114438
0.793066823584
114458
0.877927600828
114478
0.415151742788
114498
0.418502938034
114518
0.475281283387
114538
0.7987237914
114558
0.79977338742
114578
0.591924161993
114598
0.60345302484
114618
0.816829844418
114638
0.813530815972
114658
0.338057558761
114678
0.429416232639
114698
0.196011535123
114718
0.111885266426
114738
0.0548460870726
114758
0.198494674813
114778
0.204833984375
114798
0.222449669471
114818
0.242118639824
114838
0.256798377404
114858
0.276431874332
114878
0.0695279113248
114898
0.0628714276175
114918
0.064693092281
114938
0.587193676549
114958
0.19143755008
114978
0.347704243456
114998
0.223397018563
115018
0.373080261752
115038
0.497347839877
115058
0.647206363515
115078
0.229414980636
115098
0.327972672943
115118
0.592468783387
115138
0.960067357772
115158
0.634031116453
115178
0.670756543803
115198
0.723870693109
115218
0.620062934028
115238
0.597969250801
115258
0.59368739984
115278
0.5897394164
115298
0.656116452991
115318
0.704393696581
115338
0.704291449653
115358
0.709969284188
115378
0.730650290465
115398
0.690097906651
115418
0.455891927083
115438
0.457548744658
115458
0.470657218216
115478
0.496663411458
115498
0.0684678819444
115518
0.0700078458868
115538
0.0812257946047
115558
0.101547893296
115578
0.441961304754
115598
0.52784246461
115618
0.713616786859
115638
0.715741018964
115658
0.63271859976
115678
0.25839468149
115698
0.163985293136
115718
0.153733473558
115738
0.1649868957
115758
0.163442758413
115778
0.588251619257
115798
0.741469684829
115818
0.748635316506
115838
0.738277076656
115858
0.233748998397
115878
0.217066055689
115898
0.178174662794
115918
0.186160356571
115938
0.223036024306
115958
0.252295339209
115978
0.533267811832
115998
0.535195896768
116018
0.739810780582
116038
0.579420823317
116058
0.629682491987
116078
0.0755479600694
116098
0.0965628338675
116118
0.747278979701
116138
0.748134515224
116158
0.535836505075
116178
0.527633797409
116198
0.527007795807
116218
0.412568442842
116238
0.747552333734
116258
0.751087156116
116278
0.179946247329
116298
0.185603215144
116318
0.177398420807
116338
0.837959485176
116358
0.836496728098
116378
0.673237596822
116398
0.747383313301
116418
0.735994257479
116438
0.746890858707
116458
0.743593916934
116478
0.758010733841
116498
0.753914596688
116518
0.72897260617
116538
0.737527961405
116558
0.73635942508
116578
0.736303084936
116598
0.836148253873
116618
0.707607171474
116638
0.709681323451
116658
0.733586237981
116678
0.523076505743
116698
0.522425464076
116718
0.522337823851
116738
0.522183410123
116758
0.726979834402
116778
0.725450303819
116798
0.706524188702
116818
0.20564987313
116838
0.242709168002
116858
0.518323066907
116878
0.744935647035
116898
0.7147394164
116918
0.711697048611
116938
0.709168002137
116958
0.727169721554
116978
0.674708700588
116998
0.640441372863
117018
0.67537643563
117038
0.720872145433
117058
0.729183360043
117078
0.763888888889
117098
0.75332406851
117118
0.860844017094
117138
0.771747295673
117158
0.670170188969
117178
0.669844668136
117198
0.684223924947
117218
0.669108072917
117238
0.678433410123
117258
0.740657969418
117278
0.699690337874
117298
0.809031951122
117318
0.748276408921
117338
0.689507378472
117358
0.677494407719
117378
0.747940454728
117398
0.749881059696
117418
0.743408203125
117438
0.746287810497
117458
0.745071280716
117478
0.740426348825
117498
0.790894598024
117518
0.762515858707
117538
0.761395315839
117558
0.716064453125
117578
0.75579677484
117598
0.748631143162
117618
0.750521668002
117638
0.749576405582
117658
0.754490518162
117678
0.767477964744
117698
0.747648320646
117718
0.745277861245
117738
0.739380926149
117758
0.757626786191
117778
0.74958475227
117798
0.751763237847
117818
0.770595452724
117838
0.79972122062
117858
0.748578976362
117878
0.631998697917
117898
0.756612663595
117918
0.434130024706
117938
0.447428385417
117958
0.56394397703
117978
0.424109825721
117998
0.470381777511
118018
0.409396701389
118038
0.823634481838
118058
0.741553151709
118078
0.778560279781
118098
0.360796023638
118118
0.34712623531
118138
0.353129590678
118158
0.328909588675
118178
0.336630275107
118198
0.340250651042
118218
0.34079944578
118238
0.338668953659
118258
0.273748414129
118278
0.751917651576
118298
0.422179654113
118318
0.489078358707
118338
0.42142845219
118358
0.724853515625
118378
0.748633229834
118398
0.590949686165
118418
0.60795188969
118438
0.777617104033
118458
0.769742003873
118478
0.858696831597
118498
0.814532418536
118518
0.667634882479
118538
0.605172442575
118558
0.549740000668
118578
0.621398404113
118598
0.634133363381
118618
0.712717431223
118638
0.742719601362
118658
0.728638738649
118678
0.716769748264
118698
0.787887703659
118718
0.615768563034
118738
0.583429320246
118758
0.810342381143
118778
0.687184912527
118798
0.867788461538
118818
0.84288820446
118838
0.656588040865
118858
0.590749365652
118878
0.846112112714
118898
0.742767594818
118918
0.496563251202
118938
0.674554286859
118958
0.460881159856
118978
0.406137319712
118998
0.882390992254
119018
0.511942023905
119038
0.611964559963
119058
0.677070813301
119078
0.40481645633
119098
0.675278362046
119118
0.71668210804
119138
0.680309328259
119158
0.649192875267
119178
0.507637219551
119198
0.704299796341
119218
0.771784855769
119238
0.693142361111
119258
0.785033136351
119278
0.81580320179
119298
0.814903846154
119318
0.382985693777
119338
0.431552984776
119358
0.287802150107
119378
0.378672542735
119398
0.450113932292
119418
0.732169387687
119438
0.334852430556
119458
0.474144047142
119478
0.587072649573
119498
0.336782602163
119518
0.494357638889
119538
0.675040481437
119558
0.519637670272
119578
0.398879874466
119598
0.38228248531
119618
0.71932174813
119638
0.48678510617
119658
0.384221003606
119678
0.479692508013
119698
0.44095970219
119718
0.725348056891
119738
0.641499315572
119758
0.628190521501
119778
0.408612112714
119798
0.216644547943
119818
0.790337456597
119838
0.81357046274
119858
0.855727497329
119878
0.825038812099
119898
0.361559745593
119918
0.769938151042
119938
0.820921808226
119958
0.758200620994
119978
0.58494007078
119998
0.727332481971
120018
0.533059144631
120038
0.342827690972
120058
0.169654780983
120078
0.699431590545
120098
0.733874198718
120118
0.726925580929
120138
0.73887386485
120158
0.633254874466
120178
0.595304570646
120198
0.659826555823
120218
0.211586454995
120238
0.0825591780182
120258
0.15245851696
120278
0.616311097756
120298
0.656467013889
120318
0.676536625267
120338
0.685233874199
120358
0.685615735176
120378
0.739620893429
120398
0.789563301282
120418
0.657435229701
120438
0.593048878205
120458
0.810154580662
120478
0.897216796875
120498
0.994259565304
120518
0.417094434428
120538
0.534194294204
120558
0.591490134215
120578
0.385598207131
120598
0.226372612847
120618
0.22257278312
120638
0.139216496394
120658
0.157324636084
120678
0.156934428419
120698
0.136733356704
120718
0.107551248665
120738
0.114948500935
120758
0.155784672142
120778
0.256466596554
120798
0.411900707799
120818
0.415291549813
120838
0.802579961271
120858
0.80021993523
120878
0.800069694845
120898
0.800196981838
120918
0.755289713542
120938
0.755327273638
120958
0.755842681624
120978
0.594972789797
120998
0.596454326923
121018
0.595433944311
121038
0.594113080929
121058
0.592489650107
121078
0.752284905849
121098
0.752777360443
121118
0.746294070513
121138
0.727253188435
121158
0.587083082933
121178
0.592364449786
121198
0.589119674813
121218
0.80073951656
121238
0.801121377537
121258
0.79537885617
121278
0.364958934295
121298
0.409102480636
121318
0.737183660524
121338
0.75531892695
121358
0.756116035657
121378
0.901279547276
121398
0.901390140892
121418
0.651963975694
121438
0.651129306891
121458
0.852305355235
121478
0.596045339209
121498
0.604778061565
121518
0.824627737714
121538
0.825629340278
121558
0.827690972222
121578
0.82951681023
121598
0.734028612447
121618
0.735983824119
121638
0.829744257479
121658
0.827972672943
121678
0.809741419605
121698
0.809933393429
121718
0.710000584268
121738
0.706807976095
121758
0.82167301015
121778
0.821816990518
121798
0.795239049145
121818
0.795499883146
121838
0.800380608974
121858
0.128263555021
121878
0.112742888622
121898
0.103722205529
121918
0.146461421608
121938
0.160008096287
121958
0.0634369157318
121978
0.0662998297276
121998
0.476195245726
122018
0.474559294872
122038
0.143051799546
122058
0.14354425414
122078
0.273214226095
122098
0.25006260016
122118
0.258494841747
122138
0.269996577858
122158
0.0809169671474
122178
0.0772256443643
122198
0.0905177450588
122218
0.0931740785256
122238
0.657691890358
122258
0.631687783787
122278
0.199851011619
122298
0.20861086071
122318
0.94622646234
122338
0.258891309428
122358
0.083003639156
122378
0.0809587005876
122398
0.0829201722756
122418
0.0589380508814
122438
0.0733235677083
122458
0.588470719818
122478
0.616054437099
122498
0.669408553686
122518
0.755068526309
122538
0.818636902377
122558
0.849964109241
122578
0.0610789763622
122598
0.063228248531
122618
0.0613105969551
122638
0.0643529647436
122658
0.0631781684028
122678
0.0626377203526
122698
0.0410448384081
122718
0.0449072682959
122738
0.0464347122062
122758
0.0453809428419
122778
0.0440225193643
122798
0.0415352063301
122818
0.0417710002671
122838
0.0418315137553
122858
0.104838575053
122878
0.107885116186
122898
0.107488648504
122918
0.112924429087
122938
0.122687967415
122958
0.295264089209
122978
0.0586187900641
122998
0.0589484842415
123018
0.0568492922009
123038
0.0595974392361
123058
0.385477180155
123078
0.385333199786
123098
0.15715352898
123118
0.152208116319
123138
0.148629473825
123158
0.182093432826
123178
0.0540635850694
123198
0.061039329594
123218
0.0592677450588
123238
0.300507895967
123258
0.648137019231
123278
0.638129340278
123298
0.627935947516
123318
0.243107722356
123338
0.486997946715
123358
0.394570896768
123378
0.399637336405
123398
0.36080854367
123418
0.12558218149
123438
0.180017194177
123458
0.23240100828
123478
0.207275390625
123498
0.179297292334
123518
0.182402260283
123538
0.0593386919071
123558
0.0605072282318
123578
0.523189186031
123598
0.602705996261
123618
0.295810797276
123638
0.593032184829
123658
0.496717664931
123678
0.708291599893
123698
0.818632729033
123718
0.293619791667
123738
0.247773520967
123758
0.32865501469
123778
0.424149472489
123798
0.36857931023
123818
0.351257845887
123838
0.56060947516
123858
0.496554904514
123878
0.275376018296
123898
0.544492020566
123918
0.563704009749
123938
0.628276075053
123958
0.571024055155
123978
0.676371778178
123998
0.55822023571
124018
0.565869975294
124038
0.554574819712
124058
0.702419704861
124078
0.67335027711
124098
0.266789362981
124118
0.28066781851
124138
0.293421557826
124158
0.369520399306
124178
0.500381860978
124198
0.919277093349
124218
0.916435046074
124238
0.916485126202
124258
0.916547726362
124278
0.916510166266
124298
0.916485126202
124318
0.916497646234
124338
1.0
