174237
0.0502543604651
174257
0.0498845536579
174277
0.0502252149952
174297
0.0504227985707
174317
0.0502066678779
174337
0.0499924297481
174357
0.0497452610223
174377
0.0495272377665
174397
0.0512566618217
174417
0.0631578548934
174437
0.234038123789
174457
0.666249924297
174477
0.970405992611
174497
0.970862100291
174517
0.973250136265
174537
0.973401541303
174557
0.973456804142
174577
0.973473080184
174597
0.96890594719
174617
0.999996593387
174637
0.98283293968
174657
0.980460422723
174677
0.980505087209
174697
0.980524769864
174717
0.980511900436
174737
0.980516064075
174757
0.977643153464
174777
0.984758054748
174797
0.999999242975
174817
0.984956395349
174837
0.98698408733
174857
0.986956455911
174877
0.986981816255
174897
0.986964783188
174917
0.986979166667
174937
0.986977274104
174957
0.986984465843
174977
0.985410610465
174997
1.0
175017
1.0
175037
1.0
175057
0.992357452156
175077
0.992240491764
175097
0.99224579094
175117
0.990729847989
175137
1.0
175157
0.991505041788
175177
0.992253739704
175197
0.992230271923
175217
0.990797601744
175237
1.0
175257
0.984371971899
175277
0.986734647529
175297
0.98678574673
175317
0.98678574673
175337
0.983694055838
175357
0.99999848595
175377
0.988707076672
175397
0.990122713784
175417
0.990129527011
175437
0.990347550266
175457
0.994317390383
175477
0.990246108891
175497
0.99034225109
175517
0.990003103803
175537
1.0
175557
0.978020530523
175577
0.981198900799
175597
0.981234102471
175617
0.981212905766
175637
0.981200793362
175657
0.977163956516
175677
1.0
175697
0.975975805475
175717
0.980710619549
175737
0.980421057413
175757
0.980379421027
175777
0.979713617369
175797
0.975571932534
175817
0.999999242975
175837
0.984626332364
175857
0.986936394743
175877
0.986878103803
175897
0.98689362282
175917
0.98400330063
175937
1.0
175957
0.993786715722
175977
0.994701959181
175997
0.994710664971
176017
0.994369246609
176037
0.995845067224
176057
0.993586482558
176077
0.993821160368
176097
0.993607300751
176117
0.99598587391
176137
0.995298495034
176157
0.995368898377
176177
0.995301523135
176197
0.994349942466
176217
1.0
176237
0.991995215601
176257
0.992683730015
176277
0.992661776284
176297
0.991231755693
176317
1.0
176337
0.985953019016
176357
0.987914092781
176377
0.987933775436
176397
0.987925448159
176417
0.985999197553
176437
1.0
176457
0.991561061652
176477
0.992998273983
176497
0.99299789547
176517
0.992324900073
176537
0.995084256904
176557
0.992681837452
176577
0.992852546633
176597
0.992463057171
176617
0.994806050145
176637
0.995475260417
176657
0.995887839147
176677
0.995854151526
176697
0.99479507328
176717
0.9999038578
176737
0.994103530766
176757
0.99486207001
176777
0.993049373183
176797
1.0
176817
0.992065997456
176837
0.993785580184
176857
0.992288941376
176877
1.0
176897
0.995344295058
176917
0.996190270712
176937
0.996147877301
176957
0.99730650436
176977
0.992298404191
176997
0.992840055717
177017
0.992893425993
177037
0.991020167151
177057
1.0
177077
0.991852137839
177097
0.993146650921
177117
0.993151193072
177137
0.992735207728
177157
0.995585786095
177177
0.99397597202
177197
0.994548283067
177217
0.99301833515
177237
0.998043846899
177257
0.992495987766
177277
0.993334393169
177297
0.99322083939
177317
0.991383539244
177337
0.99996214874
177357
0.991493307897
177377
0.991821478319
177397
0.991796496487
177417
0.990217720446
177437
1.0
177457
1.0
177477
0.995404478561
177497
0.991942980862
177517
0.987939453125
177537
0.986987493944
177557
0.98066254845
177577
0.971499894016
177597
0.96371275436
177617
0.957656174297
177637
0.950663532582
177657
0.94149520046
177677
0.933465055717
177697
0.929005798813
177717
0.926102228682
177737
0.922309153949
177757
0.912380390019
177777
0.907583499879
177797
0.908681943435
177817
0.908008948038
177837
0.906957061531
177857
0.905229151526
177877
0.907138747578
177897
0.906906340843
177917
0.907898422359
177937
0.907396514656
177957
0.913363765746
177977
0.917051235465
177997
0.92438340298
178017
0.925715767321
178037
0.92226713905
178057
0.924204366521
178077
0.920604711725
178097
0.923451126453
178117
0.925297889414
178137
0.922261839874
178157
0.924935274346
178177
0.915819555475
178197
0.920595627422
178217
0.912296360223
178237
0.906769697796
178257
0.905171239099
178277
0.900348231589
178297
0.893605408188
178317
0.892952852471
178337
0.886192996003
178357
0.883051719961
178377
0.892409686894
178397
0.889028812379
178417
0.887066981589
178437
0.893832515746
178457
0.899230105378
178477
0.891511855015
178497
0.89548018108
178517
0.899677507267
178537
0.908572174782
178557
0.914219582728
178577
0.917168952883
178597
0.910157385538
178617
0.912966327519
178637
0.919562666546
178657
0.912895167151
178677
0.907848080184
178697
0.911980302204
178717
0.912437923934
178737
0.913990961119
178757
0.906215555354
178777
0.904925584423
178797
0.891930489947
178817
0.892495987766
178837
0.887467069404
178857
0.882090297965
178877
0.881826474685
178897
0.884104742006
178917
0.890216206395
178937
0.885738402374
178957
0.888633645228
178977
0.89323105923
178997
0.894696281492
179017
0.904958515019
179037
0.91402313469
179057
0.910295542636
179077
0.909493852955
179097
0.908557791303
179117
0.907681156129
179137
0.899228212815
179157
0.905347247456
179177
0.899706274225
179197
0.891009190286
179217
0.888171102834
179237
0.888216524346
179257
0.877756328731
179277
0.878090176841
179297
0.876663562863
179317
0.878611388687
179337
0.881859405281
179357
0.884326171875
179377
0.884141079215
179397
0.886306928295
179417
0.887301659399
179437
0.879963435683
179457
0.877035640746
179477
0.873286851986
179497
0.873850078731
179517
0.878729484617
179537
0.879732542999
179557
0.87486297844
179577
0.876546980984
179597
0.87579146984
179617
0.884745563832
179637
0.881977501211
179657
0.886473473837
179677
0.886649103682
179697
0.889117384327
179717
0.892877528464
179737
0.892148891715
179757
0.886227062137
179777
0.894036912548
179797
0.898895500242
179817
0.901360374273
179837
0.892844597868
179857
0.889347141473
179877
0.889450475412
179897
0.894708772408
179917
0.898455290092
179937
0.898791787791
179957
0.89938643108
179977
0.900928869913
179997
0.899109359859
180017
0.894986222141
180037
0.894352970567
180057
0.89436356892
180077
0.894850714632
180097
0.902447462452
180117
0.900336119186
180137
0.900009841328
180157
0.901839192708
180177
0.906278009932
180197
0.909025632873
180217
0.913618883236
180237
0.915680641352
180257
0.916087163881
180277
0.915385023014
180297
0.91411927689
180317
0.907502876696
180337
0.906312833091
180357
0.90748167999
180377
0.908963556807
180397
0.907261385659
180417
0.907528615552
180437
0.906882873062
180457
0.908215994428
180477
0.900027252907
180497
0.900604106105
180517
0.907583121366
180537
0.9041496336
180557
0.903041348716
180577
0.901037124516
180597
0.901958424176
180617
0.908083893532
180637
0.910920466933
180657
0.909799691134
180677
0.912204760174
180697
0.918814347141
180717
0.919900299782
180737
0.915489871003
180757
0.914138959545
180777
0.915545512355
180797
0.914960710392
180817
0.911037427326
180837
0.906779539123
180857
0.905165939922
180877
0.908567632631
180897
0.907132312863
180917
0.902618550145
180937
0.900201747214
180957
0.899944358648
180977
0.900774815286
180997
0.908226971294
181017
0.906715570494
181037
0.907005132631
181057
0.904097398861
181077
0.898757343144
181097
0.88658324249
181117
0.884063862645
181137
0.884828836604
181157
0.878428567103
181177
0.876815724927
181197
0.877179854046
181217
0.877431943435
181237
0.884194449491
181257
0.885139595446
181277
0.888872865189
181297
0.88596664547
181317
0.891615567466
181337
0.895320448765
181357
0.901550766109
181377
0.909199748668
181397
0.912635128997
181417
0.913225987161
181437
0.917734829215
181457
0.909000272529
181477
0.905706455911
181497
0.90651230923
181517
0.913344461604
181537
0.915406219719
181557
0.915062530281
181577
0.91867126938
181597
0.911269455547
181617
0.913625317951
181637
0.915240431202
181657
0.915776026526
181677
0.916887339511
181697
0.90898588905
181717
0.91263550751
181737
0.897501059835
181757
0.883820857558
181777
0.890169649346
181797
0.885041560683
181817
0.882703109859
181837
0.883495715237
181857
0.87842667454
181877
0.879184835271
181897
0.875028009932
181917
0.883306080426
181937
0.872244049782
181957
0.876632146318
181977
0.88627853985
181997
0.88796784157
182017
0.889240400921
182037
0.890578821463
182057
0.882441936168
182077
0.880405916909
182097
0.882273498062
182117
0.883120230741
182137
0.892084923086
182157
0.898235374273
182177
0.910064649952
182197
0.913750984133
182217
0.91534073704
182237
0.919401041667
182257
0.921599821342
182277
0.92443450218
182297
0.927026934956
182317
0.925848625242
182337
0.931152722263
182357
0.931170512355
182377
0.932173949249
182397
0.923278524709
182417
0.926617005814
182437
0.926990597747
182457
0.926296027132
182477
0.918472171754
182497
0.918869609981
182517
0.929192784036
182537
0.915107951793
182557
0.898716085271
182577
0.893932064559
182597
0.881234480984
182617
0.88194229954
182637
0.87074249031
182657
0.863914880087
182677
0.845801538275
182697
0.843800720688
182717
0.838199491279
182737
0.820455199249
182757
0.820760658915
182777
0.82245942345
182797
0.823217205669
182817
0.828199566982
182837
0.843923358769
182857
0.843933957122
182877
0.847720597141
182897
0.852964132146
182917
0.856822689559
182937
0.856193980136
182957
0.870663002665
182977
0.88510666485
182997
0.900442481226
183017
0.916198446584
183037
0.922983663396
183057
0.921321236071
183077
0.926870609254
183097
0.922151314196
183117
0.931182246245
183137
0.942510749758
183157
0.948759992733
183177
0.948308805717
183197
0.944667893047
183217
0.94320191376
183237
0.941880904797
183257
0.944879103077
183277
0.947395833333
183297
0.943080789729
183317
0.941019410126
183337
0.940129148498
183357
0.95140503876
183377
0.957569873425
183397
0.960533248547
183417
0.964578034157
183437
0.972852698038
183457
0.972704699612
183477
0.976490204094
183497
0.977275996245
183517
0.984676296027
183537
1.0
183557
1.0
183577
1.0
183597
1.0
183617
1.0
183637
1.0
183657
1.0
183677
1.0
183697
1.0
183717
1.0
183737
1.0
183757
1.0
183777
1.0
183797
1.0
183817
1.0
