182650
0.668807291667
182670
0.668874348958
182690
0.668870442708
182710
0.670315104167
182730
0.7048125
182750
0.689425564236
182770
0.689124131944
182790
0.689136284722
182810
0.690506727431
182830
0.578536892361
182850
0.563920355903
182870
0.561849826389
182890
0.561712022569
182910
0.561695746528
182930
0.566181206597
182950
0.712543619792
182970
0.710337890625
182990
0.710194661458
183010
0.710216362847
183030
0.711729383681
183050
0.724493272569
183070
0.715481119792
183090
0.714682291667
183110
0.714777560764
183130
0.715997395833
183150
0.724657769097
183170
0.567224175347
183190
0.565564236111
183210
0.56425
183230
0.56589453125
183250
0.567102864583
183270
0.573236111111
183290
0.570914496528
183310
0.570649956597
183330
0.570610677083
183350
0.571841362847
183370
0.710257378472
183390
0.702982638889
183410
0.702429036458
183430
0.702958116319
183450
0.702827907986
183470
0.703743706597
183490
0.547428168403
183510
0.542812717014
183530
0.545137803819
183550
0.54484765625
183570
0.545032552083
183590
0.719724826389
183610
0.714298394097
183630
0.714145833333
183650
0.714335069444
183670
0.714692274306
183690
0.719788194444
183710
0.730761284722
183730
0.729851779514
183750
0.729810329861
183770
0.730078993056
183790
0.730563151042
183810
0.699592447917
183830
0.692023654514
183850
0.691546440972
183870
0.691464192708
183890
0.691456814236
183910
0.694266059028
183930
0.592906032986
183950
0.573040581597
183970
0.572143229167
183990
0.571928385417
184010
0.571928602431
184030
0.573627604167
184050
0.609071397569
184070
0.579742621528
184090
0.576879774306
184110
0.576636067708
184130
0.576630642361
184150
0.580771701389
184170
0.609115668403
184190
0.641699869792
184210
0.638709852431
184230
0.638703993056
184250
0.636990017361
184270
0.638630425347
184290
0.625030598958
184310
0.621017361111
184330
0.620759982639
184350
0.62075390625
184370
0.622397786458
184390
0.779687934028
184410
0.779443576389
184430
0.779398220486
184450
0.779837239583
184470
0.752008897569
184490
0.491568142361
184510
0.178241753472
184530
0.091896484375
184550
0.0974926215278
184570
0.137293185764
184590
0.298599609375
184610
0.307570963542
184630
0.30755859375
184650
0.324811631944
184670
0.330313368056
184690
0.328400607639
184710
0.318263020833
184730
0.311262152778
184750
0.310065321181
184770
0.321857421875
184790
0.337518446181
184810
0.332122395833
184830
0.325979166667
184850
0.317420789931
184870
0.3061796875
184890
0.298459852431
184910
0.295294053819
184930
0.250394965278
184950
0.187091145833
184970
0.180214192708
184990
0.176197048611
185010
0.231482204861
185030
0.265790581597
185050
0.308296875
185070
0.0771720920139
185090
0.0624114583333
185110
0.0619878472222
185130
0.0556634114583
185150
0.06133203125
185170
0.0600329861111
185190
0.181139973958
185210
0.191881076389
185230
0.204995008681
185250
0.216729166667
185270
0.213319661458
185290
0.202980251736
185310
0.202520616319
185330
0.202660590278
185350
0.0868630642361
185370
0.0739696180556
185390
0.0445106336806
185410
0.0506067708333
185430
0.0581278211806
185450
0.0890787760417
185470
0.0634711371528
185490
0.0613033854167
185510
0.0509715711806
185530
0.0545735677083
185550
0.0670577256944
185570
0.0616792534722
185590
0.0585407986111
185610
0.05505859375
185630
0.0990551215278
185650
0.0766566840278
185670
0.0672601996528
185690
0.0633502604167
185710
0.0613283420139
185730
0.0638038194444
185750
0.0613413628472
185770
0.0623133680556
185790
0.0703732638889
185810
0.060623046875
185830
0.0614012586806
185850
0.0597126736111
185870
0.05372265625
185890
0.0491720920139
185910
0.0526460503472
185930
0.0547059461806
185950
0.0504168836806
185970
0.0523819444444
185990
0.0718090277778
186010
0.0586976996528
186030
0.054359375
186050
0.0562126736111
186070
0.052119140625
186090
0.0593773871528
186110
0.0606740451389
186130
0.0603663194444
186150
0.05341796875
186170
0.0487751736111
186190
0.0532374131944
186210
0.0576473524306
186230
0.0685852864583
186250
0.0975407986111
186270
0.0987367621528
186290
0.064814453125
186310
0.0916493055556
186330
0.113719401042
186350
0.0457361111111
186370
0.0438804253472
186390
0.0502174479167
186410
0.0578543836806
186430
0.0566217447917
186450
0.0527096354167
186470
0.0893821614583
186490
0.092515625
186510
0.102637152778
186530
0.0847389322917
186550
0.0966859809028
186570
0.0597604166667
186590
0.056052734375
186610
0.0672380642361
186630
0.0726848958333
186650
0.0577795138889
186670
0.0393331163194
186690
0.0437328559028
186710
0.0434253472222
186730
0.0443480902778
186750
0.0394236111111
186770
0.047353515625
186790
0.0445523003472
186810
0.0373396267361
186830
0.0383463541667
186850
0.0399390190972
186870
0.0420308159722
186890
0.0415542534722
186910
0.0525627170139
186930
0.107461588542
186950
0.222346137153
186970
0.506210503472
186990
0.78358984375
187010
0.925833984375
187030
0.928611545139
187050
0.929855251736
187070
0.929109592014
187090
0.934445963542
187110
0.930456814236
187130
0.927544053819
187150
0.929999131944
187170
0.928690972222
187190
0.928736545139
187210
0.929631076389
187230
0.921112847222
187250
0.925754774306
187270
0.922430338542
187290
0.917286241319
187310
0.921864149306
187330
0.916020616319
187350
0.912634548611
187370
0.915917317708
187390
0.912177517361
187410
0.910288628472
187430
0.914182942708
187450
0.911702907986
187470
0.918553819444
187490
0.922604166667
187510
0.923999782986
187530
0.929294921875
187550
0.929771918403
187570
0.930531467014
187590
0.934967664931
187610
0.935154296875
187630
0.933325520833
187650
0.936886067708
187670
0.940333333333
187690
0.938176432292
187710
0.937012369792
187730
0.934473090278
187750
0.932408203125
187770
0.930635416667
187790
0.928302083333
187810
0.928522786458
187830
0.929383463542
187850
0.926060980903
187870
0.930929904514
187890
0.929293619792
187910
0.930060763889
187930
0.930970052083
187950
0.927715060764
187970
0.930108072917
187990
0.930467447917
188010
0.931295789931
188030
0.933428819444
188050
0.937524739583
188070
0.940854817708
188090
0.940499782986
188110
0.937907335069
188130
0.940540364583
188150
0.940888237847
188170
0.936063151042
188190
0.939495225694
188210
0.935274305556
188230
0.935101128472
188250
0.935915581597
188270
0.9363125
188290
0.936569878472
188310
0.935230251736
188330
0.931728949653
188350
0.932685980903
188370
0.931563151042
188390
0.932349392361
188410
0.937493489583
188430
0.939918402778
188450
0.939287977431
188470
0.939778428819
188490
0.933509331597
188510
0.935325954861
188530
0.935428602431
188550
0.937093967014
188570
0.939728515625
188590
0.939639105903
188610
0.937310980903
188630
0.937700520833
188650
0.934567057292
188670
0.93748828125
188690
0.942182725694
188710
0.940545138889
188730
0.944353732639
188750
0.946586588542
188770
0.945592664931
188790
0.943825303819
188810
0.945043185764
188830
0.943792751736
188850
0.949338107639
188870
0.948456814236
188890
0.950241536458
188910
0.951574001736
188930
0.952233940972
188950
0.952846571181
188970
0.953747395833
188990
0.957652560764
189010
0.958257595486
189030
0.958127387153
189050
0.960537760417
189070
0.959751519097
189090
0.963397135417
189110
0.962093532986
189130
0.956748480903
189150
0.956321614583
189170
0.950619140625
189190
0.947206814236
189210
0.938905164931
189230
0.934224175347
189250
0.934027126736
189270
0.930366319444
189290
0.92724609375
189310
0.918545572917
189330
0.911846354167
189350
0.913651041667
189370
0.911832899306
189390
0.903190538194
189410
0.906918836806
189430
0.905096354167
189450
0.902327473958
189470
0.899079644097
189490
0.895126736111
189510
0.891243272569
189530
0.893016493056
189550
0.896336588542
189570
0.889553819444
189590
0.895830946181
189610
0.899946614583
189630
0.906545138889
189650
0.905056640625
189670
0.903563585069
189690
0.904573784722
189710
0.905059678819
189730
0.903041666667
189750
0.908477430556
189770
0.912475260417
189790
0.913881944444
189810
0.915839192708
189830
0.912195746528
189850
0.906599609375
189870
0.905500651042
189890
0.913459201389
189910
0.918705078125
189930
0.916816623264
189950
0.919573133681
189970
0.918918836806
189990
0.917054470486
190010
0.916342664931
190030
0.920850260417
190050
0.928449869792
190070
0.938932508681
190090
0.945693793403
190110
0.952435546875
190130
0.951224392361
190150
0.954630425347
190170
0.9648125
190190
0.974948350694
190210
0.981462239583
190230
0.985087890625
190250
0.981287109375
190270
0.978196397569
190290
0.975041449653
190310
0.969443359375
190330
0.966549045139
190350
0.962323133681
190370
0.961823784722
190390
0.953958116319
190410
0.946676215278
190430
0.94326171875
190450
0.942582248264
190470
0.943883680556
190490
0.948331597222
190510
0.945038411458
190530
0.944016059028
190550
0.945939019097
190570
0.946105902778
190590
0.944719618056
190610
0.939092230903
190630
0.936668619792
190650
0.934486762153
190670
0.937124565972
190690
0.931893663194
190710
0.934483723958
190730
0.926896050347
190750
0.932763237847
190770
0.936430989583
190790
0.937122612847
190810
0.933748480903
190830
0.937662977431
190850
0.94373828125
190870
0.950613064236
190890
0.949431423611
190910
0.948652560764
190930
0.947032118056
190950
0.953666883681
190970
0.957235460069
190990
0.951485894097
191010
0.951474609375
191030
0.956947916667
191050
0.956028428819
191070
0.956683376736
191090
0.956003689236
191110
0.957577256944
191130
0.959404513889
191150
0.96159765625
191170
0.968183376736
191190
0.970294053819
191210
0.969793836806
191230
0.967887152778
191250
0.957369574653
191270
0.959669704861
191290
0.957697699653
191310
0.955046223958
191330
0.946584635417
191350
0.944031467014
191370
0.944054253472
191390
0.938042751736
191410
0.932554470486
191430
0.930419270833
191450
0.928308810764
191470
0.933486328125
191490
0.94055078125
191510
0.930360026042
191530
0.931176649306
191550
0.923808376736
191570
0.930504557292
191590
0.918621310764
191610
0.904335286458
191630
0.900434678819
191650
0.909747829861
191670
0.907921223958
191690
0.915403645833
191710
0.921641710069
191730
0.926015190972
191750
0.928747178819
191770
0.922097873264
191790
0.907928602431
191810
0.902456814236
191830
0.902995008681
191850
0.915370442708
191870
0.9116484375
191890
0.908037760417
191910
0.907758246528
191930
0.907465711806
191950
0.907861545139
191970
0.907856987847
191990
0.907769748264
192010
0.907752821181
192030
0.907778211806
192050
0.906244791667
192070
0.908309027778
192090
0.913928819444
192110
0.929256510417
192130
0.971261067708
192150
1.0
192170
1.0
192190
1.0
192210
1.0
192230
1.0
