154426
0.306061631944
154446
0.162554470486
154466
0.512953342014
154486
0.136610894097
154506
0.182098524306
154526
0.274955295139
154546
0.314126953125
154566
0.0441664496528
154586
0.0442877604167
154606
0.0434835069444
154626
0.0433148871528
154646
0.0441755642361
154666
0.0445403645833
154686
0.0448324652778
154706
0.0453213975694
154726
0.0447096354167
154746
0.0443771701389
154766
0.0499537760417
154786
0.0497610677083
154806
0.0506141493056
154826
0.0743355034722
154846
0.258779296875
154866
0.0564626736111
154886
0.130235894097
154906
0.0513752170139
154926
0.0511278211806
154946
0.0505618489583
154966
0.0513413628472
154986
0.0527450086806
155006
0.0418081597222
155026
0.0418541666667
155046
0.0444932725694
155066
0.0440008680556
155086
0.0437528211806
155106
0.0466111111111
155126
0.0461812065972
155146
0.0474661458333
155166
0.0574678819444
155186
0.0576866319444
155206
0.0586206597222
155226
0.0582456597222
155246
0.0585844184028
155266
0.0589906684028
155286
0.0584574652778
155306
0.0483355034722
155326
0.0478292100694
155346
0.0478995225694
155366
0.0471527777778
155386
0.0473678385417
155406
0.0471417100694
155426
0.0476488715278
155446
0.0375108506944
155466
0.0400553385417
155486
0.0495444878472
155506
0.0482610677083
155526
0.0491955295139
155546
0.0528530815972
155566
0.0577450086806
155586
0.0579546440972
155606
0.0581603732639
155626
0.0582319878472
155646
0.0579798177083
155666
0.0580870225694
155686
0.0578706597222
155706
0.0580477430556
155726
0.0589364149306
155746
0.0617309027778
155766
0.061271484375
155786
0.0591588541667
155806
0.0635887586806
155826
0.0626117621528
155846
0.0522960069444
155866
0.113924045139
155886
0.168358506944
155906
0.0487022569444
155926
0.0648246527778
155946
0.0836117621528
155966
0.0796950954861
155986
0.159000434028
156006
0.172300347222
156026
0.157913194444
156046
0.175114583333
156066
0.199372178819
156086
0.2130390625
156106
0.216927951389
156126
0.216846571181
156146
0.208557942708
156166
0.198099392361
156186
0.180411892361
156206
0.170003038194
156226
0.176771701389
156246
0.0976171875
156266
0.0982916666667
156286
0.0978172743056
156306
0.0963502604167
156326
0.172909505208
156346
0.17715234375
156366
0.173016276042
156386
0.170080946181
156406
0.172170572917
156426
0.173738064236
156446
0.175031901042
156466
0.176599609375
156486
0.176548611111
156506
0.176949652778
156526
0.178175130208
156546
0.101384114583
156566
0.0424893663194
156586
0.0531032986111
156606
0.0445290798611
156626
0.0501764322917
156646
0.0453923611111
156666
0.0372341579861
156686
0.040970703125
156706
0.0401890190972
156726
0.0418365885417
156746
0.0446935763889
156766
0.0429583333333
156786
0.0401907552083
156806
0.0400225694444
156826
0.0374741753472
156846
0.0342864583333
156866
0.0347293836806
156886
0.0338344184028
156906
0.0417634548611
156926
0.041125
156946
0.0425138888889
156966
0.0459186197917
156986
0.0487183159722
157006
0.0478309461806
157026
0.0476857638889
157046
0.0422890625
157066
0.116309895833
157086
0.0832107204861
157106
0.1550859375
157126
0.148313151042
157146
0.145991536458
157166
0.145769748264
157186
0.0572779947917
157206
0.058638671875
157226
0.0577608506944
157246
0.0502528211806
157266
0.0510696614583
157286
0.0509207899306
157306
0.0513884548611
157326
0.0519765625
157346
0.049583984375
157366
0.0509878472222
157386
0.0522113715278
157406
0.0526360677083
157426
0.0526896701389
157446
0.0532936197917
157466
0.0545338541667
157486
0.0554305555556
157506
0.0557085503472
157526
0.0554123263889
157546
0.0561174045139
157566
0.0571573350694
157586
0.0571733940972
157606
1.0
157626
1.0
157646
1.0
157666
1.0
157686
1.0
157706
0.998033203125
157726
0.990766927083
157746
0.9832734375
157766
0.974488932292
157786
0.966026692708
157806
0.959827473958
157826
0.952040364583
157846
0.943244791667
157866
0.935751302083
157886
0.923299479167
157906
0.920563151042
157926
0.917600911458
157946
0.92024609375
157966
0.919097005208
157986
0.916701822917
158006
0.919134114583
158026
0.916529947917
158046
0.922530598958
158066
0.925522135417
158086
0.929841796875
158106
0.930201171875
158126
0.9215234375
158146
0.923757161458
158166
0.928815755208
158186
0.930825520833
158206
0.940527994792
158226
0.949744140625
158246
0.9508984375
158266
0.9591328125
158286
0.960131510417
158306
0.973745442708
158326
0.9860546875
158346
0.985044921875
158366
0.994604817708
158386
0.994971354167
158406
0.994992838542
158426
0.995070963542
158446
0.995166015625
158466
0.994990885417
158486
0.994931640625
158506
0.990682291667
158526
0.987979166667
158546
0.987514973958
158566
0.987370442708
158586
0.987146484375
158606
0.987467447917
158626
0.987270833333
158646
0.987158854167
158666
0.987384114583
158686
0.980969401042
158706
0.98387109375
158726
0.984795572917
158746
0.974240885417
158766
0.966293619792
158786
0.965393229167
158806
0.952466796875
158826
0.951190104167
158846
0.946864583333
158866
0.935338541667
158886
0.93487109375
158906
0.938126953125
158926
0.927510416667
158946
0.926529296875
158966
0.931705078125
158986
0.927772786458
159006
0.929042317708
159026
0.925477213542
159046
0.923020182292
159066
0.924619791667
159086
0.927681640625
159106
0.924064453125
159126
0.928281901042
159146
0.928623697917
159166
0.922034505208
159186
0.926698567708
159206
0.925475260417
159226
0.921311848958
159246
0.920418619792
159266
0.922376953125
159286
0.920089192708
159306
0.919541666667
159326
0.919868489583
159346
0.921891927083
159366
0.922733072917
159386
0.9238203125
159406
0.923318359375
159426
0.925798177083
159446
0.920725260417
159466
0.9213359375
159486
0.9283671875
159506
0.927314453125
159526
0.927682291667
159546
0.926004557292
159566
0.917124348958
159586
0.920134114583
159606
0.918098307292
159626
0.920488932292
159646
0.923190755208
159666
0.922463541667
159686
0.914274739583
159706
0.913896484375
159726
0.920358723958
159746
0.91754296875
159766
0.917799479167
159786
0.918287760417
159806
0.910009765625
159826
0.899421875
159846
0.890328125
159866
0.884862630208
159886
0.886135416667
159906
0.889533203125
159926
0.885063802083
159946
0.889629557292
159966
0.885044270833
159986
0.879612630208
160006
0.881757161458
160026
0.890388671875
160046
0.898957682292
160066
0.901180989583
160086
0.904274739583
160106
0.902377604167
160126
0.903962890625
160146
0.902728515625
160166
0.909018229167
160186
0.917151041667
160206
0.924138671875
160226
0.926328776042
160246
0.91703515625
160266
0.91890625
160286
0.922830729167
160306
0.921670572917
160326
0.918569010417
160346
0.921358723958
160366
0.923244140625
160386
0.918591145833
160406
0.918990234375
160426
0.920572265625
160446
0.927393880208
160466
0.928879557292
160486
0.925261067708
160506
0.917718098958
160526
0.9121015625
160546
0.901370442708
160566
0.908524739583
160586
0.905758463542
160606
0.903589192708
160626
0.91127734375
160646
0.90775
160666
0.901852213542
160686
0.911182291667
160706
0.916770833333
160726
0.92358203125
160746
0.925353515625
160766
0.929784505208
160786
0.926849609375
160806
0.931880208333
160826
0.92991015625
160846
0.922447916667
160866
0.922264973958
160886
0.919606119792
160906
0.918998697917
160926
0.917444661458
160946
0.924552734375
160966
0.924112630208
160986
0.914753255208
161006
0.912498046875
161026
0.911415364583
161046
0.909576822917
161066
0.919395182292
161086
0.924807291667
161106
0.928309895833
161126
0.919932291667
161146
0.914177734375
161166
0.920893229167
161186
0.934129557292
161206
0.936530598958
161226
0.940228515625
161246
0.94350390625
161266
0.936371744792
161286
0.930633463542
161306
0.940354166667
161326
0.941309895833
161346
0.93698828125
161366
0.94124609375
161386
0.935090494792
161406
0.942350260417
161426
0.942420572917
161446
0.938568359375
161466
0.9411640625
161486
0.937685546875
161506
0.932607421875
161526
0.932572916667
161546
0.928615234375
161566
0.924847005208
161586
0.922841796875
161606
0.917629557292
161626
0.913048828125
161646
0.918131510417
161666
0.916240885417
161686
0.911130208333
161706
0.913477864583
161726
0.912194010417
161746
0.910717447917
161766
0.907206380208
161786
0.905871744792
161806
0.89416015625
161826
0.908243489583
161846
0.901931640625
161866
0.906079427083
161886
0.911212890625
161906
0.921041666667
161926
0.920147135417
161946
0.931039713542
161966
0.917905598958
161986
0.925259114583
162006
0.926356770833
162026
0.925180989583
162046
0.926561848958
162066
0.925169270833
162086
0.925570963542
162106
0.922552734375
162126
0.925880208333
162146
0.928740234375
162166
0.93708984375
162186
0.935859375
162206
0.93602734375
162226
0.940828776042
162246
0.936076822917
162266
0.941350260417
162286
0.944446614583
162306
0.945337890625
162326
0.944297526042
162346
0.951429036458
162366
0.954177734375
162386
0.948352864583
162406
0.952223958333
162426
0.945786458333
162446
0.949434244792
162466
0.942817708333
162486
0.946140625
162506
0.942688151042
162526
0.93524609375
162546
0.934243489583
162566
0.934228515625
162586
0.931535807292
162606
0.931300130208
162626
0.936259765625
162646
0.926488932292
162666
0.934352864583
162686
0.93961328125
162706
0.928097005208
162726
0.920233072917
162746
0.918904296875
162766
0.902483072917
162786
0.894286458333
162806
0.896330729167
162826
0.888092447917
162846
0.884950520833
162866
0.886157552083
162886
0.888177083333
162906
0.899908854167
162926
0.912115234375
162946
0.91266796875
162966
0.9313828125
162986
0.938979817708
163006
0.938210286458
163026
0.947473307292
163046
0.936777994792
163066
0.941654947917
163086
0.93448046875
163106
0.923858723958
163126
0.927874348958
163146
0.928828776042
163166
0.925923828125
163186
0.923177083333
163206
0.924701822917
163226
0.925585286458
163246
0.924807291667
163266
0.911985026042
163286
0.920622395833
163306
0.926828776042
163326
0.92302734375
163346
0.929350911458
163366
0.939322916667
163386
0.9421796875
163406
0.953871744792
163426
0.964735677083
163446
0.973673177083
163466
0.987381510417
163486
0.989547526042
163506
1.0
163526
0.996139322917
163546
0.989356119792
163566
0.989240885417
163586
0.9892578125
163606
0.989314453125
163626
1.0
163646
0.484190972222
163666
0.200991102431
163686
0.201776258681
163706
0.201679470486
163726
0.881200520833
163746
0.979669270833
163766
0.974399088542
163786
0.974436197917
163806
0.974475911458
163826
0.978069661458
163846
1.0
163866
0.992498046875
163886
0.988903645833
163906
0.990057291667
163926
0.990064453125
163946
0.990097005208
163966
0.992228515625
163986
1.0
164006
1.0
