152881
0.212828559884
152901
0.224814403901
152921
0.22718143902
152941
0.229836113851
152961
0.22696913352
152981
0.215062047995
153001
0.215823094729
153021
0.213634122288
153041
0.233248411133
153061
0.228606796515
153081
0.222184555117
153101
0.211470831964
153121
0.214237652038
153141
0.214336956224
153161
0.226309103112
153181
0.227975872507
153201
0.235050439678
153221
0.2173015286
153241
0.220117144696
153261
0.239177555884
153281
0.238473009807
153301
0.234219195157
153321
0.226733714114
153341
0.221768504821
153361
0.221387553419
153381
0.237824964387
153401
0.235326950471
153421
0.234326203978
153441
0.217439355961
153461
0.207174213785
153481
0.226448642615
153501
0.222605741837
153521
0.223345386807
153541
0.210491487234
153561
0.209281003452
153581
0.208957408777
153601
0.211987042516
153621
0.207713538242
153641
0.22496421625
153661
0.226043721236
153681
0.224479680309
153701
0.204766943349
153721
0.207050939623
153741
0.202587387684
153761
0.222515854427
153781
0.221735118069
153801
0.22203731098
153821
0.202886156312
153841
0.204412530134
153861
0.201712483563
153881
0.221935438582
153901
0.222818047337
153921
0.220905585689
153941
0.20742333032
153961
0.210038625904
153981
0.228585394751
154001
0.228918406202
154021
0.221065670885
154041
0.205797652312
154061
0.206082723811
154081
0.2097304405
154101
0.22724050789
154121
0.228339702498
154141
0.226083956553
154161
0.214161461758
154181
0.205821622288
154201
0.21066612563
154221
0.21054541968
154241
0.224507074567
154261
0.228768593853
154281
0.221625541037
154301
0.209114925762
154321
0.207978064048
154341
0.20963969702
154361
0.237253965319
154381
0.268508245672
154401
0.331827505205
154421
0.211794426638
154441
0.21048549474
154461
0.222164009424
154481
0.220300343798
154501
0.217345188199
154521
0.242666899518
154541
0.187045426529
154561
0.176951498466
154581
0.18258358673
154601
0.185638902586
154621
0.169496835963
154641
0.199304357057
154661
0.176254657024
154681
0.170022463292
154701
0.186690157243
154721
0.174962846537
154741
0.1721309651
154761
0.173923576868
154781
0.169342743261
154801
0.169992500822
154821
0.176359097633
154841
0.195155839086
154861
0.192553384561
154881
0.269260731701
154901
0.265340784572
154921
0.266110392012
154941
0.265663523176
154961
0.275541721455
154981
0.279376061528
155001
0.27533712059
155021
0.275153065417
155041
0.277955840456
155061
0.276194903298
155081
0.280411050844
155101
0.278858138834
155121
0.277661352181
155141
0.282649675378
155161
0.273862111002
155181
0.274255903463
155201
0.277497842702
155221
0.280437589031
155241
0.280345989481
155261
0.283403017478
155281
0.288417022792
155301
0.286019169132
155321
0.283718907517
155341
0.284103283202
155361
0.281886060432
155381
0.288862179487
155401
0.291529695376
155421
0.286330778819
155441
0.276897737234
155461
0.283749726057
155481
0.281101043721
155501
0.282037584922
155521
0.297970770327
155541
0.256188534133
155561
0.287578073636
155581
0.304301412174
155601
0.310169775915
155621
0.302966798159
155641
0.312963134177
155661
0.306397072924
155681
0.306956087004
155701
0.307795892231
155721
0.310974482249
155741
0.304755985645
155761
0.305058178556
155781
0.307366144806
155801
0.301985741289
155821
0.302446307254
155841
0.302919714278
155861
0.302030256958
155881
0.299377294269
155901
0.303445341606
155921
0.294632951183
155941
0.298325183542
155961
0.301714366919
155981
0.294299083662
156001
0.290379136533
156021
0.281584723592
156041
0.285144265012
156061
0.286435219428
156081
0.286170693623
156101
0.285194773176
156121
0.286219489645
156141
0.286008896285
156161
0.297453703704
156181
0.296548837114
156201
0.296391320129
156221
0.286993377438
156241
0.294864090237
156261
0.291404709073
156281
0.294635519395
156301
0.29435644039
156321
0.294123589196
156341
0.302442026901
156361
0.296078854372
156381
0.304541111933
156401
0.299014320348
156421
0.304126773778
156441
0.299327642176
156461
0.303741542023
156481
0.297944232139
156501
0.296875856071
156521
0.300794091059
156541
0.303057541639
156561
0.304715750329
156581
0.303753527011
156601
0.296061732961
156621
0.301311157681
156641
0.306610234495
156661
0.305712216469
156681
0.308356618453
156701
0.304586483673
156721
0.298194204745
156741
0.299416673515
156761
0.309224674008
156781
0.327880163818
156801
0.322777983235
156821
0.309032058131
156841
0.324834264738
156861
0.322298583717
156881
0.322065732522
156901
0.313264471017
156921
0.312006903353
156941
0.308869404723
156961
0.313632581361
156981
0.310196314103
157001
0.307555336401
157021
0.309811082347
157041
0.309971167543
157061
0.297924542516
157081
0.305286749397
157101
0.305021367521
157121
0.30676860755
157141
0.308630561034
157161
0.308950731427
157181
0.306971496274
157201
0.305497342757
157221
0.313539269669
157241
0.312143018573
157261
0.315860933048
157281
0.315419200636
157301
0.318590942089
157321
0.311716695431
157341
0.316618555501
157361
0.322761717894
157381
0.315664892888
157401
0.322579374863
157421
0.32394651956
157441
0.334306685569
157461
0.339552686007
157481
0.319274086401
157501
0.332948957648
157521
0.335595927844
157541
0.32271120973
157561
0.337552905161
157581
0.321591469428
157601
0.322769422529
157621
0.317991692691
157641
0.323099009698
157661
0.32540954416
157681
0.313893682884
157701
0.322236090565
157721
0.314782284133
157741
0.313605187103
157761
0.321743849989
157781
0.319118281558
157801
0.317755417215
157821
0.310047357824
157841
0.316474735645
157861
0.311510382424
157881
0.30990525011
157901
0.309150195869
157921
0.31167046762
157941
0.313014498411
157961
0.316668207594
157981
0.32070458032
158001
0.319319458142
158021
0.323052781887
158041
0.321461346702
158061
0.327490651709
158081
0.326598626178
158101
0.324305213127
158121
0.325264012163
158141
0.323741918694
158161
0.3163916968
158181
0.317682651216
158201
0.317040598291
158221
0.321312390423
158241
0.318878581799
158261
0.322195855249
158281
0.320703724249
158301
0.318876869658
158321
0.32553025011
158341
0.319145675816
158361
0.321552090182
158381
0.325016607769
158401
0.323334429104
158421
0.322901257396
158441
0.321493021313
158461
0.323622924885
158481
0.329138587552
158501
0.327695252575
158521
0.32534961922
158541
0.327669570458
158561
0.322117952827
158581
0.32633067609
158601
0.329119754
158621
0.32645138204
158641
0.330182993645
158661
0.32675186281
158681
0.328001725838
158701
0.326748438527
158721
0.32899990412
158741
0.322929507725
158761
0.323689698389
158781
0.323527901052
158801
1.0
158821
1.0
158841
1.0
158861
1.0
158881
0.999997431788
158901
0.999998287859
158921
1.0
158941
0.994830189842
158961
0.994833614124
158981
0.994833614124
159001
0.999998287859
159021
0.996430185733
159041
0.996503807802
159061
0.996502951731
159081
0.996502951731
159101
0.999705511725
159121
0.996671597633
159141
0.996746075773
159161
0.996746075773
159181
0.996746075773
159201
1.0
159221
0.99273024874
159241
0.992369843031
159261
0.992369843031
159281
0.992583004602
159301
0.996346290817
159321
0.994033188144
159341
0.994026339579
159361
0.99402805172
159381
0.994026339579
159401
0.992826128643
159421
0.991853632479
159441
0.991844215702
159461
0.992139560048
159481
1.0
159501
1.0
159521
0.999997431788
159541
0.999996575718
159561
0.999998287859
159581
1.0
159601
0.999999143929
159621
0.999995719647
159641
0.999998287859
159661
0.999996575718
159681
0.999996575718
159701
0.999998287859
159721
0.999998287859
159741
0.997344469099
159761
0.995530455567
159781
0.995631471893
159801
0.99113196499
159821
0.988317204964
159841
0.988409660585
159861
0.98470629931
159881
0.983698704252
159901
0.987509074348
159921
0.983622513971
159941
0.979926857331
159961
0.980540659928
159981
0.979939698389
160001
0.980381430802
160021
0.980728995453
160041
0.980817170721
160061
0.980611713785
160081
0.980964414859
160101
0.99067995973
160121
0.98772394806
160141
0.980616850208
160161
0.982409461977
160181
0.983803144861
160201
0.977564102564
160221
0.979455162448
160241
0.981651839524
160261
0.97448139245
160281
0.979034831799
160301
0.984771360673
160321
0.978313164311
160341
0.974181767751
160361
0.980198231701
160381
0.977160037256
160401
0.971813020491
160421
0.977297008547
160441
0.974531044543
160461
0.972616014683
160481
0.98128287311
160501
0.980342907627
160521
0.972918207594
160541
0.981367624096
160561
0.9831533873
160581
0.983880191212
160601
0.989520840182
160621
0.982800686226
160641
0.973220400504
160661
0.96520501178
160681
0.959903366754
160701
0.947716346154
160721
0.936205621302
160741
0.924751397107
160761
0.913366514629
160781
0.910459298981
160801
0.91466517368
160821
0.914365548981
160841
0.915259286654
160861
0.920511279586
160881
0.91947629027
160901
0.920674789064
160921
0.921281743097
160941
0.935550727318
160961
0.941366014683
160981
0.952441855687
161001
0.957372822156
161021
0.963405551446
161041
0.964749582238
161061
0.968260327635
161081
0.959943602071
161101
0.952060904284
161121
0.942525134232
161141
0.938243069253
161161
0.938230228194
161181
0.93760529668
161201
0.945664345003
161221
0.946499013807
161241
0.955650408174
161261
0.96110357769
161281
0.960190150394
161301
0.962034982468
161321
0.960038625904
161341
0.957172501644
161361
0.956797542735
161381
0.958769073252
161401
0.957110864563
161421
0.958355591168
161441
0.957293207594
161461
0.956158058021
161481
0.953279092702
161501
0.953143833552
161521
0.947264340894
161541
0.947420145737
161561
0.947580230934
161581
0.947418433596
161601
0.943299022025
161621
0.937869822485
161641
0.941999506903
161661
0.940828402367
161681
0.945723413872
161701
0.94371421625
161721
0.947279750164
161741
0.945749095989
161761
0.949252136752
161781
0.950103926967
161801
0.955399579498
161821
0.961011122069
161841
0.963455203539
161861
0.966111590511
161881
0.962403948882
161901
0.962642792571
161921
0.965891580375
161941
0.967191951567
161961
0.96075601304
161981
0.953765340785
162001
0.949451601194
162021
0.940132416995
162041
0.952268929432
162061
0.95734799611
162081
0.965840216141
162101
0.959707326594
162121
0.959627712032
162141
0.952994021203
162161
0.944699553474
162181
0.936470147107
162201
0.936331463675
162221
0.906497404394
162241
0.907770381328
162261
0.919067944609
162281
0.924607577252
162301
0.928996651052
162321
0.934348804241
162341
0.933612583552
162361
0.935507923789
162381
0.929854433761
162401
0.923724112426
162421
0.916755698006
162441
0.905215866754
162461
0.919519093798
162481
0.939501492987
162501
0.939884156531
162521
0.947239514848
162541
0.971414091606
162561
0.97129937815
162581
0.983956381492
162601
0.987724804131
162621
0.987588688911
162641
0.987408058021
162661
0.983627650394
162681
0.99454083799
162701
0.994669248575
162721
0.994617884341
162741
0.994694074622
162761
0.994747150997
162781
0.994744582785
162801
0.994741158503
162821
0.994760848126
162841
0.994851591606
162861
0.995352392888
