140505
0.888684895833
140525
0.882889973958
140545
0.886634114583
140565
0.886327473958
140585
0.884831380208
140605
0.889972005208
140625
0.89859765625
140645
0.8987734375
140665
0.901042317708
140685
0.903848958333
140705
0.902568359375
140725
0.897950520833
140745
0.90387890625
140765
0.901655598958
140785
0.895975260417
140805
0.898880859375
140825
0.900496744792
140845
0.893677734375
140865
0.896637369792
140885
0.89434375
140905
0.895294270833
140925
0.893070963542
140945
0.892875
140965
0.890402994792
140985
0.895206380208
141005
0.903044270833
141025
0.901231119792
141045
0.901253255208
141065
0.906737630208
141085
0.913176432292
141105
0.901536458333
141125
0.88553125
141145
0.878657552083
141165
0.869501302083
141185
0.852977864583
141205
0.845404296875
141225
0.832210286458
141245
0.814319010417
141265
0.813074869792
141285
0.812352864583
141305
0.818627604167
141325
0.808860026042
141345
0.831490885417
141365
0.845315755208
141385
0.848720052083
141405
0.851022135417
141425
0.847577473958
141445
0.853569010417
141465
0.851592447917
141485
0.85969140625
141505
0.857138671875
141525
0.841337239583
141545
0.842555989583
141565
0.836071614583
141585
0.839005859375
141605
0.850488932292
141625
0.85350390625
141645
0.857720703125
141665
0.86390625
141685
0.871294270833
141705
0.879481119792
141725
0.881304036458
141745
0.885434895833
141765
0.882708333333
141785
0.8849296875
141805
0.88552734375
141825
0.885378255208
141845
0.880671223958
141865
0.869053385417
141885
0.86673828125
141905
0.861074869792
141925
0.869727213542
141945
0.868618489583
141965
0.862669921875
141985
0.862348307292
142005
0.854208984375
142025
0.861774088542
142045
0.861669921875
142065
0.871447916667
142085
0.872492838542
142105
0.8705390625
142125
0.868811848958
142145
0.871126302083
142165
0.87055859375
142185
0.875444010417
142205
0.866470052083
142225
0.867782552083
142245
0.869049479167
142265
0.87437890625
142285
0.869777994792
142305
0.873362630208
142325
0.8785703125
142345
0.879598958333
142365
0.884727213542
142385
0.892697265625
142405
0.887211588542
142425
0.88343359375
142445
0.88408984375
142465
0.884057291667
142485
0.884102864583
142505
0.883158203125
142525
0.88296875
142545
0.870391276042
142565
0.860290364583
142585
0.86957421875
142605
0.865824869792
142625
0.865074869792
142645
0.869929036458
142665
0.866329427083
142685
0.859609375
142705
0.859488932292
142725
0.869121744792
142745
0.870059244792
142765
0.866098307292
142785
0.868660807292
142805
0.872356119792
142825
0.878426432292
142845
0.874828125
142865
0.873788411458
142885
0.871121744792
142905
0.8686484375
142925
0.871210286458
142945
0.871591145833
142965
0.872561197917
142985
0.870472005208
143005
0.872453125
143025
0.875225260417
143045
0.8838984375
143065
0.883190104167
143085
0.87940234375
143105
0.867174479167
143125
0.876412760417
143145
0.8606484375
143165
0.852899088542
143185
0.849352864583
143205
0.83604296875
143225
0.839697916667
143245
0.838041015625
143265
0.840563802083
143285
0.846965494792
143305
0.852893229167
143325
0.861918619792
143345
0.866781901042
143365
0.867787109375
143385
0.870966145833
143405
0.8697109375
143425
0.862229817708
143445
0.857396484375
143465
0.850634114583
143485
0.850529947917
143505
0.854513020833
143525
0.85251171875
143545
0.860220703125
143565
0.868544921875
143585
0.872430338542
143605
0.876813802083
143625
0.8782734375
143645
0.886481119792
143665
0.88346484375
143685
0.883889322917
143705
0.881540364583
143725
0.883106770833
143745
0.875821614583
143765
0.871435546875
143785
0.873116536458
143805
0.878470703125
143825
0.861942708333
143845
0.867552083333
143865
0.870747395833
143885
0.872185546875
143905
0.86966796875
143925
0.877666666667
143945
0.877444661458
143965
0.873391927083
143985
0.874473307292
144005
0.883845052083
144025
0.883805338542
144045
0.882875
144065
0.88036328125
144085
0.880119140625
144105
0.875809895833
144125
0.876186848958
144145
0.876185546875
144165
0.868836588542
144185
0.873044921875
144205
0.86498046875
144225
0.871970703125
144245
0.879174479167
144265
0.883001302083
144285
0.896010416667
144305
0.8979921875
144325
0.898690104167
144345
0.900158854167
144365
0.899590494792
144385
0.8888671875
144405
0.88780078125
144425
0.875754557292
144445
0.866477213542
144465
0.856263020833
144485
0.865059895833
144505
0.85947265625
144525
0.864938802083
144545
0.867919270833
144565
0.86640234375
144585
0.876126302083
144605
0.878260416667
144625
0.877530598958
144645
0.867278645833
144665
0.860264973958
144685
0.861924479167
144705
0.869799479167
144725
0.868917317708
144745
0.864597005208
144765
0.854125651042
144785
0.832521484375
144805
0.848603515625
144825
0.852875
144845
0.853552083333
144865
0.855266927083
144885
0.86837109375
144905
0.855057942708
144925
0.85186328125
144945
0.847825520833
144965
0.853507161458
144985
0.856495442708
145005
0.858640625
145025
0.85462109375
145045
0.857236979167
145065
0.852790364583
145085
0.855546875
145105
0.869662760417
145125
0.870572265625
145145
0.865395182292
145165
0.846560546875
145185
0.852632161458
145205
0.858544921875
145225
0.85223828125
145245
0.852083984375
145265
0.8677265625
145285
0.878168619792
145305
0.8672421875
145325
0.881052734375
145345
0.885043619792
145365
0.882139322917
145385
0.880603515625
145405
0.875302734375
145425
0.874795572917
145445
0.863811848958
145465
0.857442057292
145485
0.860675130208
145505
0.860181640625
145525
0.865182942708
145545
0.856133463542
145565
0.868239583333
145585
0.869268880208
145605
0.865348958333
145625
0.861826171875
145645
0.871977864583
145665
0.86915625
145685
0.876126302083
145705
0.878688802083
145725
0.8795234375
145745
0.879354166667
145765
0.876508463542
145785
0.88608203125
145805
0.88215625
145825
0.872673177083
145845
0.885370442708
145865
0.873817708333
145885
0.877778645833
145905
0.874160807292
145925
0.880054036458
145945
0.874735677083
145965
0.882974609375
145985
0.889924479167
146005
0.889762369792
146025
0.872914713542
146045
0.865370442708
146065
0.8745625
146085
0.874821614583
146105
0.869731770833
146125
0.868116536458
146145
0.860669270833
146165
0.865770833333
146185
0.870406901042
146205
0.86997265625
146225
0.873665364583
146245
0.865479817708
146265
0.875919921875
146285
0.882966796875
146305
0.888048177083
146325
0.894908854167
146345
0.89582421875
146365
0.89245703125
146385
0.900620442708
146405
0.901625651042
146425
0.900233072917
146445
0.899156901042
146465
0.885962890625
146485
0.881192057292
146505
0.881423828125
146525
0.8867578125
146545
0.891768880208
146565
0.891346354167
146585
0.888343098958
146605
0.88114453125
146625
0.881341796875
146645
0.881967447917
146665
0.886583333333
146685
0.889393880208
146705
0.878575520833
146725
0.8845625
146745
0.889458333333
146765
0.896530598958
146785
0.892061197917
146805
0.891968098958
146825
0.889196614583
146845
0.886684244792
146865
0.899432942708
146885
0.893624348958
146905
0.893647786458
146925
0.897354817708
146945
0.909853515625
146965
0.92373046875
146985
0.926120442708
147005
0.928270833333
147025
0.9265546875
147045
0.919962890625
147065
0.924991536458
147085
0.920681640625
147105
0.912361328125
147125
0.906602213542
147145
0.8908046875
147165
0.878061197917
147185
0.874391927083
147205
0.873642578125
147225
0.86476171875
147245
0.849268880208
147265
0.856943359375
147285
0.860712890625
147305
0.856873697917
147325
0.873514973958
147345
0.885552083333
147365
0.882346354167
147385
0.888897135417
147405
0.888842447917
147425
0.87908203125
147445
0.875445963542
147465
0.874328125
147485
0.88158984375
147505
0.872161458333
147525
0.8827109375
147545
0.89021875
147565
0.891061197917
147585
0.893671875
147605
0.898208333333
147625
0.902151041667
147645
0.90432421875
147665
0.910005208333
147685
0.918724609375
147705
0.911618489583
147725
0.902357421875
147745
0.9032734375
147765
0.898450520833
147785
0.884882161458
147805
0.885658203125
147825
0.882803385417
147845
0.860081380208
147865
0.853462239583
147885
0.855848307292
147905
0.859647135417
147925
0.860743489583
147945
0.860127604167
147965
0.862427734375
147985
0.859344401042
148005
0.86591796875
148025
0.874123046875
148045
0.875304036458
148065
0.877469401042
148085
0.879225911458
148105
0.877556640625
148125
0.882783203125
148145
0.89041796875
148165
0.892921223958
148185
0.896935546875
148205
0.896395182292
148225
0.895799479167
148245
0.889501302083
148265
0.89216015625
148285
0.895271484375
148305
0.885106770833
148325
0.88526171875
148345
0.887934895833
148365
0.885512369792
148385
0.885604817708
148405
0.884296875
148425
0.880805989583
148445
0.880098307292
148465
0.878627604167
148485
0.883540364583
148505
0.8650859375
148525
0.861383463542
148545
0.858227213542
148565
0.861578776042
148585
0.865626953125
148605
0.870639973958
148625
0.874166666667
148645
0.885938151042
148665
0.8847421875
148685
0.877466796875
148705
0.863774739583
148725
0.859225911458
148745
0.842395182292
148765
0.824287109375
148785
0.842680989583
148805
0.849658203125
148825
0.848714192708
148845
0.876328776042
148865
0.888072916667
148885
0.914798828125
148905
0.942776041667
148925
0.967043619792
148945
0.985217447917
148965
0.969306640625
148985
0.9618515625
149005
0.940251302083
149025
0.941107421875
149045
0.94675390625
149065
0.940322916667
149085
0.932059244792
149105
0.92556640625
149125
0.915205078125
149145
0.922945963542
149165
0.925251302083
149185
0.928192708333
149205
0.922658854167
149225
0.911602213542
149245
0.906081380208
149265
0.907114583333
149285
0.920587890625
149305
0.918275390625
149325
0.92960546875
149345
0.938546875
149365
0.941538411458
149385
0.952587239583
149405
0.962930338542
149425
0.961604166667
149445
0.958458333333
149465
0.949649088542
149485
0.957110677083
149505
0.94864453125
149525
0.939344401042
149545
0.935680989583
149565
0.929478515625
149585
0.901570963542
149605
0.872944010417
149625
0.85544921875
149645
0.833299479167
149665
0.840271484375
149685
0.853674479167
149705
0.866255208333
149725
0.862656901042
149745
0.894085286458
149765
0.916748046875
149785
0.947444010417
149805
0.986625651042
149825
1.0
149845
0.986265625
149865
0.972908203125
149885
0.97209765625
149905
0.972576171875
149925
0.97597265625
149945
1.0
149965
0.94947265625
149985
0.946979817708
150005
0.946678385417
150025
0.94632421875
150045
1.0
150065
1.0
150085
1.0
