131410
0.0688736979167
131430
0.129101061699
131450
0.134598524306
131470
0.136091412927
131490
0.117095853365
131510
0.0856749131944
131530
0.0978468883547
131550
0.0943047208868
131570
0.0724045138889
131590
0.0934568643162
131610
0.165611979167
131630
0.10664329594
131650
0.106647636218
131670
0.0901929754274
131690
0.138217481303
131710
0.128544003739
131730
0.118225661058
131750
0.0747334067842
131770
0.0878300280449
131790
0.120584435096
131810
0.0936256343483
131830
0.0805847689637
131850
0.0933261551816
131870
0.112634715545
131890
0.0953754340278
131910
0.0881037994124
131930
0.0823008480235
131950
0.0691033987714
131970
0.0711121127137
131990
0.0814286191239
132010
0.0681618923611
132030
0.140511985844
132050
0.0699136952457
132070
0.191578191774
132090
0.127587473291
132110
0.131671507746
132130
0.099793502938
132150
0.115963207799
132170
0.191994023771
132190
0.244432759081
132210
0.076543636485
132230
0.0718619791667
132250
0.0774382345085
132270
0.147864583333
132290
0.112109875801
132310
0.111625434028
132330
0.122452924679
132350
0.133119825053
132370
0.0984717214209
132390
0.14441005609
132410
0.125504807692
132430
0.0830517160791
132450
0.0807687299679
132470
0.152153946314
132490
0.0815014022436
132510
0.126266192575
132530
0.0904535590278
132550
0.101648303953
132570
0.119279680823
132590
0.138324485844
132610
0.102733707265
132630
0.112264122596
132650
0.0925183627137
132670
0.0767197516026
132690
0.139180856036
132710
0.141450153579
132730
0.143373230502
132750
0.133603766026
132770
0.108103131677
132790
0.109185864049
132810
0.0983683894231
132830
0.0631503739316
132850
0.111404580662
132870
0.0634645432692
132890
0.0652298677885
132910
0.0991040665064
132930
0.0730809294872
132950
0.0744783319979
132970
0.0738830462073
132990
0.185182959402
133010
0.115197649573
133030
0.151093583066
133050
0.147846888355
133070
0.0928577390491
133090
0.169150474092
133110
0.180349893162
133130
0.0692533052885
133150
0.0953690905449
133170
0.0853500600962
133190
0.0986476696047
133210
0.168263388088
133230
0.173905749199
133250
0.178501268697
133270
0.0845866720085
133290
0.0985303151709
133310
0.0986279714209
133330
0.103612780449
133350
0.118870359241
133370
0.101354500534
133390
0.107261952457
133410
0.0870671407585
133430
0.0679767628205
133450
0.125494457799
133470
0.133155882746
133490
0.120702958066
133510
0.142115384615
133530
0.143978031517
133550
0.143554520566
133570
0.148209468483
133590
0.11745960203
133610
0.112283653846
133630
0.116499065171
133650
0.119612880609
133670
0.060659889156
133690
0.053676048344
133710
0.0670748197115
133730
0.0874046808226
133750
0.110890591613
133770
0.130894264156
133790
0.135099325588
133810
0.124884982639
133830
0.124775307158
133850
0.111440137553
133870
0.0964938902244
133890
0.107519698184
133910
0.101432959402
133930
0.184480168269
133950
0.181257011218
133970
0.1795183961
133990
0.176258346688
134010
0.167835870726
134030
0.154089877137
134050
0.136508914263
134070
0.175050747863
134090
0.175332198184
134110
0.144939069177
134130
0.109543436165
134150
0.100021200588
134170
0.102476963141
134190
0.0892055622329
134210
0.079238948985
134230
0.0946021968483
134250
0.0702123397436
134270
0.0888311298077
134290
0.0725050080128
134310
0.082679286859
134330
0.113767861912
134350
0.0589940571581
134370
0.0681702390491
134390
0.0872120392628
134410
0.109172175481
134430
0.0687294671474
134450
0.0620866720085
134470
0.0638416466346
134490
0.0569616386218
134510
0.0544619724893
134530
0.0542070646368
134550
0.0541940438034
134570
0.0539130942842
134590
0.0535904113248
134610
0.0537875600962
134630
0.0538708600427
134650
0.0542008880876
134670
0.0539112580128
134690
0.0538656850962
134710
0.054249465812
134730
0.0537249599359
134750
0.054022769765
134770
0.0542003872863
134790
0.0542559762286
134810
0.0504936231303
134830
0.417738882212
134850
0.999829059829
134870
1.0
134890
1.0
134910
1.0
134930
0.994707365118
134950
0.978314135951
134970
0.96340377938
134990
0.953162893964
135010
0.936071881677
135030
0.926673344017
135050
0.914128104968
135070
0.896116953793
135090
0.886941439637
135110
0.866877504006
135130
0.859385182959
135150
0.859220753205
135170
0.848581063034
135190
0.849828058226
135210
0.851182224893
135230
0.839588174412
135250
0.840246227297
135270
0.831409421741
135290
0.82465377938
135310
0.831391893697
135330
0.822210536859
135350
0.838409622062
135370
0.833168736645
135390
0.838750500801
135410
0.839847088675
135430
0.83579944578
135450
0.841748464209
135470
0.862724692842
135490
0.874759949252
135510
0.897536224626
135530
0.910561732105
135550
0.907112379808
135570
0.920351729434
135590
0.932045940171
135610
0.949778311966
135630
0.970547041934
135650
0.983265057425
135670
0.983372896635
135690
0.983261885684
135710
0.982454427083
135730
0.981618088942
135750
0.997772936699
135770
0.985527844551
135790
0.985831830929
135810
0.973973691239
135830
0.9739324586
135850
0.960757378472
135870
0.961109107906
135890
0.961476696047
135910
0.960967548077
135930
0.960751201923
135950
0.967542067308
135970
0.963696581197
135990
0.964189202724
136010
0.976611578526
136030
0.976507745726
136050
0.987207698985
136070
0.978399439103
136090
0.979143462874
136110
0.97887119391
136130
0.978591746795
136150
0.988536825588
136170
0.977221554487
136190
0.977500834669
136210
0.977273137019
136230
0.976789529915
136250
0.985549379006
136270
0.973873197115
136290
0.965142227564
136310
0.965777744391
136330
0.966518763355
136350
0.969145132212
136370
0.975811798878
136390
0.963827624199
136410
0.963743489583
136430
0.963639656784
136450
0.961937767094
136470
0.979347622863
136490
0.972483473558
136510
0.970173944979
136530
0.971224125267
136550
0.970011017628
136570
0.985507478632
136590
0.965339376335
136610
0.944454961271
136630
0.931769330929
136650
0.931848958333
136670
0.94050113515
136690
0.948903745994
136710
0.937618189103
136730
0.922235743857
136750
0.889860944177
136770
0.889596688034
136790
0.886532618857
136810
0.893975193643
136830
0.873163227831
136850
0.862610176282
136870
0.835944344284
136890
0.819685663729
136910
0.819530081464
136930
0.821663161058
136950
0.827564937233
136970
0.816207765759
136990
0.814339610043
137010
0.83059261485
137030
0.835324185363
137050
0.841620259081
137070
0.84113548344
137090
0.847997796474
137110
0.852507512019
137130
0.847335403312
137150
0.86419788328
137170
0.875892928686
137190
0.880279447115
137210
0.8705340211
137230
0.862088675214
137250
0.869843082265
137270
0.869314569979
137290
0.861700888088
137310
0.864502203526
137330
0.864142461271
137350
0.846527944712
137370
0.835427183494
137390
0.848563201122
137410
0.852299178686
137430
0.853426148504
137450
0.859863782051
137470
0.862251101763
137490
0.8597394164
137510
0.851696047009
137530
0.859526075053
137550
0.872504674145
137570
0.871226963141
137590
0.862725026709
137610
0.856699552618
137630
0.867173143697
137650
0.849319577991
137670
0.844642761752
137690
0.860059261485
137710
0.865913461538
137730
0.864807859241
137750
0.854013922276
137770
0.859498364049
137790
0.870203325321
137810
0.866708900908
137830
0.868659188034
137850
0.870465411325
137870
0.857526709402
137890
0.862762252938
137910
0.849886985844
137930
0.861171040331
137950
0.854490017361
137970
0.851734441774
137990
0.853476395566
138010
0.850603298611
138030
0.855104667468
138050
0.864224759615
138070
0.845725661058
138090
0.841319110577
138110
0.846084568643
138130
0.864750434028
138150
0.867462106036
138170
0.850932658921
138190
0.840711972489
138210
0.82810146234
138230
0.830234208066
138250
0.832585803953
138270
0.844088207799
138290
0.845359408387
138310
0.838604600694
138330
0.826737947382
138350
0.834386351496
138370
0.836502236912
138390
0.840458733974
138410
0.855825988248
138430
0.856965811966
138450
0.854714877137
138470
0.851367688301
138490
0.85570579594
138510
0.8564324586
138530
0.848391259348
138550
0.844743589744
138570
0.857532552083
138590
0.866841780182
138610
0.853818108974
138630
0.8546875
138650
0.868198951656
138670
0.864775641026
138690
0.866131977831
138710
0.865208667201
138730
0.869607371795
138750
0.857264456464
138770
0.84150791266
138790
0.856063534989
138810
0.837513521635
138830
0.830656383547
138850
0.816141826923
138870
0.823689236111
138890
0.818232171474
138910
0.826509915865
138930
0.818327156784
138950
0.821192908654
138970
0.810383613782
138990
0.820663561699
139010
0.828727630876
139030
0.829744591346
139050
0.828568543002
139070
0.823461371528
139090
0.8295050414
139110
0.839306557158
139130
0.825488782051
139150
0.832820846688
139170
0.8263152711
139190
0.827959234776
139210
0.8252215211
139230
0.825694611378
139250
0.822577624199
139270
0.793384415064
139290
0.763624966613
139310
0.769871794872
139330
0.768620626335
139350
0.754676983173
139370
0.743945813301
139390
0.737274973291
139410
0.723389423077
139430
0.723860176282
139450
0.747932191506
139470
0.767499499199
139490
0.784685830662
139510
0.789800180288
139530
0.799855936165
139550
0.803769030449
139570
0.815498297276
139590
0.813233173077
139610
0.821522769765
139630
0.821835102831
139650
0.815265925481
139670
0.805766893697
139690
0.810500634348
139710
0.820901442308
139730
0.820134214744
139750
0.825498297276
139770
0.829622562767
139790
0.816008446848
139810
0.825989917201
139830
0.848793903579
139850
0.853801582532
139870
0.83779430422
139890
0.834069678152
139910
0.82456897703
139930
0.828601095085
139950
0.806378538996
139970
0.807483974359
139990
0.760739683494
140010
0.769366820246
140030
0.768890558226
140050
0.788474726229
140070
0.791274038462
140090
0.812939369658
140110
0.807581463675
140130
0.835383613782
140150
0.834916199252
140170
0.858975527511
140190
0.839136284722
140210
0.815202490652
140230
0.815914129274
140250
0.823501101763
140270
0.826615251068
140290
0.824561131143
140310
0.816659154647
140330
0.826032318376
140350
0.837872930021
140370
0.847845886752
140390
0.853193442842
140410
0.884976128472
140430
0.866720753205
140450
0.857840211004
140470
0.872694477831
140490
0.8409637086
140510
0.801305755876
140530
0.774123430823
140550
0.753219818376
140570
0.765388287927
140590
0.752281650641
140610
0.756219117254
140630
0.778894731571
140650
0.789185530182
140670
0.83363147703
140690
0.884029614049
140710
0.932005208333
140730
0.999880642361
140750
1.0
140770
1.0
140790
0.236829093216
140810
0.246187566774
140830
0.238713942308
140850
0.233110643697
140870
0.239898504274
140890
0.230078125
140910
0.241423778045
140930
1.0
140950
1.0
140970
1.0
140990
1.0
