152553
0.851329880618
152573
0.916042446941
152593
0.966406737672
152613
0.982386274969
152633
0.983134850968
152653
0.975147276841
152673
0.965467482054
152693
0.95301332319
152713
0.941926595662
152733
0.932881749376
152753
0.922399734707
152773
0.913630422909
152793
0.897691850031
152813
0.894874570849
152833
0.894235233302
152853
0.895341272628
152873
0.890580621879
152893
0.889276100187
152913
0.895672889357
152933
0.896562890137
152953
0.89677795334
152973
0.89715394819
152993
0.89841701779
153013
0.898608185081
153033
0.905345856742
153053
0.905587254213
153073
0.90478454666
153093
0.898525280899
153113
0.895684105805
153133
0.890168539326
153153
0.890129037921
153173
0.889623810081
153193
0.885772666979
153213
0.884584698814
153233
0.89138869382
153253
0.8771028402
153273
0.866626189919
153293
0.86130179073
153313
0.85025846598
153333
0.833435744382
153353
0.818272081773
153373
0.805696004994
153393
0.786286672909
153413
0.782908083645
153433
0.803447350968
153453
0.822937636548
153473
0.833498654026
153493
0.851260143571
153513
0.871256144663
153533
0.885424469413
153553
0.899138771848
153573
0.903218632959
153593
0.900865617197
153613
0.896312714576
153633
0.891209718321
153653
0.890679131554
153673
0.88773798377
153693
0.888602137953
153713
0.883642517166
153733
0.887307857366
153753
0.899851260144
153773
0.915374336767
153793
0.897938611891
153813
0.894466389669
153833
0.895851864856
153853
0.899683013421
153873
0.898995884051
153893
0.88453056726
153913
0.879915730337
153933
0.872990305087
153953
0.877594413233
153973
0.887745786517
153993
0.896968145287
154013
0.890275827091
154033
0.893591994382
154053
0.893343281835
154073
0.906379720662
154093
0.909980200531
154113
0.916270677278
154133
0.910348880306
154153
0.909350128745
154173
0.908067064607
154193
0.896714556024
154213
0.89007295568
154233
0.893836805556
154253
0.889716955368
154273
0.897795724095
154293
0.878676068976
154313
0.874975616417
154333
0.870310549313
154353
0.874570848939
154373
0.897585049938
154393
0.906239758895
154413
0.902274988296
154433
0.902838736735
154453
0.885713658708
154473
0.879674820537
154493
0.885687324438
154513
0.892440601592
154533
0.882450647628
154553
0.870860642946
154573
0.870165223159
154593
0.87320536829
154613
0.874320185705
154633
0.889398993446
154653
0.90806803995
154673
0.90404133505
154693
0.896524364076
154713
0.895898193664
154733
0.905495571941
154753
0.902962605337
154773
0.904103269351
154793
0.900227742665
154813
0.899079763577
154833
0.903869674625
154853
0.910216233614
154873
0.910624414794
154893
0.905501424001
154913
0.884990441635
154933
0.874418207709
154953
0.875929014513
154973
0.866373575999
154993
0.871541432584
155013
0.867349406991
155033
0.875790515762
155053
0.889795958177
155073
0.877706577715
155093
0.89713053995
155113
0.895809925094
155133
0.883043168695
155153
0.890599153402
155173
0.888370981586
155193
0.890688397316
155213
0.890979537297
155233
0.881636723627
155253
0.895792856586
155273
0.893948482366
155293
0.900104361735
155313
0.916655450218
155333
0.901402543695
155353
0.892568371567
155373
0.883901958489
155393
0.880103483926
155413
0.879539247815
155433
0.874377730961
155453
0.862524383583
155473
0.849468925562
155493
0.834294534176
155513
0.831084679307
155533
0.840720583645
155553
0.84349446005
155573
0.841783220194
155593
0.826062636548
155613
0.813451935081
155633
0.821197624064
155653
0.840875175562
155673
0.852335947253
155693
0.860396672129
155713
0.844982833958
155733
0.830276119694
155753
0.839005930087
155773
0.861113549469
155793
0.877563689919
155813
0.889381437266
155833
0.889336083801
155853
0.890600616417
155873
0.901855590668
155893
0.911094530275
155913
0.906296328808
155933
0.911215472846
155953
0.905065445537
155973
0.884316967072
155993
0.863640176342
156013
0.853135241105
156033
0.850477918227
156053
0.840264122971
156073
0.846737476592
156093
0.86338707475
156113
0.85976269897
156133
0.857361891386
156153
0.862459035581
156173
0.872035443976
156193
0.876091409176
156213
0.877230122503
156233
0.881986871879
156253
0.885951642478
156273
0.884337936954
156293
0.884366709582
156313
0.88231897628
156333
0.896692123127
156353
0.887592657615
156373
0.890613783552
156393
0.893395950375
156413
0.89675161907
156433
0.890677180868
156453
0.873785697566
156473
0.864087371255
156493
0.848297538233
156513
0.831114427278
156533
0.827135514201
156553
0.818746098627
156573
0.793057018571
156593
0.781016892946
156613
0.781798142946
156633
0.805594081617
156653
0.816231175874
156673
0.831909819757
156693
0.844241085362
156713
0.862404904026
156733
0.873879330524
156753
0.880010338639
156773
0.899515742041
156793
0.899106585518
156813
0.90236715824
156833
0.896873049313
156853
0.899033434769
156873
0.896894506866
156893
0.893401802434
156913
0.893148700843
156933
0.89907196083
156953
0.900327715356
156973
0.905412667759
156993
0.904908902934
157013
0.910756086142
157033
0.924689840824
157053
0.924874180712
157073
0.930540925406
157093
0.93135289872
157113
0.937426361579
157133
0.937829178371
157153
0.932505266854
157173
0.92356380696
157193
0.923900788077
157213
0.911730941792
157233
0.91131349485
157253
0.915535268414
157273
0.924091467697
157293
0.917685900437
157313
0.909533980961
157333
0.916995845037
157353
0.923003959894
157373
0.92264454588
157393
0.92229195927
157413
0.929086688514
157433
0.913556784488
157453
0.912983770287
157473
0.917973139045
157493
0.921870610955
157513
0.922529455368
157533
0.92653616573
157553
0.926167973627
157573
0.931366065855
157593
0.924679599719
157613
0.940426517634
157633
0.932911497347
157653
0.925515956617
157673
0.92147852294
157693
0.917913643102
157713
0.91226201623
157733
0.907121956929
157753
0.907421875
157773
0.914714029338
157793
0.90155372191
157813
0.901243075062
157833
0.902959191635
157853
0.896175191167
157873
0.892100206773
157893
0.896319054307
157913
0.894634636392
157933
0.89478386392
157953
0.898630130306
157973
0.909298923221
157993
0.914610155275
158013
0.922890820069
158033
0.933799547441
158053
0.934438884988
158073
0.930773544788
158093
0.928726299157
158113
0.931222690387
158133
0.925644701935
158153
0.923641834426
158173
0.922760611735
158193
0.922254408552
158213
0.922584562266
158233
0.919685841916
158253
0.917341604245
158273
0.928096715044
158293
0.909922655275
158313
0.894535639045
158333
0.896333684457
158353
0.897705017166
158373
0.889040554775
158393
0.886077949438
158413
0.87763440231
158433
0.863172011548
158453
0.849024656679
158473
0.842806355337
158493
0.853574145599
158513
0.854642146536
158533
0.851539579432
158553
0.833575706149
158573
0.830720388577
158593
0.821034741729
158613
0.818762191792
158633
0.832437968165
158653
0.844079178371
158673
0.851451798533
158693
0.841278967697
158713
0.850207748127
158733
0.852514922753
158753
0.864210264513
158773
0.886586103308
158793
0.901962390762
158813
0.899708372347
158833
0.88683335284
158853
0.882851513733
158873
0.879041822722
158893
0.866604244694
158913
0.88582582319
158933
0.890847865949
158953
0.882825179463
158973
0.889719393727
158993
0.887747249532
159013
0.902467618602
159033
0.912321999844
159053
0.904283220194
159073
0.92122590902
159093
0.904794300094
159113
0.887682389201
159133
0.876993601748
159153
0.875029747971
159173
0.884263810861
159193
0.8830826701
159213
0.877402270599
159233
0.883857092697
159253
0.881644038702
159273
0.905444366417
159293
0.918418870943
159313
0.927860194288
159333
0.914573092228
159353
0.908914637953
159373
0.910720973783
159393
0.907784215044
159413
0.911799703496
159433
0.910973100031
159453
0.906314372659
159473
0.907160970662
159493
0.906989797909
159513
0.919245962079
159533
0.927322292447
159553
0.925368192104
159573
0.928095252029
159593
0.928980863764
159613
0.920120845037
159633
0.924161692416
159653
0.923515527466
159673
0.923068332553
159693
0.921257607678
159713
0.92124053917
159733
0.927003842853
159753
0.93241894897
159773
0.929198365325
159793
0.924350421348
159813
0.923453593165
159833
0.921208840512
159853
0.916258485487
159873
0.911946004994
159893
0.912253725811
159913
0.906312909644
159933
0.897876677591
159953
0.892925834894
159973
0.904087176186
159993
0.889989563826
160013
0.889427766074
160033
0.891898798377
160053
0.895713853777
160073
0.899309456929
160093
0.899617177747
160113
0.898262913546
160133
0.897441186798
160153
0.898258036829
160173
0.920016483302
160193
0.933703963795
160213
0.934722709894
160233
0.92932906133
160253
0.926273310705
160273
0.927971871099
160293
0.926597124688
160313
0.932441381866
160333
0.932958801498
160353
0.925285775593
160373
0.915386040886
160393
0.911297889357
160413
0.919953085986
160433
0.921261996723
160453
0.917450355025
160473
0.929804541199
160493
0.932399929775
160513
0.921586298377
160533
0.923461395911
160553
0.931694268883
160573
0.938343184301
160593
0.934020950375
160613
0.925980707709
160633
0.925587644351
160653
0.91513732834
160673
0.906348509675
160693
0.914416549625
160713
0.915120259831
160733
0.907738373908
160753
0.898906640137
160773
0.910031893727
160793
0.912458547909
160813
0.91119303995
160833
0.921461454432
160853
0.919904806492
160873
0.915396769663
160893
0.917183598627
160913
0.924631320225
160933
0.931327539794
160953
0.928371274189
160973
0.922505559457
160993
0.929139357054
161013
0.926287453184
161033
0.927501755618
161053
0.92979332475
161073
0.926145053059
161093
0.9277636353
161113
0.932614017634
161133
0.922244167447
161153
0.914490188046
161173
0.907002477372
161193
0.907316537921
161213
0.910532732522
161233
0.911264240012
161253
0.908469881398
161273
0.913759168227
161293
0.903660951155
161313
0.909025827091
161333
0.922763050094
161353
0.930232229245
161373
0.931706948346
161393
0.931207084894
161413
0.925677375936
161433
0.916113159332
161453
0.922384616885
161473
0.913571414638
161493
0.91089946161
161513
0.912521457553
161533
0.911934300874
161553
0.912570224719
161573
0.920575842697
161593
0.916139493602
161613
0.921337098159
161633
0.922758173377
161653
0.927623185861
161673
0.932439918851
161693
0.931357287765
161713
0.922048123439
161733
0.920931355337
161753
0.916096090824
161773
0.926602976748
161793
0.929355395599
161813
0.916263849875
161833
0.924446980337
161853
0.928967696629
161873
0.920130110799
161893
0.928165964419
161913
0.923256573814
161933
0.921505832553
161953
0.926620532928
161973
0.932091721286
161993
0.948034683208
162013
0.948126365481
162033
0.949889298533
162053
0.963791842228
162073
0.974970252029
162093
0.983657147316
162113
0.988826466916
162133
0.999357736423
