173127
0.104385435815
173147
0.0895522173713
173167
0.0999229281556
173187
0.153094362745
173207
0.12472187117
173227
0.0927973728554
173247
0.0365401922488
173267
0.0349527994792
173287
0.0413349226409
173307
0.0561887254902
173327
0.0671468098958
173347
0.0448103362439
173367
0.062713024663
173387
0.0750679764093
173407
0.0858503753064
173427
0.100701305913
173447
0.0984992532169
173467
0.0871960209865
173487
0.0344908471201
173507
0.0827943091299
173527
0.0641486672794
173547
0.0884219898897
173567
0.123721852022
173587
0.146670592065
173607
0.168806966146
173627
0.211283126532
173647
0.22101093367
173667
0.215051987592
173687
0.203725298713
173707
0.193183210784
173727
0.195232077206
173747
0.18675513174
173767
0.22249396829
173787
0.389987362132
173807
0.951711377911
173827
1.0
173847
1.0
173867
0.964790613511
173887
0.964809283088
173907
0.965113740809
173927
0.949234547335
173947
0.948897058824
173967
0.948750574449
173987
0.919785443474
174007
0.92005256204
174027
0.91745892693
174047
1.0
174067
0.888182157629
174087
0.886735983456
174107
0.885951861213
174127
0.95091193704
174147
0.95134564568
174167
0.950522748162
174187
0.951167566636
174207
0.949811868107
174227
0.949393956801
174247
1.0
174267
0.968615004596
174287
0.969149241728
174307
1.0
174327
0.953172392004
174347
0.953001493566
174367
0.952470128676
174387
0.949711339614
174407
0.949590705423
174427
0.949431295956
174447
0.938959099265
174467
0.937280273437
174487
0.937089269301
174507
1.0
174527
0.964414349724
174547
0.964375574449
174567
1.0
174587
0.980256204044
174607
0.980361040901
174627
0.980220301011
174647
0.980865119485
174667
0.980847886029
174687
0.980912511489
174707
0.957690429687
174727
0.957543945312
174747
0.957298368566
174767
0.957421875
174787
0.961137120864
174807
0.961266371783
174827
0.961266371783
174847
0.975262810202
174867
0.97527142693
174887
0.975346105239
174907
1.0
174927
0.926479204963
174947
0.925887522978
174967
0.925338924632
174987
0.938844209559
175007
0.938210880055
175027
0.93740234375
175047
0.970671530331
175067
0.970348403033
175087
0.970760569853
175107
1.0
175127
0.998931525735
175147
0.986448759191
175167
0.974303481158
175187
0.963957663143
175207
0.945164579504
175227
0.931337603401
175247
0.921210075827
175267
0.908546357996
175287
0.895506376379
175307
0.898194795496
175327
0.901743451287
175347
0.900527056526
175367
0.906349092371
175387
0.905353860294
175407
0.902230296415
175427
0.905840705423
175447
0.903554400276
175467
0.903739659926
175487
0.905101102941
175507
0.900035903033
175527
0.904551068474
175547
0.89758013557
175567
0.90060747932
175587
0.908475988051
175607
0.906837373621
175627
0.905440027574
175647
0.904120232077
175667
0.905184397978
175687
0.898473403033
175707
0.903604664522
175727
0.895892693015
175747
0.888661822151
175767
0.887421013327
175787
0.894300034467
175807
0.898391544118
175827
0.903531422335
175847
0.919818474265
175867
0.930682732077
175887
0.939833697151
175907
0.952312155331
175927
0.950667796415
175947
0.960028435202
175967
0.963852826287
175987
0.972031537224
176007
0.960097369026
176027
0.950450942096
176047
0.949645278033
176067
0.935561236213
176087
0.936441578585
176107
0.926599839154
176127
0.926566808364
176147
0.905339499081
176167
0.901694623162
176187
0.897883157169
176207
0.900880342371
176227
0.896487247243
176247
0.89421673943
176267
0.889776252298
176287
0.884344841452
176307
0.882314165901
176327
0.876528033088
176347
0.873400160846
176367
0.878456744026
176387
0.881176757813
176407
0.882513786765
176427
0.883079618566
176447
0.885305606618
176467
0.890133846507
176487
0.88701171875
176507
0.889197495404
176527
0.885913085937
176547
0.885051413143
176567
0.863857134651
176587
0.877259018842
176607
0.873444680607
176627
0.878015854779
176647
0.877401194853
176667
0.877333697151
176687
0.875303021599
176707
0.878326056985
176727
0.886455939798
176747
0.880188706342
176767
0.890316233915
176787
0.881741153493
176807
0.895255055147
176827
0.884462603401
176847
0.884610523897
176867
0.886457375919
176887
0.892078354779
176907
0.89280646829
176927
0.894831399357
176947
0.902648207721
176967
0.900277171415
176987
0.916432100184
177007
0.913618738511
177027
0.921121036305
177047
0.909777113971
177067
0.908198816636
177087
0.902205882353
177107
0.898055491728
177127
0.898012408088
177147
0.897226849724
177167
0.889430147059
177187
0.897659122243
177207
0.901171875
177227
0.904605641085
177247
0.912125172335
177267
0.906354836857
177287
0.908104032629
177307
0.906153779871
177327
0.89983771829
177347
0.901042624081
177367
0.896198586857
177387
0.891149184283
177407
0.867856732537
177427
0.865079273897
177447
0.859026022518
177467
0.852304974724
177487
0.851457663143
177507
0.848405905331
177527
0.856475471048
177547
0.859433880974
177567
0.869630342371
177587
0.882543945313
177607
0.892151596967
177627
0.897672047335
177647
0.901470588235
177667
0.894712201287
177687
0.894177964154
177707
0.903214039522
177727
0.910197897518
177747
0.902635282629
177767
0.89820915671
177787
0.895466164982
177807
0.90185546875
177827
0.899102424173
177847
0.894538430607
177867
0.890681008732
177887
0.895704561121
177907
0.889731732537
177927
0.883869485294
177947
0.885052849265
177967
0.885953297335
177987
0.888511029412
178007
0.897419289982
178027
0.900784122243
178047
0.89734173943
178067
0.901196289063
178087
0.911389878217
178107
0.922650505515
178127
0.92356818704
178147
0.917267922794
178167
0.916294232537
178187
0.919706456801
178207
0.91980267693
178227
0.924915268842
178247
0.92599810432
178267
0.914356904871
178287
0.91986730239
178307
0.929457720588
178327
0.92555290671
178347
0.933589441636
178367
0.931400792739
178387
0.92939453125
178407
0.919896024816
178427
0.922860179228
178447
0.919268439798
178467
0.901891371783
178487
0.904887120864
178507
0.880497472426
178527
0.854146082261
178547
0.866017061121
178567
0.866361730239
178587
0.865413890165
178607
0.860095932904
178627
0.859725413603
178647
0.858397001379
178667
0.878926355699
178687
0.889655618107
178707
0.887703929228
178727
0.879328469669
178747
0.882174862132
178767
0.876573988971
178787
0.892355526195
178807
0.896547564338
178827
0.89457433364
178847
0.907532456342
178867
0.899248908548
178887
0.899426987592
178907
0.902240349265
178927
0.902468692555
178947
0.892384248621
178967
0.888567038143
178987
0.890110868566
179007
0.877819106158
179027
0.885691923254
179047
0.882788085938
179067
0.877065142463
179087
0.882686121324
179107
0.877237477022
179127
0.883629653033
179147
0.884420955882
179167
0.883758903952
179187
0.877338005515
179207
0.892575252757
179227
0.896669634651
179247
0.895049689798
179267
0.901246553309
179287
0.897898954504
179307
0.905233226103
179327
0.899174230239
179347
0.883417107077
179367
0.873055491728
179387
0.869435029871
179407
0.875739602482
179427
0.871682559743
179447
0.858171530331
179467
0.873269473805
179487
0.874943991268
179507
0.886379825368
179527
0.900087603401
179547
0.892649931066
179567
0.877770278033
179587
0.878338982077
179607
0.878234145221
179627
0.882299804688
179647
0.880757410386
179667
0.885584214154
179687
0.904813878676
179707
0.903170955882
179727
0.903139361213
179747
0.908751723346
179767
0.918214326746
179787
0.911863798254
179807
0.913466509651
179827
0.921928136489
179847
0.90679285386
179867
0.915910788143
179887
0.925035903033
179907
0.931025965074
179927
0.918639418658
179947
0.911526309743
179967
0.910100241268
179987
0.907351505055
180007
0.902872242647
180027
0.897412109375
180047
0.905312212776
180067
0.903716681985
180087
0.902394014246
180107
0.900011488971
180127
0.900077550551
180147
0.887161075368
180167
0.895295266544
180187
0.890910788143
180207
0.881722483915
180227
0.882341452206
180247
0.884953756893
180267
0.899230238971
180287
0.908995863971
180307
0.92072466682
180327
0.917232019761
180347
0.918281824449
180367
0.92670323989
180387
0.922269933364
180407
0.923291015625
180427
0.915057732077
180447
0.913928940717
180467
0.913782456342
180487
0.913062959559
180507
0.915491440717
180527
0.903850241268
180547
0.917178883272
180567
0.902978515625
180587
0.907440544577
180607
0.902643899357
180627
0.907902975643
180647
0.903323184743
180667
0.902147001379
180687
0.906821576287
180707
0.905020680147
180727
0.902684110754
180747
0.907707663143
180767
0.894057329963
180787
0.887969611673
180807
0.896122472426
180827
0.899491613051
180847
0.893046300551
180867
0.893712660846
180887
0.902237477022
180907
0.894788315717
180927
0.905033605239
180947
0.915037626379
180967
0.920145909926
180987
0.909866153493
181007
0.919506835938
181027
0.926079963235
181047
0.912479894301
181067
0.90732421875
181087
0.90257209329
181107
0.899085190717
181127
0.883707203585
181147
0.878565889246
181167
0.875774069393
181187
0.869763901654
181207
0.873100011489
181227
0.868734202665
181247
0.876813821232
181267
0.873151711857
181287
0.874629480699
181307
0.893839039522
181327
0.895668658088
181347
0.900185259651
181367
0.917644186581
181387
0.919456571691
181407
0.911158662684
181427
0.921085133272
181447
0.919397690717
181467
0.915164005055
181487
0.91723058364
181507
0.923869772518
181527
0.914045266544
181547
0.914654181985
181567
0.918050608915
181587
0.909590418199
181607
0.916923253676
181627
0.90766027114
181647
0.908286420037
181667
0.901978975184
181687
0.892250689338
181707
0.901184800092
181727
0.909695255055
181747
0.915652286305
181767
0.923226390165
181787
0.922445140165
181807
0.923398724724
181827
0.909284524357
181847
0.917634133732
181867
0.912363568474
181887
0.911221852022
181907
0.907546817555
181927
0.877839211857
181947
0.877118278952
181967
0.860938936121
181987
0.856535788143
182007
0.84775390625
182027
0.847867359835
182047
0.849879365809
182067
0.855590820312
182087
0.867430204504
182107
0.882892922794
182127
0.918112362132
182147
0.939770507813
182167
0.941624540441
182187
0.948016716452
182207
0.965456973805
182227
0.971455652574
182247
0.983131318934
182267
0.967682961857
182287
0.965020392923
182307
0.964592428768
182327
0.975506950827
182347
0.979986213235
182367
0.97366584329
182387
0.964183134191
182407
0.964710190717
182427
0.982141831342
182447
0.983639705882
182467
0.983662683824
182487
0.983490349265
182507
0.983460190717
182527
0.988913143382
182547
0.999917662377
182567
0.861486098346
182587
0.858390778186
182607
0.859446327359
182627
0.857880955116
182647
0.858236634498
182667
0.999471507353
182687
1.0
182707
1.0
