119885
0.149685329861
119905
0.304674117477
119925
0.323454137731
119945
0.126910445602
119965
0.400248480903
119985
1.0
120005
1.0
120025
0.290241608796
120045
0.331966869213
120065
0.99996129919
120085
1.0
120105
0.522555338542
120125
0.311740813079
120145
0.105362051505
120165
0.264541739005
120185
1.0
120205
1.0
120225
1.0
120245
1.0
120265
0.996125940394
120285
0.126770109954
120305
0.175545428241
120325
0.111415653935
120345
0.312358217593
120365
0.0659461805556
120385
0.12451135706
120405
0.115673104745
120425
0.316748408565
120445
0.154654947917
120465
0.125326244213
120485
0.08705078125
120505
0.147673611111
120525
0.267370153356
120545
0.297185691551
120565
0.34826135706
120585
0.177703631366
120605
0.179071903935
120625
0.203323567708
120645
0.170652850116
120665
0.174292173032
120685
0.157770182292
120705
0.309326171875
120725
0.424699797454
120745
0.151011646412
120765
0.150075593171
120785
0.0711798321759
120805
0.274117476852
120825
0.139127604167
120845
0.17650390625
120865
0.144770688657
120885
0.137934027778
120905
0.131388888889
120925
0.130753761574
120945
0.230167100694
120965
0.148907696759
120985
0.200738932292
121005
0.282733289931
121025
0.338374565972
121045
0.231022135417
121065
0.194286024306
121085
0.239919343171
121105
0.227855902778
121125
0.173199508102
121145
0.0692957899306
121165
0.17574254919
121185
0.181514756944
121205
0.199597439236
121225
0.197057291667
121245
0.199504484954
121265
0.17421875
121285
0.176568648727
121305
0.195025679977
121325
0.147462384259
121345
0.151970124421
121365
0.177172670718
121385
0.181619646991
121405
0.214177517361
121425
0.323499348958
121445
0.316946976273
121465
0.315904947917
121485
0.176122685185
121505
0.203605685764
121525
0.212879774306
121545
0.180602213542
121565
0.176313295718
121585
0.240529875579
121605
0.319389829282
121625
0.173837167245
121645
0.27156286169
121665
0.294543909144
121685
0.244897641782
121705
0.281182725694
121725
0.237134693287
121745
0.0668836805556
121765
0.0741467737269
121785
0.242858434606
121805
0.282455150463
121825
0.187755353009
121845
0.205055338542
121865
0.351800491898
121885
0.354857132523
121905
0.315170355903
121925
0.633110532407
121945
0.413287760417
121965
0.353831018519
121985
0.433545283565
122005
0.413663917824
122025
0.304420211227
122045
0.319548611111
122065
0.345464409722
122085
0.20326208044
122105
0.205099103009
122125
0.63734302662
122145
1.0
122165
1.0
122185
1.0
122205
1.0
122225
1.0
122245
1.0
122265
0.991754557292
122285
0.990954861111
122305
0.990456814236
122325
0.989916811343
122345
0.990402199074
122365
1.0
122385
0.983854166667
122405
0.982670355903
122425
0.981728877315
122445
0.981207320602
122465
0.980077039931
122485
0.981935763889
122505
1.0
122525
0.980037254051
122545
0.978655960648
122565
0.97726490162
122585
0.976183810764
122605
0.975600766782
122625
1.0
122645
0.987115523727
122665
0.986198640046
122685
0.985735677083
122705
0.984854600694
122725
0.986004774306
122745
1.0
122765
0.982115162037
122785
0.981375506366
122805
0.979734519676
122825
0.979034649884
122845
0.978143446181
122865
0.985240885417
122885
0.98011682581
122905
0.977887731481
122925
0.976673900463
122945
0.975470920139
122965
0.974358000579
122985
0.974192346644
123005
1.0
123025
0.996007667824
123045
0.995615957755
123065
0.995457175926
123085
0.995228949653
123105
1.0
123125
0.993149594907
123145
0.992744502315
123165
0.992138671875
123185
0.991842086227
123205
0.991846788194
123225
1.0
123245
0.994711733218
123265
0.994389467593
123285
0.994182942708
123305
0.993836082176
123325
0.995327329282
123345
0.982601273148
123365
0.981008391204
123385
0.979757306134
123405
0.978684895833
123425
0.977353877315
123445
0.977527850116
123465
1.0
123485
0.977059100116
123505
0.974468677662
123525
0.973100766782
123545
0.971584563079
123565
0.970413049769
123585
0.973892505787
123605
1.0
123625
0.990549406829
123645
0.990050998264
123665
0.989672670718
123685
0.989224898727
123705
1.0
123725
0.995133463542
123745
0.994772135417
123765
0.994606843171
123785
0.994373191551
123805
0.994900896991
123825
1.0
123845
0.989476273148
123865
0.988693214699
123885
0.987946325231
123905
0.987985387731
123925
1.0
123945
0.991013093171
123965
0.990614872685
123985
0.990152994792
124005
0.989796006944
124025
0.991400462963
124045
0.992561125579
124065
0.992143012153
124085
0.991644241898
124105
0.991454716435
124125
0.991259403935
124145
1.0
124165
0.991696686921
124185
0.991282913773
124205
0.991124131944
124225
0.99052770544
124245
0.99310474537
124265
0.990447048611
124285
0.989881365741
124305
0.989373553241
124325
0.988865740741
124345
0.989154007523
124365
1.0
124385
0.990240885417
124405
0.989611545139
124425
0.989259620949
124445
0.98865198206
124465
0.989522207755
124485
1.0
124505
0.997278645833
124525
0.993681640625
124545
0.98984411169
124565
0.986825448495
124585
0.984012586806
124605
0.979518590856
124625
0.975465856481
124645
0.970322989005
124665
0.966651837384
124685
0.964350043403
124705
0.956244212963
124725
0.950849971065
124745
0.944947554977
124765
0.939216579861
124785
0.934954065394
124805
0.929115306713
124825
0.928899739583
124845
0.925383029514
124865
0.918883101852
124885
0.920984157986
124905
0.909107349537
124925
0.903832826968
124945
0.901837745949
124965
0.901045283565
124985
0.898330078125
125005
0.894858217593
125025
0.895653211806
125045
0.898588324653
125065
0.904276258681
125085
0.899171006944
125105
0.900942925347
125125
0.910495515046
125145
0.90669885706
125165
0.901844256366
125185
0.896868489583
125205
0.89173900463
125225
0.900074508102
125245
0.904182581019
125265
0.904100477431
125285
0.90361255787
125305
0.901456524884
125325
0.898354311343
125345
0.898492838542
125365
0.899811559606
125385
0.911630135995
125405
0.90193359375
125425
0.904657479745
125445
0.902439597801
125465
0.897231626157
125485
0.892218967014
125505
0.894967809606
125525
0.884373191551
125545
0.891158854167
125565
0.884962022569
125585
0.890146484375
125605
0.892411024306
125625
0.90138635706
125645
0.903226273148
125665
0.894236111111
125685
0.899799985532
125705
0.896078197338
125725
0.893446180556
125745
0.893045789931
125765
0.891672815394
125785
0.897614293981
125805
0.907509042245
125825
0.906428313079
125845
0.908723958333
125865
0.90708948206
125885
0.915912543403
125905
0.915629340278
125925
0.916587094907
125945
0.922328920718
125965
0.925428240741
125985
0.924759476273
126005
0.923972439236
126025
0.926390335648
126045
0.921270616319
126065
0.921323061343
126085
0.920180844907
126105
0.922509403935
126125
0.92234302662
126145
0.920984881366
126165
0.910580150463
126185
0.909563802083
126205
0.91037181713
126225
0.91345703125
126245
0.912895688657
126265
0.922723524306
126285
0.919986979167
126305
0.912483362269
126325
0.919927662037
126345
0.919774305556
126365
0.920223885995
126385
0.930461154514
126405
0.925223885995
126425
0.922276837384
126445
0.922140842014
126465
0.916930700231
126485
0.907965856481
126505
0.903108723958
126525
0.905377604167
126545
0.909333405671
126565
0.907020760995
126585
0.906808087384
126605
0.90472692419
126625
0.921520182292
126645
0.925073061343
126665
0.923992332176
126685
0.922691695602
126705
0.921200448495
126725
0.923787254051
126745
0.918079065394
126765
0.925685763889
126785
0.925533130787
126805
0.927111906829
126825
0.926228298611
126845
0.921273871528
126865
0.912998046875
126885
0.917294921875
126905
0.91695240162
126925
0.922340133102
126945
0.925220630787
126965
0.930896990741
126985
0.934789134838
127005
0.933306929977
127025
0.929008608218
127045
0.931039134838
127065
0.934071180556
127085
0.943011429398
127105
0.939517867477
127125
0.937667462384
127145
0.936440972222
127165
0.931006582755
127185
0.93123046875
127205
0.925380135995
127225
0.923361183449
127245
0.916588903356
127265
0.918962673611
127285
0.912420428241
127305
0.909172453704
127325
0.909671585648
127345
0.912778139468
127365
0.918499710648
127385
0.917911964699
127405
0.920193142361
127425
0.919475911458
127445
0.918451244213
127465
0.923134403935
127485
0.929090711806
127505
0.929936704282
127525
0.936584563079
127545
0.935096209491
127565
0.930437282986
127585
0.932983940972
127605
0.933377821181
127625
0.937466724537
127645
0.933107638889
127665
0.928505859375
127685
0.93072301794
127705
0.924314597801
127725
0.926092303241
127745
0.926675347222
127765
0.922970920139
127785
0.925784505208
127805
0.929575737847
127825
0.930755570023
127845
0.925707465278
127865
0.91937572338
127885
0.920769314236
127905
0.916301359954
127925
0.916985677083
127945
0.924108796296
127965
0.925574725116
127985
0.924727647569
128005
0.921107494213
128025
0.916684027778
128045
0.920484302662
128065
0.924893301505
128085
0.933187934028
128105
0.941317274306
128125
0.945597873264
128145
0.946804108796
128165
0.943131148727
128185
0.941184172454
128205
0.941595413773
128225
0.943475477431
128245
0.951056857639
128265
0.950707103588
128285
0.946469184028
128305
0.945204354745
128325
0.942100694444
128345
0.943285951968
128365
0.945215928819
128385
0.941650752315
128405
0.941793981481
128425
0.942686270255
128445
0.941486906829
128465
0.938583260995
128485
0.937199074074
128505
0.939126880787
128525
0.934712818287
128545
0.94193323206
128565
0.935265842014
128585
0.931158130787
128605
0.923141999421
128625
0.920151909722
128645
0.914205729167
128665
0.910714337384
128685
0.910617766204
128705
0.910793185764
128725
0.903773509838
128745
0.902156032986
128765
0.902333260995
128785
0.902692780671
128805
0.904954427083
128825
0.911402633102
128845
0.923269314236
128865
0.931683666088
128885
0.938855975116
128905
0.93199146412
128925
0.927399450231
128945
0.933836082176
128965
0.940554108796
128985
0.935372902199
129005
0.939990957755
129025
0.933009982639
129045
0.937917751736
129065
0.936916956019
129085
0.93880823206
129105
0.928523220486
129125
0.915406177662
129145
0.923452690972
129165
0.924174623843
129185
0.930584490741
129205
0.931238064236
129225
0.937820457176
129245
0.944618417245
129265
0.950774739583
129285
0.955506727431
129305
0.958286313657
129325
0.966722005208
129345
0.974251663773
129365
0.991001157407
129385
0.993717447917
129405
0.995453920718
129425
0.998531901042
129445
1.0
129465
1.0
