158047
0.99549527392
158067
0.995403645833
158087
0.995404128086
158107
0.995446566358
158127
1.0
158147
0.995312017747
158167
0.995294013632
158187
0.995367637603
158207
0.995390303498
158227
1.0
158247
0.993432355967
158267
0.993413226595
158287
0.993413065844
158307
0.993662069187
158327
0.996956661523
158347
0.991827096193
158367
0.991846064815
158387
0.991844778807
158407
0.992553369342
158427
0.99565313143
158447
0.994788773148
158467
0.994791345165
158487
0.994794720936
158507
1.0
158527
0.994325167181
158547
0.9942108732
158567
0.994211998457
158587
0.994236271862
158607
1.0
158627
0.995035847479
158647
0.995073784722
158667
0.99519065072
158687
0.995250610854
158707
1.0
158727
0.996774852109
158747
0.996783211163
158767
0.996783050412
158787
0.996852977109
158807
0.998343460648
158827
0.995850694444
158847
0.995853909465
158867
0.995852784208
158887
0.996202256944
158907
0.995487718621
158927
0.994675282922
158947
0.994671264146
158967
0.994671264146
158987
1.0
159007
0.994966403035
159027
0.994913676698
159047
0.994918499228
159067
0.994971225566
159087
1.0
159107
0.996539351852
159127
0.996561696245
159147
0.996653002829
159167
0.996665380658
159187
1.0
159207
0.995775784465
159227
0.995799575617
159247
0.995799414866
159267
0.995901170267
159287
0.998810120885
159307
0.997622331533
159327
0.997628279321
159347
0.997627797068
159367
0.997812982253
159387
0.99779224537
159407
0.997274627058
159427
0.997274466307
159447
0.997269965278
159467
1.0
159487
0.995931552212
159507
0.995939750514
159527
0.995940875772
159547
0.996077031893
159567
0.999722543724
159587
0.996492412551
159607
0.99658275463
159627
0.996583076132
159647
0.996606063529
159667
1.0
159687
0.98762184928
159707
0.987575874486
159727
0.987575552984
159747
0.987576195988
159767
0.987598058128
159787
1.0
159807
0.993325778035
159827
0.99331725823
159847
0.993317901235
159867
0.993569155093
159887
0.994755819187
159907
0.994363908179
159927
0.994364390432
159947
0.99436406893
159967
1.0
159987
0.994815779321
160007
0.994719007202
160027
0.994727366255
160047
0.994726401749
160067
1.0
160087
0.994147858796
160107
0.994137249228
160127
0.994136766975
160147
0.994260545267
160167
0.999688946759
160187
0.989107992541
160207
0.989116512346
160227
0.989117637603
160247
0.989899691358
160267
0.997051986883
160287
0.996108860597
160307
0.996108699846
160327
0.996178305041
160347
0.996789962706
160367
0.998083204733
160387
0.994590084877
160407
0.994599890689
160427
0.994600533693
160447
0.995085841049
160467
1.0
160487
0.999072627315
160507
0.998010063014
160527
0.996826935442
160547
0.995823206019
160567
0.993372235082
160587
0.993446984311
160607
0.993391525206
160627
0.993405832047
160647
0.993372717335
160667
0.993390721451
160687
0.993430909208
160707
0.993354230967
160727
0.992758326903
160747
0.991355774177
160767
0.991465245628
160787
0.991442740484
160807
0.993367734053
160827
0.993888245885
160847
0.995649434156
160867
0.996890432099
160887
0.998045106739
160907
0.994986336163
160927
0.994795846193
160947
0.994755819187
160967
0.994738618827
160987
0.994699234825
161007
0.994679140947
161027
0.994726723251
161047
0.996753793724
161067
0.996542406121
161087
0.996228459362
161107
0.99330311214
161127
0.989278870885
161147
0.986029449588
161167
0.984249453447
161187
0.981358346193
161207
0.977532632459
161227
0.976992509002
161247
0.973996109825
161267
0.970620498971
161287
0.967390046296
161307
0.963414834105
161327
0.959211676955
161347
0.95619534465
161367
0.952934992284
161387
0.951291795267
161407
0.948743248457
161427
0.94784529321
161447
0.94761557999
161467
0.94674382716
161487
0.946299189815
161507
0.947282986111
161527
0.947656893004
161547
0.947011638374
161567
0.94917663323
161587
0.949065072016
161607
0.948834072788
161627
0.951876286008
161647
0.949705664866
161667
0.949031796553
161687
0.951381494342
161707
0.943648726852
161727
0.947123842593
161747
0.949226466049
161767
0.952866512346
161787
0.954747460134
161807
0.95547341178
161827
0.950962737912
161847
0.94878600823
161867
0.944770929784
161887
0.942812339249
161907
0.941039255401
161927
0.9376171875
161947
0.941901684671
161967
0.939000128601
161987
0.936908757716
162007
0.939605677726
162027
0.939525302212
162047
0.935266846708
162067
0.932010673868
162087
0.927533596965
162107
0.925282921811
162127
0.923183352623
162147
0.923932291667
162167
0.929495081019
162187
0.932631333591
162207
0.932317869084
162227
0.930952449846
162247
0.932133809156
162267
0.933269354424
162287
0.934497170782
162307
0.933664158951
162327
0.935760834619
162347
0.938167920525
162367
0.938048321759
162387
0.941060635288
162407
0.943791473765
162427
0.942359985854
162447
0.943361786265
162467
0.942576838992
162487
0.938789544753
162507
0.936517007459
162527
0.935713573817
162547
0.937919720936
162567
0.937176086677
162587
0.935586098251
162607
0.938085776749
162627
0.935430009002
162647
0.935694765947
162667
0.936240515689
162687
0.935303497942
162707
0.929169238683
162727
0.931813110854
162747
0.929782664609
162767
0.929293981481
162787
0.93328591178
162807
0.93219055427
162827
0.933980195473
162847
0.936366222994
162867
0.934973636831
162887
0.936997813786
162907
0.938199588477
162927
0.934280478395
162947
0.924994373714
162967
0.93023598251
162987
0.924474665638
163007
0.92613586677
163027
0.928238168724
163047
0.926199845679
163067
0.927627957819
163087
0.928015207047
163107
0.927658982767
163127
0.928420781893
163147
0.926178787294
163167
0.928492798354
163187
0.926052597737
163207
0.925733667695
163227
0.923922325103
163247
0.933789866255
163267
0.94080938143
163287
0.940396412037
163307
0.940903742284
163327
0.93932339892
163347
0.941268486368
163367
0.940611175412
163387
0.94031555427
163407
0.942010513117
163427
0.943334940844
163447
0.944678980195
163467
0.944747942387
163487
0.945672100051
163507
0.94580150463
163527
0.948592463992
163547
0.951744791667
163567
0.948498585391
163587
0.94397810571
163607
0.942968428498
163627
0.94177501286
163647
0.938910429527
163667
0.939800507973
163687
0.940697016461
163707
0.941625353652
163727
0.939156860854
163747
0.939400720165
163767
0.940153677984
163787
0.940098861883
163807
0.939130497685
163827
0.939149787809
163847
0.939059767233
163867
0.939801793981
163887
0.937908146862
163907
0.94162037037
163927
0.946672292953
163947
0.949617734053
163967
0.954898244599
163987
0.955466338735
164007
0.958318383488
164027
0.961639178241
164047
0.963422228652
164067
0.961385513117
164087
0.96083590535
164107
0.961073334619
164127
0.962063239455
164147
0.96023276749
164167
0.958856417181
164187
0.960016878858
164207
0.950531442901
164227
0.950076678241
164247
0.950191775977
164267
0.949992444702
164287
0.949261831276
164307
0.949685731739
164327
0.942193126286
164347
0.936966628086
164367
0.934748103138
164387
0.937223829733
164407
0.942738876029
164427
0.942848025977
164447
0.943099119084
164467
0.941514596193
164487
0.940758101852
164507
0.943427854938
164527
0.953316454475
164547
0.952554173097
164567
0.954277906379
164587
0.95080938143
164607
0.948707400977
164627
0.947748199588
164647
0.949830568416
164667
0.953695183899
164687
0.95227189429
164707
0.947634548611
164727
0.943991930298
164747
0.941830471965
164767
0.943692611883
164787
0.944537680041
164807
0.941626478909
164827
0.940116544496
164847
0.936798964763
164867
0.935099022634
164887
0.934452964249
164907
0.934423707562
164927
0.930795396091
164947
0.931855066872
164967
0.933953832305
164987
0.936736111111
165007
0.93924382716
165027
0.942242959105
165047
0.940620981224
165067
0.937107445988
165087
0.93894225823
165107
0.940922550154
165127
0.940782375257
165147
0.942278485082
165167
0.940657150206
165187
0.938483314043
165207
0.938755144033
165227
0.940409754372
165247
0.937066775977
165267
0.934403613683
165287
0.931662808642
165307
0.926802983539
165327
0.923851755401
165347
0.921647698045
165367
0.924684606481
165387
0.924782021605
165407
0.920041634516
165427
0.916420556842
165447
0.911293402778
165467
0.911111432613
165487
0.915451388889
165507
0.91105307999
165527
0.908499389146
165547
0.910653613683
165567
0.914109760802
165587
0.913343460648
165607
0.914695698302
165627
0.914022472994
165647
0.914324041924
165667
0.916375546553
165687
0.913790991512
165707
0.913819926698
165727
0.916220421811
165747
0.914454893261
165767
0.915839281121
165787
0.914179848251
165807
0.910063175154
165827
0.914389467593
165847
0.916261091821
165867
0.911691583076
165887
0.911409625772
165907
0.909351851852
165927
0.910405253344
165947
0.909828478652
165967
0.909310056584
165987
0.911334072788
166007
0.912799479167
166027
0.913308577675
166047
0.91122492284
166067
0.914316647377
166087
0.915587062757
166107
0.916535172325
166127
0.916723733282
166147
0.917098122428
166167
0.917268357767
166187
0.921495466821
166207
0.921569894547
166227
0.925162680041
166247
0.924554076646
166267
0.926631944444
166287
0.929990033436
166307
0.929613393776
166327
0.935911619084
166347
0.939715952932
166367
0.940411201132
166387
0.939311824846
166407
0.937458526235
166427
0.938466595936
166447
0.937915219907
166467
0.936033789866
166487
0.935294335134
166507
0.933466595936
166527
0.933443126286
166547
0.929658564815
166567
0.93452192644
166587
0.930927694187
166607
0.93071405607
166627
0.926850083591
166647
0.9203827482
166667
0.920896186986
166687
0.923014724794
166707
0.926373778292
166727
0.933385577418
166747
0.934739583333
166767
0.936933513374
166787
0.941341467335
166807
0.950225694444
166827
0.951245498971
166847
0.943825231481
166867
0.946868409208
166887
0.951129115226
166907
0.951755722737
166927
0.948442001029
166947
0.948013117284
166967
0.951438078704
166987
0.955192740484
167007
0.953680234053
167027
0.951384066358
167047
0.952385706019
167067
0.956315907922
167087
0.956730806327
167107
0.952120788323
167127
0.947506751543
167147
0.950473090278
167167
0.957250835905
167187
0.954608731996
167207
0.946948302469
167227
0.953260030864
167247
0.960880433385
167267
0.964170846193
167287
0.964196084105
167307
0.966341628086
167327
0.969717881944
167347
0.970751671811
167367
0.970609889403
167387
0.972208879887
167407
0.974668531379
167427
0.977758326903
167447
0.984134677212
167467
0.986011284722
167487
0.990851337449
167507
0.996676472479
167527
0.993858989198
167547
0.99105774177
167567
0.991061599794
167587
0.991061117541
167607
1.0
167627
1.0
