136139
0.0541116898148
136159
0.0608767361111
136179
0.0603305844907
136199
0.0634895833333
136219
0.0719281684028
136239
0.0663751446759
136259
0.0813715277778
136279
0.0721205873843
136299
0.0628172019676
136319
0.0488263165509
136339
0.0404083478009
136359
0.0440165653935
136379
0.040615234375
136399
0.0424493634259
136419
0.0468334056713
136439
0.0510539641204
136459
0.0630515769676
136479
0.0531788917824
136499
0.0352488425926
136519
0.0470413773148
136539
0.0390606915509
136559
0.069775390625
136579
0.0612160011574
136599
0.0728888165509
136619
0.0683734809028
136639
0.0680740017361
136659
0.091000072338
136679
0.0783058449074
136699
0.0739113136574
136719
0.074517505787
136739
0.0763791232639
136759
0.07638671875
136779
0.0820688657407
136799
0.0796097366898
136819
0.0774424913194
136839
0.0808698640046
136859
0.999998914931
136879
1.0
136899
0.992323133681
136919
0.99232421875
136939
0.99232421875
136959
0.99232421875
136979
1.0
136999
0.855968967014
137019
0.842615017361
137039
0.845348307292
137059
0.844838324653
137079
0.844754050926
137099
0.847722800926
137119
0.844292896412
137139
0.83906322338
137159
0.840949797454
137179
0.82882884838
137199
0.810802589699
137219
0.809976490162
137239
0.81015625
137259
0.81033239294
137279
0.828072916667
137299
0.820759186921
137319
0.825262225116
137339
0.82572337963
137359
0.806647497106
137379
0.803329354745
137399
0.813425564236
137419
0.811690538194
137439
0.811649667245
137459
0.812132161458
137479
0.824139178241
137499
0.823539496528
137519
0.822955367477
137539
0.822881221065
137559
0.822436342593
137579
0.821482566551
137599
0.821490885417
137619
0.824435402199
137639
0.807192201968
137659
0.807224392361
137679
0.822575593171
137699
0.813111255787
137719
0.83494176794
137739
0.837391131366
137759
0.845890842014
137779
0.828823061343
137799
0.832038483796
137819
0.829313874421
137839
0.829402126736
137859
0.850261140046
137879
0.833517795139
137899
0.833173466435
137919
0.833500795718
137939
0.846119791667
137959
0.841479673032
137979
0.838732277199
137999
0.839446976273
138019
0.843402777778
138039
0.822303240741
138059
0.811595775463
138079
0.818627748843
138099
0.816392867477
138119
0.815520109954
138139
0.820206524884
138159
0.822192563657
138179
0.82165979456
138199
0.825497685185
138219
0.82855504919
138239
0.823159360532
138259
0.822495298032
138279
0.822339409722
138299
0.823096788194
138319
0.807658781829
138339
0.804751880787
138359
0.804348596644
138379
0.806662326389
138399
0.811903573495
138419
0.829194878472
138439
0.80900462963
138459
0.812044632523
138479
0.810361328125
138499
0.808546730324
138519
0.82857385706
138539
0.818461009838
138559
0.816323423032
138579
0.818024450231
138599
0.814099392361
138619
0.816022858796
138639
0.819833984375
138659
0.82255823206
138679
0.815806206597
138699
0.827719184028
138719
0.820132016782
138739
0.822257306134
138759
0.819781539352
138779
0.817747395833
138799
0.816940827546
138819
0.819800347222
138839
0.817025101273
138859
0.817112630208
138879
0.818747106481
138899
0.827634910301
138919
0.815477792245
138939
0.82146520544
138959
0.823267867477
138979
0.826910807292
138999
0.823759403935
139019
0.816421440972
139039
0.818995587384
139059
0.813951461227
139079
0.831549117477
139099
0.824701967593
139119
0.845308883102
139139
0.822307942708
139159
0.807119140625
139179
0.816594328704
139199
0.817146990741
139219
0.817902199074
139239
0.839826027199
139259
0.818047960069
139279
0.823032769097
139299
0.824735243056
139319
0.843209273727
139339
0.847862774884
139359
0.824681351273
139379
0.816045283565
139399
0.826376591435
139419
0.836788556134
139439
0.831259765625
139459
0.836382740162
139479
0.833543836806
139499
0.826767578125
139519
0.822092737269
139539
0.834760199653
139559
0.83482421875
139579
0.835692635995
139599
0.835524088542
139619
0.837435980903
139639
0.847396556713
139659
0.829040075231
139679
0.812804904514
139699
0.814682074653
139719
0.817563657407
139739
0.805249565972
139759
0.786812065972
139779
0.781764322917
139799
0.776234809028
139819
0.772711950231
139839
0.76613353588
139859
0.761096643519
139879
0.76501916956
139899
0.764455295139
139919
0.760626808449
139939
0.758405309606
139959
0.758746021412
139979
0.76187536169
139999
0.93412109375
140019
0.930627170139
140039
0.923078342014
140059
0.921027560764
140079
0.921868489583
140099
0.924111328125
140119
0.923753255208
140139
0.925416666667
140159
0.926776258681
140179
0.926976996528
140199
0.934372829861
140219
0.933568793403
140239
0.939457465278
140259
0.943151041667
140279
0.941744791667
140299
0.936885850694
140319
0.935047743056
140339
0.927567274306
140359
0.934616970486
140379
0.933717447917
140399
0.931465928819
140419
0.924350043403
140439
0.924027777778
140459
0.921606987847
140479
0.924965277778
140499
0.924981553819
140519
0.926809895833
140539
0.927248263889
140559
0.929709201389
140579
0.922432725694
140599
0.919391276042
140619
0.921375868056
140639
0.919157986111
140659
0.915929904514
140679
0.918905164931
140699
0.912517361111
140719
0.918335503472
140739
0.917103949653
140759
0.919506293403
140779
0.921207682292
140799
0.91970703125
140819
0.911333550347
140839
0.912347005208
140859
0.912214626736
140879
0.912386067708
140899
0.916959635417
140919
0.909649522569
140939
0.906484375
140959
0.912537977431
140979
0.914130859375
140999
0.912010633681
141019
0.922008463542
141039
0.913394097222
141059
0.908738064236
141079
0.908142361111
141099
0.906513671875
141119
0.902475043403
141139
0.905169270833
141159
0.905383029514
141179
0.907100694444
141199
0.905314670139
141219
0.906070963542
141239
0.900987413194
141259
0.910621744792
141279
0.916608072917
141299
0.917548828125
141319
0.91810546875
141339
0.924943576389
141359
0.915718315972
141379
0.913956163194
141399
0.919330512153
141419
0.914677734375
141439
0.915824652778
141459
0.920415581597
141479
0.910751953125
141499
0.913060980903
141519
0.918425564236
141539
0.910222439236
141559
0.902939453125
141579
0.907892795139
141599
0.907121310764
141619
0.907112630208
141639
0.907531467014
141659
0.904372829861
141679
0.907875434028
141699
0.903087022569
141719
0.895101996528
141739
0.89240234375
141759
0.893555772569
141779
0.883581814236
141799
0.891193576389
141819
0.888835720486
141839
0.898870442708
141859
0.899673394097
141879
0.902854817708
141899
0.895241970486
141919
0.902418619792
141939
0.907662760417
141959
0.914432508681
141979
0.921921657986
141999
0.90974609375
142019
0.915045572917
142039
0.920264756944
142059
0.916860894097
142079
0.919694010417
142099
0.919256727431
142119
0.923704427083
142139
0.92525390625
142159
0.923828125
142179
0.924798177083
142199
0.934652777778
142219
0.931702473958
142239
0.927623697917
142259
0.94015625
142279
0.939619140625
142299
0.941603732639
142319
0.941980251736
142339
0.933754340278
142359
0.940988498264
142379
0.930249565972
142399
0.924415147569
142419
0.927056206597
142439
0.925911458333
142459
0.919139539931
142479
0.917937282986
142499
0.919351128472
142519
0.915067274306
142539
0.907819010417
142559
0.905576171875
142579
0.914436848958
142599
0.920526258681
142619
0.918782552083
142639
0.917651909722
142659
0.916040581597
142679
0.916640625
142699
0.919380425347
142719
0.925802951389
142739
0.927768012153
142759
0.924265407986
142779
0.922208116319
142799
0.920077039931
142819
0.917813585069
142839
0.910649956597
142859
0.914324001736
142879
0.915109592014
142899
0.919052734375
142919
0.915928819444
142939
0.915092230903
142959
0.923998480903
142979
0.929237196181
142999
0.933994140625
143019
0.931422526042
143039
0.937838541667
143059
0.932974175347
143079
0.938205295139
143099
0.935377604167
143119
0.943800998264
143139
0.943511284722
143159
0.945432942708
143179
0.941748046875
143199
0.936280381944
143219
0.936676432292
143239
0.939255642361
143259
0.943472222222
143279
0.938862847222
143299
0.938101128472
143319
0.940010850694
143339
0.932733289931
143359
0.929690755208
143379
0.926295572917
143399
0.927741970486
143419
0.938960503472
143439
0.934713541667
143459
0.935920138889
143479
0.935041232639
143499
0.941039496528
143519
0.942702907986
143539
0.945515407986
143559
0.948103298611
143579
0.953409288194
143599
0.954431423611
143619
0.949287109375
143639
0.951100260417
143659
0.947136501736
143679
0.946534288194
143699
0.936814236111
143719
0.933518880208
143739
0.931473524306
143759
0.930945095486
143779
0.931423611111
143799
0.924006076389
143819
0.918961588542
143839
0.920307074653
143859
0.923001302083
143879
0.919481336806
143899
0.923407118056
143919
0.920130208333
143939
0.917711588542
143959
0.917112630208
143979
0.914781901042
143999
0.917914496528
144019
0.926185980903
144039
0.926227213542
144059
0.914146050347
144079
0.915447048611
144099
0.909365234375
144119
0.906806640625
144139
0.909722222222
144159
0.904279513889
144179
0.903921440972
144199
0.898384331597
144219
0.891418185764
144239
0.884026692708
144259
0.884301215278
144279
0.883462456597
144299
0.886644965278
144319
0.882842881944
144339
0.882672526042
144359
0.880143229167
144379
0.876294487847
144399
0.880384114583
144419
0.884593098958
144439
0.886589626736
144459
0.902430555556
144479
0.911617838542
144499
0.906495225694
144519
0.914661458333
144539
0.908853081597
144559
0.893193359375
144579
0.891788194444
144599
0.887044270833
144619
0.878610026042
144639
0.864083116319
144659
0.85337890625
144679
0.832116970486
144699
0.833807508681
144719
0.851889105903
144739
0.858110894097
144759
0.878324652778
144779
0.886067708333
144799
0.883664279514
144819
0.894236111111
144839
0.897677951389
144859
0.908643663194
144879
0.925220269097
144899
0.930933159722
144919
0.931871744792
144939
0.929900173611
144959
0.934523654514
144979
0.930069444444
144999
0.938591579861
145019
0.9425
145039
0.943963758681
145059
0.944485677083
145079
0.934718967014
145099
0.935061848958
145119
0.931111111111
145139
0.932932942708
145159
0.9310546875
145179
0.924103732639
145199
0.922690972222
145219
0.914865451389
145239
0.932802734375
145259
0.925505642361
145279
0.933217230903
145299
0.933918185764
145319
0.937185329861
145339
0.938412543403
145359
0.942150607639
145379
0.954892578125
145399
0.965265842014
145419
0.979395616319
145439
0.979609375
145459
0.981617838542
145479
0.983739149306
145499
0.982890625
145519
0.987286241319
145539
0.98916015625
145559
0.990024956597
145579
0.989792751736
145599
0.989827473958
145619
0.989866536458
145639
0.989862196181
145659
0.99431640625
145679
1.0
145699
1.0
145719
1.0
