249167
0.974797885572
249187
0.974820234764
249207
0.974798371424
249227
0.969694496269
249247
0.96974113806
249267
0.969753284359
249287
0.969757657027
249307
0.95977534204
249327
0.959964338464
249347
0.959964338464
249367
0.959981343284
249387
0.95996336676
249407
0.966544717817
249427
0.96659670398
249447
0.966622454136
249467
0.966636543843
249487
0.968396785603
249507
0.968411847015
249527
0.968431766947
249547
0.968389497823
249567
0.967479011194
249587
0.967541686101
249607
0.967598530784
249627
0.946978972326
249647
0.947099463619
249667
0.947108208955
249687
0.947108208955
249707
0.94709217584
249727
0.947066911536
249747
0.961185770367
249767
0.961174109919
249787
0.961163907027
249807
0.963912371735
249827
0.963904112251
249847
0.963910428327
249867
0.963905083955
249887
0.974898942786
249907
0.974901372046
249927
0.97491206079
249947
0.974929065609
249967
0.972534787002
249987
0.972581914646
250007
0.972581914646
250027
0.972587259017
250047
0.974434468284
250067
0.974422807836
250087
0.974421836132
250107
0.974359161225
250127
0.963042210821
250147
0.963125777363
250167
0.963125777363
250187
0.963162216262
250207
0.963152985075
250227
0.970135164024
250247
0.970152168843
250267
0.970148282027
250287
0.970155569807
250307
0.97012204602
250327
0.970622959422
250347
0.970664742693
250367
0.970587006374
250387
0.954692844372
250407
0.954838114117
250427
0.954838114117
250447
0.954838114117
250467
0.954845887749
250487
0.954822081001
250507
0.981463774876
250527
0.981473006063
250547
0.981509444963
250567
1.0
250587
1.0
250607
0.984627643035
250627
0.984627643035
250647
0.984627643035
250667
0.984627643035
250687
0.984627643035
250707
0.992039315143
250727
0.992030083955
250747
0.992018909359
250767
0.992104905162
250787
0.98729982898
250807
0.987301286536
250827
0.9873168338
250847
0.981302472015
250867
0.981404500933
250887
0.981403529229
250907
0.981400128265
250927
0.98828610852
250947
0.988358014614
250967
0.988345868315
250987
0.988343439055
251007
0.99042239972
251027
0.990453494248
251047
0.990456409359
251067
0.989086306748
251087
0.989080962376
251107
0.989067844372
251127
0.990142063122
251147
0.990143520678
251167
0.990146921642
251187
0.984500349813
251207
0.984496462998
251227
0.984574685168
251247
0.984508123445
251267
0.95225824005
251287
0.95225824005
251307
0.95225824005
251327
0.95225824005
251347
0.952256296642
251367
0.952355410448
251387
0.952357839708
251407
0.95772941931
251427
0.95772941931
251447
0.957739622201
251467
0.957739622201
251487
0.957739622201
251507
0.955312305659
251527
0.955396843905
251547
0.955396843905
251567
0.955398787313
251587
0.955414820429
251607
0.971873056592
251627
0.971873056592
251647
0.971873056592
251667
0.971873056592
251687
0.971880344372
251707
0.982573460821
251727
0.982570545709
251747
0.982579291045
251767
0.972930270522
251787
0.972934157338
251807
0.97295650653
251827
0.97295650653
251847
1.0
251867
1.0
251887
0.989042580068
251907
0.989042580068
251927
0.989042580068
251947
0.989042580068
251967
0.989042580068
251987
0.989042580068
252007
0.997893345771
252027
0.997893345771
252047
0.997893345771
252067
0.997893345771
252087
0.964255869092
252107
0.964358383862
252127
0.964358383862
252147
0.964358383862
252167
0.964358383862
252187
0.964358383862
252207
0.964358383862
252227
0.964358383862
252247
0.964358383862
252267
0.964358383862
252287
0.964358383862
252307
0.96435546875
252327
0.964381218905
252347
0.954870180348
252367
0.954870180348
252387
0.954868722792
252407
0.954868722792
252427
0.954868722792
252447
0.954868722792
252467
0.954868722792
252487
0.954868722792
252507
0.954868722792
252527
0.954912935323
252547
0.943035311723
252567
0.943163576648
252587
0.943163576648
252607
0.943163576648
252627
0.943163576648
252647
0.943163576648
252667
0.943163576648
252687
0.943163576648
252707
0.943163576648
252727
0.943163576648
252747
0.939374416978
252767
0.939621229789
252787
0.939621229789
252807
0.939621229789
252827
0.939621229789
252847
0.939621229789
252867
0.939621229789
252887
0.939621229789
252907
0.940107081779
252927
0.940302880131
252947
0.940302880131
252967
0.940302880131
252987
0.940302880131
253007
0.940302880131
253027
0.940302880131
253047
0.940301422575
253067
0.938247726213
253087
0.938247726213
253107
0.938247726213
253127
0.938247726213
253147
0.938247726213
253167
0.938247726213
253187
0.938247726213
253207
0.942332283893
253227
0.942634969683
253247
0.942634969683
253267
0.942634969683
253287
0.942634969683
253307
0.942634969683
253327
0.942634969683
253347
0.945340193563
253367
0.945340193563
253387
0.945340193563
253407
0.945340193563
253427
0.945340193563
253447
0.945340193563
253467
0.954880869092
253487
0.954880869092
253507
0.954880869092
253527
0.954884755908
253547
0.954884755908
253567
0.923076997823
253587
0.923076997823
253607
0.923076997823
253627
0.923076997823
253647
0.923076997823
253667
0.996543648943
253687
0.996547049907
253707
0.996547049907
253727
0.996547049907
253747
0.976608170087
253767
0.976608170087
253787
0.976608170087
253807
0.976608170087
253827
0.976608170087
253847
0.976608170087
253867
0.958954738029
253887
0.958959596549
253907
0.958959596549
253927
0.958959596549
253947
0.958959596549
253967
0.958959596549
253987
0.958959596549
254007
0.961301888993
254027
0.961515178016
254047
0.961515178016
254067
0.961515178016
254087
0.961515178016
254107
0.961515178016
254127
0.961515178016
254147
0.970499553016
254167
0.970499553016
254187
0.970499553016
254207
0.970499553016
254227
0.970499553016
254247
0.981793668377
254267
0.981793668377
254287
0.981793668377
254307
0.981793668377
254327
0.981793668377
254347
0.981793668377
254367
0.981793668377
254387
0.952183418843
254407
0.952460354478
254427
0.952460354478
254447
0.952460354478
254467
0.952460354478
254487
0.952460354478
254507
0.950526177705
254527
0.950526177705
254547
0.950526177705
254567
0.950526177705
254587
0.950526177705
254607
0.950526177705
254627
0.957237251244
254647
0.957393695585
254667
0.957393695585
254687
0.957393695585
254707
0.957398068252
254727
0.957398068252
254747
0.971931358831
254767
0.971931358831
254787
0.971931358831
254807
0.971931358831
254827
0.971931358831
254847
0.945381005131
254867
0.945341165267
254887
0.945341165267
254907
0.945381005131
254927
0.945381490983
254947
0.951817572295
254967
0.951814657183
254987
0.951814657183
255007
0.951814657183
255027
0.951814657183
255047
0.968390955379
255067
0.968563918688
255087
0.968563918688
255107
0.968563918688
255127
0.968563918688
255147
0.968563918688
255167
0.960810206779
255187
0.960810206779
255207
0.960810206779
255227
0.960810206779
255247
0.960810206779
255267
0.966993645056
255287
0.967013564988
255307
0.967013079136
255327
0.967013079136
255347
0.967013079136
255367
0.967013564988
255387
0.957237251244
255407
0.957237251244
255427
0.957237251244
255447
0.957237251244
255467
0.957237251244
255487
0.957237251244
255507
0.962998969994
255527
0.962997512438
255547
0.962997512438
255567
0.962997512438
255587
0.962997512438
255607
0.958738048041
255627
0.958737562189
255647
0.958737562189
255667
0.958737562189
255687
0.958741449005
255707
0.958741449005
255727
0.959885630442
255747
0.959885630442
255767
0.959885630442
255787
0.959885630442
255807
0.969730449316
255827
0.970135164024
255847
0.970135164024
255867
0.970135649876
255887
0.94709217584
255907
0.94725104944
255927
0.94725104944
255947
0.94725104944
255967
0.94725104944
255987
0.94725104944
256007
0.94725104944
256027
0.955373037158
256047
0.955594099813
256067
0.955594099813
256087
0.955594099813
256107
0.955594099813
256127
0.955594099813
256147
0.955594099813
256167
0.955594099813
256187
0.941522368626
256207
0.942066522854
256227
0.942066522854
256247
0.942066522854
256267
0.942066522854
256287
0.942066522854
256307
0.942066522854
256327
0.948757676461
256347
0.948757676461
256367
0.948757676461
256387
0.948757676461
256407
0.948757676461
256427
0.948757676461
256447
0.948757676461
256467
0.922216553949
256487
0.922216553949
256507
0.922216553949
256527
0.922216553949
256547
0.922216553949
256567
0.942925509173
256587
0.943660603234
256607
0.943660603234
256627
0.943660603234
256647
0.943660603234
256667
0.9597777713
256687
0.960064423974
256707
0.960064423974
256727
0.960064423974
256747
0.960064423974
256767
0.960064423974
256787
0.954271610697
256807
0.954271124845
256827
0.954271124845
256847
0.954271124845
256867
0.954271124845
256887
0.956692125311
256907
0.957152227146
256927
0.957152227146
256947
0.957125505286
256967
0.957173604633
256987
0.957173604633
257007
0.951048468595
257027
0.951048468595
257047
0.951048468595
257067
0.951048468595
257087
0.951048468595
257107
0.951129120025
257127
0.951611571051
257147
0.951615943719
257167
0.951615943719
257187
0.951615943719
257207
0.926311800373
257227
0.926311800373
257247
0.926311800373
257267
0.926320059857
257287
0.926319088153
257307
0.917611162935
257327
0.917629625311
257347
0.917640799907
257367
0.917647601835
257387
0.916746832245
257407
0.916751690765
257427
0.916751204913
257447
0.916759950249
257467
0.915614797108
257487
0.916635572139
257507
0.916640430659
257527
0.916640430659
257547
0.916642374067
257567
0.93593264148
257587
0.93594235852
257607
0.93594235852
257627
0.93594235852
257647
0.921816211909
257667
0.922675198228
257687
0.922675198228
257707
0.922675198228
257727
0.922675198228
257747
0.915083275031
257767
0.91638681592
257787
0.91638681592
257807
0.91638681592
257827
0.91638681592
257847
0.930530939055
257867
0.931416161381
257887
0.931416161381
257907
0.931413246269
257927
0.931411302861
257947
0.935835471082
257967
0.935885999689
257987
0.935885999689
258007
0.935885999689
258027
0.935887457245
258047
0.98262447528
258067
0.982915500622
258087
0.982915500622
258107
0.982915500622
258127
0.982914528918
258147
0.982914528918
258167
0.941437344527
258187
0.941437344527
258207
0.941437344527
258227
0.941437344527
258247
0.941446089863
258267
0.941888215174
258287
0.941888215174
258307
0.941888215174
258327
0.941888215174
258347
0.941888215174
258367
0.954142374067
258387
0.954408135106
258407
0.954412507774
258427
0.954435342817
258447
0.945106498756
258467
0.945728389303
258487
0.945728389303
258507
0.945728389303
258527
0.976350668532
258547
0.976350668532
258567
0.976350668532
258587
0.976350668532
258607
0.0431120763371
258627
0.0427593477923
258647
0.043215076959
258667
0.0432753226057
258687
0.0435682913557
258707
0.0437558302239
258727
1.0
258747
1.0
