136685
0.0360559744428
136705
0.0396295118702
136725
0.0485158521076
136745
0.0318601623062
136765
0.0324930353682
136785
0.0440547026405
136805
0.061765685562
136825
0.0704302174176
136845
0.212130193193
136865
0.181414274467
136885
0.160915167757
136905
0.13242036095
136925
0.157712572674
136945
0.162576838057
136965
0.162471611555
136985
0.14400360344
137005
0.145063060199
137025
0.147731574007
137045
0.146951838057
137065
0.148515473595
137085
0.143289728682
137105
0.143279130329
137125
0.149284989704
137145
0.129781371124
137165
0.140085998062
137185
0.144410882994
137205
0.14472504845
137225
0.143262475775
137245
0.14042817345
137265
0.139099972747
137285
0.991346823522
137305
0.61504057655
137325
0.27175841812
137345
0.207673207364
137365
0.197295527495
137385
0.203177613251
137405
0.182611888324
137425
0.202922874273
137445
0.210062000363
137465
0.214895227713
137485
0.12371154312
137505
0.1396003664
137525
0.131243943798
137545
0.11882873062
137565
0.0975192284399
137585
0.127099987888
137605
0.15090956577
137625
0.13750870579
137645
0.15062530281
137665
0.117625060562
137685
0.131920345809
137705
0.135737266836
137725
0.463539395591
137745
0.412211194889
137765
0.29606611858
137785
0.312214980015
137805
0.303967569041
137825
0.352387278949
137845
0.34835006359
137865
0.302437999637
137885
0.296088072311
137905
0.258521832607
137925
0.299312621124
137945
0.332056988857
137965
0.47687590843
137985
0.579996366279
138005
0.588140443314
138025
0.53123107437
138045
0.259842463057
138065
0.222998425388
138085
0.221433654312
138105
0.504570161095
138125
0.458359450703
138145
0.545504784399
138165
0.588002286216
138185
0.557838238857
138205
0.55578935017
138225
0.619568344234
138245
0.669687954215
138265
0.644650859981
138285
0.673908748183
138305
0.531616021681
138325
0.857758751211
138345
0.949932246245
138365
0.920953700339
138385
0.90074188469
138405
0.899222913639
138425
0.870463905039
138445
0.919879103077
138465
0.893632661095
138485
0.869002467902
138505
0.848273225533
138525
0.817439967902
138545
0.533399573038
138565
0.150174115795
138585
0.237945509327
138605
0.283550599564
138625
0.428528494428
138645
0.356550160489
138665
0.220561561289
138685
0.16215896015
138705
0.188384205426
138725
0.194513838421
138745
0.192860116885
138765
0.191305187137
138785
0.20565535671
138805
0.168102364947
138825
0.110121426841
138845
0.13128936531
138865
0.134409066134
138885
0.138104484617
138905
0.141499742611
138925
0.179732921512
138945
0.203413048086
138965
0.205990718871
138985
0.21013581032
139005
0.242351774467
139025
0.390373667636
139045
0.395935910247
139065
1.0
139085
0.857051311168
139105
0.548101002301
139125
0.50491044392
139145
0.498238023861
139165
0.484798934109
139185
0.480133387839
139205
0.482059638445
139225
0.471507085756
139245
0.470403343023
139265
0.460139216933
139285
0.464975093871
139305
0.458907536943
139325
0.453754844961
139345
0.45198227047
139365
0.451863039002
139385
0.428614038275
139405
0.421223201308
139425
0.415833560441
139445
0.397321644864
139465
0.366403600412
139485
0.36078306686
139505
0.37249008297
139525
0.383846217902
139545
0.447021484375
139565
0.482718628876
139585
0.494136461361
139605
0.498750151405
139625
0.488493974079
139645
0.488109783794
139665
0.482523694889
139685
0.476526541303
139705
0.466559169089
139725
0.461748273983
139745
0.463059063106
139765
0.461278161337
139785
0.467694328367
139805
0.480092129966
139825
0.49971573704
139845
0.482441179142
139865
0.333060047238
139885
0.284172117248
139905
0.259496502544
139925
0.275764973958
139945
0.305503951672
139965
0.37369110344
139985
0.372925750969
140005
0.372153206759
140025
0.373722519985
140045
0.369669028585
140065
0.368838193435
140085
0.371870457849
140105
0.375073809956
140125
0.366665531129
140145
0.361535171391
140165
0.368449839511
140185
0.363710104772
140205
0.370068737888
140225
0.35841736313
140245
0.359289456153
140265
0.357250030281
140285
0.348224775921
140305
0.344855635296
140325
0.341617081516
140345
0.337551856226
140365
0.341679536095
140385
0.352846793241
140405
0.361195267078
140425
0.358452186289
140445
0.365962633236
140465
0.37245071766
140485
0.37582212936
140505
0.378260886022
140525
0.381911640019
140545
0.392121260296
140565
0.396198976502
140585
0.394283324249
140605
0.354194676599
140625
0.262589328973
140645
0.241593992248
140665
0.264428521681
140685
0.25718719719
140705
0.198656658794
140725
0.176213511386
140745
0.154564104893
140765
0.19182602047
140785
0.240186682413
140805
0.362212330426
140825
0.363540152616
140845
0.360350805475
140865
0.358610026042
140885
0.353501998547
140905
0.352657536943
140925
0.349201716933
140945
0.351252876696
140965
0.351398604046
140985
0.339538290334
141005
0.327150708576
141025
0.325746805354
141045
0.323833802689
141065
0.319998334545
141085
0.326257418847
141105
0.316315406977
141125
0.308019546391
141145
0.299031007752
141165
0.298455668605
141185
0.314820282219
141205
0.315150345203
141225
0.321686879239
141245
0.317249197553
141265
0.321644107316
141285
0.309996139172
141305
0.322347762234
141325
0.316995972626
141345
0.326359617248
141365
0.315290773377
141385
0.325978455063
141405
0.318946069525
141425
0.320213708212
141445
0.320574052204
141465
0.329703776042
141485
0.320354136386
141505
0.334251226381
141525
0.298445070252
141545
0.261034777737
141565
0.274911428052
141585
0.368080411216
141605
0.371218659157
141625
0.375900481468
141645
0.366045148983
141665
0.382009296269
141685
0.387261537064
141705
0.390110979893
141725
0.385696008963
141745
0.394624742611
141765
0.400275178658
141785
0.405368822674
141805
0.401994761386
141825
0.395231498304
141845
0.389030704942
141865
0.391216615189
141885
0.381113735465
141905
0.380399860707
141925
0.375526511022
141945
0.364754042515
141965
0.365360419695
141985
0.352108693677
142005
0.352452761628
142025
0.341482331032
142045
0.331823068072
142065
0.328685198643
142085
0.321216766594
142105
0.33043809048
142125
0.32408172844
142145
0.310390170785
142165
0.306967659884
142185
0.29681822311
142205
0.30839995155
142225
0.314936485586
142245
0.321950324007
142265
0.318312817951
142285
0.310040046633
142305
0.316915727955
142325
0.325326277859
142345
0.331700051478
142365
0.326722232316
142385
0.2499038578
142405
0.241447886386
142425
0.2225570797
142445
0.267044043726
142465
0.304830577762
142485
0.508259523377
142505
0.513453094719
142525
0.513219552447
142545
0.502338072311
142565
0.500216130693
142585
0.489299070373
142605
0.482496063469
142625
0.485951504966
142645
0.484829593629
142665
0.484734586967
142685
0.491891124637
142705
0.489507252301
142725
0.486595733406
142745
0.484190664365
142765
0.49582122093
142785
0.522921208818
142805
0.569623228561
142825
0.582419603924
142845
0.579290061773
142865
0.588693071705
142885
0.59719560017
142905
0.608569146681
142925
0.605444525194
142945
0.599559032825
142965
0.598555974443
142985
0.581597853077
143005
0.573571871972
143025
0.573954169695
143045
0.574687348595
143065
0.575989053416
143085
0.577352077277
143105
0.567646257267
143125
0.569183396923
143145
0.57100479954
143165
0.566939195736
143185
0.560308412064
143205
0.565257085756
143225
0.522854969113
143245
0.507072507873
143265
0.505517199612
143285
0.52244049782
143305
0.572036624879
143325
0.676129481589
143345
0.670619095203
143365
0.652525057534
143385
0.667266987645
143405
0.65815353985
143425
0.670098640383
143445
0.682390079942
143465
0.678842659884
143485
0.679410807292
143505
0.689392184472
143525
0.701353182534
143545
0.70059615734
143565
0.701448189196
143585
0.692632630814
143605
0.687807352229
143625
0.704212845203
143645
0.706255299176
143665
0.704626937984
143685
0.707419225412
143705
0.701075354288
143725
0.687185834545
143745
0.681711785368
143765
0.684048343629
143785
0.687738084423
143805
0.689258948038
143825
0.701430020591
143845
0.692642850654
143865
0.687519304142
143885
0.672565785489
143905
0.664521257267
143925
0.655882085756
143945
0.657133448401
143965
0.648796329942
143985
0.654105726139
144005
0.661868640988
144025
0.675457243217
144045
0.684583560441
144065
0.364616263929
144085
0.32849669937
144105
0.222437469719
144125
0.235457167515
144145
0.250866415334
144165
0.268885886022
144185
0.274546920422
144205
0.268676190044
144225
0.269408611919
144245
0.270106210635
144265
0.265684047965
144285
0.263776722989
144305
0.262658975291
144325
0.260451111313
144345
0.265981937379
144365
0.251074975775
144385
0.24431701187
144405
0.250382297723
144425
0.270913956516
144445
0.280313181323
144465
0.254192027011
144485
0.250184714147
144505
0.26909103985
144525
0.299370533551
144545
0.286766442587
144565
0.284614219961
144585
0.298487463663
144605
0.304296496487
144625
0.300556413517
144645
0.27536299358
144665
0.290630299176
144685
0.304732164486
144705
0.262877755572
144725
0.276782794331
144745
0.287170315528
144765
0.201336906492
144785
0.255637566618
144805
0.271302688953
144825
0.251251362645
144845
0.252229060683
144865
0.23941527374
144885
0.23145401829
144905
0.189749121851
144925
0.1608413578
144945
0.144174691134
144965
0.194195130814
144985
0.270419997578
145005
0.245183048692
145025
0.257062666546
145045
0.254393395712
145065
0.258455971415
145085
0.251684381056
145105
0.246512384932
145125
0.238227122699
145145
0.239147665334
145165
0.247713783915
145185
0.239788108648
145205
0.234257282582
145225
0.234367051235
145245
0.243544089147
145265
0.249783112282
145285
0.251685895107
145305
0.252669649346
145325
0.251378164365
145345
0.26000030281
145365
0.243225381541
145385
0.232224291424
145405
0.236663487161
145425
0.25931670906
145445
0.26329146984
145465
0.243243928658
145485
0.249348958333
145505
0.265342629603
145525
0.262617717418
145545
0.272888656734
145565
0.277819540334
145585
0.286336452277
145605
0.289764262355
145625
0.296801947069
145645
0.307096354167
145665
0.326622683503
145685
0.370815543241
145705
0.512671466206
145725
0.816546299661
145745
0.932026707849
145765
0.941097762234
145785
0.680147771318
145805
0.680202277132
145825
0.680190543241
145845
0.680195085392
145865
0.680195842418
145885
0.680194328367
145905
0.680195842418
145925
0.680193571342
145945
0.956017593266
145965
0.956051280887
145985
0.956046360223
146005
0.956051280887
146025
0.956048631298
146045
0.956031976744
146065
0.956050902374
146085
0.956050902374
146105
0.681193601623
146125
0.685511673328
146145
0.685514701429
146165
0.685518865068
146185
0.68562409157
146205
0.685670648619
146225
0.685672919695
146245
1.0
146265
1.0
