121761
0.434584195006
121781
0.355534811581
121801
0.240698242187
121821
0.418040556066
121841
0.422354664522
121861
0.297751512714
121881
0.405083390778
121901
0.275378657322
121921
0.273671587776
121941
0.297738587623
121961
0.350191482843
121981
0.25231885723
122001
0.263063438266
122021
0.383714862898
122041
0.457440544577
122061
0.319193761489
122081
0.318825157016
122101
0.594512101716
122121
0.441745174632
122141
0.328892367494
122161
0.39695111443
122181
0.446870691636
122201
0.449306353401
122221
0.425436102175
122241
0.376143152574
122261
0.228631950827
122281
0.227913411458
122301
0.257352462469
122321
0.230198280484
122341
0.204954618566
122361
0.18563782935
122381
0.226365272672
122401
0.182282571232
122421
0.124579695159
122441
0.127931602328
122461
0.159708180147
122481
0.214207069547
122501
0.245673445159
122521
0.247015261183
122541
0.0677609911152
122561
0.158414713542
122581
0.361113664216
122601
0.529049383425
122621
0.675340360754
122641
0.752163756127
122661
0.726392558977
122681
0.696356560202
122701
0.6003973269
122721
0.632793830423
122741
0.42095971201
122761
0.17148102405
122781
0.187444469975
122801
0.260883884804
122821
0.157529105392
122841
0.378776999081
122861
0.335133272059
122881
0.329794730392
122901
0.380662147672
122921
0.31552734375
122941
0.267350260417
122961
0.34254509421
122981
0.178120212929
123001
0.195263671875
123021
0.133628695619
123041
0.386001646752
123061
0.128071384804
123081
0.119960171569
123101
0.456262925092
123121
0.446496821385
123141
0.438906441483
123161
0.106196384804
123181
0.0852974685968
123201
0.0827967026654
123221
0.317697801777
123241
0.336310891544
123261
0.153913430607
123281
0.378770775888
123301
0.316558957567
123321
0.259759880515
123341
0.243024280025
123361
0.242712641697
123381
0.339381797641
123401
0.284377872243
123421
0.177384918811
123441
0.192728439032
123461
0.217940984988
123481
0.222605985754
123501
0.191029986213
123521
0.200826248468
123541
0.202450980392
123561
0.190898820466
123581
0.184450157016
123601
0.560510971967
123621
0.555047966452
123641
0.571049708946
123661
0.565168313419
123681
0.514645565257
123701
0.229534313725
123721
0.165872491575
123741
0.11905780867
123761
0.154001512714
123781
0.264290364583
123801
0.330187748928
123821
0.250836301317
123841
0.197350834865
123861
0.175008616728
123881
0.16757477405
123901
0.999977022059
123921
0.999977022059
123941
0.766823203891
123961
0.441009401808
123981
0.3254916322
124001
0.287657973346
124021
0.290573299632
124041
0.291498161765
124061
0.293924728094
124081
0.336695772059
124101
0.388537358303
124121
0.438643152574
124141
0.496174172794
124161
0.537003102022
124181
0.597909964767
124201
0.668189433977
124221
0.739749923407
124241
0.80757410386
124261
0.886906403186
124281
0.94273370481
124301
0.948248410692
124321
0.94367723652
124341
0.932985313266
124361
0.924394435509
124381
0.913319067862
124401
0.898503082874
124421
0.88986864277
124441
0.892723651961
124461
0.893401979933
124481
0.902707088695
124501
0.916417260263
124521
0.924530867034
124541
0.930163813572
124561
0.933735926011
124581
0.944640873928
124601
0.948703182445
124621
0.959651214001
124641
0.971632774203
124661
0.9751010072
124681
0.968016620711
124701
0.958116479013
124721
0.953001972273
124741
0.954064223346
124761
0.948465743719
124781
0.946986538756
124801
0.942781096814
124821
0.937387025123
124841
0.934258195466
124861
0.924360926011
124881
0.918146829044
124901
0.918004653033
124921
0.914890184589
124941
0.906876627604
124961
0.906729664522
124981
0.90570379519
125001
0.904327512255
125021
0.89397020527
125041
0.888998353248
125061
0.896179917279
125081
0.90359844133
125101
0.900308766085
125121
0.907194010417
125141
0.910453048407
125161
0.908888154871
125181
0.903454829197
125201
0.904668351716
125221
0.911036113664
125241
0.901537128523
125261
0.90097321155
125281
0.900626148897
125301
0.896305338542
125321
0.899428423713
125341
0.884995883119
125361
0.891812193627
125381
0.89826037837
125401
0.902060355392
125421
0.902977558211
125441
0.910047104779
125461
0.914523973652
125481
0.91004040288
125501
0.915333946078
125521
0.904661171109
125541
0.915931851256
125561
0.921458524816
125581
0.918119064032
125601
0.911831724877
125621
0.922354185815
125641
0.919515931373
125661
0.913247261795
125681
0.915431602328
125701
0.921384325214
125721
0.926968922335
125741
0.925858321844
125761
0.92288794424
125781
0.919679170496
125801
0.925821940104
125821
0.915391390931
125841
0.901224532782
125861
0.900788909314
125881
0.903418926164
125901
0.900478228401
125921
0.891964422488
125941
0.902913890165
125961
0.894435987286
125981
0.897400141697
126001
0.889754231771
126021
0.899388212316
126041
0.896239755668
126061
0.902705652574
126081
0.904585056679
126101
0.894798368566
126121
0.897263710172
126141
0.897158394608
126161
0.890994561887
126181
0.895691157322
126201
0.894767731311
126221
0.897713216146
126241
0.89273370481
126261
0.891292317708
126281
0.890034754136
126301
0.898983226103
126321
0.889112285539
126341
0.894122912837
126361
0.908839326746
126381
0.898402075674
126401
0.897808000153
126421
0.901078048407
126441
0.904097254136
126461
0.898444680607
126481
0.900004308364
126501
0.894879270067
126521
0.907553519455
126541
0.908335248162
126561
0.900486366422
126581
0.903472062653
126601
0.89843414905
126621
0.909162932751
126641
0.908580824908
126661
0.901552925858
126681
0.904940257353
126701
0.901730526195
126721
0.90216662837
126741
0.905532418045
126761
0.908695714614
126781
0.908876187194
126801
0.907682770374
126821
0.906354836857
126841
0.90886852788
126861
0.906796683517
126881
0.902806659773
126901
0.899602194393
126921
0.899085669424
126941
0.8953192019
126961
0.881058995864
126981
0.886105047488
127001
0.893339748009
127021
0.886802523744
127041
0.880501302083
127061
0.883902994792
127081
0.895624138327
127101
0.901115387561
127121
0.898747702206
127141
0.907802447151
127161
0.899573950674
127181
0.903839231005
127201
0.904841164982
127221
0.900645297181
127241
0.901162779565
127261
0.894754806219
127281
0.895680625766
127301
0.89961272595
127321
0.901278147978
127341
0.892526424632
127361
0.90563103171
127381
0.901701325061
127401
0.901720952053
127421
0.898680683211
127441
0.909095913756
127461
0.907386450674
127481
0.914442593444
127501
0.91113616345
127521
0.90687902114
127541
0.91378772212
127561
0.921677772672
127581
0.935201248468
127601
0.931727270987
127621
0.92478984758
127641
0.924480124081
127661
0.918892654718
127681
0.915355009191
127701
0.900707529105
127721
0.904002948836
127741
0.897398226869
127761
0.885537779565
127781
0.880156632966
127801
0.874928193934
127821
0.880290192249
127841
0.87678270527
127861
0.876434685202
127881
0.879930204504
127901
0.876618030025
127921
0.873115330116
127941
0.880877087163
127961
0.878286324295
127981
0.882876168045
128001
0.883885282629
128021
0.881129844516
128041
0.872596890319
128061
0.873168466605
128081
0.881609987745
128101
0.888580441942
128121
0.888345396752
128141
0.897776884191
128161
0.905580288756
128181
0.904465858609
128201
0.903254729626
128221
0.914444986979
128241
0.910982019761
128261
0.907836914062
128281
0.905235619638
128301
0.905244715074
128321
0.894497740502
128341
0.888719745711
128361
0.887914081648
128381
0.888959577972
128401
0.884376436121
128421
0.8794854856
128441
0.881398877911
128461
0.889838962929
128481
0.884541590074
128501
0.881781843597
128521
0.879442880668
128541
0.878442382812
128561
0.87950702742
128581
0.876372931985
128601
0.869312959559
128621
0.875149835325
128641
0.880116900276
128661
0.885588043811
128681
0.897287645527
128701
0.909362553615
128721
0.908102596507
128741
0.908685183058
128761
0.914706839767
128781
0.912668026195
128801
0.912129480699
128821
0.910941329657
128841
0.903722905178
128861
0.911504767923
128881
0.90647020527
128901
0.906754557292
128921
0.900854970895
128941
0.914084520527
128961
0.915205173866
128981
0.917898858762
129001
0.916015146293
129021
0.917215265012
129041
0.917400045956
129061
0.915938553156
129081
0.91097723269
129101
0.910248161765
129121
0.903925398284
129141
0.897371419271
129161
0.894576727175
129181
0.893247836244
129201
0.888729319853
129221
0.895623180913
129241
0.901190544577
129261
0.895163143382
129281
0.889889705882
129301
0.887809723499
129321
0.894136795343
129341
0.89609375
129361
0.895995136336
129381
0.8986395144
129401
0.891841394761
129421
0.899480124081
129441
0.899608896293
129461
0.903651577819
129481
0.899746285233
129501
0.904222196691
129521
0.902609911152
129541
0.898109106924
129561
0.903737266391
129581
0.906707643995
129601
0.90012254902
129621
0.905916819853
129641
0.906719611673
129661
0.894868738511
129681
0.896294328278
129701
0.902840647978
129721
0.910191195619
129741
0.90964977788
129761
0.904524739583
129781
0.907352941176
129801
0.902026845895
129821
0.889483283548
129841
0.884349149816
129861
0.883006376379
129881
0.89249865962
129901
0.897885071998
129921
0.909691425398
129941
0.906235638787
129961
0.903269569547
129981
0.905609011183
130001
0.917167394301
130021
0.907784734988
130041
0.914751359528
130061
0.915115655637
130081
0.919523590686
130101
0.916727941176
130121
0.90998583027
130141
0.913637408088
130161
0.899881280637
130181
0.898775467218
130201
0.910976275276
130221
0.920880725337
130241
0.907176298254
130261
0.914687212776
130281
0.915148207721
130301
0.900907149969
130321
0.892029047947
130341
0.894644224877
130361
0.902014878217
130381
0.907360121783
130401
0.9053677428
130421
0.906364410999
130441
0.909918332567
130461
0.907520009957
130481
0.900685508578
130501
0.901332241881
130521
0.914789656097
130541
0.91808124617
130561
0.927311676624
130581
0.932409428615
130601
0.928946461397
130621
0.929078105852
130641
0.934697169884
130661
0.938346354167
130681
0.946239276961
130701
0.959452071844
130721
0.95613415288
130741
0.952211148131
130761
0.953065640319
130781
0.940859087776
130801
0.943931908701
130821
0.945116708793
130841
0.937482287837
130861
0.935169175092
130881
0.942172181373
130901
0.920297181373
130921
0.918152094822
130941
0.924513633578
130961
0.912895412071
130981
0.910604319853
131001
0.906575042126
131021
0.908394607843
131041
0.905339020374
131061
0.897461416207
131081
0.87220770144
131101
0.883053768382
131121
0.89237946155
131141
0.887502393536
131161
0.905969477635
131181
0.929026884191
131201
0.935196461397
131221
0.939374138327
131241
0.942625517004
131261
0.967224360447
131281
0.979804304534
131301
1.0
131321
1.0
131341
1.0
