145354
0.117444888566
145374
0.128564074612
145394
0.0998463238857
145414
0.097433684593
145434
0.115975124152
145454
0.0931016079215
145474
0.110159656613
145494
0.094191345688
145514
0.0995268592539
145534
0.129130329457
145554
0.117817344961
145574
0.113729787427
145594
0.113111297844
145614
0.10915205608
145634
0.108635386386
145654
0.113523876575
145674
0.118006979772
145694
0.116826777495
145714
0.121784156977
145734
0.130299176357
145754
0.123597232316
145774
0.123858027495
145794
0.108142562984
145814
0.11139663578
145834
0.12764693859
145854
0.118674297481
145874
0.116666666667
145894
0.115704109133
145914
0.115671935562
145934
0.123778161337
145954
0.120514247214
145974
0.117351774467
145994
0.11693389656
146014
0.119088011749
146034
0.136455683745
146054
0.0749553355136
146074
0.0706209877665
146094
1.0
146114
1.0
146134
1.0
146154
1.0
146174
0.113323643411
146194
0.1125961422
146214
0.113835013929
146234
0.0747146015019
146254
0.132027843387
146274
0.125705168968
146294
0.0895390473595
146314
0.0595623637355
146334
0.0593950611676
146354
0.0593443404797
146374
0.0678627664729
146394
0.0687083636143
146414
0.0761272105136
146434
0.191126150678
146454
0.330857482437
146474
0.0751457273498
146494
0.0758577095446
146514
0.0678604953973
146534
0.0747100593508
146554
0.129569025557
146574
0.0973053688227
146594
0.0585127483043
146614
0.0688896711483
146634
0.0756904069767
146654
0.0544751544331
146674
0.248625242248
146694
0.0885904947917
146714
0.0857667908188
146734
0.0467330577762
146754
0.0339075369428
146774
0.0601006086483
146794
0.0682125121124
146814
0.066458863251
146834
0.0726267260174
146854
0.0530530826066
146874
0.0474787275921
146894
0.054615204094
146914
0.0525129451308
146934
0.0511079063711
146954
0.0760049509448
146974
0.0671341297238
146994
0.0714344113372
147014
0.0765942950581
147034
0.078855529312
147054
0.039007994186
147074
0.0351592781008
147094
0.0370870427568
147114
0.0554312772529
147134
0.0573628270349
147154
0.0756048631298
147174
0.080103485344
147194
0.0815017108769
147214
0.0712864129118
147234
0.0712462905766
147254
0.0392896075581
147274
0.0343988462936
147294
0.0339533369671
147314
0.085890564438
147334
0.0937231256056
147354
0.0920924933382
147374
0.0676447432171
147394
0.0679831334787
147414
0.0439445554748
147434
0.0379307473353
147454
0.0797825066618
147474
0.0878448249758
147494
0.0915042847626
147514
0.0990453912306
147534
0.0990082969961
147554
0.145794346536
147574
0.113357709545
147594
0.0910920845446
147614
0.0914596202762
147634
0.0973375423934
147654
0.101091630329
147674
0.0895269349564
147694
0.0908577852471
147714
0.0462122244428
147734
0.0423063529554
147754
0.0383111524952
147774
0.0340165485707
147794
0.0376468628876
147814
0.037228606468
147834
0.0401885749758
147854
0.0568624333818
147874
0.0950876635174
147894
0.08762680172
147914
0.109080895712
147934
0.107091812016
147954
0.144212542393
147974
0.19846513142
147994
0.13125
148014
0.099781219719
148034
0.102418695494
148054
0.0782646711483
148074
0.0762437923934
148094
0.0905621669089
148114
0.12313582546
148134
0.107969582728
148154
0.0658017653828
148174
0.0665515988372
148194
0.0866044391957
148214
0.0589279766231
148234
0.0725729772287
148254
0.072357603561
148274
0.0632407491521
148294
0.0721456365068
148314
0.0582352985707
148334
0.0614068556202
148354
0.0669906734496
148374
0.0910243307897
148394
0.100278963784
148414
0.112510976865
148434
0.094871154312
148454
0.102958454457
148474
0.0952042453973
148494
0.0958507449128
148514
0.0975222565407
148534
0.0844245851502
148554
0.0786643804506
148574
0.0666299509448
148594
0.0434263717297
148614
0.0411859556686
148634
0.0584321251211
148654
0.0812727107558
148674
0.100625681323
148694
0.102238902011
148714
0.0906106165213
148734
0.109610434835
148754
0.12167098171
148774
0.0948647195979
148794
0.0989072341328
148814
1.0
148834
0.995667923328
148854
0.991586800509
148874
0.985728561047
148894
0.97672715298
148914
0.969918468387
148934
0.961252043968
148954
0.954355922965
148974
0.944923010538
148994
0.942142078488
149014
0.933024845567
149034
0.928730998668
149054
0.927051916788
149074
0.922706213663
149094
0.928471339026
149114
0.93021666061
149134
0.933404115189
149154
0.933816315407
149174
0.938576489826
149194
0.940433094113
149214
0.934686137355
149234
0.935257312863
149254
0.938577625363
149274
0.93951141594
149294
0.9417488039
149314
0.939404296875
149334
0.936508296996
149354
0.934687272892
149374
0.933140670422
149394
0.933044149709
149414
0.933898074128
149434
0.933472625969
149454
0.935563908067
149474
0.935080168968
149494
0.937192269259
149514
0.93606581577
149534
0.933674373183
149554
0.938931913154
149574
0.939078397529
149594
0.938215388808
149614
0.940345657703
149634
0.94295853016
149654
0.939831259084
149674
0.941870684956
149694
0.942170466933
149714
0.944610737645
149734
0.943224246003
149754
0.942739371366
149774
0.946122138445
149794
0.946359465843
149814
0.945807594477
149834
0.948058230378
149854
0.945426053779
149874
0.9427734375
149894
0.942590615916
149914
0.93972565407
149934
0.940605695858
149954
0.939546239099
149974
0.937884947311
149994
0.935291378997
150014
0.935820539608
150034
0.935760356105
150054
0.93525390625
150074
0.940029978198
150094
0.937966706032
150114
0.938624182413
150134
0.93627134811
150154
0.938761582485
150174
0.936289516715
150194
0.938839934593
150214
0.936548419331
150234
0.936041969477
150254
0.935722883358
150274
0.937733920785
150294
0.93558775436
150314
0.93796784157
150334
0.937652162064
150354
0.940219613009
150374
0.939409974564
150394
0.938673010538
150414
0.937666924055
150434
0.937542014898
150454
0.942322628997
150474
0.942021711483
150494
0.946002906977
150514
0.943105014535
150534
0.943443404797
150554
0.941134856468
150574
0.942238599201
150594
0.951907703488
150614
0.958222429142
150634
0.956667877907
150654
0.961489371366
150674
0.966449400436
150694
0.964743822674
150714
0.973438635538
150734
0.978616687863
150754
0.976564771076
150774
0.977711664244
150794
0.96857512718
150814
0.96288040516
150834
0.964439498547
150854
0.959638444767
150874
0.952863826308
150894
0.95396302689
150914
0.952841115552
150934
0.946253860828
150954
0.945251180959
150974
0.944516488009
150994
0.945757630814
151014
0.943335528706
151034
0.942455486919
151054
0.943555823038
151074
0.94181731468
151094
0.940466024709
151114
0.938160882994
151134
0.940380859375
151154
0.939245321584
151174
0.940563680959
151194
0.939085210756
151214
0.942080759448
151234
0.940286609738
151254
0.941061046512
151274
0.943460437863
151294
0.943516079215
151314
0.941381268169
151334
0.943929414971
151354
0.939556458939
151374
0.940156022892
151394
0.9392578125
151414
0.939491733285
151434
0.937875863009
151454
0.940870276163
151474
0.94116135235
151494
0.940044740189
151514
0.93744019501
151534
0.937570403343
151554
0.938350139293
151574
0.934490446342
151594
0.931059608164
151614
0.933074430717
151634
0.933945766715
151654
0.937482588421
151674
0.935807670179
151694
0.933242111797
151714
0.929798404191
151734
0.935497668362
151754
0.934557821584
151774
0.933526374758
151794
0.935057458212
151814
0.934555550509
151834
0.931103515625
151854
0.933103197674
151874
0.931255677689
151894
0.932569494913
151914
0.933044149709
151934
0.931820796996
151954
0.930572083939
151974
0.935312954215
151994
0.937593114099
152014
0.938246048328
152034
0.9408203125
152054
0.944518759084
152074
0.94331849564
152094
0.942375999273
152114
0.939849427689
152134
0.940026571584
152154
0.935804642078
152174
0.931672420058
152194
0.927808184956
152214
0.930308639172
152234
0.927430050872
152254
0.925960664971
152274
0.924626408067
152294
0.92405409702
152314
0.922496139172
152334
0.924869413154
152354
0.923417817345
152374
0.92164183624
152394
0.92541106468
152414
0.928802159036
152434
0.922005965359
152454
0.922051008358
152474
0.920747410974
152494
0.922365552326
152514
0.921751226381
152534
0.922556322674
152554
0.923697538154
152574
0.927969431323
152594
0.925501907703
152614
0.911104424055
152634
0.907770485102
152654
0.897016942224
152674
0.884650935683
152694
0.883491551599
152714
0.879361600654
152734
0.869661836846
152754
0.85905137173
152774
0.848826989462
152794
0.844486207001
152814
0.848997320131
152834
0.855123546512
152854
0.852612115431
152874
0.85664213905
152894
0.859028660974
152914
0.855472156613
152934
0.860124454942
152954
0.850329684472
152974
0.851314574249
152994
0.839162805838
153014
0.839368716691
153034
0.841126150678
153054
0.834187257752
153074
0.836139247214
153094
0.83883804203
153114
0.837660110828
153134
0.836811107074
153154
0.836983330305
153174
0.833287154797
153194
0.830459665698
153214
0.834192178416
153234
0.844382873062
153254
0.835554066739
153274
0.84111328125
153294
0.836061273619
153314
0.842083030523
153334
0.861522301962
153354
0.878478909278
153374
0.895436652132
153394
0.916342281371
153414
0.926366051962
153434
0.931330623183
153454
0.949764943677
153474
0.969259856468
153494
0.979058412064
153514
0.995201217297
153534
0.995355650436
153554
0.990162836119
153574
0.984067269259
153594
0.979436546148
153614
0.973255813953
153634
0.971817087573
153654
0.968038017805
153674
0.962761173692
153694
0.958449536701
153714
0.951908839026
153734
0.94486509811
153754
0.939830123547
153774
0.94557480923
153794
0.94055800327
153814
0.939018592539
153834
0.940858920785
153854
0.943476335392
153874
0.942814695373
153894
0.938147256541
153914
0.942856710271
153934
0.945622880329
153954
0.945703503513
153974
0.949072265625
153994
0.946448794816
154014
0.954381283309
154034
0.952913411458
154054
0.948369367733
154074
0.941255223474
154094
0.94589692345
154114
0.941108360586
154134
0.932497199007
154154
0.914407324976
154174
0.915408112282
154194
0.915936515867
154214
0.922854590601
154234
0.929491808987
154254
0.932150859981
154274
0.936880374879
154294
0.938912987524
154314
0.94442337391
154334
0.962157824612
154354
0.983365128391
154374
0.988524255087
154394
0.982676613978
154414
0.980218174661
154434
0.977197644138
154454
0.967138671875
154474
0.971693313953
154494
0.975889883115
154514
0.974256979772
154534
0.975715767321
154554
0.97595763687
154574
0.976998546512
154594
0.977035262234
154614
0.977044346536
154634
0.977031477108
154654
0.98112471233
154674
0.618936228198
154694
0.31276230923
154714
0.236021151284
154734
0.0979272650194
154754
0.103341130693
154774
0.10782271984
154794
0.105313181323
154814
0.120157688348
154834
0.299616566739
154854
1.0
154874
1.0
154894
1.0
154914
1.0
154934
1.0
