117439
0.0850535300926
117459
0.0870081018519
117479
0.0580570023148
117499
0.0530530237269
117519
0.0566959635417
117539
0.0562724247685
117559
0.0565404369213
117579
0.0589044415509
117599
0.0566185619213
117619
0.0572894965278
117639
0.0557197627315
117659
0.0734422019676
117679
0.082886646412
117699
0.0795240162037
117719
0.0768681278935
117739
0.0731854021991
117759
0.0729202835648
117779
0.0746697771991
117799
0.078968822338
117819
0.075751953125
117839
0.0797099247685
117859
0.0703942418981
117879
0.0818540219907
117899
0.0841775173611
117919
0.102034143519
117939
0.128409288194
117959
0.153304759838
117979
0.0581325954861
117999
0.0587771267361
118019
0.208370225694
118039
0.220992476852
118059
0.224831452546
118079
0.0585622829861
118099
0.0620959924769
118119
0.0642216435185
118139
0.230815610532
118159
0.235597511574
118179
0.253740957755
118199
0.240856119792
118219
0.054927662037
118239
0.0567563657407
118259
0.0572630931713
118279
0.0591330295139
118299
0.166501736111
118319
0.172371600116
118339
0.17814525463
118359
0.168072554977
118379
0.175747612847
118399
0.181689091435
118419
0.185869864005
118439
0.0605855758102
118459
0.0614080584491
118479
0.0618406394676
118499
0.0627571614583
118519
0.256389973958
118539
0.247367621528
118559
0.233235315394
118579
0.222907986111
118599
0.220499855324
118619
0.223683449074
118639
0.236295211227
118659
0.071871021412
118679
0.0731846788194
118699
0.0708015046296
118719
0.0711291956019
118739
0.0737489149306
118759
0.0739214409722
118779
0.0743189380787
118799
0.217290219907
118819
0.217419704861
118839
0.216654730903
118859
0.204992042824
118879
0.215151909722
118899
0.214704137731
118919
0.214197410301
118939
0.0624540653935
118959
0.0576157407407
118979
0.0617990451389
118999
0.0628913483796
119019
0.0627763310185
119039
0.0625209780093
119059
0.0636440248843
119079
0.0620247395833
119099
0.0596173321759
119119
0.0574696180556
119139
0.0556557436343
119159
0.0518236400463
119179
0.0520265480324
119199
0.0518051938657
119219
0.0519802517361
119239
0.0518655960648
119259
0.0509360532407
119279
0.049808666088
119299
0.0496086516204
119319
0.0475734230324
119339
0.0463765914352
119359
0.0468872974537
119379
0.0474428530093
119399
0.0493337673611
119419
0.0528689236111
119439
0.0575119357639
119459
0.0594712094907
119479
0.0626519097222
119499
0.0663715277778
119519
0.0670732060185
119539
0.0698571325231
119559
0.0727228009259
119579
0.088998119213
119599
0.0940766059028
119619
0.0958080150463
119639
0.108351417824
119659
0.108928313079
119679
0.11091869213
119699
0.120915436921
119719
0.133157913773
119739
0.143515625
119759
0.155766420718
119779
0.175309244792
119799
0.181686197917
119819
0.285632957176
119839
0.445132378472
119859
0.625927734375
119879
0.793992693866
119899
0.836022858796
119919
0.859388744213
119939
0.884287471065
119959
0.898285590278
119979
0.919391276042
119999
0.944040436921
120019
0.958517433449
120039
0.966456163194
120059
0.971209852431
120079
0.974000651042
120099
0.976076388889
120119
0.977006293403
120139
0.978620876736
120159
0.979866536458
120179
0.981955656829
120199
0.98562463831
120219
0.994581524884
120239
1.0
120259
0.994475911458
120279
0.989184751157
120299
0.988950737847
120319
0.988948929398
120339
0.988197337963
120359
0.985876012731
120379
0.979281684028
120399
0.976166087963
120419
0.969269024884
120439
0.964567057292
120459
0.957837818287
120479
0.952914134838
120499
0.945516493056
120519
0.9409375
120539
0.937222583912
120559
0.932091290509
120579
0.925594618056
120599
0.921937572338
120619
0.91998046875
120639
0.920494429977
120659
0.926534288194
120679
0.924391999421
120699
0.919402488426
120719
0.917094184028
120739
0.911106770833
120759
0.907581380208
120779
0.911669921875
120799
0.909636140046
120819
0.905818504051
120839
0.908980758102
120859
0.906890190972
120879
0.909083839699
120899
0.907622974537
120919
0.902859157986
120939
0.909847005208
120959
0.906010923032
120979
0.906447844329
120999
0.903764105903
121019
0.897971281829
121039
0.901880063657
121059
0.896229383681
121079
0.900300564236
121099
0.90271484375
121119
0.896389250579
121139
0.899905598958
121159
0.901669560185
121179
0.90412145544
121199
0.908780381944
121219
0.905314670139
121239
0.905132378472
121259
0.899269748264
121279
0.897667462384
121299
0.900258246528
121319
0.902632016782
121339
0.897765118634
121359
0.89763708044
121379
0.901047092014
121399
0.89376880787
121419
0.890889395255
121439
0.895387369792
121459
0.888829933449
121479
0.889261067708
121499
0.884733072917
121519
0.888781828704
121539
0.885504557292
121559
0.884385850694
121579
0.883410011574
121599
0.882086226852
121619
0.877372685185
121639
0.883590133102
121659
0.890984881366
121679
0.899904875579
121699
0.895199652778
121719
0.892996600116
121739
0.8855078125
121759
0.886257233796
121779
0.88609302662
121799
0.888648726852
121819
0.896159215856
121839
0.895893735532
121859
0.891016710069
121879
0.886862340856
121899
0.885866970486
121919
0.889777922454
121939
0.893234953704
121959
0.882136140046
121979
0.884359809028
121999
0.888260633681
122019
0.888316333912
122039
0.892178819444
122059
0.884215494792
122079
0.879195601852
122099
0.883602430556
122119
0.881450014468
122139
0.885082103588
122159
0.885736038773
122179
0.885896990741
122199
0.885836950231
122219
0.882113353588
122239
0.882138671875
122259
0.889096498843
122279
0.882743055556
122299
0.888389033565
122319
0.884031394676
122339
0.88328052662
122359
0.886170789931
122379
0.88662181713
122399
0.88453161169
122419
0.882342303241
122439
0.887647207755
122459
0.893619429977
122479
0.886896701389
122499
0.884945023148
122519
0.890094762731
122539
0.890766059028
122559
0.886942997685
122579
0.883097511574
122599
0.883455222801
122619
0.885727719907
122639
0.883084129051
122659
0.888685257523
122679
0.895226779514
122699
0.885275607639
122719
0.884563440394
122739
0.889616970486
122759
0.89109338831
122779
0.887317346644
122799
0.882637803819
122819
0.88357385706
122839
0.878075448495
122859
0.873013599537
122879
0.877749565972
122899
0.877166883681
122919
0.869290002894
122939
0.880344328704
122959
0.880534577546
122979
0.880223162616
122999
0.870935329861
123019
0.872111906829
123039
0.870704571759
123059
0.867423683449
123079
0.868138020833
123099
0.873225188079
123119
0.866039134838
123139
0.869108072917
123159
0.872779224537
123179
0.884118923611
123199
0.884534143519
123219
0.886373697917
123239
0.889017288773
123259
0.893961588542
123279
0.889466869213
123299
0.895271629051
123319
0.901283998843
123339
0.904632523148
123359
0.900380135995
123379
0.90990270544
123399
0.912965133102
123419
0.910594256366
123439
0.922126736111
123459
0.920844907407
123479
0.924952980324
123499
0.930787037037
123519
0.93320384838
123539
0.929280960648
123559
0.918837890625
123579
0.914444082755
123599
0.912957899306
123619
0.914515697338
123639
0.911774088542
123659
0.908288122106
123679
0.905560257523
123699
0.906623625579
123719
0.902257667824
123739
0.896381655093
123759
0.894039713542
123779
0.887418619792
123799
0.883374927662
123819
0.890744719329
123839
0.881616030093
123859
0.878024450231
123879
0.874641927083
123899
0.87058521412
123919
0.872571614583
123939
0.880462601273
123959
0.881537543403
123979
0.886023943866
123999
0.880672019676
124019
0.874296875
124039
0.883631727431
124059
0.885953414352
124079
0.887547381366
124099
0.886552010995
124119
0.887310474537
124139
0.898114872685
124159
0.90412109375
124179
0.908509476273
124199
0.909866898148
124219
0.902935474537
124239
0.899573206019
124259
0.898187934028
124279
0.894729456019
124299
0.894684244792
124319
0.895016637731
124339
0.89712926794
124359
0.898293909144
124379
0.896772641782
124399
0.892314453125
124419
0.899369936343
124439
0.899908130787
124459
0.896761791088
124479
0.89931712963
124499
0.899621310764
124519
0.893522858796
124539
0.88572193287
124559
0.882895326968
124579
0.882105034722
124599
0.88533203125
124619
0.884165219907
124639
0.877945963542
124659
0.877113353588
124679
0.871130642361
124699
0.863576750579
124719
0.861491970486
124739
0.852583550347
124759
0.845205801505
124779
0.841688368056
124799
0.83527416088
124819
0.834737051505
124839
0.823369140625
124859
0.822452618634
124879
0.817396556713
124899
0.809048032407
124919
0.81005931713
124939
0.816337890625
124959
0.804669053819
124979
0.79794885706
124999
0.784916087963
125019
0.790096209491
125039
0.802473958333
125059
0.80109411169
125079
0.811108940972
125099
0.825202546296
125119
0.826686559606
125139
0.835515769676
125159
0.848993417245
125179
0.850595341435
125199
0.857369429977
125219
0.86027379919
125239
0.870632595486
125259
0.87640661169
125279
0.885499131944
125299
0.896427228009
125319
0.905551576968
125339
0.913463179977
125359
0.924963107639
125379
0.932447916667
125399
0.932154586227
125419
0.929426721644
125439
0.92855396412
125459
0.930506365741
125479
0.929535951968
125499
0.936303891782
125519
0.936046368634
125539
0.935861183449
125559
0.94267650463
125579
0.951372612847
125599
0.959963107639
125619
0.961100622106
125639
0.962008825231
125659
0.950974030671
125679
0.941032986111
125699
0.932662398727
125719
0.927095992477
125739
0.917424045139
125759
0.908861762153
125779
0.907606336806
125799
0.916163917824
125819
0.927220775463
125839
0.93740234375
125859
0.941150173611
125879
0.941937572338
125899
0.942496383102
125919
0.941340422454
125939
0.939903428819
125959
0.938689236111
125979
0.937741608796
125999
0.930640552662
126019
0.922996238426
126039
0.918548900463
126059
0.92281213831
126079
0.925769314236
126099
0.931528862847
126119
0.938403139468
126139
0.93957067419
126159
0.937239583333
126179
0.938505135995
126199
0.932302155671
126219
0.925699146412
126239
0.918190465856
126259
0.913565176505
126279
0.906421440972
126299
0.90002025463
126319
0.895963903356
126339
0.892791883681
126359
0.888141276042
126379
0.888306206597
126399
0.885421730324
126419
0.893015769676
126439
0.90462854456
126459
0.905720124421
126479
0.906843894676
126499
0.908506582755
126519
0.915455005787
126539
0.91787037037
126559
0.914280960648
126579
0.913013599537
126599
0.918415075231
126619
0.921677155671
126639
0.919735604745
126659
0.918173466435
126679
0.913972439236
126699
0.917652994792
126719
0.921803023727
126739
0.922387876157
126759
0.918765190972
126779
0.915811993634
126799
0.91711009838
126819
0.916404441551
126839
0.917685908565
126859
0.905451027199
126879
0.904549696181
126899
0.897827690972
126919
0.889094690394
126939
0.900110677083
126959
0.890374710648
126979
0.883336950231
126999
0.880693721065
127019
0.875844184028
127039
0.886345486111
127059
0.894227430556
127079
0.899284215856
127099
0.901355613426
127119
0.901893084491
127139
0.910747612847
127159
0.922992983218
127179
0.933121744792
127199
0.932235604745
127219
0.930804759838
127239
0.931322337963
127259
0.945048104745
127279
0.954931640625
127299
0.955144314236
127319
0.965577980324
127339
0.970593171296
127359
0.985608723958
127379
0.993003472222
127399
0.993640407986
127419
0.999105179398
