127613
0.0431685405644
127633
0.0349316578483
127653
0.0679728835979
127673
0.0518174052028
127693
0.0826140873016
127713
0.0856357473545
127733
0.0738301917989
127753
0.0688395612875
127773
0.0707465277778
127793
0.0735876873898
127813
0.070171957672
127833
0.0708608906526
127853
0.048791611552
127873
0.051136739418
127893
0.0527364417989
127913
0.0509672619048
127933
0.0494405864198
127953
0.0491870590829
127973
0.0479786706349
127993
0.0636146935626
128013
0.0649264219577
128033
0.0736924052028
128053
0.0638447971781
128073
0.0951140873016
128093
0.0586102843915
128113
0.0570505401235
128133
0.0919711750441
128153
0.0562458664021
128173
0.0517884700176
128193
0.0489211309524
128213
0.05
128233
0.0441964285714
128253
0.0432457010582
128273
0.0414558531746
128293
0.0425457451499
128313
0.0452863205467
128333
0.0440214395944
128353
0.0437816909171
128373
0.0432002314815
128393
0.0416363536155
128413
0.06548170194
128433
0.0731302358907
128453
0.0770998677249
128473
0.0630952380952
128493
0.0419229497354
128513
0.0434537588183
128533
0.0478780864198
128553
0.0475405092593
128573
0.0460331238977
128593
0.0465622244268
128613
0.0542658730159
128633
0.0513585758377
128653
0.0536389440035
128673
0.0526827050265
128693
0.0585041887125
128713
0.0588665674603
128733
0.059092537478
128753
0.0581927910053
128773
0.0586116622575
128793
0.0541501322751
128813
0.0514977402998
128833
0.0517926036155
128853
0.0398106812169
128873
0.0407269620811
128893
0.0409736000882
128913
0.0987723214286
128933
0.0429563492063
128953
0.0441785163139
128973
0.0446814373898
128993
0.0439373897707
129013
0.0456445656966
129033
0.0443562610229
129053
0.0451278659612
129073
0.0409322641093
129093
0.0393353174603
129113
0.0415385251323
129133
0.0521756503527
129153
0.0611455577601
129173
0.0472277336861
129193
0.185085978836
129213
0.185912698413
129233
0.184988150353
129253
0.178983410494
129273
0.0812541335979
129293
0.0803102954145
129313
0.0774677579365
129333
0.0771274250441
129353
0.0756779100529
129373
0.0761050485009
129393
0.330911044974
129413
0.338627094356
129433
0.109512786596
129453
0.116337356702
129473
0.123787477954
129493
0.118700396825
129513
0.117768959436
129533
0.119503692681
129553
0.119196428571
129573
0.184926146384
129593
0.134253747795
129613
0.137986386684
129633
0.135010196208
129653
0.152087466931
129673
0.156524195326
129693
0.145571538801
129713
0.149309689153
129733
0.107986111111
129753
0.129330632716
129773
0.140306712963
129793
0.135061177249
129813
0.119857804233
129833
0.123620756173
129853
0.304644786155
129873
0.235577876984
129893
0.23386656746
129913
0.235638503086
129933
0.224386849647
129953
0.232521770282
129973
0.320746527778
129993
0.125923170194
130013
0.113212356702
130033
0.108016424162
130053
0.111065641534
130073
0.114747299383
130093
0.117600859788
130113
0.11677827381
130133
0.11578207672
130153
0.10647872575
130173
0.0462439373898
130193
0.187399415785
130213
0.188518242945
130233
0.179715057319
130253
0.0647348985891
130273
0.129810130071
130293
0.11654265873
130313
0.0899567350088
130333
0.152914186508
130353
0.134354332011
130373
0.168537808642
130393
0.163245425485
130413
0.165518904321
130433
0.187887180335
130453
0.14701140873
130473
0.151814649471
130493
0.0539572310406
130513
0.0673872905644
130533
0.0669243276014
130553
0.0670690035273
130573
0.0672123015873
130593
0.0667741402116
130613
0.107003692681
130633
0.17499311067
130653
0.181692294974
130673
0.0712329144621
130693
0.0712535824515
130713
0.0583195546737
130733
0.104975473986
130753
0.1259107694
130773
0.207061563051
130793
0.147868441358
130813
0.146290784832
130833
0.256540729718
130853
0.254482197972
130873
0.132739473104
130893
0.126023754409
130913
0.1381517306
130933
0.132910328483
130953
0.133615795855
130973
0.132608575838
130993
0.138245425485
131013
0.138956404321
131033
0.111917162698
131053
0.038282627866
131073
0.0562996031746
131093
0.0633845899471
131113
0.0762827932099
131133
0.0806588955026
131153
0.0846698633157
131173
0.0845320767196
131193
0.079082616843
131213
0.0789599867725
131233
0.0801284171076
131253
0.0807594797178
131273
0.0840222663139
131293
0.927372685185
131313
0.911046351411
131333
0.887316743827
131353
0.884115961199
131373
0.883563436949
131393
0.920734126984
131413
0.964853395062
131433
0.961659501764
131453
0.938536155203
131473
0.908334711199
131493
0.874363425926
131513
0.856842482363
131533
0.832383983686
131553
0.796734457672
131573
0.77491457231
131593
0.747424768519
131613
0.714302248677
131633
0.702248677249
131653
0.703802910053
131673
0.702539406966
131693
0.709087026014
131713
0.704360945767
131733
0.711392195767
131753
0.704103284832
131773
0.68396577381
131793
0.677595899471
131813
0.675119874339
131833
0.67400380291
131853
0.673357583774
131873
0.677883873457
131893
0.689026675485
131913
0.700020667989
131933
0.700928681658
131953
0.717294973545
131973
0.720789241623
131993
0.721987985009
132013
0.71890018739
132033
0.716832010582
132053
0.701452270723
132073
0.682994378307
132093
0.67514329806
132113
0.66854194224
132133
0.661100088183
132153
0.641534391534
132173
0.629275518078
132193
0.636962632275
132213
0.635974702381
132233
0.66413414903
132253
0.688304673721
132273
0.704788084215
132293
0.713716655644
132313
0.70432925485
132333
0.699950396825
132353
0.70546186067
132373
0.69068287037
132393
0.679039902998
132413
0.642489252646
132433
0.616268463404
132453
0.593558476631
132473
0.567967372134
132493
0.563693231922
132513
0.567092427249
132533
0.562624007937
132553
0.566924327601
132573
0.567497519841
132593
0.565747630071
132613
0.58282627866
132633
0.599779541446
132653
0.606790123457
132673
0.648928020282
132693
0.661236496914
132713
0.668617724868
132733
0.680729166667
132753
0.706582065697
132773
0.72598930776
132793
0.729804618607
132813
0.750276951058
132833
0.745258763228
132853
0.701916611552
132873
0.685649526014
132893
0.677423666226
132913
0.704796351411
132933
0.685576499118
132953
0.662949184303
132973
0.652557319224
132993
0.622191909171
133013
0.648974867725
133033
0.639353229718
133053
0.648838458995
133073
0.657236552028
133093
0.670564649471
133113
0.668638392857
133133
0.684042934303
133153
0.706768077601
133173
0.726912477954
133193
0.708763227513
133213
0.731584821429
133233
0.744024195326
133253
0.735146604938
133273
0.729377480159
133293
0.738341876102
133313
0.733280974427
133333
0.711706349206
133353
0.713285383598
133373
0.712008101852
133393
0.716899526014
133413
0.710451113316
133433
0.70412119709
133453
0.692208167989
133473
0.679705412257
133493
0.664497905644
133513
0.676799492945
133533
0.680381944444
133553
0.694539517196
133573
0.708059138007
133593
0.72031938933
133613
0.718145116843
133633
0.721117173721
133653
0.724899415785
133673
0.714457947531
133693
0.708504188713
133713
0.696658675044
133733
0.675446428571
133753
0.663158619929
133773
0.670826444004
133793
0.649612819665
133813
0.660522762346
133833
0.678032682981
133853
0.690237819665
133873
0.693045910494
133893
0.699090608466
133913
0.716916060406
133933
0.7446607694
133953
0.727458112875
133973
0.747897376543
133993
0.740368716931
134013
0.718920855379
134033
0.713935736332
134053
0.707970954586
134073
0.677744708995
134093
0.659340553351
134113
0.639620535714
134133
0.645231205908
134153
0.63124311067
134173
0.630824239418
134193
0.63501295194
134213
0.632466655644
134233
0.62576747134
134253
0.638047012787
134273
0.677878361993
134293
0.716195436508
134313
0.70483079806
134333
0.720122354497
134353
0.732491457231
134373
0.729326499118
134393
0.713449349647
134413
0.708165233686
134433
0.698068231922
134453
0.663463128307
134473
0.639721119929
134493
0.652613811728
134513
0.677926587302
134533
0.687387014991
134553
0.684574790564
134573
0.69160741843
134593
0.69311893739
134613
0.706199018959
134633
0.70255869709
134653
0.695167824074
134673
0.675173611111
134693
0.648496748236
134713
0.635737709436
134733
0.646248070988
134753
0.658504188713
134773
0.673956955467
134793
0.681510416667
134813
0.689767967372
134833
0.703069885362
134853
0.709580302028
134873
0.709926146384
134893
0.708946483686
134913
0.68658234127
134933
0.688920579806
134953
0.69837962963
134973
0.700236992945
134993
0.697087191358
135013
0.685971946649
135033
0.665284667108
135053
0.656475970018
135073
0.674189814815
135093
0.702252810847
135113
0.717508542769
135133
0.71065090388
135153
0.713284005732
135173
0.714842372134
135193
0.736549272487
135213
0.771124063051
135233
0.81571042769
135253
0.84046792328
135273
0.865908840388
135293
0.879804618607
135313
0.877870094797
135333
0.90270888448
135353
0.933483520723
135373
0.958286485891
135393
0.966683201058
135413
0.948481591711
135433
0.915912973986
135453
0.875895612875
135473
0.850227347884
135493
0.851328262787
135513
0.814537863757
135533
0.792118606702
135553
0.75953207672
135573
0.732820767196
135593
0.71300154321
135613
0.706469080688
135633
0.71619819224
135653
0.722475749559
135673
0.710043264991
135693
0.721749614198
135713
0.69481784612
135733
0.706772211199
135753
0.706374007937
135773
0.698349316578
135793
0.713821373457
135813
0.718212632275
135833
0.701459160053
135853
0.7139977403
135873
0.702718529541
135893
0.694999724427
135913
0.715608465608
135933
0.687202380952
135953
0.669378306878
135973
0.668200231481
135993
0.64483162478
136013
0.625851521164
136033
0.634485229277
136053
0.613084215168
136073
0.609133873457
136093
0.61378968254
136113
0.625367890212
136133
0.605084325397
136153
0.578700947972
136173
0.553122244268
136193
0.570028659612
136213
0.548392030423
136233
0.583789406966
136253
0.603973765432
136273
0.61085896164
136293
0.626176697531
136313
0.662545469577
136333
0.696469907407
136353
0.726811893739
136373
0.734562389771
136393
0.78359375
136413
0.740084876543
136433
0.750884589947
136453
0.774034115961
136473
0.758032958554
136493
0.757767030423
136513
0.769820601852
136533
0.780147707231
136553
0.819725529101
136573
0.783980930335
136593
0.825022045855
136613
0.830532131834
136633
0.813460372575
136653
0.807344025573
136673
0.822776124339
136693
0.811469356261
136713
0.764426256614
136733
0.703384038801
136753
0.693022486772
136773
0.681294091711
136793
0.61483686067
136813
0.553148423721
136833
0.509898589065
136853
0.473870149912
136873
0.419839891975
136893
0.479395392416
136913
0.542777226631
136933
0.558916170635
136953
0.560320216049
136973
0.637137621252
136993
0.727061287478
137013
0.791154100529
137033
0.893767912257
137053
0.998330026455
137073
0.0542424492945
137093
0.0539710097002
137113
0.0541501322751
137133
0.0541046626984
137153
0.0543278769841
137173
0.999468143739
137193
0.999677579365
