131858
0.173609355852
131878
0.184974341299
131898
0.197181372549
131918
0.210074391085
131938
0.227971813725
131958
0.250135474112
131978
0.280446250766
131998
0.332463043811
132018
0.404735849418
132038
0.532862285539
132058
0.706572648591
132078
0.999021043964
132098
0.999507889093
132118
0.999892290901
132138
1.0
132158
1.0
132178
1.0
132198
0.963185029871
132218
0.957341452206
132238
0.953808115043
132258
0.920527439491
132278
0.889854281556
132298
0.883672736673
132318
0.877917719822
132338
0.877942133885
132358
0.867434034161
132378
0.967931410846
132398
0.933072916667
132418
0.923221124387
132438
0.916973517923
132458
0.849547621783
132478
0.844373276654
132498
0.841016582414
132518
0.836946614583
132538
0.831633444393
132558
0.833505189185
132578
0.900037339154
132598
0.898268995098
132618
0.897365196078
132638
0.854076191023
132658
0.847416896446
132678
0.844891237745
132698
0.847761565564
132718
0.849952607996
132738
0.858453488817
132758
0.9265692019
132778
0.898356598499
132798
0.900340839461
132818
0.809718232996
132838
0.808921185662
132858
0.808690448836
132878
0.809227558211
132898
0.810848460478
132918
0.812442555147
132938
0.936184512868
132958
0.899782666973
132978
0.894475719975
132998
0.894337373621
133018
0.804793772978
133038
0.808303653493
133058
0.809135646446
133078
0.807183957567
133098
0.809557866115
133118
0.815847598805
133138
0.913482785692
133158
0.899787454044
133178
0.903142712163
133198
0.839927523744
133218
0.840976849724
133238
0.845174632353
133258
0.847077493107
133278
0.845598288143
133298
0.847157437194
133318
0.955598000919
133338
0.916689165901
133358
0.919145890778
133378
0.865582873775
133398
0.833281632966
133418
0.82998046875
133438
0.827659696691
133458
0.827636240043
133478
0.827110140931
133498
0.844187538297
133518
0.908305568321
133538
0.909942267923
133558
0.906037454044
133578
0.828839231005
133598
0.826500746783
133618
0.828307866115
133638
0.828178615196
133658
0.824359968597
133678
0.815240119485
133698
0.942056334252
133718
0.900343711703
133738
0.899194335937
133758
0.841192267923
133778
0.816647518382
133798
0.816439759498
133818
0.817576210172
133838
0.814809283088
133858
0.81253303079
133878
0.919498697917
133898
0.901749674479
133918
0.901607498468
133938
0.904097732843
133958
0.831330422794
133978
0.827199659161
133998
0.829802389706
134018
0.833564548866
134038
0.831218405331
134058
0.827870327819
134078
0.925147441789
134098
0.908760818781
134118
0.910103592218
134138
0.848552389706
134158
0.835015031403
134178
0.83812231924
134198
0.839181219363
134218
0.837013633578
134238
0.83361194087
134258
0.888734585631
134278
0.908106426164
134298
0.907530541513
134318
0.904696116728
134338
0.831187289369
134358
0.831157130821
134378
0.827257104013
134398
0.827560125613
134418
0.829777496936
134438
0.82495691636
134458
0.926202512255
134478
0.909505208333
134498
0.911210841759
134518
0.824969362745
134538
0.819835229013
134558
0.820714613971
134578
0.825595032935
134598
0.826758769914
134618
0.82693158318
134638
0.949941597733
134658
0.909283566942
134678
0.910530120251
134698
0.908457318474
134718
0.819337852328
134738
0.824217313879
134758
0.822419768689
134778
0.821704101562
134798
0.819389073989
134818
0.819501091452
134838
0.919751933977
134858
0.91083314185
134878
0.911868585325
134898
0.847393918505
134918
0.830984317555
134938
0.825812844669
134958
0.826341337316
134978
0.838526348039
134998
0.833150945925
135018
0.85386316636
135038
0.909094477635
135058
0.907954676011
135078
0.91013470818
135098
0.823576803768
135118
0.82472857307
135138
0.824010512408
135158
0.826152726716
135178
0.826963656556
135198
0.816270775888
135218
0.94810814951
135238
0.90425714231
135258
0.903205901501
135278
0.835271139706
135298
0.83668236826
135318
0.836881989124
135338
0.832762235754
135358
0.832749310662
135378
0.829113530178
135398
0.919500134038
135418
0.899739583333
135438
0.902542892157
135458
0.902493106618
135478
0.818389533548
135498
0.816480928309
135518
0.813077320772
135538
0.815014648438
135558
0.817217179841
135578
0.835686657475
135598
0.914234834559
135618
0.90953728171
135638
0.910654584099
135658
0.843995576746
135678
0.845116708793
135698
0.849869791667
135718
0.849653416054
135738
0.8501886106
135758
0.843471392463
135778
0.95394263174
135798
0.950045477175
135818
0.949098594516
135838
0.945960190717
135858
0.793736117494
135878
0.795310106464
135898
0.793043907016
135918
0.79163459329
135938
0.792368451287
135958
0.78976763557
135978
0.789879653033
135998
0.787027516085
136018
0.791421568627
136038
0.791201842065
136058
0.783733532475
136078
0.806118355545
136098
0.949617513021
136118
0.948384842218
136138
0.945438399969
136158
0.950346583946
136178
0.952762140012
136198
0.950364296109
136218
0.946566233915
136238
0.944608321844
136258
0.945710305607
136278
0.943923291973
136298
0.940626436121
136318
0.94027410769
136338
0.94327990962
136358
0.9464776731
136378
0.945921415441
136398
0.94921539905
136418
0.950181908701
136438
0.947563380821
136458
0.945260320925
136478
0.945844822304
136498
0.947341260723
136518
0.943721756281
136538
0.944681085325
136558
0.946841490502
136578
0.950603649663
136598
0.951461014093
136618
0.955605181526
136638
0.959318991268
136658
0.963268324908
136678
0.958936982996
136698
0.956432866115
136718
0.954254748775
136738
0.956074793199
136758
0.9526400697
136778
0.952617091759
136798
0.95371428845
136818
0.955851236979
136838
0.96048224954
136858
0.960527726716
136878
0.959538239124
136898
0.958718213848
136918
0.956663602941
136938
0.959061925551
136958
0.955048445159
136978
0.955182961857
136998
0.951364793964
137018
0.954916800705
137038
0.957819680607
137058
0.956333773744
137078
0.956364889706
137098
0.954512293199
137118
0.950631414675
137138
0.950980392157
137158
0.952968462776
137178
0.948926738664
137198
0.946479109222
137218
0.944187538297
137238
0.947567689185
137258
0.945683019301
137278
0.945728975184
137298
0.944417317708
137318
0.947156479779
137338
0.948142137714
137358
0.947406843597
137378
0.950621361826
137398
0.946738089767
137418
0.94722254136
137438
0.944707892923
137458
0.947694067862
137478
0.948918121936
137498
0.948942057292
137518
0.947867838542
137538
0.950056966146
137558
0.952055568321
137578
0.946875957414
137598
0.947408279718
137618
0.94546807981
137638
0.943429266238
137658
0.942043409161
137678
0.93685948989
137698
0.936362591912
137718
0.940129059436
137738
0.936825022978
137758
0.935027956495
137778
0.933962354473
137798
0.933404660692
137818
0.93114564185
137838
0.932136086857
137858
0.936883425245
137878
0.937225700827
137898
0.931603285846
137918
0.933181104473
137938
0.937833658854
137958
0.93443627451
137978
0.939165422028
137998
0.943017099418
138018
0.945979817708
138038
0.9420864928
138058
0.942772001379
138078
0.936895392923
138098
0.936753216912
138118
0.93558995864
138138
0.930904852175
138158
0.930375402114
138178
0.927190085018
138198
0.92558928845
138218
0.924906652114
138238
0.922698376225
138258
0.924033011642
138278
0.915425379136
138298
0.91242053462
138318
0.911971507353
138338
0.910006893382
138358
0.895979817708
138378
0.896516927083
138398
0.891041953891
138418
0.89095770144
138438
0.890406709559
138458
0.894790709252
138478
0.891825597426
138498
0.890080710018
138518
0.887164426317
138538
0.889389456955
138558
0.890914139093
138578
0.887172085631
138598
0.889695350797
138618
0.891984049479
138638
0.892191808364
138658
0.890172621783
138678
0.89409754136
138698
0.89382276348
138718
0.897481043199
138738
0.896333582261
138758
0.898951152727
138778
0.897455671722
138798
0.897571997549
138818
0.895743336397
138838
0.897091375613
138858
0.898059321385
138878
0.90099475337
138898
0.894600662531
138918
0.898510742188
138938
0.899716126685
138958
0.897798426011
138978
0.892890720741
138998
0.897938208487
139018
0.899267578125
139038
0.900130208333
139058
0.901529947917
139078
0.897517903646
139098
0.899517941942
139118
0.898960726869
139138
0.895637542126
139158
0.898695523131
139178
0.902928251379
139198
0.902262369792
139218
0.899713254442
139238
0.902065142463
139258
0.904563514859
139278
0.904211186428
139298
0.899505495558
139318
0.896711760876
139338
0.901225490196
139358
0.897865445006
139378
0.893019971661
139398
0.892234413297
139418
0.889700137868
139438
0.889483762255
139458
0.891018497243
139478
0.894206686581
139498
0.897949697457
139518
0.896772077972
139538
0.894530292586
139558
0.892357441023
139578
0.89671271829
139598
0.890702071844
139618
0.886802523744
139638
0.888957663143
139658
0.893452722886
139678
0.88984375
139698
0.885422889859
139718
0.882376397825
139738
0.8854458678
139758
0.88783605239
139778
0.890849992341
139798
0.890723134957
139818
0.889747529871
139838
0.886820235907
139858
0.876700367647
139878
0.881598498775
139898
0.882430970435
139918
0.889955767463
139938
0.886327167586
139958
0.892053940717
139978
0.897422162224
139998
0.90211205576
140018
0.907418045343
140038
0.906130323223
140058
0.905045572917
140078
0.904050340839
140098
0.903253293505
140118
0.906211224724
140138
0.910906384038
140158
0.908406096814
140178
0.905147537531
140198
0.91710468367
140218
0.926206341912
140238
0.91942689185
140258
0.913917451746
140278
0.911603860294
140298
0.90655780867
140318
0.902293964461
140338
0.895094209559
140358
0.889613013174
140378
0.887465533088
140398
0.893849092371
140418
0.890952435662
140438
0.890153952206
140458
0.886193608303
140478
0.886502853094
140498
0.880643478094
140518
0.878054630055
140538
0.875356636795
140558
0.876124482996
140578
0.872074620864
140598
0.876335114124
140618
0.890669519761
140638
0.886991134344
140658
0.894402477788
140678
0.900816195619
140698
0.905417049632
140718
0.907139916513
140738
0.914374138327
140758
0.908204082414
140778
0.918682023591
140798
0.929290651808
140818
0.932114545037
140838
0.936795821844
140858
0.942482862286
140878
0.949471028646
140898
0.951943550858
140918
0.955366785386
140938
0.957783298866
140958
0.96265557981
140978
0.96417499617
140998
0.967272709865
141018
0.970733283548
141038
0.973680204504
141058
0.983607632506
141078
0.984174421722
141098
0.984633501838
141118
0.990275065104
141138
0.991024720435
141158
0.991760971967
141178
0.993651865043
141198
0.993342141544
141218
0.99752556296
141238
1.0
141258
1.0
141278
1.0
141298
1.0
141318
0.055797143076
141338
0.053888537837
141358
0.0534849877451
141378
0.0527683632047
141398
1.0
141418
1.0
141438
1.0
