113781
0.47170744509
113801
0.378194646318
113821
0.186248385013
113841
0.194994549419
113861
0.166066093346
113881
0.199496325904
113901
0.386476501938
113921
0.519702842377
113941
0.422011264535
113961
0.508917756783
113981
0.291348716085
114001
0.471919412145
114021
0.469713945413
114041
0.485510537791
114061
0.320887839147
114081
0.160070453811
114101
0.342781007752
114121
0.369064922481
114141
0.224659843346
114161
0.246921430879
114181
0.248072109173
114201
0.235803254199
114221
0.312621124031
114241
0.377997819767
114261
0.271363250969
114281
0.164764010013
114301
0.254658228359
114321
0.147367571059
114341
0.184103480297
114361
0.528862847222
114381
0.28339995155
114401
0.249076429264
114421
0.183810763889
114441
0.366844315245
114461
0.302905967377
114481
0.305005450581
114501
0.248884649548
114521
0.190876332364
114541
0.0733254602713
114561
0.154488654716
114581
0.342503431848
114601
0.149330789729
114621
0.136940810724
114641
0.313595163114
114661
0.12123506137
114681
0.211689478359
114701
0.169831031977
114721
0.180192183463
114741
0.191138767765
114761
0.152510295543
114781
0.161135335917
114801
0.184754521964
114821
0.211649103682
114841
0.132782218992
114861
0.0982416828165
114881
0.12910307655
114901
0.137041747416
114921
0.0914486434109
114941
0.154412952196
114961
0.155215398902
114981
0.270263041021
115001
0.207495558786
115021
0.217528666021
115041
0.126291989664
115061
0.113518451227
115081
0.106306524548
115101
0.247047601744
115121
0.170113654716
115141
0.320403343023
115161
0.122683502907
115181
0.173071099806
115201
0.177002583979
115221
0.183977309432
115241
0.193990229328
115261
0.206975734819
115281
0.220334706072
115301
0.229035448966
115321
0.233582646964
115341
0.237529271641
115361
0.238356952519
115381
0.235031088501
115401
0.852127745478
115421
0.286801518088
115441
0.250398699935
115461
0.181670906008
115481
0.22919190084
115501
0.2440094073
115521
0.349871810401
115541
0.116127664729
115561
0.16420381137
115581
0.159195669143
115601
0.0989734738372
115621
0.125213649332
115641
0.315497819767
115661
0.300205910853
115681
0.49333313146
115701
0.294154756137
115721
0.164168483527
115741
0.445473998708
115761
0.317738614341
115781
0.130743297804
115801
0.192084208118
115821
0.342614462209
115841
0.453276405039
115861
0.172546229005
115881
0.139529836886
115901
0.115880369832
115921
0.328927446705
115941
0.820635497416
115961
0.901869347545
115981
0.270177244832
116001
0.74488250969
116021
0.861302890827
116041
0.552769702842
116061
0.567329820736
116081
0.918685400517
116101
0.677471939599
116121
0.915551316214
116141
0.967094638243
116161
0.953821463178
116181
0.957682291667
116201
0.916318435078
116221
0.904286781331
116241
0.611000080749
116261
0.360318758075
116281
0.877952398256
116301
0.530619145672
116321
0.0861141392119
116341
0.163355943152
116361
0.154352390181
116381
0.149103682171
116401
0.146423812984
116421
0.19639252261
116441
0.420169169897
116461
0.376125444121
116481
0.778862847222
116501
0.394122456395
116521
0.482997214147
116541
0.770591085271
116561
0.451116359819
116581
0.974659843346
116601
0.710639736757
116621
0.207652010659
116641
0.366687863372
116661
0.281895994832
116681
0.293428011951
116701
0.875640947997
116721
0.771560077519
116741
0.397917676034
116761
0.644521156331
116781
0.608527131783
116801
0.156426639212
116821
0.520434633398
116841
0.711921632752
116861
0.614759972545
116881
0.940472585594
116901
0.956324693152
116921
0.705774588178
116941
0.680166949289
116961
0.938680959302
116981
0.626766392119
117001
0.65011809593
117021
0.946145227713
117041
0.22938872739
117061
0.226118378553
117081
0.276793645026
117101
0.218497658269
117121
0.442768895349
117141
0.946846737726
117161
0.620644581718
117181
0.756581072351
117201
0.943677325581
117221
0.903691254845
117241
0.969365713824
117261
0.727299337855
117281
0.219204215116
117301
0.257191739341
117321
0.368590520026
117341
0.347479610788
117361
0.359814074612
117381
0.135966771641
117401
0.131818273579
117421
0.317763848514
117441
0.337532299742
117461
0.896514656008
117481
0.099246002907
117501
0.223448603036
117521
0.430373869509
117541
0.577231710271
117561
0.861726824935
117581
0.499656815245
117601
0.52498687823
117621
0.895379118217
117641
0.600522852067
117661
0.644677608204
117681
0.745841408269
117701
0.828342013889
117721
0.630884609173
117741
0.644874434755
117761
0.501503956718
117781
0.422652212532
117801
0.703781088501
117821
0.771464187661
117841
0.265266674742
117861
0.780437459625
117881
0.61342256137
117901
0.727491117571
117921
0.774890988372
117941
0.820630450581
117961
0.909550629845
117981
0.734223594961
118001
0.801351542313
118021
0.836220122739
118041
0.519818919574
118061
0.387294089147
118081
0.582424903101
118101
0.734556686047
118121
0.37519682655
118141
0.396438953488
118161
0.705633276809
118181
0.211992288437
118201
0.281603278424
118221
0.271151283915
118241
0.327408349483
118261
0.299736555233
118281
0.213460917313
118301
0.122895469961
118321
0.267648780685
118341
0.230524265181
118361
0.271110909238
118381
0.240229328165
118401
0.0892330830103
118421
0.0854429102067
118441
0.236312984496
118461
0.228954699612
118481
0.238483123385
118501
0.281068313953
118521
0.25214995155
118541
0.245609253876
118561
0.115567466085
118581
0.155962330426
118601
0.0896721576227
118621
0.113054142442
118641
0.43871124031
118661
0.160267280362
118681
0.441936167636
118701
0.0745215600775
118721
0.359344718992
118741
0.0761971091731
118761
0.203564074612
118781
0.178905240633
118801
0.280452600129
118821
0.123152858527
118841
0.111555232558
118861
0.0907976017442
118881
0.127533510982
118901
0.130607033269
118921
0.291596010982
118941
0.0822179828811
118961
0.20951933947
118981
0.213390261628
119001
0.23080688792
119021
0.243752018734
119041
0.393809552649
119061
0.313221697351
119081
0.354277697028
119101
0.533011345284
119121
0.37290556363
119141
0.320055111434
119161
0.342675024225
119181
0.328553980943
119201
0.342710352067
119221
0.337168927649
119241
0.304899467054
119261
0.291389090762
119281
0.301664446059
119301
0.324228843669
119321
0.0924479166667
119341
0.329704659238
119361
0.335432816537
119381
0.32678254199
119401
0.310112847222
119421
0.306201550388
119441
0.319055838178
119461
0.150950823643
119481
0.300907420866
119501
0.229419008398
119521
0.17686127261
119541
0.142351017442
119561
0.148114502584
119581
0.136834827196
119601
0.342563993863
119621
0.294851219315
119641
0.323365834948
119661
0.320494186047
119681
0.301361635982
119701
0.256490229328
119721
0.311677365956
119741
0.280124555879
119761
0.273397125323
119781
0.300362362726
119801
0.293367449935
119821
0.273593951873
119841
0.27182251292
119861
0.256671915375
119881
0.26165314115
119901
0.33661377584
119921
0.390185925388
119941
0.370215600775
119961
0.350649022933
119981
0.337905765504
120001
0.342710352067
120021
0.272463460917
120041
0.290374677003
120061
0.316108486757
120081
0.268804505814
120101
0.198335553941
120121
0.325404756137
120141
0.569676598837
120161
0.397589631783
120181
0.536624878876
120201
0.527091408269
120221
0.581375161499
120241
0.644611999354
120261
0.539340075904
120281
0.538547722868
120301
0.559416384044
120321
0.551568556202
120341
0.539123062016
120361
0.512697835917
120381
0.832217982881
120401
0.576197109173
120421
0.566451671512
120441
0.576923853359
120461
0.571432897287
120481
0.578084625323
120501
0.582546027132
120521
0.786528989018
120541
0.522089995155
120561
0.558891513243
120581
0.497607800388
120601
0.497627987726
120621
0.491475896318
120641
0.298136708656
120661
0.532940689599
120681
0.526914769057
120701
0.51623566699
120721
0.560365188953
120741
0.546168443152
120761
0.525476421189
120781
0.530336522933
120801
0.160247093023
120821
0.168251372739
120841
0.148548530362
120861
0.151546350129
120881
0.16656068314
120901
0.167756782946
120921
0.157168523902
120941
0.151036619832
120961
0.284984657623
120981
0.425483486757
121001
0.205138687016
121021
0.114998856051
121041
0.145853520672
121061
0.170123748385
121081
0.260613493217
121101
0.179581516473
121121
0.159510255168
121141
0.263379158592
121161
0.270389211886
121181
0.105024628553
121201
0.109677810078
121221
0.097817748708
121241
0.116687863372
121261
0.176195090439
121281
0.179031411499
121301
0.125984132752
121321
0.11859556686
121341
0.119246608527
121361
0.116279069767
121381
0.117777979651
121401
0.0774840520026
121421
0.212708938953
121441
0.333944000323
121461
0.419074006783
121481
0.360439882106
121501
0.396978964793
121521
0.172440245478
121541
0.149729489664
121561
0.101602874677
121581
0.255036740956
121601
0.722999434755
121621
0.127170138889
121641
0.370432614664
121661
0.230493984173
121681
0.214838703165
121701
0.223221495478
121721
0.222191941214
121741
0.223872537145
121761
0.232437015504
121781
0.501761345284
121801
0.520803052326
121821
0.922208091085
121841
0.92242005814
121861
0.922611837855
121881
0.106084463824
121901
0.25229126292
121921
0.485066416344
121941
0.206531613372
121961
0.134432533915
121981
0.157859940245
122001
0.146454093992
122021
0.169967296512
122041
0.321584302326
122061
0.240416061047
122081
0.23652495155
122101
0.232659076227
122121
0.195554748062
122141
0.148831153101
122161
0.289683260659
122181
0.115890463501
122201
0.321296632752
122221
0.317874878876
122241
0.551417151163
122261
0.626705830103
122281
0.337365754199
122301
0.234324531654
122321
0.166999757752
122341
0.155477834302
122361
0.215641149871
122381
0.172465479651
122401
0.187757388566
122421
0.346010981912
122441
0.234218548127
122461
0.213132873062
122481
0.139792272287
122501
0.293327075258
122521
0.26738129845
122541
0.141139777132
122561
0.113790980297
122581
0.12406128876
122601
0.121038234819
122621
0.115648215439
122641
0.131651728036
122661
0.219345526486
122681
0.244821947674
122701
0.178042231912
122721
0.398245720284
122741
0.293332122093
122761
0.636456314599
122781
0.275678294574
122801
0.234006581072
122821
0.235414647933
122841
0.421996124031
122861
0.218879535422
122881
0.210412629199
122901
0.548360451658
122921
0.173648121232
122941
0.164700083441
122961
0.207487147394
122981
0.256172278747
123001
0.387649049849
123021
0.30962666882
123041
0.305451254307
123061
0.44692748708
123081
0.0747940891473
123101
0.0825258397933
123121
0.982492530685
123141
0.982295704134
123161
0.982245235788
123181
0.982401687661
123201
0.982300750969
123221
0.982477390181
123241
0.982391593992
123261
0.982346172481
123281
0.982437015504
123301
0.982421875
123321
0.982336078811
123341
0.982532905362
123361
0.982623748385
