160545
0.0592821180556
160565
0.0597430555556
160585
0.0341317274306
160605
0.0353237847222
160625
0.0329973958333
160645
0.0521356336806
160665
0.0514288194444
160685
0.0561026475694
160705
0.0536041666667
160725
0.0521540798611
160745
0.05490625
160765
0.0527424045139
160785
0.0313122829861
160805
0.0371200086806
160825
0.0730447048611
160845
0.0720785590278
160865
0.0322762586806
160885
0.0407879774306
160905
0.0462068142361
160925
0.0780980902778
160945
0.116312717014
160965
0.102501953125
160985
0.0297016059028
161005
0.0299937065972
161025
0.0291963975694
161045
0.0286030815972
161065
0.0293678385417
161085
0.0548802083333
161105
0.0435345052083
161125
0.0497651909722
161145
0.0378226996528
161165
0.0468426649306
161185
0.050080078125
161205
0.0340920138889
161225
0.0341499565972
161245
0.0679233940972
161265
0.0739140625
161285
0.0768878038194
161305
0.0653975694444
161325
0.0721966145833
161345
0.0670494791667
161365
0.035865234375
161385
0.0366536458333
161405
0.0848962673611
161425
0.0740516493056
161445
0.0772684461806
161465
0.0914856770833
161485
0.0447486979167
161505
0.0411423611111
161525
0.0420442708333
161545
0.04361328125
161565
0.0479318576389
161585
0.0425544704861
161605
0.042099609375
161625
0.0461879340278
161645
0.0380590277778
161665
0.0416028645833
161685
0.0563661024306
161705
0.0607458767361
161725
0.0632332899306
161745
0.0646195746528
161765
0.0555095486111
161785
0.0767393663194
161805
0.07901953125
161825
0.0931371527778
161845
0.0423919270833
161865
0.0423302951389
161885
0.043771484375
161905
0.0472890625
161925
0.0413025173611
161945
0.0403233506944
161965
0.0412458767361
161985
1.0
162005
1.0
162025
0.918239800347
162045
0.378714626736
162065
0.101086154514
162085
0.0923031684028
162105
0.0695364583333
162125
0.0462914496528
162145
0.0451857638889
162165
0.0421870659722
162185
0.036298828125
162205
0.043271484375
162225
0.038359375
162245
0.0410740017361
162265
0.0402712673611
162285
0.0374431423611
162305
0.0445119357639
162325
0.0413836805556
162345
0.0429251302083
162365
0.0460284288194
162385
0.0463802083333
162405
0.0455279947917
162425
0.0495121527778
162445
0.0532541232639
162465
0.0396488715278
162485
0.0537387152778
162505
0.0638383246528
162525
0.0618001302083
162545
0.0625789930556
162565
0.0569084201389
162585
0.0648324652778
162605
0.0672912326389
162625
0.0577827690972
162645
0.0632345920139
162665
0.0683951822917
162685
0.112435546875
162705
0.168429470486
162725
0.159311197917
162745
0.0518658854167
162765
0.0529728732639
162785
0.0554305555556
162805
0.070017578125
162825
0.0611963975694
162845
0.0450731336806
162865
0.053259765625
162885
0.06078125
162905
0.0724227430556
162925
0.0679626736111
162945
0.0335666232639
162965
0.0329984809028
162985
0.0353869357639
163005
0.0393407118056
163025
0.0362951388889
163045
0.0339029947917
163065
0.0345935329861
163085
0.0337380642361
163105
0.0337237413194
163125
0.0494917534722
163145
0.0427892795139
163165
0.0533741319444
163185
0.0674858940972
163205
0.0640891927083
163225
0.0652534722222
163245
0.05212890625
163265
0.072701171875
163285
0.0913641493056
163305
0.0905349392361
163325
0.0513064236111
163345
0.0430772569444
163365
0.0438391927083
163385
0.0401293402778
163405
0.0502072482639
163425
0.0461046006944
163445
0.0447326388889
163465
0.0419368489583
163485
0.0403865017361
163505
0.050017578125
163525
0.0560950520833
163545
0.0622430555556
163565
0.0471937934028
163585
0.0596002604167
163605
0.0615594618056
163625
0.0585193142361
163645
0.0607766927083
163665
0.0573702256944
163685
0.0556545138889
163705
0.0633782552083
163725
0.0613307291667
163745
0.0640030381944
163765
0.067435546875
163785
0.0944871961806
163805
0.0789203559028
163825
0.0747562934028
163845
0.105609375
163865
0.0855414496528
163885
0.0928552517361
163905
0.0816477864583
163925
0.0826592881944
163945
0.0710798611111
163965
0.0817421875
163985
0.0757643229167
164005
0.0684251302083
164025
0.0742847222222
164045
0.0789861111111
164065
0.102685546875
164085
0.111551432292
164105
0.222137803819
164125
0.441113932292
164145
0.841470052083
164165
1.0
164185
1.0
164205
0.997498046875
164225
0.996355902778
164245
0.996553385417
164265
0.996269965278
164285
1.0
164305
1.0
164325
0.999425130208
164345
0.996018880208
164365
0.992165581597
164385
0.983781467014
164405
0.979783203125
164425
0.973209852431
164445
0.966963107639
164465
0.961780598958
164485
0.9560234375
164505
0.951506727431
164525
0.949940755208
164545
0.949598958333
164565
0.947070746528
164585
0.947823350694
164605
0.944496744792
164625
0.947911892361
164645
0.943689236111
164665
0.944999348958
164685
0.945806857639
164705
0.942218098958
164725
0.939616102431
164745
0.941171875
164765
0.938960286458
164785
0.938674913194
164805
0.935308376736
164825
0.937413628472
164845
0.936775173611
164865
0.936026041667
164885
0.941516710069
164905
0.943019097222
164925
0.944524956597
164945
0.944932942708
164965
0.944491536458
164985
0.949305772569
165005
0.948101779514
165025
0.951551215278
165045
0.954152777778
165065
0.957029513889
165085
0.965627604167
165105
0.967649088542
165125
0.969067057292
165145
0.970170138889
165165
0.971583984375
165185
0.976294270833
165205
0.980469618056
165225
0.982359809028
165245
0.970885850694
165265
0.963695095486
165285
0.967718532986
165305
0.960531901042
165325
0.954670572917
165345
0.946024522569
165365
0.938833333333
165385
0.936496744792
165405
0.927823350694
165425
0.928288628472
165445
0.933631510417
165465
0.929009982639
165485
0.931632161458
165505
0.930644097222
165525
0.934202473958
165545
0.936865234375
165565
0.928812065972
165585
0.936219618056
165605
0.936624131944
165625
0.937188802083
165645
0.935520616319
165665
0.936744791667
165685
0.935319661458
165705
0.939457248264
165725
0.937328993056
165745
0.935638237847
165765
0.938330729167
165785
0.946059678819
165805
0.940266059028
165825
0.944255859375
165845
0.936486328125
165865
0.936325520833
165885
0.938822699653
165905
0.935786024306
165925
0.935565104167
165945
0.936579210069
165965
0.930656032986
165985
0.929983072917
166005
0.929259548611
166025
0.928320095486
166045
0.9389609375
166065
0.932952473958
166085
0.928529296875
166105
0.932091579861
166125
0.924212239583
166145
0.927917317708
166165
0.92955859375
166185
0.933671657986
166205
0.933007161458
166225
0.927590711806
166245
0.927911675347
166265
0.931836588542
166285
0.931528862847
166305
0.929598307292
166325
0.929298394097
166345
0.923543619792
166365
0.926087890625
166385
0.929075520833
166405
0.937720703125
166425
0.933569227431
166445
0.937072699653
166465
0.9420546875
166485
0.939281901042
166505
0.951081814236
166525
0.951045355903
166545
0.953952039931
166565
0.955544704861
166585
0.947801215278
166605
0.953782986111
166625
0.955829644097
166645
0.952880859375
166665
0.960977864583
166685
0.956672526042
166705
0.949518229167
166725
0.945325737847
166745
0.939979166667
166765
0.940255642361
166785
0.937586371528
166805
0.9408125
166825
0.935128689236
166845
0.934151041667
166865
0.936761935764
166885
0.939510416667
166905
0.939046440972
166925
0.937692708333
166945
0.940445095486
166965
0.942632161458
166985
0.940049696181
167005
0.942071831597
167025
0.942240451389
167045
0.937423394097
167065
0.937574652778
167085
0.9450078125
167105
0.945252604167
167125
0.944163845486
167145
0.942189019097
167165
0.946971788194
167185
0.950653645833
167205
0.956862847222
167225
0.966431423611
167245
0.961441189236
167265
0.965304036458
167285
0.976241753472
167305
0.983370442708
167325
0.990912326389
167345
0.990444878472
167365
0.984983289931
167385
0.968019314236
167405
0.952636935764
167425
0.943734592014
167445
0.931935763889
167465
0.922863064236
167485
0.904460286458
167505
0.890318793403
167525
0.881379123264
167545
0.880194227431
167565
0.878520182292
167585
0.871763454861
167605
0.874089192708
167625
0.878680772569
167645
0.869721571181
167665
0.871979600694
167685
0.868384548611
167705
0.870782986111
167725
0.870806640625
167745
0.872919704861
167765
0.876315538194
167785
0.876787543403
167805
0.873475694444
167825
0.873781684028
167845
0.870577690972
167865
0.875123046875
167885
0.878457465278
167905
0.877685112847
167925
0.882437282986
167945
0.890700954861
167965
0.888266276042
167985
0.888493706597
168005
0.877827907986
168025
0.879741970486
168045
0.878618272569
168065
0.874751302083
168085
0.879670572917
168105
0.872726345486
168125
0.860966579861
168145
0.85210546875
168165
0.855279730903
168185
0.855642795139
168205
0.862561197917
168225
0.862851779514
168245
0.859763020833
168265
0.8612734375
168285
0.861282986111
168305
0.8626640625
168325
0.873582682292
168345
0.876794487847
168365
0.872984592014
168385
0.8722265625
168405
0.876150390625
168425
0.871546657986
168445
0.867305772569
168465
0.870090928819
168485
0.864368489583
168505
0.861161241319
168525
0.865212239583
168545
0.875483289931
168565
0.872026475694
168585
0.874341362847
168605
0.877598958333
168625
0.880633246528
168645
0.877978949653
168665
0.879381944444
168685
0.880280815972
168705
0.892103081597
168725
0.893148654514
168745
0.896355685764
168765
0.905681640625
168785
0.9090703125
168805
0.919673177083
168825
0.925408203125
168845
0.929139322917
168865
0.940696614583
168885
0.950165147569
168905
0.956486328125
168925
0.958441189236
168945
0.962497829861
168965
0.952300998264
168985
0.959012803819
169005
0.969370876736
169025
0.975868272569
169045
0.968364583333
169065
0.962570963542
169085
0.955285373264
169105
0.959638020833
169125
0.958046657986
169145
0.970703342014
169165
0.961671657986
169185
0.945967013889
169205
0.933631076389
169225
0.932857204861
169245
0.941875434028
169265
0.946660590278
169285
0.945823784722
169305
0.949509982639
169325
0.950920572917
169345
0.970268663194
169365
0.979866319444
169385
0.985452039931
169405
0.971419270833
169425
0.959098958333
169445
0.961635633681
169465
0.956235026042
169485
0.952831163194
169505
0.956630859375
169525
0.956790364583
169545
0.961623263889
169565
0.959797309028
169585
0.951624565972
169605
0.959701822917
169625
0.960795355903
169645
0.970785590278
169665
0.977473090278
169685
0.97025390625
169705
0.948022352431
169725
0.947523654514
169745
0.953249131944
169765
0.968194444444
169785
0.971044053819
169805
0.970115668403
169825
0.964689887153
169845
0.950224826389
169865
0.969059678819
169885
0.979730902778
169905
0.972516710069
169925
0.967901258681
169945
0.962342664931
169965
0.966585286458
169985
0.966830295139
170005
0.966912326389
170025
0.975074435764
170045
0.975167100694
170065
0.956022352431
170085
1.0
170105
1.0
170125
1.0
