126585
0.775497163429
126605
0.773974367784
126625
0.779191291002
126645
0.805072613157
126665
0.237319898754
126685
0.246444742227
126705
0.260664341671
126725
0.281222321483
126745
0.292765694674
126765
0.28972630719
126785
0.265556758139
126805
0.266340823713
126825
0.259908909046
126845
0.802264198125
126865
0.811125618472
126885
0.805388530023
126905
0.780676863814
126925
0.744397009193
126945
0.651448254535
126965
0.616536577637
126985
0.612410569757
127005
0.692170511117
127025
0.704171057052
127045
0.701094446735
127065
0.702961792194
127085
0.706633967839
127105
0.706369113066
127125
0.703485297935
127145
0.694240673294
127165
0.705730121098
127185
0.724407870625
127205
0.774077446399
127225
0.849516198613
127245
0.980950499359
127265
0.999097584906
127285
0.999103311496
127305
0.999109992517
127325
0.999151510293
127345
0.999151510293
127365
0.999151510293
127385
0.999151510293
127405
0.999151510293
127425
0.999151510293
127445
0.999151510293
127465
0.988463307831
127485
0.983414841793
127505
0.98363149777
127525
0.986021871755
127545
0.996292510384
127565
0.998531129742
127585
0.990999709853
127605
0.989758948751
127625
0.989692615753
127645
0.993502229552
127665
0.999151510293
127685
0.984889438642
127705
0.97452908344
127725
0.973994124519
127745
0.973985534634
127765
0.978992482897
127785
0.991449247144
127805
0.999104265928
127825
0.981669663582
127845
0.977301707287
127865
0.977386174485
127885
0.977367563069
127905
0.987356167155
127925
0.999151510293
127945
0.951567844817
127965
0.922534989463
127985
0.924402334922
128005
0.924370838678
128025
0.924373701973
128045
0.936683960968
128065
0.936668690062
128085
0.939865558762
128105
0.973989829577
128125
0.999148646998
128145
0.985274551799
128165
0.981409580966
128185
0.981617169843
128205
0.985262144188
128225
0.999151510293
128245
0.988766339869
128265
0.978186465396
128285
0.978423164437
128305
0.978412188474
128325
0.986897562763
128345
0.999150078645
128365
0.982799710616
128385
0.972045652373
128405
0.972464170637
128425
0.972493758017
128445
0.976474215075
128465
0.999104265928
128485
0.9973495434
128505
0.99309373282
128525
0.99353658909
128545
0.994161264584
128565
0.99698972268
128585
0.999151510293
128605
0.993009742838
128625
0.990642752428
128645
0.990780190581
128665
0.993147180991
128685
0.999151510293
128705
0.993495071315
128725
0.98928889118
128745
0.988100623817
128765
0.989391492578
128785
0.994797870472
128805
0.999151510293
128825
0.994230938092
128845
0.991953664254
128865
0.992054356789
128885
0.992876122412
128905
0.998363626993
128925
0.997531839839
128945
0.990115906176
128965
0.988733411978
128985
0.988674714434
129005
0.993802398296
129025
0.999151510293
129045
0.989637735935
129065
0.98367826492
129085
0.983381913903
129105
0.985817146173
129125
0.994508677692
129145
0.999151510293
129165
0.991257883605
129185
0.988973928746
129205
0.9891385682
129225
0.991088949209
129245
0.996585043675
129265
0.993408218038
129285
0.986668499175
129305
0.985688297905
129325
0.985727429601
129345
0.985692115631
129365
0.99173319055
129385
0.999151510293
129405
0.991843427402
129425
0.987676856179
129445
0.987923099536
129465
0.988613630811
129485
0.995860630078
129505
0.999123831776
129525
0.985912112119
129545
0.984107759147
129565
0.984023769165
129585
0.989425374901
129605
0.999151510293
129625
0.992272444414
129645
0.986265729033
129665
0.98586868548
129685
0.986477612852
129705
0.994332585059
129725
0.997119048164
129745
0.986569238287
129765
0.984295782176
129785
0.984278125191
129805
0.990353559648
129825
0.999151510293
129845
0.999151510293
129865
0.999151510293
129885
0.999033637988
129905
0.994442821911
129925
0.988650376428
129945
0.982575896402
129965
0.983029728636
129985
0.982830729644
130005
0.983600955959
130025
0.980059060228
130045
0.97686075988
130065
0.973450575713
130085
0.967950186305
130105
0.966776235416
130125
0.958013121526
130145
0.949239986103
130165
0.937398830249
130185
0.930681540529
130205
0.926008643333
130225
0.920626603445
130245
0.924612787093
130265
0.924296393012
130285
0.924751656893
130305
0.924655736516
130325
0.921060869831
130345
0.922426661475
130365
0.927176867632
130385
0.929749538055
130405
0.93248255299
130425
0.937586376061
130445
0.943626496549
130465
0.941695204172
130485
0.947244269593
130505
0.948203473368
130525
0.939467560778
130545
0.941065279305
130565
0.938346103628
130585
0.933921835868
130605
0.927748094954
130625
0.926696311313
130645
0.92778388614
130665
0.92150611218
130685
0.932189065268
130705
0.931776273594
130725
0.931374457883
130745
0.929682727842
130765
0.93347993403
130785
0.93023629818
130805
0.938806139668
130825
0.935851219382
130845
0.933495204936
130865
0.935506192352
130885
0.940853872702
130905
0.937572536803
130925
0.930681540529
130945
0.929039440932
130965
0.919218339594
130985
0.917142450828
131005
0.916697208478
131025
0.913189672286
131045
0.904707161291
131065
0.904652758689
131085
0.908841759056
131105
0.916073010201
131125
0.919471741189
131145
0.927307147547
131165
0.930749305174
131185
0.929261346283
131205
0.934387598497
131225
0.93703089686
131245
0.932275441329
131265
0.937602601399
131285
0.936758883849
131305
0.932843328141
131325
0.934516446766
131345
0.929656958188
131365
0.92745031229
131385
0.931793453363
131405
0.928793197575
131425
0.940567543217
131445
0.931940913047
131465
0.929982896585
131485
0.931150643669
131505
0.929110068872
131525
0.936135640004
131545
0.935666059648
131565
0.938515038025
131585
0.929879817971
131605
0.928420014813
131625
0.930545056808
131645
0.927991475017
131665
0.933006535948
131685
0.930734511484
131705
0.928286394386
131725
0.928725910146
131745
0.931032294148
131765
0.931247041262
131785
0.92825632979
131805
0.926730193635
131825
0.921697952935
131845
0.92577098986
131865
0.923859740547
131885
0.923310465152
131905
0.927339598222
131925
0.929362038819
131945
0.931805860974
131965
0.929788192536
131985
0.940352318887
132005
0.938863405565
132025
0.939578752062
132045
0.937048076629
132065
0.931799657168
132085
0.933832119296
132105
0.941691863661
132125
0.942702129528
132145
0.941761537169
132165
0.940796129589
132185
0.940175271822
132205
0.939357323926
132225
0.939588773594
132245
0.94134254169
132265
0.936501664529
132285
0.937235145226
132305
0.936858144738
132325
0.934235366654
132345
0.934089815833
132365
0.934187645074
132385
0.933276640095
132405
0.934225822338
132425
0.935898940963
132445
0.936040674058
132465
0.939587819162
132485
0.939796839686
132505
0.934274975567
132525
0.928841396372
132545
0.927841629253
132565
0.929638346772
132585
0.929286638721
132605
0.927627836571
132625
0.927189752459
132645
0.92477026831
132665
0.929311453943
132685
0.938171919858
132705
0.943564458494
132725
0.936757452202
132745
0.936348001038
132765
0.933397375695
132785
0.924334093061
132805
0.925352948812
132825
0.927415952752
132845
0.925669342893
132865
0.918359351139
132885
0.92533720069
132905
0.926140354896
132925
0.933385922515
132945
0.936203404648
132965
0.939109648922
132985
0.938348012492
133005
0.937053803219
133025
0.942999434976
133045
0.937633143211
133065
0.935084333578
133085
0.935300035123
133105
0.93172091656
133125
0.933468958066
133145
0.937450369556
133165
0.935689443223
133185
0.931934232026
133205
0.942463521624
133225
0.942725990318
133245
0.945794487967
133265
0.945605987722
133285
0.944348524067
133305
0.94288633483
133325
0.945196536559
133345
0.94443585456
133365
0.942046435007
133385
0.944717889103
133405
0.942753668835
133425
0.942336105003
133445
0.943489058396
133465
0.942458749466
133485
0.941009445055
133505
0.942581393928
133525
0.943048588205
133545
0.943247587197
133565
0.946923580569
133585
0.947499102834
133605
0.944632944689
133625
0.944667304227
133645
0.945158359294
133665
0.945829801936
133685
0.946388144432
133705
0.943992043858
133725
0.94311969336
133745
0.94278611951
133765
0.944950770417
133785
0.946884926089
133805
0.948544205455
133825
0.950379577454
133845
0.946926443864
133865
0.950139060687
133885
0.950756100727
133905
0.950419663582
133925
0.951187026602
133945
0.94873604621
133965
0.949450438275
133985
0.948203473368
134005
0.947925733767
134025
0.940983675402
134045
0.944143321269
134065
0.942385258231
134085
0.94009462235
134105
0.939446086067
134125
0.939060972909
134145
0.940512663399
134165
0.935943322033
134185
0.941119681907
134205
0.9352389515
134225
0.935764366105
134245
0.931737141897
134265
0.930994116884
134285
0.936159023578
134305
0.937786806701
134325
0.935376389652
134345
0.930367532527
134365
0.936423878352
134385
0.944378111447
134405
0.947956752795
134425
0.946390530511
134445
0.949557811832
134465
0.94642823056
134485
0.941567787551
134505
0.94857999664
134525
0.943406977277
134545
0.934888675096
134565
0.931886033229
134585
0.93127567421
134605
0.927175435984
134625
0.929363470466
134645
0.936564657015
134665
0.939440359477
134685
0.944757498015
134705
0.947177936595
134725
0.948475963594
134745
0.947119239051
134765
0.946024505986
134785
0.948255012675
134805
0.946743192994
134825
0.945481434396
134845
0.934691584967
134865
0.935086242441
134885
0.930267794423
134905
0.937423168255
134925
0.944329435435
134945
0.939154029992
134965
0.936800401625
134985
0.936735977491
135005
0.943887533596
135025
0.946069364272
135045
0.945221351781
135065
0.942730285261
135085
0.935875557388
135105
0.940658691436
135125
0.944422492517
135145
0.94321990868
135165
0.947209910054
135185
0.947506261071
135205
0.950512720665
135225
0.95012617586
135245
0.9540517531
135265
0.94974249435
135285
0.949601715686
135305
0.953583604392
135325
0.950821002077
135345
0.955610817146
135365
0.961855663215
135385
0.962691745312
135405
0.969719225307
135425
0.974544354346
135445
0.975739779946
135465
0.967839949453
135485
0.96800649777
135505
0.962768577057
135525
0.964492757773
135545
0.951966320017
135565
0.945418441909
135585
0.939272379513
135605
0.939743868731
135625
0.949435167369
135645
0.945482388828
135665
0.951863718618
135685
0.954313267363
135705
0.96757509468
135725
0.975291197086
135745
0.979436293598
135765
0.984497167247
135785
0.991716010781
135805
0.985579969916
135825
0.984377386079
135845
0.9866360485
135865
0.984713346008
135885
0.985385743082
135905
0.986584509193
135925
0.986605029473
135945
0.986582123114
135965
0.987651086525
135985
0.987635815619
136005
0.98754800791
136025
0.990261456997
136045
0.999148646998
136065
0.999151510293
136085
0.999147692566
136105
0.999151510293
136125
0.999151510293
136145
0.999151510293
136165
0.999149601429
