153347
0.0933675130208
153367
0.0945350796569
153387
0.0922980813419
153407
0.12259162454
153427
0.0983723958333
153447
0.115501014859
153467
0.14982287837
153487
0.0961952359069
153507
0.0962794883578
153527
0.20607622932
153547
0.215381338082
153567
0.206811523438
153587
0.145794558058
153607
0.103578814338
153627
0.11679352405
153647
0.118959195006
153667
0.104211186428
153687
0.122684972426
153707
0.0852189606311
153727
0.108884325214
153747
0.122605028339
153767
0.12107220818
153787
0.110190238205
153807
0.101416015625
153827
0.117051068474
153847
0.0547516467525
153867
0.118388576134
153887
0.145588714001
153907
0.0752278645833
153927
0.15458314185
153947
0.101366230086
153967
0.136668964461
153987
0.0866665709252
154007
0.101679304534
154027
0.0910050934436
154047
0.0930276309743
154067
0.0720478132659
154087
0.0841385186887
154107
0.109343884038
154127
0.059050915288
154147
0.101322189032
154167
0.106595626532
154187
0.176967486213
154207
0.100461952359
154227
0.0474274280025
154247
0.1320245481
154267
0.133585611979
154287
0.0563974417892
154307
0.102221679687
154327
0.105464441636
154347
0.0806118834252
154367
0.105497951134
154387
0.100971775429
154407
0.141873946844
154427
0.137517712163
154447
0.124232632506
154467
0.148004270067
154487
0.153977098652
154507
0.137728821998
154527
0.146931966146
154547
0.143422085631
154567
0.0804572610294
154587
0.115980200674
154607
0.108706724877
154627
0.103369619332
154647
0.0867402918199
154667
0.183177274816
154687
0.127842562806
154707
0.0801384420956
154727
0.0808919270833
154747
0.0834180644914
154767
0.321208160999
154787
0.107813936121
154807
0.0816908892463
154827
0.0834697648591
154847
0.0728927313113
154867
0.0920084635417
154887
0.0680999157475
154907
0.082017846201
154927
0.0668753829657
154947
0.0782044653799
154967
0.0843386182598
154987
0.10232220818
155007
0.0969156901042
155027
0.151337028952
155047
0.141771503523
155067
0.0906082452512
155087
0.116236308977
155107
0.125211588542
155127
0.0381031709559
155147
0.0668275122549
155167
0.0784912109375
155187
0.065704944087
155207
0.278281537224
155227
0.276102462469
155247
0.27095301011
155267
0.245623180913
155287
0.155659754136
155307
0.168345971201
155327
0.0829431870404
155347
0.131724877451
155367
0.14890759038
155387
0.108254825368
155407
0.105958467371
155427
0.127345186121
155447
0.139467486213
155467
0.132543945312
155487
0.115517769608
155507
0.156748812806
155527
0.160759899663
155547
0.137775256587
155567
0.121255074295
155587
0.123313993566
155607
0.281090111826
155627
0.158355832567
155647
0.157713407629
155667
0.135487036612
155687
0.130661668964
155707
0.134735466452
155727
0.133553059896
155747
0.160339116115
155767
0.153507008272
155787
0.142427810968
155807
0.129249482996
155827
0.0978142233456
155847
0.135536822151
155867
0.102905273438
155887
0.0920568129596
155907
0.0821461397059
155927
0.0815041934743
155947
1.0
155967
1.0
155987
1.0
156007
1.0
156027
1.0
156047
1.0
156067
1.0
156087
0.9987338197
156107
0.994780177696
156127
0.98745691636
156147
0.981403186275
156167
0.973472445619
156187
0.965764303768
156207
0.95945446538
156227
0.94946863511
156247
0.946612668505
156267
0.934116976869
156287
0.928275314032
156307
0.922489181219
156327
0.916258329504
156347
0.920842907475
156367
0.920500631893
156387
0.919401041667
156407
0.929057521446
156427
0.928029737286
156447
0.927344707414
156467
0.928530943627
156487
0.9294921875
156507
0.927930166207
156527
0.929368681066
156547
0.925904756434
156567
0.930428059896
156587
0.931561638327
156607
0.924404009651
156627
0.927076152727
156647
0.931484566483
156667
0.927644856771
156687
0.930699965533
156707
0.924648150276
156727
0.923957375919
156747
0.919131050858
156767
0.917108992034
156787
0.90863348269
156807
0.906364410999
156827
0.905592256434
156847
0.905202110141
156867
0.897413545496
156887
0.894990330116
156907
0.888719745711
156927
0.882329484528
156947
0.871131089154
156967
0.862788660386
156987
0.854868929994
157007
0.852355238971
157027
0.841253063725
157047
0.834368776808
157067
0.828883272059
157087
0.835100719975
157107
0.829227462469
157127
0.83230267693
157147
0.836483226103
157167
0.838947131587
157187
0.832043217678
157207
0.830628638174
157227
0.845557119332
157247
0.857325176164
157267
0.866227692249
157287
0.872150256587
157307
0.864661841299
157327
0.875990923713
157347
0.886369772518
157367
0.903936408548
157387
0.922875019148
157407
0.941339231005
157427
0.95383013557
157447
0.949898035386
157467
0.948289100797
157487
0.9578125
157507
0.965505323223
157527
0.979325118719
157547
0.984995404412
157567
0.986433440564
157587
0.98187231924
157607
0.980945063572
157627
0.972872625613
157647
0.973024375766
157667
0.977836818321
157687
0.983347694547
157707
0.983671779259
157727
0.968560910692
157747
0.960018382353
157767
0.956760780484
157787
0.957680376838
157807
0.961505725337
157827
0.961106004902
157847
0.967918485754
157867
0.968575271906
157887
0.966316253064
157907
0.96103515625
157927
0.958229453891
157947
0.966643210018
157967
0.955724379596
157987
0.949657724418
158007
0.937885359222
158027
0.928921568627
158047
0.918382831648
158067
0.908788105086
158087
0.900125899969
158107
0.892511584712
158127
0.889119466146
158147
0.895675838695
158167
0.889621151195
158187
0.89325501685
158207
0.896809895833
158227
0.903148935355
158247
0.909366861979
158267
0.91068761489
158287
0.914793485754
158307
0.911991134344
158327
0.914906460631
158347
0.918433095895
158367
0.915129059436
158387
0.924084233303
158407
0.921688304228
158427
0.913304227941
158447
0.917748066023
158467
0.914836569393
158487
0.914570408241
158507
0.915569469975
158527
0.917540785846
158547
0.922497797947
158567
0.923784083946
158587
0.921333582261
158607
0.92230200674
158627
0.926831054688
158647
0.93088091682
158667
0.934167719822
158687
0.931494619332
158707
0.928129787071
158727
0.929099168964
158747
0.923022460937
158767
0.922347483915
158787
0.920574352788
158807
0.922592103248
158827
0.921772556679
158847
0.918080288756
158867
0.923482977175
158887
0.920182291667
158907
0.919181793811
158927
0.922391046262
158947
0.915408624387
158967
0.915723134957
158987
0.914112764246
159007
0.904745902267
159027
0.903740138634
159047
0.900533758425
159067
0.895530311734
159087
0.891424919577
159107
0.894159294577
159127
0.893503465839
159147
0.893927600337
159167
0.895374731924
159187
0.900092869179
159207
0.894458007812
159227
0.893932387408
159247
0.888297526042
159267
0.886778588388
159287
0.888629270067
159307
0.891435929841
159327
0.890128102022
159347
0.891974475337
159367
0.890709731158
159387
0.895625095741
159407
0.8927801394
159427
0.895924766391
159447
0.909918811275
159467
0.918794041054
159487
0.92263470818
159507
0.92480803845
159527
0.924168964461
159547
0.923092352175
159567
0.924330288756
159587
0.928687002145
159607
0.931131280637
159627
0.933042279412
159647
0.936222809436
159667
0.934084903493
159687
0.930303596048
159707
0.935220396752
159727
0.942974494485
159747
0.946691176471
159767
0.952996706495
159787
0.958876187194
159807
0.962352558211
159827
0.965938553156
159847
0.971180395987
159867
0.979648724724
159887
0.983614334406
159907
0.994401999081
159927
0.985341509651
159947
0.978709980086
159967
0.969572897518
159987
0.965583831189
160007
0.95579474954
160027
0.953126436121
160047
0.949540441176
160067
0.939692478554
160087
0.93195848652
160107
0.927235083487
160127
0.912867168352
160147
0.924409754136
160167
0.91789263557
160187
0.908540613511
160207
0.906989123775
160227
0.907882391238
160247
0.910625861673
160267
0.913952876072
160287
0.917388078278
160307
0.916786822151
160327
0.913687672335
160347
0.907583199295
160367
0.904499846814
160387
0.902828201593
160407
0.906711473652
160427
0.895892214308
160447
0.894016161152
160467
0.887235753676
160487
0.879541973039
160507
0.873479147518
160527
0.870087986366
160547
0.87938782935
160567
0.880655924479
160587
0.885473632813
160607
0.895961626838
160627
0.897315410539
160647
0.904735370711
160667
0.914395680147
160687
0.913556506587
160707
0.90841997932
160727
0.914804496017
160747
0.914235791973
160767
0.912501436121
160787
0.912971526501
160807
0.913945695466
160827
0.914050532322
160847
0.92140490962
160867
0.914840877757
160887
0.918646599265
160907
0.920321595435
160927
0.922007601869
160947
0.929675053615
160967
0.921529373468
160987
0.922549498315
161007
0.929635320925
161027
0.91855803845
161047
0.916591509651
161067
0.903709980086
161087
0.911433919271
161107
0.92077923943
161127
0.913893037684
161147
0.918893133425
161167
0.91583850337
161187
0.924192899816
161207
0.929323682598
161227
0.928688438266
161247
0.941164981618
161267
0.953673598346
161287
0.964281269148
161307
0.971818991268
161327
0.965300436581
161347
0.972593539369
161367
0.981932157629
161387
0.980795706955
161407
0.973811370251
161427
0.952982823989
161447
0.938005035999
161467
0.923256548713
161487
0.910249597886
161507
0.889158720129
161527
0.870746687347
161547
0.8670931947
161567
0.849413105086
161587
0.830090571385
161607
0.813317153033
161627
0.813722139246
161647
0.827228860294
161667
0.831220798866
161687
0.825535194547
161707
0.8175714231
161727
0.811561255362
161747
0.820060700061
161767
0.818675800398
161787
0.818135340074
161807
0.821479587929
161827
0.817351696538
161847
0.812312346814
161867
0.816275084252
161887
0.810904947917
161907
0.82295592065
161927
0.824176145067
161947
0.823947801777
161967
0.815699678309
161987
0.809560738358
162007
0.809470741422
162027
0.816288009344
162047
0.824790326287
162067
0.816582414216
162087
0.818492934283
162107
0.819543217678
162127
0.8135708678
162147
0.830806717218
162167
0.82332165288
162187
0.823215858609
162207
0.819011852788
162227
0.829542451746
162247
0.837649835325
162267
0.840347828585
162287
0.853752106311
162307
0.85246294807
162327
0.868781594669
162347
0.886609604779
162367
0.87841796875
162387
0.891026635263
162407
0.909061446844
162427
0.91299498315
162447
0.9191339231
162467
0.908232804841
162487
0.911452110141
162507
0.902226945466
162527
0.90639073989
162547
0.887216605392
162567
0.888810221354
162587
0.900106272978
162607
0.892023303462
162627
0.900606521906
162647
0.916496246936
162667
0.921509746477
162687
0.928088139553
162707
0.934754136029
162727
0.946644263174
162747
0.962890625
162767
0.977919155944
162787
0.984094477635
162807
1.0
162827
0.770293351716
162847
0.758015471814
162867
0.758609068627
162887
0.758605238971
162907
0.773662013634
162927
1.0
