131835
0.06747803949
131855
0.0757253770211
131875
0.0852932602612
131895
0.070653082245
131915
0.0683953280473
131935
0.0724696828358
131955
0.0689530861318
131975
0.0708333333333
131995
0.0719575948383
132015
0.0423764964241
132035
0.0351178676928
132055
0.0407153684701
132075
0.12391363495
132095
0.0884712181281
132115
0.0613407571517
132135
0.0682510300062
132155
0.103914995336
132175
0.0775589824316
132195
0.0938709771455
132215
0.0947017840485
132235
0.109415325715
132255
0.10515634717
132275
0.0953052122201
132295
0.0350041783271
132315
0.0373187772077
132335
0.0355565920398
132355
0.0501501282649
132375
0.059620355255
132395
0.0669513759328
132415
0.0664742692786
132435
0.0616332400498
132455
0.0625082594838
132475
0.0679896416356
132495
0.0661361162935
132515
0.0800110774254
132535
0.0942577153296
132555
0.120802238806
132575
0.13917230255
132595
0.165183846393
132615
0.158732703669
132635
0.143220421331
132655
0.158363942009
132675
0.160729555348
132695
0.136810576026
132715
0.114332147854
132735
0.115950520833
132755
0.120422788402
132775
0.131512845927
132795
0.118995841107
132815
0.109700034981
132835
0.110640158582
132855
0.113185537158
132875
0.107889750466
132895
0.0955850629664
132915
0.0815342234142
132935
0.0672336559391
132955
0.0472257851368
132975
0.0447999261505
132995
0.0455330768035
133015
0.0489617342973
133035
0.0522635844216
133055
0.0554366837687
133075
0.0588808885261
133095
0.0633176888993
133115
0.0867425567475
133135
0.148662449471
133155
0.245135164024
133175
0.662674420864
133195
0.924395600124
133215
0.918420592351
133235
0.910215038091
133255
0.910415694963
133275
0.908372687345
133295
0.908714241294
133315
0.910419095927
133335
0.911554046175
133355
0.911143987096
133375
0.910381685323
133395
0.904940143035
133415
0.901452211598
133435
0.90108393579
133455
0.907548196517
133475
0.910805834111
133495
0.9127196051
133515
0.916363495025
133535
0.918100901741
133555
0.91923099347
133575
0.919161516636
133595
0.918381724192
133615
0.918988067475
133635
0.920351854011
133655
0.926763642724
133675
0.924230410448
133695
0.91971198694
133715
0.919741623912
133735
0.916134172886
133755
0.912080223881
133775
0.9189696051
133795
0.914178132774
133815
0.919777091107
133835
0.921840018657
133855
0.920872687345
133875
0.921716612251
133895
0.917404189988
133915
0.91984365283
133935
0.917987698228
133955
0.912928035603
133975
0.912248814521
133995
0.907901410914
134015
0.910852961754
134035
0.914561469994
134055
0.913368217506
134075
0.914467214708
134095
0.917132112873
134115
0.916373212065
134135
0.917312849813
134155
0.915975785137
134175
0.922581914646
134195
0.921542191387
134215
0.918932680348
134235
0.915914081934
134255
0.907346567942
134275
0.910132443252
134295
0.905913790423
134315
0.899265877643
134335
0.897922496891
134355
0.899603058924
134375
0.900391110852
134395
0.895318330224
134415
0.899714804882
134435
0.901811256219
134455
0.900134095149
134475
0.906741682214
134495
0.910540558924
134515
0.916649175995
134535
0.912078280473
134555
0.912620005442
134575
0.913970188122
134595
0.91931650342
134615
0.918959402208
134635
0.919679434857
134655
0.915385474969
134675
0.913013545553
134695
0.914900108831
134715
0.91384775342
134735
0.910841301306
134755
0.912287196828
134775
0.899869791667
134795
0.896033504353
134815
0.896978486474
134835
0.887756043999
134855
0.892926966729
134875
0.896939132463
134895
0.893294756685
134915
0.898001204913
134935
0.902279617537
134955
0.898599288713
134975
0.896976057214
134995
0.9025147699
135015
0.919003614739
135035
0.922832614272
135055
0.9199461676
135075
0.922110638215
135095
0.918449257618
135115
0.921954193874
135135
0.929114194652
135155
0.928764867071
135175
0.931284495491
135195
0.931526449782
135215
0.929002934546
135235
0.924579252177
135255
0.917529539801
135275
0.917741371269
135295
0.915788246269
135315
0.910866079757
135335
0.914678074471
135355
0.9078367926
135375
0.899528237718
135395
0.899877565299
135415
0.904619966573
135435
0.89775876477
135455
0.891142918221
135475
0.894505985697
135495
0.900140411225
135515
0.896812325093
135535
0.899939754353
135555
0.903167269123
135575
0.895035564366
135595
0.891249319807
135615
0.893489097481
135635
0.897705806903
135655
0.898829582556
135675
0.901728661381
135695
0.90368907416
135715
0.90626457556
135735
0.905553288246
135755
0.902733403296
135775
0.896578144434
135795
0.899193485697
135815
0.906722248134
135835
0.908347908893
135855
0.912313918688
135875
0.898031813588
135895
0.896918240827
135915
0.898030356032
135935
0.895254197761
135955
0.895184235075
135975
0.898299518035
135995
0.901525089397
136015
0.903875155473
136035
0.908108383862
136055
0.907725046642
136075
0.911371365827
136095
0.907564229633
136115
0.918011990827
136135
0.916535000777
136155
0.907374747357
136175
0.917330340485
136195
0.916875583022
136215
0.920934390547
136235
0.917527110541
136255
0.917898301461
136275
0.91416987329
136295
0.912931922419
136315
0.911491371269
136335
0.908285233986
136355
0.907640994248
136375
0.913749611318
136395
0.915446206468
136415
0.914772329757
136435
0.916518967662
136455
0.920019045398
136475
0.916002992848
136495
0.918773806748
136515
0.922074685168
136535
0.91875971704
136555
0.924692941542
136575
0.919506471549
136595
0.916839629975
136615
0.911509347792
136635
0.917772951648
136655
0.909596548507
136675
0.910207264459
136695
0.905552316542
136715
0.90906016791
136735
0.90791501477
136755
0.905598958333
136775
0.905953630286
136795
0.911575423663
136815
0.912383881374
136835
0.911942727767
136855
0.912218205846
136875
0.913130635883
136895
0.916570467973
136915
0.923345673974
136935
0.915572527985
136955
0.912968361318
136975
0.915947119869
136995
0.924027810168
137015
0.922415267413
137035
0.928075928949
137055
0.931605643657
137075
0.933649137127
137095
0.933505324938
137115
0.928168726679
137135
0.930235055193
137155
0.931280122823
137175
0.948274739583
137195
0.950750155473
137215
0.953832400498
137235
0.94893063977
137255
0.944104671953
137275
0.938865244092
137295
0.935891829913
137315
0.941508278918
137335
0.945175489739
137355
0.942999844527
137375
0.937131724192
137395
0.933914898165
137415
0.929513564988
137435
0.92820322217
137455
0.922602320429
137475
0.928226057214
137495
0.926504683613
137515
0.932495724502
137535
0.93093273865
137555
0.929166180815
137575
0.932457828047
137595
0.935746074316
137615
0.940413654384
137635
0.936914548352
137655
0.936951473103
137675
0.931352028918
137695
0.926179648632
137715
0.915063840951
137735
0.921336190143
137755
0.918286497201
137775
0.921659767568
137795
0.916756549285
137815
0.917901216573
137835
0.915343691698
137855
0.914292793843
137875
0.915655608675
137895
0.91828601135
137915
0.919166861007
137935
0.920826045553
137955
0.928480643657
137975
0.933847364739
137995
0.931147971082
138015
0.916635086287
138035
0.913155414335
138055
0.91404792444
138075
0.914461384484
138095
0.911452988961
138115
0.918619791667
138135
0.92803949005
138155
0.933550023321
138175
0.93410632385
138195
0.92793454602
138215
0.920310556592
138235
0.924789626088
138255
0.931820876088
138275
0.942229769123
138295
0.936987912002
138315
0.939228661381
138335
0.932779947917
138355
0.936343186412
138375
0.93271970227
138395
0.926891907649
138415
0.930066950404
138435
0.932217331312
138455
0.939202911225
138475
0.938056786381
138495
0.92930173352
138515
0.922217039801
138535
0.9140746463
138555
0.91485346704
138575
0.913757870802
138595
0.907096354167
138615
0.908927044465
138635
0.912241040889
138655
0.912425178794
138675
0.9201050412
138695
0.917121909981
138715
0.915381102301
138735
0.915952464241
138755
0.932865943719
138775
0.937852242693
138795
0.938946381374
138815
0.941204135572
138835
0.945409670398
138855
0.935205806903
138875
0.931984608209
138895
0.932461229011
138915
0.927904909049
138935
0.936539470616
138955
0.931956914646
138975
0.93192630597
138995
0.935207264459
139015
0.934393462376
139035
0.934798177083
139055
0.937626807369
139075
0.938746210354
139095
0.943111590485
139115
0.944229050062
139135
0.944889808769
139155
0.943224308147
139175
0.940514225746
139195
0.93896484375
139215
0.937939696051
139235
0.935088230721
139255
0.934975998912
139275
0.928008395522
139295
0.933718128109
139315
0.936871793377
139335
0.934795261971
139355
0.930278781872
139375
0.928477242693
139395
0.927358811412
139415
0.926825345927
139435
0.928039004198
139455
0.925626263215
139475
0.92197994403
139495
0.927815998134
139515
0.932170689521
139535
0.927214999223
139555
0.917428968439
139575
0.921159825871
139595
0.924162391169
139615
0.918635824782
139635
0.911742556748
139655
0.907573946673
139675
0.905985696517
139695
0.903507851368
139715
0.908247337531
139735
0.907150283738
139755
0.904700618004
139775
0.911048760106
139795
0.917479982898
139815
0.917347345305
139835
0.914590135261
139855
0.908171544621
139875
0.92197751477
139895
0.928844546797
139915
0.933195351368
139935
0.937340154695
139955
0.936558418843
139975
0.941537915889
139995
0.938539237407
140015
0.938871074316
140035
0.938964357898
140055
0.935910292289
140075
0.930417249689
140095
0.934332245025
140115
0.928369869403
140135
0.927111998601
140155
0.92353272699
140175
0.928011310634
140195
0.930130597015
140215
0.927002681903
140235
0.927425373134
140255
0.931230080068
140275
0.932778976213
140295
0.934776799596
140315
0.943518248601
140335
0.947989544465
140355
0.947877312655
140375
0.944603641947
140395
0.942098589086
140415
0.939906910759
140435
0.941079271611
140455
0.940345635106
140475
0.94014886505
140495
0.93986561334
140515
0.940487989739
140535
0.935328241604
140555
0.935333100124
140575
0.938699082711
140595
0.939288421175
140615
0.951981790267
140635
0.956356887438
140655
0.95714348181
140675
0.959596548507
140695
0.96238533893
140715
0.966099191542
140735
0.969181436567
140755
0.973026955068
140775
0.975774933924
140795
0.975961015236
140815
0.969625505286
140835
0.97461180426
140855
0.971941561723
140875
0.972415267413
140895
0.978250349813
140915
0.98068349658
140935
0.980698557991
140955
0.980927880131
140975
0.981639653296
140995
0.981385552705
141015
0.985721295864
141035
0.990120199782
141055
0.996654423197
141075
0.996650536381
141095
1.0
141115
0.984874941698
141135
0.984874941698
141155
0.984874941698
141175
0.984874941698
141195
0.984874941698
141215
0.959267140858
141235
0.959267140858
141255
0.959267140858
141275
0.959267140858
141295
0.959267140858
141315
0.959267140858
141335
0.959267140858
141355
0.959267140858
141375
0.959267140858
141395
1.0
141415
1.0
