133396
0.258959680316
133416
0.191130492696
133436
0.178456507423
133456
0.169357264727
133476
0.18688412955
133496
0.199199293582
133516
0.307449937141
133536
0.318686766643
133556
0.378899140924
133576
0.366912116858
133596
0.185313023827
133616
0.178620764488
133636
0.174419674928
133656
0.260268124401
133676
0.27992658944
133696
0.234859913793
133716
0.307521776221
133736
0.226718899665
133756
0.261435509459
133776
0.254228777538
133796
0.214038927802
133816
0.20493856262
133836
0.208518917625
133856
0.212050257423
133876
0.255331806753
133896
0.235772494612
133916
0.162644426485
133936
0.21303205819
133956
0.277734375
133976
0.165483940972
133996
0.174041023108
134016
0.174014083453
134036
0.155931962404
134056
0.170917519756
134076
0.16735287955
134096
0.180794644995
134116
0.166805480723
134136
0.186303056154
134156
0.126803460249
134176
0.0667437440134
134196
0.131896925886
134216
0.16840315194
134236
0.198391852251
134256
0.464711296695
134276
0.494646491858
134296
0.481877095307
134316
0.340593570402
134336
0.320343555436
134356
0.325147045618
134376
0.335972297055
134396
0.406148602131
134416
0.413916576868
134436
0.40237966954
134456
0.507405411877
134476
0.51178048671
134496
0.512757423372
134516
0.513938278257
134536
0.520175930915
134556
0.161640550168
134576
0.160972671216
134596
0.162141552921
134616
0.162016582854
134636
0.162630208333
134656
0.162422548491
134676
0.161642795139
134696
0.161666741499
134716
0.162975933908
134736
0.114176993534
134756
0.0660133800287
134776
0.121614957495
134796
0.122503217792
134816
0.085122575431
134836
0.0843301005747
134856
0.159962059986
134876
0.156035979406
134896
0.176842373084
134916
0.14390752215
134936
0.148701658285
134956
0.180636374521
134976
0.317832929239
134996
0.1953125
135016
0.199646791188
135036
0.198970680675
135056
0.199208273467
135076
0.224949113985
135096
0.224038029813
135116
0.225084934746
135136
0.229270683669
135156
0.232321225455
135176
0.22874872785
135196
0.22777029454
135216
0.231109315134
135236
0.232088122605
135256
0.411468809866
135276
0.411147778975
135296
0.182980498683
135316
0.166178759579
135336
0.165714798851
135356
0.139520474138
135376
0.120942962763
135396
0.104646342193
135416
0.12740960249
135436
0.125721758261
135456
0.060852191092
135476
0.135499356442
135496
0.393918372845
135516
0.395579277419
135536
0.395050212524
135556
0.392493938578
135576
0.394439954502
135596
0.39650233477
135616
0.393719692888
135636
0.391983207615
135656
0.393256854646
135676
0.393168926604
135696
0.394557441331
135716
0.329903017241
135736
0.187548641044
135756
0.194769591116
135776
0.193981980364
135796
0.208697018678
135816
0.203444160081
135836
0.204932950192
135856
0.0935535650144
135876
0.0942816840278
135896
0.0971204501916
135916
0.100463212404
135936
0.103458752395
135956
0.104050676485
135976
0.104330923731
135996
0.104037580819
136016
0.200962344349
136036
0.213485542385
136056
0.291122261135
136076
0.323540020354
136096
0.318831193127
136116
0.266264442648
136136
0.203549673731
136156
0.206817603568
136176
0.202801724138
136196
0.20999087045
136216
0.228999790469
136236
0.240384413913
136256
0.263385641164
136276
0.262929163673
136296
0.202942783166
136316
0.19976091056
136336
0.201095920139
136356
0.201500389128
136376
0.317138110632
136396
0.316452646073
136416
0.31279895534
136436
0.315250838123
136456
0.325979929957
136476
0.326332764607
136496
0.324969692888
136516
0.196889966475
136536
0.201879789272
136556
0.199293956537
136576
0.328911488266
136596
0.324468315972
136616
0.325064730005
136636
0.32183908046
136656
0.322779349258
136676
0.320456552323
136696
0.205546949832
136716
0.206852774784
136736
0.206478238745
136756
0.215008381226
136776
0.19927450012
136796
0.171016672653
136816
0.147226338003
136836
0.170631660081
136856
0.079531848659
136876
0.0960050736351
136896
1.0
136916
1.0
136936
1.0
136956
1.0
136976
0.99524066092
136996
0.995238415948
137016
0.995238415948
137036
0.995238415948
137056
0.170365630987
137076
0.189479316331
137096
0.178033704502
137116
0.156479735393
137136
1.0
137156
1.0
137176
1.0
137196
0.997652882543
137216
0.993973374641
137236
0.991890041307
137256
0.992178520115
137276
0.99231097342
137296
0.993067528736
137316
0.992385057471
137336
0.989656294899
137356
0.988452990302
137376
0.986637556873
137396
0.983891208693
137416
0.983002200072
137436
0.984157237787
137456
0.982329831178
137476
0.982157342553
137496
0.977466100934
137516
0.975469947318
137536
0.972299299569
137556
0.970321854047
137576
0.967105932711
137596
0.966946165589
137616
0.965362338362
137636
0.963009608477
137656
0.960933010057
137676
0.956878217792
137696
0.959040873443
137716
0.960184686303
137736
0.95772083034
137756
0.958634533645
137776
0.958108462045
137796
0.957612323396
137816
0.956041217672
137836
0.953151939655
137856
0.950309431873
137876
0.950994896432
137896
0.9561822767
137916
0.954719677921
137936
0.9582708483
137956
0.955378576988
137976
0.958391702586
137996
0.959154992816
138016
0.957725320283
138036
0.957960293942
138056
0.957376227251
138076
0.956058429119
138096
0.954962134818
138116
0.957707734674
138136
0.954906010536
138156
0.954475724377
138176
0.950964215158
138196
0.951857713721
138216
0.948633186662
138236
0.94547002215
138256
0.950504744373
138276
0.951509369013
138296
0.95862555376
138316
0.956816481082
138336
0.959142645474
138356
0.957313368056
138376
0.960720860273
138396
0.961893857759
138416
0.963026445761
138436
0.961038897869
138456
0.961975050886
138476
0.964200191571
138496
0.966348629071
138516
0.967301619373
138536
0.96572864284
138556
0.968410635177
138576
0.968274814416
138596
0.967312470067
138616
0.965170393319
138636
0.964982189895
138656
0.965848000479
138676
0.969837314416
138696
0.966597820881
138716
0.963716774425
138736
0.961729974856
138756
0.957852535321
138776
0.958115196959
138796
0.958824607878
138816
0.955044824593
138836
0.953172144397
138856
0.953566511015
138876
0.954339903616
138896
0.949356815733
138916
0.951097790948
138936
0.951500014966
138956
0.953602804717
138976
0.953393648228
138996
0.956754370211
139016
0.957235542385
139036
0.958226697198
139056
0.960953963123
139076
0.959320372366
139096
0.959275847102
139116
0.9563098659
139136
0.958588137572
139156
0.958052337763
139176
0.958484494732
139196
0.959344692888
139216
0.955844408525
139236
0.954026730125
139256
0.956622291068
139276
0.957359389966
139296
0.95818516523
139316
0.958699263649
139336
0.955805869852
139356
0.957932980125
139376
0.962340981202
139396
0.962995764488
139416
0.956735287955
139436
0.96079195103
139456
0.963868684148
139476
0.961526430795
139496
0.962201418822
139516
0.964141822318
139536
0.962240331657
139556
0.964897255148
139576
0.963392001916
139596
0.961732968151
139616
0.962922054598
139636
0.961381255987
139656
0.965292370091
139676
0.965972970546
139696
0.967507034243
139716
0.966671904933
139736
0.965568127395
139756
0.964074099018
139776
0.962161757663
139796
0.963567109674
139816
0.962343600335
139836
0.962036039272
139856
0.96061871408
139876
0.961451224258
139896
0.956784303161
139916
0.953886045259
139936
0.945842313218
139956
0.944161203903
139976
0.943983851173
139996
0.944038478807
140016
0.945804148707
140036
0.944970890206
140056
0.947075176604
140076
0.943083243534
140096
0.946024155891
140116
0.950030307112
140136
0.950489403736
140156
0.954086970187
140176
0.952870195761
140196
0.948453214799
140216
0.950153780532
140236
0.946916531968
140256
0.949219872486
140276
0.945294914392
140296
0.943628771552
140316
0.944185150263
140336
0.937021821121
140356
0.933884473779
140376
0.93598127694
140396
0.931312110872
140416
0.930897539511
140436
0.935327990302
140456
0.931509668343
140476
0.927229256466
140496
0.927280516643
140516
0.926101158405
140536
0.929909377993
140556
0.929537086925
140576
0.924179837165
140596
0.931037476054
140616
0.925656654095
140636
0.928947033645
140656
0.927143573396
140676
0.931931722941
140696
0.929929582735
140716
0.934397075551
140736
0.934986380508
140756
0.93766537955
140776
0.936533539871
140796
0.939078214799
140816
0.941636733716
140836
0.940926574473
140856
0.943677038434
140876
0.944621423012
140896
0.947948844588
140916
0.951467088721
140936
0.956610317888
140956
0.957580519636
140976
0.960514322917
140996
0.96388514727
141016
0.96748046875
141036
0.972086401461
141056
0.975784617457
141076
0.978963122605
141096
0.980954786279
141116
0.980362862189
141136
0.975369671935
141156
0.974016328424
141176
0.972712374282
141196
0.968527373683
141216
0.965268797893
141236
0.961377140206
141256
0.960849197797
141276
0.958050466954
141296
0.956156459531
141316
0.95005575012
141336
0.947013814057
141356
0.945151984555
141376
0.945569175048
141396
0.941670408285
141416
0.94230498683
141436
0.941016373324
141456
0.942325191571
141476
0.937937021073
141496
0.936618474617
141516
0.939248084291
141536
0.934935868654
141556
0.937921306274
141576
0.938244207974
141596
0.939955998563
141616
0.93990548671
141636
0.942616663673
141656
0.941916232639
141676
0.938949503113
141696
0.939136584052
141716
0.938846982759
141736
0.93732264727
141756
0.945928744612
141776
0.9507213841
141796
0.93975208034
141816
0.932662835249
141836
0.933326224258
141856
0.935879879071
141876
0.930856007543
141896
0.931722940613
141916
0.938913957735
141936
0.936071824114
141956
0.931766717553
141976
0.933231935465
141996
0.933588511734
142016
0.925643558429
142036
0.920071165589
142056
0.937461835489
142076
0.941020863266
142096
0.937330130508
142116
0.940825176604
142136
0.94865862967
142156
0.948153136973
142176
0.951650428041
142196
0.9587890625
142216
0.963504624641
142236
0.966730274186
142256
0.968964768918
142276
0.984398198036
142296
0.982054822198
142316
0.97102789751
142336
0.965827047414
142356
0.964468839799
142376
0.955536099138
142396
0.954616035081
142416
0.953393274066
142436
0.948083168702
142456
0.952153675766
142476
0.954715562141
142496
0.955517391044
142516
0.954440553161
142536
0.952464230125
142556
0.969685404693
142576
0.981221937859
142596
0.981532866379
142616
0.995873742816
142636
0.997108477011
142656
1.0
142676
1.0
142696
1.0
142716
1.0
142736
1.0
142756
0.970635775862
142776
0.90356351772
142796
0.89365234375
142816
0.905918118415
142836
0.900028810465
142856
0.891347506585
142876
0.902222521552
142896
0.896647135417
142916
0.93517420977
142936
1.0
142956
1.0
142976
1.0
