97497
0.867157907197
97517
0.860552793561
97537
0.858457623106
97557
0.855603397254
97577
0.847120620265
97597
0.845336174242
97617
0.844171697443
97637
0.846991891572
97657
0.844485381155
97677
0.844100674716
97697
0.844947028883
97717
0.844773910985
97737
0.816122159091
97757
0.816062973485
97777
0.817363577178
97797
0.81513671875
97817
0.814496034564
97837
0.817897727273
97857
0.816031901042
97877
0.814626242898
97897
0.816660748106
97917
0.813748816288
97937
0.81337446733
97957
0.81602006392
97977
0.811940696023
97997
0.812073863636
98017
0.816935961174
98037
0.845188210227
98057
0.846693004261
98077
0.843332741477
98097
0.843146306818
98117
0.842745324337
98137
0.842925840436
98157
0.845447147254
98177
0.841566051136
98197
0.839667672822
98217
0.836672881155
98237
0.838290127841
98257
0.842231889205
98277
0.837643525095
98297
0.837745620265
98317
0.83837890625
98337
0.83760209517
98357
0.841776160038
98377
0.179663825758
98397
0.178855942235
98417
0.191777639678
98437
0.174745501894
98457
0.17802586411
98477
0.181918797348
98497
0.166557173295
98517
0.163486919981
98537
0.172218276515
98557
0.20039358428
98577
0.222307054924
98597
0.16591796875
98617
0.147798295455
98637
0.21513671875
98657
0.229580965909
98677
0.220083155777
98697
0.234153053977
98717
0.243818063447
98737
0.253309955019
98757
0.301171875
98777
0.290241773201
98797
0.0765033143939
98817
1.0
98837
1.0
98857
1.0
98877
0.244081439394
98897
0.243275035511
98917
0.248720111269
98937
0.303108723958
98957
0.27538766572
98977
0.305702533144
98997
0.293889086174
99017
0.259728633996
99037
0.287645004735
99057
0.230579723011
99077
0.20820016572
99097
0.300593335701
99117
0.285165127841
99137
0.284167850379
99157
0.285546875
99177
0.225352154356
99197
0.230511659564
99217
0.231942471591
99237
0.232901278409
99257
1.0
99277
0.254407848011
99297
0.281985381155
99317
0.261844519413
99337
0.268986742424
99357
0.224442175663
99377
0.224559067235
99397
0.231485262784
99417
0.238208747633
99437
0.267600319602
99457
0.997389914773
99477
0.996959339489
99497
0.995547762784
99517
0.992418323864
99537
0.992418323864
99557
0.991619318182
99577
0.988006036932
99597
0.987828480114
99617
0.986150568182
99637
0.983860085227
99657
0.982155539773
99677
0.983172052557
99697
0.979367897727
99717
0.977228338068
99737
0.977587890625
99757
0.973286576705
99777
0.969961825284
99797
0.972523082386
99817
0.967618075284
99837
0.964098011364
99857
0.965842507102
99877
0.958309659091
99897
0.955304509943
99917
0.96045365767
99937
0.953750887784
99957
0.949915660511
99977
0.954776278409
99997
0.943674538352
100017
0.940940163352
100037
0.952028586648
100057
0.940296519886
100077
0.941836825284
100097
0.943687855114
100117
0.936590021307
100137
0.937522194602
100157
0.941459517045
100177
0.936252663352
100197
0.937841796875
100217
0.943536931818
100237
0.929749644886
100257
0.929403409091
100277
0.938498757102
100297
0.93222212358
100317
0.929168146307
100337
0.937544389205
100357
0.929714133523
100377
0.930158025568
100397
0.940997869318
100417
0.936927379261
100437
0.933997691761
100457
0.943039772727
100477
0.934699041193
100497
0.933234197443
100517
0.941592684659
100537
0.939861505682
100557
0.9341796875
100577
0.943980823864
100597
0.943714488636
100617
0.942223011364
100637
0.948330965909
100657
0.946218039773
100677
0.942933238636
100697
0.9541015625
100717
0.94589399858
100737
0.941863458807
100757
0.953116122159
100777
0.944744318182
100797
0.947589666193
100817
0.95508256392
100837
0.944673295455
100857
0.945134943182
100877
0.951899857955
100897
0.944224964489
100917
0.942990944602
100937
0.953542258523
100957
0.948868075284
100977
0.949378551136
100997
0.952712180398
101017
0.949143288352
101037
0.948592862216
101057
0.952259410511
101077
0.945348011364
101097
0.950071022727
101117
0.953133877841
101137
0.942813387784
101157
0.944140625
101177
0.951149680398
101197
0.947159090909
101217
0.942041015625
101237
0.949010120739
101257
0.943030894886
101277
0.945028409091
101297
0.949041193182
101317
0.942231889205
101337
0.941153231534
101357
0.951238458807
101377
0.944806463068
101397
0.9451171875
101417
0.949671519886
101437
0.943621271307
101457
0.943701171875
101477
0.943727805398
101497
0.939825994318
101517
0.934508167614
101537
0.943576882102
101557
0.93477006392
101577
0.93407759233
101597
0.93994584517
101617
0.93408647017
101637
0.932776988636
101657
0.941135475852
101677
0.931902521307
101697
0.931201171875
101717
0.939288884943
101737
0.927672230114
101757
0.930788352273
101777
0.937318004261
101797
0.927263849432
101817
0.926748934659
101837
0.938485440341
101857
0.924272017045
101877
0.927263849432
101897
0.935320490057
101917
0.920348011364
101937
0.921431107955
101957
0.931214488636
101977
0.922620738636
101997
0.924573863636
102017
0.934428267045
102037
0.926788884943
102057
0.92519975142
102077
0.929079367898
102097
0.927840909091
102117
0.923322088068
102137
0.934357244318
102157
0.927419211648
102177
0.924968927557
102197
0.934823330966
102217
0.927095170455
102237
0.924915660511
102257
0.935369318182
102277
0.922190163352
102297
0.918998579545
102317
0.932630504261
102337
0.920046164773
102357
0.92470703125
102377
0.935475852273
102397
0.926788884943
102417
0.931236683239
102437
0.94589399858
102457
0.935986328125
102477
0.941046697443
102497
0.952876420455
102517
0.947434303977
102537
0.950506036932
102557
0.959343927557
102577
0.952792080966
102597
0.957501775568
102617
0.964830433239
102637
0.962242542614
102657
0.965074573864
102677
0.970849609375
102697
0.971590909091
102717
0.973406427557
102737
0.978125
102757
0.977410333807
102777
0.978076171875
102797
0.983842329545
102817
0.988982599432
102837
0.99052290483
102857
0.99628462358
102877
0.995920632102
102897
1.0
102917
1.0
102937
0.9982421875
102957
0.996475497159
102977
0.993479225852
102997
0.989790482955
103017
0.987855113636
103037
0.984632457386
103057
0.979563210227
103077
0.977219460227
103097
0.975528231534
103117
0.971200284091
103137
0.967151988636
103157
0.96709428267
103177
0.9609375
103197
0.960711115057
103217
0.956795987216
103237
0.949165482955
103257
0.949440696023
103277
0.954327947443
103297
0.953204900568
103317
0.952459161932
103337
0.941543856534
103357
0.929665305398
103377
0.917333984375
103397
0.916734730114
103417
0.894637784091
103437
0.891752485795
103457
0.886709872159
103477
0.863734019886
103497
0.858975497159
103517
0.849853515625
103537
0.845703125
103557
0.844185014205
103577
0.857594992898
103597
0.842635830966
103617
0.849880149148
103637
0.857470703125
103657
0.837255859375
103677
0.853280362216
103697
0.876384943182
103717
0.874547230114
103737
0.884290660511
103757
0.896311257102
103777
0.906019176136
103797
0.904833984375
103817
0.91415571733
103837
0.912442294034
103857
0.930943714489
103877
0.934335049716
103897
0.91337446733
103917
0.91318803267
103937
0.920521129261
103957
0.912766335227
103977
0.899387428977
103997
0.909588068182
104017
0.904469992898
104037
0.890176669034
104057
0.895854048295
104077
0.888449928977
104097
0.892618075284
104117
0.889226740057
104137
0.883518288352
104157
0.893235085227
104177
0.904234730114
104197
0.895010653409
104217
0.887326882102
104237
0.901717862216
104257
0.891650390625
104277
0.893146306818
104297
0.897043678977
104317
0.893199573864
104337
0.901717862216
104357
0.903737571023
104377
0.900279651989
104397
0.904869495739
104417
0.905189098011
104437
0.904447798295
104457
0.903635475852
104477
0.908118785511
104497
0.894611150568
104517
0.906516335227
104537
0.912624289773
104557
0.900217507102
104577
0.904869495739
104597
0.916193181818
104617
0.909028764205
104637
0.903977272727
104657
0.912721946023
104677
0.914799360795
104697
0.900821200284
104717
0.908354048295
104737
0.902579012784
104757
0.90292524858
104777
0.904736328125
104797
0.888995916193
104817
0.895263671875
104837
0.907057883523
104857
0.895703125
104877
0.883465021307
104897
0.899054509943
104917
0.894411399148
104937
0.875137606534
104957
0.889679509943
104977
0.889679509943
104997
0.894571200284
105017
0.89228071733
105037
0.89149946733
105057
0.898446377841
105077
0.89921431108
105097
0.895818536932
105117
0.897034801136
105137
0.912033913352
105157
0.91220703125
105177
0.910267223011
105197
0.924933416193
105217
0.921448863636
105237
0.92050337358
105257
0.925821200284
105277
0.930797230114
105297
0.931298828125
105317
0.939923650568
105337
0.937863991477
105357
0.935910866477
105377
0.944695490057
105397
0.943013139205
105417
0.946764026989
105437
0.955237926136
105457
0.95420365767
105477
0.9501953125
105497
0.952761008523
105517
0.955255681818
105537
0.951780007102
105557
0.95635209517
105577
0.953586647727
105597
0.94726118608
105617
0.948166725852
105637
0.94403852983
105657
0.940784801136
105677
0.940496271307
105697
0.932381924716
105717
0.929327947443
105737
0.925989879261
105757
0.927871981534
105777
0.915980113636
105797
0.923583984375
105817
0.917933238636
105837
0.914470880682
105857
0.915944602273
105877
0.903209339489
105897
0.908908913352
105917
0.901260653409
105937
0.89794477983
105957
0.904833984375
105977
0.913139204545
105997
0.915696022727
106017
0.911749822443
106037
0.921759588068
106057
0.927388139205
106077
0.938787286932
106097
0.941859019886
106117
0.940047940341
106137
0.941854580966
106157
0.949476207386
106177
0.955233487216
106197
0.964151278409
106217
0.969229403409
106237
0.974325284091
106257
0.984756747159
106277
0.986794211648
106297
0.988045987216
106317
0.994406960227
106337
0.993625710227
106357
0.998872514205
106377
1.0
106397
1.0
106417
0.0939038825758
106437
0.0924138849432
106457
0.0951837713068
106477
0.0947413589015
106497
0.0975452769886
106517
0.0968602035985
106537
0.0956113873106
106557
0.0954249526515
106577
0.100180516098
106597
0.101318359375
106617
0.48857717803
106637
0.484638375947
106657
0.486236387311
106677
0.486146129261
106697
0.48271040483
106717
0.477362985322
106737
0.479385653409
106757
0.479163707386
106777
0.478256687973
106797
0.483018169981
106817
0.482926432292
106837
0.481951349432
106857
0.482313861269
106877
0.482475142045
106897
0.482040127841
106917
0.484336529356
106937
0.4828125
106957
0.482421875
106977
0.483463541667
106997
0.482154060133
107017
1.0
107037
1.0
107057
1.0
107077
1.0
