118655
0.0833157376126
118675
0.0827509149775
118695
0.0832647100225
118715
0.0670273789414
118735
0.0657728040541
118755
0.125343116554
118775
0.125907939189
118795
0.0505982545045
118815
0.0477424690315
118835
0.053466356982
118855
0.066529420045
118875
0.0676185951577
118895
0.0654719172297
118915
0.0633410754505
118935
0.0949077984234
118955
0.10009325732
118975
0.10077245214
118995
0.0957101632883
119015
0.0968310106982
119035
0.0894496058559
119055
0.0920009853604
119075
0.0924637528153
119095
0.0909980292793
119115
0.0947899070946
119135
0.0979800112613
119155
0.0964157516892
119175
0.0906725084459
119195
0.0952896255631
119215
0.0941687781532
119235
0.0926150760135
119255
0.0869140625
119275
0.0779208896396
119295
0.0691247888514
119315
0.0613633164414
119335
0.0576400619369
119355
0.0613404420045
119375
0.166911247185
119395
0.152949042793
119415
0.125394144144
119435
0.0691951717342
119455
0.0550270974099
119475
0.150256897523
119495
0.0619844453829
119515
0.0696720157658
119535
0.0620161176802
119555
0.103322072072
119575
0.137672438063
119595
0.138557502815
119615
0.12798951295
119635
0.0948849239865
119655
0.0812429617117
119675
0.134149774775
119695
0.132163217905
119715
0.133460022523
119735
0.137700591216
119755
0.14400513795
119775
0.148986486486
119795
0.0882970861486
119815
0.092870213964
119835
0.0946104307432
119855
0.0600190033784
119875
0.0700221706081
119895
0.0663605011261
119915
0.0676168355856
119935
0.0733002533784
119955
0.0671769425676
119975
0.0996885557432
119995
0.0851650478604
120015
0.0842852618243
120035
0.0888654279279
120055
0.0893369932432
120075
0.0791455518018
120095
0.0706872888514
120115
0.0666226773649
120135
0.0906443552928
120155
0.106737401464
120175
0.104451717342
120195
0.0575098536036
120215
0.0547138935811
120235
0.0674901463964
120255
0.0707453547297
120275
0.0701981278153
120295
0.0701840512387
120315
0.0931059966216
120335
0.0719348254505
120355
0.126467483108
120375
0.0610853040541
120395
0.069994017455
120415
0.0996304898649
120435
0.168762317005
120455
0.301349591779
120475
0.280271677928
120495
0.282750914977
120515
0.281987260698
120535
0.280598958333
120555
0.494603392455
120575
0.769086078266
120595
1.0
120615
0.737003800676
120635
0.125485641892
120655
0.0881140906532
120675
0.0724239864865
120695
0.0700221706081
120715
0.0903258727477
120735
0.149947212838
120755
0.0801643440315
120775
0.062769214527
120795
0.0567761120495
120815
0.0738422015766
120835
0.0813995636261
120855
0.0828459318694
120875
0.0715670748874
120895
0.0712186796171
120915
0.0699289132883
120935
0.0710233671171
120955
0.0690860782658
120975
0.0693042652027
120995
0.0607984938063
121015
0.0995988175676
121035
0.104770199887
121055
0.110455377252
121075
0.112095298423
121095
0.112427857545
121115
0.0881791948198
121135
0.0811303490991
121155
0.0834318693694
121175
0.0518475506757
121195
0.143237964527
121215
0.111750422297
121235
0.126759572072
121255
0.10716673705
121275
0.11460620777
121295
0.116177505631
121315
0.073608178491
121335
0.0534012528153
121355
0.0522029842342
121375
0.11762915259
121395
0.114490076014
121415
0.106853533221
121435
0.115162232545
121455
0.11795995214
121475
0.115894214527
121495
0.103008868243
121515
0.0556535050676
121535
0.0552751970721
121555
0.107747395833
121575
0.110638372748
121595
0.0956432995495
121615
0.093480785473
121635
0.0535015484234
121655
0.0625087978604
121675
0.0468732404279
121695
0.114602688626
121715
0.122089667793
121735
0.0927963119369
121755
0.0528346706081
121775
0.0541719453829
121795
0.0677224099099
121815
0.0716251407658
121835
0.0452227618243
121855
0.165033783784
121875
0.140848465653
121895
0.141497747748
121915
0.102412373311
121935
0.0769636824324
121955
0.164271889077
121975
0.156617750563
121995
0.105688696509
122015
0.143382249437
122035
0.0736134572072
122055
0.0720773507883
122075
0.0634607263514
122095
0.0658343890766
122115
0.115816793356
122135
0.127706221847
122155
0.12646044482
122175
0.133342131194
122195
0.0697564752252
122215
0.0988580377252
122235
0.117319467905
122255
0.121978814752
122275
0.133681728604
122295
0.125614090653
122315
0.109352125563
122335
0.109174408784
122355
0.112931095158
122375
0.118517736486
122395
0.115917088964
122415
0.999887387387
122435
1.0
122455
1.0
122475
0.984844805743
122495
0.983565596847
122515
0.982669974662
122535
0.983236556869
122555
0.9833984375
122575
0.983342131194
122595
0.983507530968
122615
0.983560318131
122635
0.977123803491
122655
0.975758375563
122675
0.974458051802
122695
0.974808206644
122715
0.983134501689
122735
0.991416807432
122755
0.991897170608
122775
0.992134712838
122795
0.983171452703
122815
0.982912795608
122835
0.9837890625
122855
0.983730996622
122875
0.988112331081
122895
0.99155933277
122915
0.987595016892
122935
0.9830078125
122955
0.983530405405
122975
0.982817778716
122995
0.982722761824
123015
0.983657094595
123035
0.989321157095
123055
0.99164379223
123075
0.98828125
123095
0.976082136824
123115
0.965297719595
123135
0.955722128378
123155
0.943676097973
123175
0.939347550676
123195
0.925696790541
123215
0.913898859797
123235
0.89761402027
123255
0.889790962838
123275
0.875422297297
123295
0.868976984797
123315
0.861296452703
123335
0.858255912162
123355
0.853235853041
123375
0.862172719595
123395
0.854935599662
123415
0.854624155405
123435
0.857474662162
123455
0.855832981419
123475
0.861169763514
123495
0.864822635135
123515
0.861623733108
123535
0.862610853041
123555
0.860399070946
123575
0.852021748311
123595
0.851726140203
123615
0.859184966216
123635
0.855685177365
123655
0.867593961149
123675
0.874746621622
123695
0.873764780405
123715
0.873685599662
123735
0.878457559122
123755
0.878304476351
123775
0.876567778716
123795
0.885779138514
123815
0.877908572635
123835
0.878900971284
123855
0.880241765203
123875
0.878578969595
123895
0.878943201014
123915
0.885557432432
123935
0.873933699324
123955
0.877734375
123975
0.874889146959
123995
0.874340160473
124015
0.877053420608
124035
0.876668074324
124055
0.880553209459
124075
0.895175253378
124095
0.899498521959
124115
0.897672086149
124135
0.894647381757
124155
0.890292440878
124175
0.891738809122
124195
0.889775126689
124215
0.900095016892
124235
0.897687922297
124255
0.893559966216
124275
0.892694256757
124295
0.890308277027
124315
0.888407939189
124335
0.891854940878
124355
0.883562077703
124375
0.885905827703
124395
0.881582559122
124415
0.881350295608
124435
0.878911528716
124455
0.880753800676
124475
0.864189189189
124495
0.862447212838
124515
0.870053842905
124535
0.864548141892
124555
0.865345228041
124575
0.864870143581
124595
0.858519847973
124615
0.859596706081
124635
0.86234691723
124655
0.853209459459
124675
0.858197846284
124695
0.865477195946
124715
0.861349239865
124735
0.863302364865
124755
0.869425675676
124775
0.862309966216
124795
0.868042652027
124815
0.861692356419
124835
0.859876478041
124855
0.857506334459
124875
0.866659628378
124895
0.862726984797
124915
0.859422508446
124935
0.852217060811
124955
0.856614231419
124975
0.852871621622
124995
0.860863597973
125015
0.85503589527
125035
0.852296241554
125055
0.856239442568
125075
0.855278716216
125095
0.861792652027
125115
0.855563766892
125135
0.861570945946
125155
0.863751055743
125175
0.875358952703
125195
0.872714315878
125215
0.872598184122
125235
0.876419974662
125255
0.876905616554
125275
0.88851879223
125295
0.886291173986
125315
0.888761613176
125335
0.883155616554
125355
0.897260346284
125375
0.890540540541
125395
0.88921558277
125415
0.888983319257
125435
0.884311655405
125455
0.881170819257
125475
0.885995565878
125495
0.882479940878
125515
0.874049831081
125535
0.873453336149
125555
0.864484797297
125575
0.858794341216
125595
0.86410472973
125615
0.8560546875
125635
0.862426097973
125655
0.860293496622
125675
0.847292018581
125695
0.8490234375
125715
0.840524704392
125735
0.837536951014
125755
0.841686021959
125775
0.845808699324
125795
0.841158150338
125815
0.844425675676
125835
0.840007390203
125855
0.836322846284
125875
0.827122043919
125895
0.828974873311
125915
0.834021326014
125935
0.835119298986
125955
0.836940456081
125975
0.836782094595
125995
0.838539907095
126015
0.847059755068
126035
0.834052998311
126055
0.828209459459
126075
0.832363809122
126095
0.837362753378
126115
0.840144636824
126135
0.850427576014
126155
0.839959881757
126175
0.836940456081
126195
0.845407516892
126215
0.837003800676
126235
0.835868876689
126255
0.845592271959
126275
0.844404560811
126295
0.851251055743
126315
0.856508657095
126335
0.849746621622
126355
0.857347972973
126375
0.860124577703
126395
0.856297508446
126415
0.863566300676
126435
0.857163217905
126455
0.862637246622
126475
0.865809755068
126495
0.871172930743
126515
0.860298775338
126535
0.867472550676
126555
0.886021959459
126575
0.882289907095
126595
0.883609586149
126615
0.893301309122
126635
0.892762880068
126655
0.898400548986
126675
0.904333826014
126695
0.898025760135
126715
0.903790118243
126735
0.901968961149
126755
0.912104096284
126775
0.912288851351
126795
0.912990920608
126815
0.899683277027
126835
0.886449535473
126855
0.874424619932
126875
0.860847761824
126895
0.849852195946
126915
0.837251900338
126935
0.81773120777
126955
0.825047508446
126975
0.818639146959
126995
0.80132495777
127015
0.777919130068
127035
0.765730574324
127055
0.765302998311
127075
0.765213260135
127095
0.76976879223
127115
0.764057221284
127135
0.767409206081
127155
0.778937922297
127175
0.770766469595
127195
0.780748521959
127215
0.771568834459
127235
0.768813344595
127255
0.782036528716
127275
0.794721283784
127295
0.784232474662
127315
0.781730363176
127335
0.799741342905
127355
0.800285050676
127375
0.806814822635
127395
0.807701646959
127415
0.826784206081
127435
0.83793285473
127455
0.854592483108
127475
0.844937711149
127495
0.849873310811
127515
0.830695734797
127535
0.831587837838
127555
0.845476140203
127575
0.841596283784
127595
0.831345016892
127615
0.838640202703
127635
0.839706503378
127655
0.827180109797
127675
0.824873310811
127695
0.823680320946
127715
0.82788745777
127735
0.831133868243
127755
0.863724662162
127775
0.877100929054
127795
0.877810036599
127815
0.882207207207
127835
0.885010205518
127855
0.880173141892
127875
0.893575802365
127895
0.88418848536
127915
0.868274915541
127935
0.858238316441
127955
0.840415610923
127975
0.84462450732
127995
0.854770199887
128015
0.857638302365
128035
0.866993947072
128055
0.881498099662
128075
0.891670185811
128095
0.901720861486
128115
0.905560247748
128135
0.919673775338
128155
0.94369897241
128175
0.96649950732
128195
0.990218538851
128215
1.0
128235
1.0
