178909
0.90927438447
178929
0.910154277146
178949
0.910935527146
178969
0.901992582071
178989
0.901719341856
179009
0.903345466383
179029
0.902078894413
179049
0.895821002999
179069
0.89375147964
179089
0.894973169192
179109
0.893258266256
179129
0.888471630366
179149
0.892602292456
179169
0.89199366714
179189
0.891574928977
179209
0.885491635101
179229
0.890535728378
179249
0.889844736427
179269
0.889669645676
179289
0.891107362689
179309
0.890253610322
179329
0.897481159249
179349
0.898026160038
179369
0.897892992424
179389
0.88733822601
179409
0.895180318813
179429
0.88863833649
179449
0.885298295455
179469
0.890580610795
179489
0.89221659959
179509
0.891735223327
179529
0.888844499684
179549
0.889151278409
179569
0.903341520676
179589
0.901038214173
179609
0.899491003788
179629
0.894278231534
179649
0.894252091225
179669
0.895264165088
179689
0.889890605271
179709
0.894313742898
179729
0.894294507576
179749
0.896086351799
179769
0.897189176926
179789
0.897852055713
179809
0.898721590909
179829
0.900799992109
179849
0.896379813763
179869
0.898686079545
179889
0.901538825758
179909
0.903223149463
179929
0.901218730271
179949
0.901739070391
179969
0.909136777936
179989
0.912073370423
180009
0.911772510259
180029
0.909332090436
180049
0.919120403251
180069
0.916445213857
180089
0.914643505366
180109
0.909239859533
180129
0.915721669823
180149
0.913907630997
180169
0.907117562342
180189
0.909957485006
180209
0.91084132339
180229
0.909269945549
180249
0.90484779435
180269
0.906337298769
180289
0.918990688131
180309
0.909237393466
180329
0.903225122317
180349
0.902940044981
180369
0.904968631629
180389
0.905785392992
180409
0.900579032513
180429
0.902952868529
180449
0.901835740215
180469
0.898018268624
180489
0.899566958649
180509
0.898137133049
180529
0.905616220802
180549
0.900828105271
180569
0.899581261837
180589
0.900954861111
180609
0.903643367266
180629
0.903181226326
180649
0.899097419508
180669
0.899540325126
180689
0.905414989741
180709
0.900902580492
180729
0.900131687973
180749
0.90683889678
180769
0.904732875631
180789
0.901673966225
180809
0.901172861427
180829
0.905247790404
180849
0.901734138258
180869
0.898723070549
180889
0.896843434343
180909
0.899457465278
180929
0.894046914457
180949
0.896489307134
180969
0.898105074179
180989
0.902437460543
181009
0.911785333807
181029
0.905662089646
181049
0.907212752525
181069
0.903155086016
181089
0.898864129577
181109
0.909715317235
181129
0.909786833176
181149
0.907087476326
181169
0.894721630366
181189
0.892594894255
181209
0.897174380524
181229
0.894387231692
181249
0.900060665246
181269
0.901378531408
181289
0.900364977904
181309
0.899120107323
181329
0.901234019886
181349
0.912176945234
181369
0.914775686553
181389
0.909784860322
181409
0.908518288352
181429
0.911410984848
181449
0.91393426452
181469
0.90481869476
181489
0.901279395518
181509
0.899884588068
181529
0.901837713068
181549
0.898665364583
181569
0.897883128157
181589
0.895837772254
181609
0.889676057449
181629
0.888918481692
181649
0.901901337595
181669
0.899374112216
181689
0.900403448548
181709
0.896889796402
181729
0.904388612689
181749
0.905800682607
181769
0.914271622475
181789
0.913725142045
181809
0.914968039773
181829
0.921187460543
181849
0.924740076547
181869
0.931806344697
181889
0.928829308712
181909
0.929652975063
181929
0.925722064394
181949
0.916762350063
181969
0.920482658617
181989
0.915598366477
182009
0.912281013258
182029
0.911050445865
182049
0.89654849274
182069
0.892941623264
182089
0.894359118529
182109
0.892716224747
182129
0.893555180713
182149
0.889303188131
182169
0.888787286932
182189
0.890461253157
182209
0.892477016256
182229
0.893057528409
182249
0.894104620423
182269
0.894061217645
182289
0.903792810922
182309
0.903163470644
182329
0.911930831755
182349
0.909464271622
182369
0.910787563131
182389
0.912817136206
182409
0.910314571496
182429
0.91533499053
182449
0.919246172664
182469
0.914050662879
182489
0.911694582544
182509
0.905869732481
182529
0.903850516888
182549
0.906213008996
182569
0.906939019097
182589
0.904045829388
182609
0.898814808239
182629
0.899121586963
182649
0.894388218119
182669
0.90394274779
182689
0.905134844539
182709
0.901874704072
182729
0.902499605429
182749
0.90264115767
182769
0.906692412405
182789
0.911328125
182809
0.910658834438
182829
0.919405480587
182849
0.910850201231
182869
0.904999704072
182889
0.906271208176
182909
0.905129419192
182929
0.908527659407
182949
0.896767479482
182969
0.889735243056
182989
0.881975023674
183009
0.878535353535
183029
0.872826408617
183049
0.861095328283
183069
0.868346058239
183089
0.857962436869
183109
0.840318714489
183129
0.824027383207
183149
0.826200481376
183169
0.835697798295
183189
0.820649857955
183209
0.808603121054
183229
0.797366733744
183249
0.795617305871
183269
0.790016867898
183289
0.779875907513
183309
0.784110637626
183329
0.786994456282
183349
0.786706912879
183369
0.782247277462
183389
0.787752525253
183409
0.819387231692
183429
0.824896918403
183449
0.831243095013
183469
0.843858013731
183489
0.863198390152
183509
0.866434856376
183529
0.876447088068
183549
0.886703460385
183569
0.882568359375
183589
0.86647184738
183609
0.866529553346
183629
0.8722029869
183649
0.879625355114
183669
0.879579486269
183689
0.882709911616
183709
0.882840613163
183729
0.886800130208
183749
0.889263731061
183769
0.883034939236
183789
0.87233270202
183809
0.85719746291
183829
0.850788648201
183849
0.851166449653
183869
0.850795059975
183889
0.854499092487
183909
0.84420918166
183929
0.856517321654
183949
0.87324070786
183969
0.882089449179
183989
0.892987985322
184009
0.891430910669
184029
0.90595999053
184049
0.906963679766
184069
0.904227331913
184089
0.907009055398
184109
0.908951822917
184129
0.914387034407
184149
0.916500453756
184169
0.914025508996
184189
0.912708629261
184209
0.907398693971
184229
0.913948567708
184249
0.917287129104
184269
0.909571298927
184289
0.908191781092
184309
0.907545671559
184329
0.91031802399
184349
0.915407986111
184369
0.921279198232
184389
0.918256786616
184409
0.919966757418
184429
0.923456735322
184449
0.936077079388
184469
0.940163845486
184489
0.943184777462
184509
0.941538431187
184529
0.928609828756
184549
0.926972853535
184569
0.92333836411
184589
0.917627939552
184609
0.917297486585
184629
0.897512231692
184649
0.888203815499
184669
0.886397174874
184689
0.888100733902
184709
0.88821565262
184729
0.890239307134
184749
0.883386600379
184769
0.884976720328
184789
0.878325244634
184809
0.883626302083
184829
0.881817195391
184849
0.885459576231
184869
0.866010692866
184889
0.866620797822
184909
0.870589685922
184929
0.863718730271
184949
0.86630563447
184969
0.864580374053
184989
0.866496014836
185009
0.868848149463
185029
0.864663233902
185049
0.869944069602
185069
0.876223662405
185089
0.897696693497
185109
0.891512290878
185129
0.887389520202
185149
0.885004340278
185169
0.890297999527
185189
0.888785314078
185209
0.894726069287
185229
0.905742483428
185249
0.89297022964
185269
0.885081281566
185289
0.903950639205
185309
0.910173019255
185329
0.917832623106
185349
0.912699258207
185369
0.909548117898
185389
0.901706025095
185409
0.89355912642
185429
0.882767124369
185449
0.879762961648
185469
0.867125848327
185489
0.865732520518
185509
0.861046006944
185529
0.866261738479
185549
0.880271464646
185569
0.892899700126
185589
0.901427359533
185609
0.908002387153
185629
0.906766887626
185649
0.909978693182
185669
0.912033913352
185689
0.918689334754
185709
0.921656013258
185729
0.91777787642
185749
0.921834063289
185769
0.913763612689
185789
0.922586213699
185809
0.93443911774
185829
0.945501400726
185849
0.953164457071
185869
0.956635199653
185889
0.960919251105
185909
0.96708540483
185929
0.971165759154
185949
0.975896661932
185969
0.979829545455
185989
0.981408321496
186009
0.965239800347
186029
0.961110617898
186049
0.955489464962
186069
0.949297664141
186089
0.94375
186109
0.941151258681
186129
0.933394491793
186149
0.927283577967
186169
0.91363981613
186189
0.924330216225
186209
0.904320056029
186229
0.916965060764
186249
0.925140072601
186269
0.928791331282
186289
0.935379182449
186309
0.949633542456
186329
0.959346393624
186349
0.97461085464
186369
0.982903251263
186389
1.0
186409
0.115351266572
186429
0.112651416509
186449
0.1098282631
186469
0.107743450126
186489
0.107701526989
186509
0.105617700442
186529
0.402941524621
186549
0.150846354167
186569
0.0650400489268
186589
0.0529523753157
186609
0.0545587713068
186629
0.0556581439394
186649
0.0716352982955
186669
0.107415463226
186689
0.0951541785038
186709
0.120752446338
186729
0.125090258049
186749
0.112119239268
186769
0.0996937144886
186789
0.112161655619
186809
0.11262823548
186829
0.11276238952
186849
0.248170178346
186869
0.250141059028
186889
0.195393386995
186909
0.190558909407
186929
0.151063861269
186949
0.139719460227
186969
0.0772939354482
186989
0.0822433317551
187009
0.085810250947
187029
0.0892602785669
187049
0.0926279395518
187069
0.0960631707702
187089
0.102532157513
187109
0.107502268782
187129
0.110568083176
187149
0.0846970683396
187169
0.0766941879735
187189
0.0757191051136
187209
0.0843010179924
187229
0.0865747316919
187249
0.0821614583333
187269
0.0765452375316
187289
0.0767844460227
187309
0.0572310014205
187329
0.052685546875
187349
0.0716239543876
187369
0.142365056818
187389
0.046943063447
187409
0.135816662721
187429
0.0925968671086
187449
0.090032650726
187469
0.0923418757891
187489
0.0836144649621
187509
0.106113873106
187529
0.0461687184343
187549
0.0536236387311
187569
0.0768840751263
187589
0.0860726404672
187609
0.0779997238005
187629
0.0436183120265
187649
0.0407182173295
187669
0.0403118095013
187689
0.0423685093119
187709
0.0658400410354
187729
0.0604127209596
187749
0.0566041272096
187769
0.0536843039773
187789
0.050140072601
187809
0.0706843828914
187829
0.0483605587121
187849
0.0573079427083
187869
0.0611155500316
187889
0.041399838226
187909
0.0411867700442
187929
0.0969356652462
187949
0.102369397096
187969
0.072584240846
187989
0.0703144728535
188009
0.0761733546402
188029
0.0752549913194
188049
0.0536576704545
188069
0.105688229956
188089
0.127306758996
188109
0.114946831597
188129
0.119216579861
188149
0.119222005208
188169
0.113573232323
188189
1.0
188209
1.0
188229
1.0
188249
1.0
188269
0.999904316604
188289
0.748923315183
188309
0.164410215436
188329
0.147954150884
188349
0.125501598011
188369
0.119344815341
188389
0.127289496528
188409
0.121475990372
188429
0.115426235006
188449
0.0891715001578
188469
0.0899552162247
188489
0.0772076231061
