187477
0.108417277167
187497
0.173595848596
187517
0.161273275336
187537
0.135623187576
187557
0.124049908425
187577
0.130713427198
187597
0.143295940171
187617
0.192954918346
187637
0.209341613248
187657
0.22139041514
187677
0.264038175366
187697
0.255931871947
187717
0.272706807082
187737
0.363563129579
187757
0.392280505952
187777
0.37490460928
187797
0.390756639194
187817
0.4564155029
187837
0.485165789072
187857
0.398398389805
187877
0.384541456807
187897
0.401832932692
187917
0.417726934524
187937
0.414017189408
187957
0.426855826465
187977
0.426599225427
187997
0.432744772589
188017
0.429687023046
188037
0.444078144078
188057
0.449287908272
188077
0.448511904762
188097
0.451214800824
188117
0.449233535562
188137
0.442443624084
188157
0.445908215049
188177
0.446576427045
188197
0.431797542735
188217
0.416450129731
188237
0.425809390263
188257
0.430325186966
188277
0.426190953144
188297
0.425590945513
188317
0.428209420788
188337
0.42394068605
188357
0.418770032051
188377
0.410130971459
188397
0.404265396062
188417
0.408410122863
188437
0.403085412851
188457
0.396439064408
188477
0.380019936661
188497
0.356873855311
188517
0.338633241758
188537
0.319968616453
188557
0.292882421398
188577
0.292578125
188597
0.289645337302
188617
0.28944644765
188637
0.30037202381
188657
0.297384386447
188677
0.29521710928
188697
0.292183684371
188717
0.288813053266
188737
0.285817307692
188757
0.276877289377
188777
0.275437366453
188797
0.276203353938
188817
0.26816477793
188837
0.263224015568
188857
0.259338274573
188877
0.250548973596
188897
0.241461576618
188917
0.227304162851
188937
0.223169929029
188957
0.999983783578
188977
0.999811603327
188997
1.0
189017
0.922084382631
189037
0.920155582265
189057
0.923015873016
189077
0.924488228785
189097
0.918930765415
189117
0.921322687729
189137
0.921780563187
189157
0.920328239469
189177
0.998730349512
189197
0.932251125611
189217
0.930815495269
189237
0.929673191392
189257
0.926269173535
189277
0.929599740537
189297
0.927773962149
189317
0.929514365842
189337
0.9291313721
189357
0.954073660714
189377
0.890737084096
189397
0.891980502137
189417
0.889585718101
189437
0.890350274725
189457
0.888497786935
189477
0.887770432692
189497
0.888146272131
189517
0.891959516178
189537
0.888148179945
189557
0.886838942308
189577
0.999974244505
189597
0.872401079823
189617
0.873917315324
189637
0.873254349817
189657
0.884377861722
189677
0.873251965049
189697
0.871639384921
189717
0.879011656746
189737
0.8717094971
189757
0.872595676893
189777
0.869047619048
189797
0.999969474969
189817
0.999961366758
189837
0.928353937729
189857
0.849208257021
189877
0.848873435592
189897
0.847391063797
189917
0.848352602259
189937
0.848037335928
189957
0.847697744963
189977
0.849537355006
189997
0.850050080128
190017
0.849596020299
190037
0.999908901862
190057
0.999809695513
190077
0.989728804182
190097
0.984313472985
190117
0.984072611416
190137
0.983949080433
190157
0.991347584707
190177
0.981197535104
190197
0.980949519231
190217
0.980907547314
190237
0.983928571429
190257
0.955083848443
190277
0.950697306166
190297
0.950091098138
190317
0.950004292582
190337
0.950713522589
190357
0.958207417582
190377
0.937147054335
190397
0.936656746032
190417
0.937606360653
190437
0.937528617216
190457
0.947483115842
190477
0.983855120574
190497
0.983803609585
190517
0.984496623168
190537
0.993262076465
190557
0.991189713065
190577
0.991061412546
190597
0.992709287241
190617
0.986258489774
190637
0.985205376221
190657
0.985273580586
190677
0.992643467643
190697
0.987934027778
190717
0.987824805403
190737
0.989917677808
190757
0.98576007326
190777
0.984902987637
190797
0.985597909035
190817
0.992478918651
190837
0.990927865537
190857
0.990965067918
190877
0.995234756563
190897
0.985298859127
190917
0.985235424298
190937
0.985858325702
190957
0.991882726648
190977
0.990478098291
190997
0.990394154457
191017
0.994217891484
191037
0.991103384463
191057
0.991093845391
191077
0.991422466422
191097
0.987181394994
191117
0.985543059371
191137
0.985488209707
191157
0.992861912393
191177
0.983953373016
191197
0.98380170177
191217
0.983798840049
191237
0.984284378816
191257
0.934496146215
191277
0.922300919567
191297
0.923102201618
191317
0.923033043346
191337
0.922488362332
191357
0.923261504121
191377
0.926026881105
191397
0.982019803114
191417
0.97790655525
191437
0.978006715507
191457
0.978833276099
191477
0.986041475885
191497
0.983412507631
191517
0.983362904457
191537
0.985307921245
191557
0.985560229701
191577
0.984300118284
191597
0.98469408196
191617
0.986445455586
191637
0.983470219017
191657
0.982679906899
191677
0.982542544261
191697
0.984955929487
191717
0.951824824481
191737
0.950249923687
191757
0.949518276862
191777
0.950238476801
191797
0.999983783578
191817
0.961614774115
191837
0.960695684524
191857
0.960768181471
191877
0.961263736264
191897
0.985357047466
191917
0.978123569139
191937
0.978510855464
191957
0.97830242674
191977
0.964267590049
191997
0.945803285256
192017
0.947286134005
192037
0.946494867979
192057
0.957512019231
192077
0.978970638736
192097
0.979129941239
192117
0.978875724969
192137
0.983324748168
192157
0.9807997558
192177
0.980649992369
192197
0.98060515873
192217
0.984680250305
192237
0.974793956044
192257
0.974634653541
192277
0.975051034035
192297
0.979552999084
192317
0.97934457036
192337
0.979245364011
192357
0.979230578449
192377
0.983004712302
192397
0.95699023199
192417
0.957284035409
192437
0.958164491758
192457
0.957208199786
192477
0.999998092186
192497
0.9999403808
192517
0.99999332265
192537
0.999998569139
192557
0.997836061508
192577
0.995079746642
192597
0.985923191392
192617
0.976291590354
192637
0.967040121337
192657
0.960359909188
192677
0.952100503663
192697
0.943326465201
192717
0.932723309676
192737
0.926645489927
192757
0.919568452381
192777
0.910441468254
192797
0.903286687271
192817
0.898820970696
192837
0.901329269689
192857
0.904753319597
192877
0.901775221306
192897
0.9044161134
192917
0.907509634463
192937
0.911313339438
192957
0.917354433761
192977
0.913007001679
192997
0.911607142857
193017
0.914135950855
193037
0.913439121642
193057
0.911844665751
193077
0.915454727564
193097
0.91891025641
193117
0.917853327228
193137
0.915097012363
193157
0.90562232906
193177
0.901967910562
193197
0.897165464744
193217
0.897534626832
193237
0.898886790293
193257
0.900144993895
193277
0.909923019689
193297
0.907627918956
193317
0.907758604243
193337
0.904487656441
193357
0.909081196581
193377
0.9068657471
193397
0.90182339362
193417
0.905438224969
193437
0.910182005495
193457
0.9182534913
193477
0.919806929182
193497
0.914337225275
193517
0.915225789835
193537
0.908007574023
193557
0.906615823413
193577
0.901534836691
193597
0.907310744811
193617
0.918800557082
193637
0.924967567155
193657
0.920675461691
193677
0.914136904762
193697
0.911602850275
193717
0.904789091117
193737
0.900168364621
193757
0.905922332875
193777
0.909443681319
193797
0.910943700397
193817
0.90945846688
193837
0.8996689942
193857
0.890333104396
193877
0.892969703907
193897
0.892948240995
193917
0.892528044872
193937
0.891882249695
193957
0.895312976954
193977
0.897885187729
193997
0.896947496947
194017
0.898116987179
194037
0.894339514652
194057
0.898607772436
194077
0.898078353938
194097
0.901454708486
194117
0.900804620726
194137
0.896977545024
194157
0.89999475351
194177
0.902866491148
194197
0.904328830891
194217
0.898671684219
194237
0.895301530067
194257
0.896039854243
194277
0.902522130647
194297
0.896138583639
194317
0.896834458944
194337
0.887959783272
194357
0.888376163767
194377
0.886591880342
194397
0.885078983516
194417
0.883914262821
194437
0.887445627289
194457
0.883007574023
194477
0.881208028083
194497
0.876783806471
194517
0.879861588065
194537
0.879501488095
194557
0.892600541819
194577
0.884018238706
194597
0.88485433837
194617
0.885846878816
194637
0.895471325549
194657
0.891328983516
194677
0.896156707875
194697
0.903727869353
194717
0.902189217033
194737
0.904092738858
194757
0.90685382326
194777
0.910583123474
194797
0.919318528694
194817
0.924540216728
194837
0.928416895604
194857
0.923590602106
194877
0.917202285562
194897
0.91996957036
194917
0.925051034035
194937
0.924148637821
194957
0.925403502747
194977
0.924117158883
194997
0.922630017552
195017
0.922186927656
195037
0.919925213675
195057
0.916050919567
195077
0.921073240995
195097
0.923008241758
195117
0.920904876374
195137
0.923039243742
195157
0.919361454518
195177
0.91561975351
195197
0.913653750763
195217
0.905907547314
195237
0.907247309982
195257
0.907854471917
195277
0.907191983364
195297
0.909031116453
195317
0.906720753205
195337
0.905360958486
195357
0.900260416667
195377
0.897759748932
195397
0.896164816087
195417
0.901093654609
195437
0.90236759768
195457
0.907818700397
195477
0.906960660867
195497
0.89650297619
195517
0.897189312424
195537
0.901979834402
195557
0.909447019994
195577
0.911029552045
195597
0.920938263126
195617
0.924672809829
195637
0.931791819292
195657
0.936501259158
195677
0.928941544567
195697
0.927606074481
195717
0.936072000916
195737
0.938287450397
195757
0.929983211233
195777
0.909452266484
195797
0.893241090507
195817
0.883076732295
195837
0.872304735195
195857
0.863833562271
195877
0.844298973596
195897
0.83839905754
195917
0.842506105006
195937
0.839880952381
195957
0.837944997711
195977
0.843106112637
195997
0.847319997711
196017
0.864251373626
196037
0.87266292735
196057
0.868250629579
196077
0.855862236722
196097
0.854753319597
196117
0.86313959478
196137
0.856791819292
196157
0.85235567384
196177
0.850132116148
196197
0.848353079212
196217
0.850121146215
196237
0.856304849664
196257
0.851729433761
196277
0.856784188034
196297
0.871454803877
196317
0.877603212759
196337
0.894000400641
196357
0.904899744353
196377
0.888787774725
196397
0.865306871947
196417
0.855302293193
196437
0.849871699481
196457
0.833443032662
196477
0.823475656288
196497
0.814640567766
196517
0.806156994048
196537
0.816205452534
196557
0.814168860653
196577
0.799637038309
196597
0.801424660409
196617
0.820935401404
196637
0.842245688339
196657
0.854919299451
196677
0.873829555861
196697
0.899736721612
196717
0.920482772436
196737
0.939461710165
196757
0.944972909035
196777
0.945698832418
196797
0.955736320971
196817
0.974977583181
196837
0.987048801893
196857
0.993119467338
196877
0.99982781975
196897
0.999871222527
196917
0.961789816087
196937
0.94118780525
196957
0.941461099664
196977
0.942142189408
196997
0.941230254121
197017
0.944412488553
197037
0.999826865842
197057
0.999600789835
