122701
0.15146556713
122721
0.144971064815
122741
0.0698292824074
122761
0.0681206597222
122781
0.0706264467593
122801
0.069994212963
122821
0.126015625
122841
0.11419849537
122861
0.117471064815
122881
0.129739583333
122901
0.131811342593
122921
0.211057581019
122941
0.179743923611
122961
0.1657421875
122981
0.192507233796
123001
0.231228298611
123021
0.225970775463
123041
0.104756944444
123061
0.101833043981
123081
0.0975
123101
0.0941420717593
123121
0.0904311342593
123141
0.0911950231481
123161
0.0974898726852
123181
0.0992418981481
123201
0.0578631365741
123221
0.0545891203704
123241
0.0512586805556
123261
0.0481958912037
123281
0.0479267939815
123301
0.055279224537
123321
0.0672844328704
123341
0.315668402778
123361
0.135358796296
123381
0.0979369212963
123401
0.0983405671296
123421
0.241416377315
123441
0.249130497685
123461
0.260656828704
123481
0.263204571759
123501
0.302785011574
123521
0.0754788773148
123541
0.0642809606481
123561
0.0565596064815
123581
0.061484375
123601
0.0693402777778
123621
0.120883969907
123641
0.116513310185
123661
0.0953833912037
123681
0.0996672453704
123701
0.0995659722222
123721
0.100695891204
123741
0.0929716435185
123761
0.0887427662037
123781
0.0918012152778
123801
0.0759085648148
123821
0.0709215856481
123841
0.0676490162037
123861
0.0937572337963
123881
0.146805555556
123901
0.262349537037
123921
0.418864293981
123941
0.609143518519
123961
0.753687789352
123981
0.803638599537
124001
0.595114293981
124021
0.40642650463
124041
0.249175347222
124061
0.170397858796
124081
0.121989293981
124101
0.111872106481
124121
0.110522280093
124141
0.0968258101852
124161
0.0753197337963
124181
0.0569039351852
124201
0.0592100694444
124221
0.0592201967593
124241
0.0628356481481
124261
0.0602777777778
124281
0.063247974537
124301
0.0604513888889
124321
0.0812094907407
124341
0.182547743056
124361
0.240279224537
124381
0.24630787037
124401
0.263687789352
124421
0.313178530093
124441
0.348192997685
124461
0.391468460648
124481
0.4108203125
124501
0.44216724537
124521
0.440383391204
124541
0.422183159722
124561
0.437492766204
124581
0.432857349537
124601
0.411495949074
124621
0.414252025463
124641
0.408881655093
124661
0.385072337963
124681
0.365267650463
124701
0.35400318287
124721
0.339348958333
124741
0.331420717593
124761
0.280502025463
124781
0.238874421296
124801
0.277618634259
124821
0.131184895833
124841
0.0630338541667
124861
0.0753168402778
124881
0.0820413773148
124901
0.0854542824074
124921
0.0873857060185
124941
0.0795240162037
124961
0.0800347222222
124981
0.0678009259259
125001
0.0717809606481
125021
0.0848061342593
125041
0.0969560185185
125061
0.0826287615741
125081
0.0894878472222
125101
0.08375
125121
0.078013599537
125141
0.0824406828704
125161
0.0702271412037
125181
0.0651475694444
125201
0.0741956018519
125221
0.0833405671296
125241
0.0848582175926
125261
0.0879528356481
125281
0.147420428241
125301
0.152997685185
125321
0.150622106481
125341
0.147349537037
125361
0.153561921296
125381
0.152311921296
125401
0.149965277778
125421
0.124505208333
125441
0.108871527778
125461
0.118793402778
125481
0.111284722222
125501
0.117287326389
125521
0.118213252315
125541
0.110151909722
125561
0.120672743056
125581
0.130153356481
125601
0.0540017361111
125621
0.0402777777778
125641
0.0472641782407
125661
0.0539424189815
125681
0.101585648148
125701
0.173401331019
125721
0.0568330439815
125741
0.0690509259259
125761
0.0517361111111
125781
0.0606119791667
125801
0.176644965278
125821
0.200873842593
125841
0.182436342593
125861
0.172848668981
125881
0.194020543981
125901
0.314240451389
125921
0.255870949074
125941
0.271689814815
125961
0.206723090278
125981
0.194953703704
126001
0.398838252315
126021
0.227199074074
126041
0.191021412037
126061
0.178363715278
126081
0.184505208333
126101
0.194361979167
126121
0.191951678241
126141
0.170243055556
126161
0.173815104167
126181
0.194427083333
126201
0.179560185185
126221
0.21365306713
126241
0.227039930556
126261
0.206180555556
126281
0.180813078704
126301
0.168342013889
126321
0.156038773148
126341
0.161195023148
126361
0.179623842593
126381
0.169600694444
126401
0.092337962963
126421
0.0968865740741
126441
0.098509837963
126461
0.0982942708333
126481
0.102022569444
126501
0.0976446759259
126521
0.0993070023148
126541
0.143742766204
126561
0.154348958333
126581
0.137298900463
126601
0.120805844907
126621
0.104373553241
126641
0.0969791666667
126661
0.0946672453704
126681
0.0941276041667
126701
0.218687789352
126721
0.436931423611
126741
0.249655671296
126761
0.14119212963
126781
0.207475405093
126801
0.275836226852
126821
0.417604166667
126841
0.751675347222
126861
0.658896122685
126881
0.328365162037
126901
0.141429398148
126921
0.0596701388889
126941
0.213135127315
126961
0.22638744213
126981
0.205313946759
127001
0.131850405093
127021
0.140386284722
127041
0.176150173611
127061
0.222809606481
127081
0.281475694444
127101
0.357261284722
127121
0.436174768519
127141
0.509968171296
127161
0.566824363426
127181
0.606866319444
127201
0.641812789352
127221
0.747728587963
127241
0.815134548611
127261
0.817045717593
127281
0.809586226852
127301
0.715910011574
127321
0.702796585648
127341
0.703935185185
127361
0.689454571759
127381
0.679103009259
127401
0.668648726852
127421
0.66158130787
127441
0.751657986111
127461
0.335274884259
127481
0.093560474537
127501
0.0598553240741
127521
0.0704542824074
127541
0.071607349537
127561
0.0698900462963
127581
0.625167824074
127601
0.617188946759
127621
0.622151331019
127641
0.627180266204
127661
0.61294849537
127681
0.613783275463
127701
0.611232638889
127721
0.605868055556
127741
0.606397569444
127761
0.616235532407
127781
0.670789930556
127801
0.670530960648
127821
0.670298032407
127841
0.659872685185
127861
0.660425347222
127881
0.658967013889
127901
0.660177951389
127921
0.663671875
127941
0.670173611111
127961
0.655885416667
127981
0.657670717593
128001
0.654189814815
128021
0.657627314815
128041
0.657213541667
128061
0.654113136574
128081
0.661339699074
128101
0.655888310185
128121
0.638757233796
128141
0.659738136574
128161
0.658647280093
128181
0.649723668981
128201
0.648211805556
128221
0.657181712963
128241
0.652761863426
128261
0.635954861111
128281
0.655238715278
128301
0.643479456019
128321
0.64349681713
128341
0.665539641204
128361
0.656864872685
128381
0.649469039352
128401
0.641688368056
128421
0.62654369213
128441
0.636278935185
128461
0.629972511574
128481
0.624150752315
128501
0.625335648148
128521
0.624561631944
128541
0.628097511574
128561
0.638629918981
128581
0.629486400463
128601
0.635953414352
128621
0.639139178241
128641
0.644327256944
128661
0.637702546296
128681
0.643796296296
128701
0.636244212963
128721
0.634515335648
128741
0.641747685185
128761
0.641644965278
128781
0.641578414352
128801
0.651886574074
128821
0.657669270833
128841
0.655558449074
128861
0.657546296296
128881
0.645655381944
128901
0.644489293981
128921
0.640973668981
128941
0.63998119213
128961
0.642465277778
128981
0.646085069444
129001
0.648716724537
129021
0.635920138889
129041
0.639661458333
129061
0.636495949074
129081
0.632152777778
129101
0.634210069444
129121
0.630416666667
129141
0.628090277778
129161
0.629794560185
129181
0.639565972222
129201
0.644691840278
129221
0.646996527778
129241
0.644522569444
129261
0.637702546296
129281
0.647368344907
129301
0.64451244213
129321
0.647540509259
129341
0.645808738426
129361
0.640269097222
129381
0.636846064815
129401
0.636980613426
129421
0.635792824074
129441
0.63123119213
129461
0.621371527778
129481
0.605784143519
129501
0.602866030093
129521
0.607595486111
129541
0.608804976852
129561
0.606882233796
129581
0.612498553241
129601
0.603546006944
129621
0.594500868056
129641
0.591634837963
129661
0.590303819444
129681
0.583791956019
129701
0.588721064815
129721
0.586414930556
129741
0.580017361111
129761
0.574308449074
129781
0.566370081019
129801
0.561124131944
129821
0.547022569444
129841
0.553172743056
129861
0.558961226852
129881
0.563778935185
129901
0.56666087963
129921
0.566417824074
129941
0.556519097222
129961
0.554133391204
129981
0.552552083333
130001
0.551956018519
130021
0.548041087963
130041
0.550316840278
130061
0.555186631944
130081
0.55771412037
130101
0.56216869213
130121
0.564207175926
130141
0.561954571759
130161
0.557390046296
130181
0.5466796875
130201
0.548596643519
130221
0.542527488426
130241
0.549456018519
130261
0.546902488426
130281
0.557696759259
130301
0.569431423611
130321
0.560714699074
130341
0.558062789352
130361
0.558514178241
130381
0.548579282407
130401
0.552356770833
130421
0.551420717593
130441
0.555454282407
130461
0.553920717593
130481
0.557614293981
130501
0.557278645833
130521
0.546974826389
130541
0.561322337963
130561
0.558197337963
130581
0.548621238426
130601
0.547624421296
130621
0.560912905093
130641
0.552599826389
130661
0.557306134259
130681
0.556624710648
130701
0.557115162037
130721
0.558929398148
130741
0.558392650463
130761
0.558671875
130781
0.560979456019
130801
0.55607494213
130821
0.5585546875
130841
0.565348668981
130861
0.56658275463
130881
0.563638599537
130901
0.5653515625
130921
0.559751157407
130941
0.554440104167
130961
0.560949074074
130981
0.574373553241
131001
0.559408275463
131021
0.559845196759
131041
0.566663773148
131061
0.555787037037
131081
0.544884259259
131101
0.553101851852
131121
0.549364872685
131141
0.549989872685
131161
0.549487847222
131181
0.54185474537
131201
0.552466724537
131221
0.547035590278
131241
0.542834201389
131261
0.545477430556
131281
0.54732349537
131301
0.537287326389
131321
0.532229456019
131341
0.54037037037
131361
0.538127893519
131381
0.53349681713
131401
0.543464988426
131421
0.535568576389
131441
0.544642650463
131461
0.538758680556
131481
0.556536458333
131501
0.558052662037
131521
0.548978587963
131541
0.549463252315
131561
0.543284143519
131581
0.533136574074
131601
0.525630787037
131621
0.529383680556
131641
0.51341724537
131661
0.513109085648
131681
0.522915219907
131701
0.529813368056
131721
0.537463831019
131741
0.535219907407
131761
0.547488425926
131781
0.549260706019
131801
0.56537181713
131821
0.562649016204
131841
0.574806134259
131861
0.581883680556
131881
0.581579861111
131901
0.586704282407
131921
0.582426215278
131941
0.566805555556
131961
0.562735821759
131981
0.565353009259
132001
0.575826099537
132021
0.569171006944
132041
0.569370659722
132061
0.586611689815
132081
0.573559027778
132101
0.590732060185
132121
0.60619212963
132141
0.599947916667
132161
0.6050390625
132181
0.613201678241
132201
0.60412181713
132221
0.604968171296
132241
0.610399305556
132261
0.611945891204
132281
0.612504340278
132301
0.615318287037
132321
0.620749421296
132341
0.625669849537
132361
0.62595630787
132381
0.619962384259
132401
0.625515046296
132421
0.623531539352
132441
0.624809027778
132461
0.625344328704
132481
1.0
132501
0.664476273148
132521
0.386500289352
132541
0.395024594907
132561
0.39064525463
132581
0.386150173611
132601
0.381997974537
132621
0.396598668981
132641
0.389182581019
132661
0.388709490741
132681
0.667941261574
