129327
0.381010474969
129347
0.365400050529
129367
0.370929532027
129387
0.380679609764
129407
0.393560517724
129427
0.378096820585
129447
0.384572255908
129467
0.39081302472
129487
0.385405492071
129507
0.393995841107
129527
0.388221976057
129547
0.208351795709
129567
0.190159067942
129587
0.177630888526
129607
0.182392238029
129627
0.203887787624
129647
0.195824587998
129667
0.199953844061
129687
0.190510824782
129707
0.170339221859
129727
0.165187733209
129747
0.328052122201
129767
0.290013312345
129787
0.300231751399
129807
0.307812985852
129827
0.322681028451
129847
0.301822916667
129867
0.321590290734
129887
0.300515488961
129907
0.306656658116
129927
0.336424809546
129947
0.326253498134
129967
0.324589455068
129987
0.295652596393
130007
0.287089455068
130027
0.270786691542
130047
0.275160331157
130067
0.264784476057
130087
0.276745180348
130107
0.285871424129
130127
0.274616176928
130147
0.21027819885
130167
0.217540228545
130187
0.23076900653
130207
0.211089085821
130227
0.216751690765
130247
0.2381102301
130267
0.227623114894
130287
0.257280492071
130307
0.246549479167
130327
0.256181494869
130347
0.316327056126
130367
0.303675470305
130387
0.29337395056
130407
0.296251651897
130427
0.310090174129
130447
0.309092234142
130467
0.308078746891
130487
0.33449694885
130507
0.32119626477
130527
0.316370296953
130547
0.313923060479
130567
0.303586073539
130587
0.176669387438
130607
0.184061625466
130627
0.19453853778
130647
0.206676578047
130667
0.225887651586
130687
0.190938860386
130707
0.178557408271
130727
0.185778140547
130747
0.281924848414
130767
0.277599308147
130787
0.283695293066
130807
0.288959499378
130827
0.286289742693
130847
0.303568097015
130867
0.292893442942
130887
0.291402363184
130907
0.331951084422
130927
0.171413440609
130947
0.175845382463
130967
0.178564210199
130987
0.174652615827
131007
0.173975824005
131027
0.176134950249
131047
0.183841534515
131067
0.192319165889
131087
0.192310420553
131107
0.184638817631
131127
0.169653684701
131147
0.166693388526
131167
0.166982956312
131187
0.17060061023
131207
0.175296369714
131227
0.194350027208
131247
0.282167774409
131267
0.243848142102
131287
0.224379567009
131307
0.233916841573
131327
0.228470440765
131347
0.219031308302
131367
0.242806475435
131387
0.225796311412
131407
0.236170708955
131427
0.235508978545
131447
0.246249222637
131467
0.254177841262
131487
0.188481906872
131507
0.177370957711
131527
0.173093516791
131547
0.168053288246
131567
0.166192475124
131587
0.167542171953
131607
0.176001340951
131627
0.172973997201
131647
0.169269861629
131667
0.171877915112
131687
0.173805289956
131707
0.16063238495
131727
0.158956195585
131747
0.171639847637
131767
0.190053152208
131787
0.185055192786
131807
0.177278159981
131827
0.174797885572
131847
0.173620180348
131867
0.192074296486
131887
0.20956545398
131907
0.215965096393
131927
0.214795164801
131947
0.205845285292
131967
0.205269550684
131987
0.208737076337
132007
0.2171875
132027
0.207725532494
132047
0.201620802239
132067
0.206717875466
132087
0.208694321362
132107
0.20089348181
132127
0.206444826648
132147
0.146714668843
132167
0.148648359764
132187
0.135900089397
132207
0.234824413091
132227
0.225211345616
132247
0.286863048041
132267
0.265725571362
132287
0.43809565454
132307
0.354703047264
132327
0.30505869092
132347
0.415826628576
132367
0.225714688277
132387
0.254259464397
132407
0.42394278607
132427
0.440262068563
132447
0.441089474502
132467
0.254838599969
132487
0.272391460665
132507
0.291927083333
132527
0.22021484375
132547
0.431898612407
132567
0.420439307369
132587
0.430925450871
132607
0.439048896144
132627
0.499023923352
132647
0.284134017413
132667
0.230039256841
132687
0.152776644123
132707
0.201932719216
132727
0.175203571984
132747
0.164041608364
132767
0.181572119869
132787
0.259753964552
132807
0.244976290423
132827
0.231658601524
132847
0.235399175995
132867
0.218385125155
132887
0.211644900498
132907
0.218793726679
132927
0.224434954136
132947
0.225762787624
132967
0.223586656561
132987
0.22460694574
133007
0.22863271533
133027
0.228082730877
133047
0.228008395522
133067
0.230663576648
133087
0.228725027208
133107
0.234072800062
133127
0.232334421642
133147
0.231319962687
133167
0.232564229633
133187
0.234286089086
133207
0.235872881685
133227
0.240942747201
133247
0.245164315143
133267
0.184690317942
133287
0.185133900808
133307
0.184198635728
133327
0.184657280006
133347
0.185019239739
133367
0.184138390081
133387
0.182711928638
133407
0.179737056903
133427
0.206677549751
133447
0.213673818408
133467
0.208256568719
133487
0.214188821517
133507
0.222288945896
133527
0.218295242537
133547
0.22419688666
133567
0.420235735386
133587
0.501120374689
133607
0.528083702581
133627
0.662054473725
133647
0.279731712531
133667
0.270271202581
133687
0.27147465796
133707
0.292694243626
133727
0.269085723725
133747
0.289390935945
133767
0.330950715174
133787
0.322596976057
133807
0.304230799129
133827
0.331986065765
133847
0.247686372823
133867
0.256354458178
133887
0.198213522233
133907
0.19793707245
133927
0.23699957245
133947
0.213990593905
133967
0.421854108364
133987
0.301332692009
134007
0.212221120958
134027
0.248226154384
134047
0.282829990672
134067
0.33400623834
134087
0.416694846082
134107
0.432415558924
134127
0.387888681592
134147
0.426674245958
134167
0.436756160603
134187
0.457806669776
134207
0.115233403296
134227
0.118679065609
134247
0.122491060323
134267
0.130644142568
134287
0.472494947139
134307
0.475367304104
134327
0.371523729011
134347
0.400298313122
134367
0.430219507929
134387
0.388931319963
134407
0.445919814988
134427
0.493100901741
134447
0.321294892724
134467
0.227511368937
134487
0.319320390236
134507
0.253142490672
134527
0.154102048352
134547
0.477359297264
134567
0.338465873756
134587
0.321518384639
134607
0.507004042289
134627
0.190354866294
134647
0.610897660137
134667
0.600348355877
134687
0.588940065299
134707
0.577817941542
134727
0.570453882929
134747
0.562163790423
134767
0.554756005131
134787
0.548169309701
134807
0.539728117226
134827
1.0
134847
0.475186567164
134867
0.401591651119
134887
0.393657688122
134907
0.387620977146
134927
0.335565337376
134947
0.706788809857
134967
0.531460859764
134987
0.528008395522
135007
0.530036341729
135027
0.533953766325
135047
0.537113261816
135067
0.505419678949
135087
0.507760999689
135107
0.502949607432
135127
0.987052530317
135147
0.532059915267
135167
0.528496676772
135187
0.532987406716
135207
0.535558049596
135227
0.717020366915
135247
0.606156716418
135267
0.58427005597
135287
0.579710820896
135307
0.571102981188
135327
0.542850202114
135347
0.538172905006
135367
0.533537877021
135387
0.524923721238
135407
0.69607431592
135427
0.626070331934
135447
0.618420592351
135467
0.619078435945
135487
0.61063724347
135507
0.795039451182
135527
0.7847534787
135547
0.784684487718
135567
0.78262690454
135587
0.9525390625
135607
0.667439171331
135627
0.651717486785
135647
0.644965115827
135667
0.64021979944
135687
0.555319107587
135707
0.537648184857
135727
0.54356926306
135747
0.547125699627
135767
0.902473472481
135787
0.962496113184
135807
0.961249416978
135827
0.960095518501
135847
0.94638186023
135867
0.924281424907
135887
0.919320390236
135907
0.91545155084
135927
0.921122901119
135947
0.881538596082
135967
0.868780608675
135987
0.860258278918
136007
0.859517840485
136027
0.954359549907
136047
0.945166744403
136067
0.939852495336
136087
0.935893773321
136107
0.938383278918
136127
0.95489738806
136147
0.95148184857
136167
0.950416375155
136187
0.993981751399
136207
0.934473627954
136227
0.934542618937
136247
0.932533135106
136267
0.870580204447
136287
0.967324510261
136307
0.96649661847
136327
0.965485074627
136347
0.92380626166
136367
0.958500466418
136387
0.955886096859
136407
0.952888875933
136427
0.852243178638
136447
0.646917269123
136467
0.646883745336
136487
0.6468992926
136507
0.646951764614
136527
0.66619636194
136547
0.73877924829
136567
0.813722403607
136587
0.881969546797
136607
0.938317688899
136627
0.944432622046
136647
0.955621793377
136667
0.955290928172
136687
0.955018365205
136707
0.96212395056
136727
0.96826900653
136747
0.976636835354
136767
0.987198285914
136787
0.986994228078
136807
0.986887826493
136827
0.987128323228
136847
0.987306145056
136867
0.975266732743
136887
0.976795708955
136907
0.964135377799
136927
0.958168143657
136947
0.945812441698
136967
0.928248892257
136987
0.914542035914
137007
0.903817339086
137027
0.907665286847
137047
0.910573111007
137067
0.903502506996
137087
0.903560809235
137107
0.90311042444
137127
0.909796233675
137147
0.909890974813
137167
0.917393015392
137187
0.90274166278
137207
0.90984141791
137227
0.901887534981
137247
0.891114738806
137267
0.89159427472
137287
0.893183010728
137307
0.894178521455
137327
0.900223006063
137347
0.905621793377
137367
0.903933943563
137387
0.928194962687
137407
0.929097189832
137427
0.928384444963
137447
0.933239563899
137467
0.924593341884
137487
0.914225746269
137507
0.918438083022
137527
0.918803929571
137547
0.909920125933
137567
0.910908348881
137587
0.907787721549
137607
0.910283057369
137627
0.915485074627
137647
0.90818854944
137667
0.912451900653
137687
0.920991721082
137707
0.910592059235
137727
0.913562558302
137747
0.918973006063
137767
0.911170708955
137787
0.924727437034
137807
0.918062033582
137827
0.911221723414
137847
0.910159165112
137867
0.913839493937
137887
0.914151410914
137907
0.909974055504
137927
0.914157241138
137947
0.906987523321
137967
0.907771688433
137987
0.909937616604
138007
0.898239272388
138027
0.896781716418
138047
0.894579349347
138067
0.890334946362
138087
0.887465018657
138107
0.882430620336
138127
0.872350163246
138147
0.883624358675
138167
0.887517490672
138187
0.896248250933
138207
0.894987465019
138227
0.898506005131
138247
0.913013059701
138267
0.908178346549
138287
0.913125291511
138307
0.906497784515
138327
0.895692922108
138347
0.900408115672
138367
0.895526760728
138387
0.885475454757
138407
0.886412663246
138427
0.883338677705
138447
0.886558418843
138467
0.888110715951
138487
0.880812733209
138507
0.876266616138
138527
0.879927996735
138547
0.874931494869
138567
0.862827950093
138587
0.856381180037
138607
0.862384853078
138627
0.87341563666
138647
0.873522524098
138667
0.883415928172
138687
0.87831545398
138707
0.884164140236
138727
0.898622609608
138747
0.913444982121
138767
0.916805134484
138787
0.92508550995
138807
0.938867673352
138827
0.957092467351
138847
0.977107625933
138867
0.992955631996
138887
1.0
138907
1.0
