128404
0.0730362215909
128424
0.0632019412879
128444
0.0590778882576
128464
0.0574609375
128484
0.058407907197
128504
0.0546306818182
128524
0.0535594223485
128544
0.0579723011364
128564
0.0586209753788
128584
0.0576195549242
128604
0.0551680871212
128624
0.0522431344697
128644
0.0546223958333
128664
0.0542140151515
128684
0.0529699337121
128704
0.0528622159091
128724
0.0527071496212
128744
0.0533510890152
128764
0.0532102272727
128784
0.0516986268939
128804
0.0512937973485
128824
0.0517743844697
128844
0.0524668560606
128864
0.0497040719697
128884
0.0494957386364
128904
0.0494164299242
128924
0.049560842803
128944
0.048603219697
128964
0.0490897253788
128984
0.0499692234848
129004
0.0454569128788
129024
0.0461055871212
129044
0.0453633996212
129064
0.0451822916667
129084
0.0556652462121
129104
0.0619507575758
129124
0.0678480113636
129144
0.0610759943182
129164
0.0588837594697
129184
0.0638411458333
129204
0.0640116003788
129224
0.0646567234848
129244
0.0632208806818
129264
0.0633428030303
129284
0.0604817708333
129304
0.0593371212121
129324
0.0581178977273
129344
0.0567791193182
129364
0.0581463068182
129384
0.0574230587121
129404
0.056709280303
129424
0.0876953125
129444
0.0729178503788
129464
0.0741169507576
129484
0.0748023200758
129504
0.0739808238636
129524
0.0737428977273
129544
0.09890625
129564
0.0919602272727
129584
0.0917637310606
129604
0.0972265625
129624
0.101908143939
129644
0.0986363636364
129664
0.0918229166667
129684
0.0914417613636
129704
0.0937417140152
129724
0.0906321022727
129744
0.102368607955
129764
0.0999112215909
129784
0.100755208333
129804
0.0969602272727
129824
0.0888233901515
129844
0.0838115530303
129864
0.0845371685606
129884
0.0774526515152
129904
0.0761186079545
129924
0.0785523200758
129944
0.0781036931818
129964
0.0775651041667
129984
0.0808392518939
130004
0.0815707859848
130024
0.0870537405303
130044
0.0945809659091
130064
0.0948070549242
130084
0.0849609375
130104
0.0823993844697
130124
0.0554119318182
130144
0.0535037878788
130164
0.0579237689394
130184
0.0551231060606
130204
0.0552201704545
130224
0.0839003314394
130244
0.0856806344697
130264
0.0890944602273
130284
0.0877509469697
130304
0.0808155776515
130324
0.0658463541667
130344
0.0636955492424
130364
0.0652923768939
130384
0.0745584753788
130404
0.0792696496212
130424
0.0755812026515
130444
0.0741571969697
130464
0.0850378787879
130484
0.0890696022727
130504
0.0892980587121
130524
0.0852864583333
130544
0.0761730587121
130564
0.0722490530303
130584
0.0716737689394
130604
0.0876171875
130624
0.0506723484848
130644
0.0735037878788
130664
0.0655894886364
130684
0.0709197443182
130704
0.100382339015
130724
0.0966773200758
130744
0.0901337594697
130764
0.119970407197
130784
0.124907670455
130804
0.200054450758
130824
0.0496437026515
130844
0.0498177083333
130864
0.0529190340909
130884
0.0527852746212
130904
0.0833842329545
130924
0.0768205492424
130944
0.0817625473485
130964
0.058193655303
130984
0.0793229166667
131004
0.0559244791667
131024
0.0533641098485
131044
0.0589500473485
131064
0.0562322443182
131084
0.0541205018939
131104
0.0523248106061
131124
0.0533735795455
131144
0.0529225852273
131164
0.0547573390152
131184
0.0562251420455
131204
0.0567045454545
131224
0.0555527935606
131244
0.0544685132576
131264
0.056123342803
131284
0.0552379261364
131304
0.0502710700758
131324
0.0481356534091
131344
0.0627852746212
131364
0.0563162878788
131384
0.0538825757576
131404
0.0547301136364
131424
0.0527071496212
131444
0.183581912879
131464
0.0728633996212
131484
0.0567649147727
131504
0.0823366477273
131524
0.091298532197
131544
0.999992897727
131564
0.992688210227
131584
0.993263494318
131604
0.988966619318
131624
0.985838068182
131644
0.986839488636
131664
0.0531841856061
131684
0.0531652462121
131704
0.0549396306818
131724
0.0702876420455
131744
0.979506392045
131764
0.978941761364
131784
0.970145596591
131804
0.968093039773
131824
0.067998342803
131844
0.075342092803
131864
0.0698792613636
131884
0.0706439393939
131904
0.060946969697
131924
0.964017518939
131944
0.954739583333
131964
0.952322443182
131984
0.947826704545
132004
0.942599431818
132024
0.472865767045
132044
0.0951337594697
132064
0.0973626893939
132084
0.103574810606
132104
0.110297111742
132124
0.101802793561
132144
0.104971590909
132164
0.0971259469697
132184
0.0964074337121
132204
0.882264441288
132224
0.105134943182
132244
0.600662878788
132264
0.941786221591
132284
0.935353929924
132304
0.937552083333
132324
0.928249289773
132344
0.917754498106
132364
0.917180397727
132384
0.918010179924
132404
0.917095170455
132424
0.925153882576
132444
0.917076231061
132464
0.912768702652
132484
0.909186789773
132504
0.910245028409
132524
0.910365767045
132544
0.918206676136
132564
0.910564630682
132584
0.9046875
132604
0.906878551136
132624
0.912887073864
132644
0.917762784091
132664
0.914375
132684
0.913998579545
132704
0.915241477273
132724
0.919161931818
132744
0.921555397727
132764
0.935656960227
132784
0.935720880682
132804
0.929161931818
132824
0.927769886364
132844
0.922862215909
132864
0.924041193182
132884
0.924644886364
132904
0.921551846591
132924
0.919289772727
132944
0.917478693182
132964
0.915358664773
132984
0.917088068182
133004
0.920266335227
133024
0.918455255682
133044
0.914701704545
133064
0.909350142045
133084
0.905607244318
133104
0.904325284091
133124
0.898210227273
133144
0.893980823864
133164
0.888423295455
133184
0.886019176136
133204
0.883568892045
133224
0.877837357955
133244
0.876548295455
133264
0.876629971591
133284
0.877127130682
133304
0.881832386364
133324
0.880355113636
133344
0.880635653409
133364
0.881065340909
133384
0.881548295455
133404
0.879506392045
133424
0.881651278409
133444
0.879943181818
133464
0.885475852273
133484
0.887286931818
133504
0.8916796875
133524
0.895962357955
133544
0.898362926136
133564
0.898927556818
133584
0.898178267045
133604
0.90046875
133624
0.902642045455
133644
0.904346590909
133664
0.908473011364
133684
0.910674715909
133704
0.914836647727
133724
0.918682528409
133744
0.917151988636
133764
0.914801136364
133784
0.915688920455
133804
0.919122869318
133824
0.926839488636
133844
0.925124289773
133864
0.929914772727
133884
0.931697443182
133904
0.925777698864
133924
0.926889204545
133944
0.926661931818
133964
0.923455255682
133984
0.926338778409
134004
0.929279119318
134024
0.933291903409
134044
0.934286221591
134064
0.9301171875
134084
0.925706676136
134104
0.918714488636
134124
0.905163352273
134144
0.9064453125
134164
0.906853693182
134184
0.908426846591
134204
0.907176846591
134224
0.906615767045
134244
0.891484375
134264
0.896743607955
134284
0.8972265625
134304
0.886594460227
134324
0.883267045455
134344
0.886345880682
134364
0.875390625
134384
0.876818181818
134404
0.870422585227
134424
0.867258522727
134444
0.8661328125
134464
0.858845880682
134484
0.850308948864
134504
0.852191051136
134524
0.854573863636
134544
0.868973721591
134564
0.859502840909
134584
0.856022727273
134604
0.858348721591
134624
0.861946022727
134644
0.862350852273
134664
0.871068892045
134684
0.863462357955
134704
0.856594460227
134724
0.862837357955
134744
0.867826704545
134764
0.859353693182
134784
0.865024857955
134804
0.872446732955
134824
0.872120028409
134844
0.873014914773
134864
0.865379971591
134884
0.878465909091
134904
0.877869318182
134924
0.875358664773
134944
0.871200284091
134964
0.873149857955
134984
0.873948863636
135004
0.879840198864
135024
0.879992897727
135044
0.870099431818
135064
0.874584517045
135084
0.869850852273
135104
0.8777734375
135124
0.883796164773
135144
0.87921875
135164
0.880120738636
135184
0.876143465909
135204
0.874303977273
135224
0.878647017045
135244
0.884346590909
135264
0.887102272727
135284
0.878579545455
135304
0.875308948864
135324
0.881193181818
135344
0.885955255682
135364
0.882276278409
135384
0.876860795455
135404
0.871626420455
135424
0.873980823864
135444
0.877134232955
135464
0.879549005682
135484
0.876921164773
135504
0.867936789773
135524
0.870859375
135544
0.864460227273
135564
0.868473011364
135584
0.871022727273
135604
0.879378551136
135624
0.881729403409
135644
0.881232244318
135664
0.884346590909
135684
0.894936079545
135704
0.895436789773
135724
0.897116477273
135744
0.892901278409
135764
0.889534801136
135784
0.888125
135804
0.893146306818
135824
0.893149857955
135844
0.885078125
135864
0.879275568182
135884
0.870678267045
135904
0.8834375
135924
0.8882421875
135944
0.890014204545
135964
0.884467329545
135984
0.885980113636
136004
0.888270596591
136024
0.891363636364
136044
0.891921164773
136064
0.881239346591
136084
0.879588068182
136104
0.880539772727
136124
0.886967329545
136144
0.892620738636
136164
0.894389204545
136184
0.904733664773
136204
0.914630681818
136224
0.921931818182
136244
0.930305397727
136264
0.9383203125
136284
0.948675426136
136304
0.958345170455
136324
0.964620028409
136344
0.967819602273
136364
0.974066051136
136384
0.974289772727
136404
0.970054450758
136424
0.966201467803
136444
0.958606770833
136464
0.954900568182
136484
0.957754498106
136504
0.960884232955
136524
0.960440340909
136544
0.960088778409
136564
0.960030776515
136584
0.961015625
136604
0.960828598485
136624
0.954354876894
136644
0.944545454545
136664
0.933734611742
136684
0.934535984848
136704
0.934122869318
136724
0.934347774621
136744
0.934406960227
136764
0.934251893939
136784
0.923828125
136804
0.919372632576
136824
0.915272253788
136844
0.911487926136
136864
0.919215198864
136884
0.906513967803
136904
0.902033617424
136924
0.895069839015
136944
0.885406013258
136964
0.882915482955
136984
0.879543087121
137004
0.879199810606
137024
0.874308712121
137044
0.880879498106
137064
0.8809765625
137084
0.89224313447
137104
0.891362452652
137124
0.89091500947
137144
0.890774147727
137164
0.891951941288
137184
0.894082623106
137204
0.901934185606
137224
0.906877367424
137244
0.909808238636
137264
0.927975852273
137284
0.931399147727
137304
0.945845170455
137324
0.958433948864
137344
0.970085227273
137364
0.979254261364
137384
0.961732954545
137404
0.948870738636
137424
0.927677556818
137444
0.910690104167
137464
0.889351325758
137484
0.871089015152
137504
0.868548768939
137524
0.864744318182
137544
0.864254261364
137564
0.864501657197
137584
0.86419625947
137604
0.863620975379
137624
0.864050662879
137644
0.863707386364
137664
0.86388967803
137684
0.863905066288
137704
0.864131155303
137724
0.864131155303
137744
0.864061316288
137764
0.864088541667
137784
0.864083806818
137804
0.877582859848
137824
0.896775568182
137844
0.917533143939
137864
0.938651751894
137884
0.959992897727
137904
0.980462831439
137924
0.994711174242
137944
0.998290719697
137964
1.0
137984
1.0
