146885
0.996303910819
146905
0.991087962963
146925
0.991091008772
146945
0.991261574074
146965
0.990350877193
146985
0.990168128655
147005
0.990265594542
147025
0.999996954191
147045
0.973687256335
147065
0.973749695419
147085
0.973419225146
147105
0.984953703704
147125
0.983817616959
147145
0.983843506335
147165
0.987387305068
147185
1.0
147205
1.0
147225
0.999570540936
147245
0.998012609649
147265
0.99204130117
147285
0.987271564327
147305
0.982821637427
147325
0.976498538012
147345
0.97084247076
147365
0.965894554094
147385
0.958982090643
147405
0.958735380117
147425
0.955770285088
147445
0.948894371345
147465
0.945856176901
147485
0.944887609649
147505
0.935530884503
147525
0.93855994152
147545
0.935457785088
147565
0.93592379386
147585
0.939094480994
147605
0.948076571637
147625
0.951571637427
147645
0.951909722222
147665
0.957584064327
147685
0.959269919591
147705
0.96043494152
147725
0.96378380848
147745
0.96639254386
147765
0.964035087719
147785
0.963820358187
147805
0.961526864035
147825
0.956693165205
147845
0.953778326023
147865
0.949716739766
147885
0.948218201754
147905
0.946573464912
147925
0.938879751462
147945
0.942009320175
147965
0.945490679825
147985
0.936782711988
148005
0.940437682749
148025
0.941639254386
148045
0.936992872807
148065
0.935151681287
148085
0.931825657895
148105
0.932140899123
148125
0.938550804094
148145
0.942772295322
148165
0.937595942982
148185
0.937043128655
148205
0.936266447368
148225
0.93175255848
148245
0.929267178363
148265
0.922062317251
148285
0.93409630848
148305
0.932520102339
148325
0.925452302632
148345
0.922651681287
148365
0.935709064327
148385
0.936910635965
148405
0.940364583333
148425
0.944800804094
148445
0.955829678363
148465
0.948428362573
148485
0.94336622807
148505
0.939957967836
148525
0.942525584795
148545
0.945399305556
148565
0.946121162281
148585
0.947770467836
148605
0.947336440058
148625
0.941438230994
148645
0.948286732456
148665
0.948656798246
148685
0.942415935673
148705
0.948236476608
148725
0.955107821637
148745
0.957236842105
148765
0.954550438596
148785
0.956949013158
148805
0.956880482456
148825
0.948154239766
148845
0.947560307018
148865
0.951206140351
148885
0.951041666667
148905
0.953024488304
148925
0.958420138889
148945
0.95026498538
148965
0.951786366959
148985
0.954879385965
149005
0.94921875
149025
0.955167214912
149045
0.962148209064
149065
0.955007309942
149085
0.956757127193
149105
0.966059027778
149125
0.960713633041
149145
0.960416666667
149165
0.961170504386
149185
0.956839364035
149205
0.958305921053
149225
0.949858369883
149245
0.952270650585
149265
0.95701754386
149285
0.960147112573
149305
0.954906798246
149325
0.954043311404
149345
0.959685672515
149365
0.953883406433
149385
0.955377375731
149405
0.966853983918
149425
0.955116959064
149445
0.956167763158
149465
0.957058662281
149485
0.959087171053
149505
0.960836988304
149525
0.958465826023
149545
0.95626370614
149565
0.963080226608
149585
0.958758223684
149605
0.957172880117
149625
0.959480080409
149645
0.961394371345
149665
0.956483004386
149685
0.959671966374
149705
0.954449926901
149725
0.952850877193
149745
0.955573830409
149765
0.95496619152
149785
0.955815972222
149805
0.957963267544
149825
0.961540570175
149845
0.962148209064
149865
0.964820906433
149885
0.962874634503
149905
0.958721673977
149925
0.963071089181
149945
0.972765899123
149965
0.968580957602
149985
0.965337171053
150005
0.96731999269
150025
0.95703125
150045
0.957360197368
150065
0.951119334795
150085
0.940766630117
150105
0.941799159357
150125
0.943183479532
150145
0.932972404971
150165
0.944101790936
150185
0.942758589181
150205
0.930308845029
150225
0.929203216374
150245
0.940414839181
150265
0.930532711988
150285
0.93632127193
150305
0.946440972222
150325
0.945933845029
150345
0.951375182749
150365
0.945106907895
150385
0.946591739766
150405
0.956437317251
150425
0.959841008772
150445
0.951900584795
150465
0.958840460526
150485
0.965858004386
150505
0.957035818713
150525
0.955459612573
150545
0.95730994152
150565
0.959845577485
150585
0.956757127193
150605
0.94765625
150625
0.939172149123
150645
0.943156067251
150665
0.935832419591
150685
0.929682931287
150705
0.933854166667
150725
0.92784630848
150745
0.918859649123
150765
0.917219480994
150785
0.911147660819
150805
0.914067068713
150825
0.919668311404
150845
0.919686586257
150865
0.923419225146
150885
0.931921600877
150905
0.933584612573
150925
0.934845577485
150945
0.935549159357
150965
0.941095577485
150985
0.937184758772
151005
0.939743238304
151025
0.946052631579
151045
0.944179459064
151065
0.945636878655
151085
0.951366045322
151105
0.962093384503
151125
0.963605628655
151145
0.965583881579
151165
0.964583333333
151185
0.968626644737
151205
0.963728983918
151225
0.963482273392
151245
0.961161366959
151265
0.960773026316
151285
0.951238121345
151305
0.95548245614
151325
0.959082602339
151345
0.953380847953
151365
0.961906067251
151385
0.952544773392
151405
0.957223135965
151425
0.957012975146
151445
0.955386513158
151465
0.948944627193
151485
0.952882858187
151505
0.956286549708
151525
0.946829312865
151545
0.951649305556
151565
0.951818347953
151585
0.947674524854
151605
0.94347130848
151625
0.947647112573
151645
0.95026498538
151665
0.956930738304
151685
0.959872989766
151705
0.948962902047
151725
0.951713267544
151745
0.95730994152
151765
0.955162646199
151785
0.962244152047
151805
0.959996345029
151825
0.954166666667
151845
0.956099232456
151865
0.962824378655
151885
0.958584612573
151905
0.959968932749
151925
0.965497076023
151945
0.962340095029
151965
0.958146016082
151985
0.955578399123
152005
0.953152412281
152025
0.956999269006
152045
0.959927814327
152065
0.955989583333
152085
0.956122076023
152105
0.959452668129
152125
0.957922149123
152145
0.951905153509
152165
0.951758954678
152185
0.951091922515
152205
0.95977247807
152225
0.963212719298
152245
0.959658260234
152265
0.961353252924
152285
0.963080226608
152305
0.957008406433
152325
0.956729714912
152345
0.955665204678
152365
0.957753106725
152385
0.957067799708
152405
0.967658077485
152425
0.966132127193
152445
0.969353070175
152465
0.967676352339
152485
0.958575475146
152505
0.955555555556
152525
0.95625
152545
0.954536732456
152565
0.952142726608
152585
0.955989583333
152605
0.953202668129
152625
0.947455226608
152645
0.93644005848
152665
0.946980080409
152685
0.954075292398
152705
0.961229897661
152725
0.957186586257
152745
0.966301169591
152765
0.964779788012
152785
0.964665570175
152805
0.96171875
152825
0.965090460526
152845
0.968078399123
152865
0.96537372076
152885
0.954906798246
152905
0.947363852339
152925
0.954769736842
152945
0.952161001462
152965
0.953193530702
152985
0.952791483918
153005
0.955980445906
153025
0.944270833333
153045
0.947583150585
153065
0.941027046784
153085
0.942278874269
153105
0.938651315789
153125
0.946824744152
153145
0.935370979532
153165
0.942361111111
153185
0.931907894737
153205
0.930980445906
153225
0.922807017544
153245
0.932579495614
153265
0.928988486842
153285
0.92983369883
153305
0.939647295322
153325
0.934014071637
153345
0.939044225146
153365
0.946559758772
153385
0.943146929825
153405
0.941387975146
153425
0.948250182749
153445
0.94855628655
153465
0.953490497076
153485
0.954034173977
153505
0.950420321637
153525
0.952046783626
153545
0.950607638889
153565
0.945810489766
153585
0.953769188596
153605
0.956003289474
153625
0.945888157895
153645
0.940012792398
153665
0.935348135965
153685
0.934941520468
153705
0.938185307018
153725
0.946628289474
153745
0.944316520468
153765
0.948780153509
153785
0.95168128655
153805
0.950776681287
153825
0.959466374269
153845
0.963048245614
153865
0.961992872807
153885
0.967461622807
153905
0.962111659357
153925
0.954943347953
153945
0.958744517544
153965
0.960014619883
153985
0.963879751462
154005
0.967685489766
154025
0.965501644737
154045
0.960366410819
154065
0.959703947368
154085
0.963646747076
154105
0.960311586257
154125
0.959132858187
154145
0.952298062865
154165
0.956510416667
154185
0.95493877924
154205
0.955528143275
154225
0.951781798246
154245
0.949346673977
154265
0.949255299708
154285
0.938961988304
154305
0.945230263158
154325
0.948990314327
154345
0.945435855263
154365
0.948866959064
154385
0.950141630117
154405
0.942754020468
154425
0.946737938596
154445
0.942758589181
154465
0.939898574561
154485
0.933173428363
154505
0.924045138889
154525
0.918183479532
154545
0.920810489766
154565
0.917959612573
154585
0.906062682749
154605
0.908835891813
154625
0.915871710526
154645
0.903737207602
154665
0.916374269006
154685
0.915063048246
154705
0.903901681287
154725
0.910814144737
154745
0.894480994152
154765
0.896431834795
154785
0.896166849415
154805
0.907794225146
154825
0.896948099415
154845
0.891282894737
154865
0.914871162281
154885
0.921290204678
154905
0.90299250731
154925
0.909438961988
154945
0.899154788012
154965
0.890113304094
154985
0.892224049708
155005
0.88554002193
155025
0.88515625
155045
0.879975328947
155065
0.867804276316
155085
0.863806652047
155105
0.889409722222
155125
0.885252192982
155145
0.882849049708
155165
0.893092105263
155185
0.882076937135
155205
0.891355994152
155225
0.878435672515
155245
0.890643274854
155265
0.887929459064
155285
0.894348501462
155305
0.881862207602
155325
0.894471856725
155345
0.883680555556
155365
0.891689510234
155385
0.881688596491
155405
0.899214181287
155425
0.893288559942
155445
0.887641630117
155465
0.891579861111
155485
0.87719755117
155505
0.898638523392
155525
0.895646016082
155545
0.883794773392
155565
0.885521747076
155585
0.895088633041
155605
0.875296966374
155625
0.882762244152
155645
0.884187682749
155665
0.881359649123
155685
0.873816703216
155705
0.889057931287
155725
0.887326388889
155745
0.883803910819
155765
0.890656980994
155785
0.892237755848
155805
0.899004020468
155825
0.886947185673
155845
0.892059576023
155865
0.894892178363
155885
0.906578947368
155905
0.905112390351
155925
0.919873903509
155945
0.920498294347
155965
0.925395955166
155985
0.939925986842
156005
0.939132553606
156025
0.9563520346
156045
0.954545869883
156065
0.962407102827
156085
0.960622258772
156105
0.960512609649
156125
0.955619517544
156145
0.958299829435
156165
0.952237146686
156185
0.942798184698
156205
0.949349719786
156225
0.951404117934
156245
0.944627192982
156265
0.927602643762
156285
0.940190972222
156305
0.935514132554
156325
0.949607090643
156345
0.953758528265
156365
0.965314327485
156385
0.969622624269
156405
0.975507127193
156425
0.979925073099
156445
0.987728435673
156465
1.0
156485
1.0
