182173
0.245480526195
182193
0.247404450061
182213
0.243497242647
182233
0.241161151961
182253
0.264155847886
182273
0.247947782629
182293
0.231115004596
182313
0.229280598958
182333
0.234423828125
182353
0.220331648284
182373
0.225402113971
182393
0.238728841146
182413
0.209991096048
182433
0.215800206801
182453
0.239911247702
182473
0.217687270221
182493
0.229317938113
182513
0.22789330576
182533
0.232309857537
182553
0.211555032169
182573
0.220977424173
182593
0.218034332874
182613
0.212694833793
182633
0.231458237592
182653
0.221064070159
182673
0.210665594363
182693
0.213624961703
182713
0.208149988511
182733
0.218358896293
182753
0.220492493873
182773
0.206122663909
182793
0.210302734375
182813
0.215985945159
182833
0.22447868796
182853
0.215489525888
182873
0.201885627298
182893
0.195928596048
182913
0.221737132353
182933
0.208286420037
182953
0.21093414905
182973
0.220661477482
182993
0.225181429994
183013
0.211735983456
183033
0.190074008119
183053
0.185201727175
183073
0.185614851409
183093
0.178633865656
183113
0.187755150888
183133
0.220908011642
183153
0.217721258425
183173
0.210448261336
183193
0.222995653339
183213
0.195777803309
183233
0.197171798407
183253
0.192674823836
183273
0.199934417126
183293
0.204957490809
183313
0.198017673866
183333
0.209608609069
183353
0.207333314185
183373
0.202973249847
183393
0.2191473269
183413
0.244815602022
183433
0.238390873928
183453
0.233945121017
183473
0.221439376532
183493
0.207561657475
183513
0.218432617188
183533
0.20638403799
183553
0.211496629902
183573
0.209193091299
183593
0.221651443781
183613
0.252449065564
183633
0.252862189798
183653
0.248820944393
183673
0.249458582261
183693
0.261590935202
183713
0.257336665135
183733
0.261566042433
183753
0.256434302237
183773
0.240583831189
183793
0.239752316942
183813
0.250152707567
183833
0.256948912377
183853
0.252967026654
183873
0.25525189568
183893
0.246128695619
183913
0.23793035769
183933
0.237405215993
183953
0.245409677543
183973
0.240372242647
183993
0.256760780484
184013
0.245605947457
184033
0.238865751379
184053
0.240617819393
184073
0.238908356311
184093
0.240361711091
184113
0.238035673254
184133
0.251765950521
184153
0.249437519148
184173
0.241029986213
184193
0.246444163603
184213
0.240532130821
184233
0.245793121936
184253
0.243026194853
184273
0.246356560202
184293
0.257918294271
184313
0.245934340533
184333
0.248857804841
184353
0.251078048407
184373
0.240743719363
184393
0.252198223039
184413
0.246324965533
184433
0.308153818168
184453
0.343428787531
184473
0.376801374847
184493
0.589700616575
184513
0.79341394761
184533
0.937226658241
184553
0.977236519608
184573
0.978382065717
184593
0.964481368719
184613
0.951518458946
184633
0.939477060355
184653
0.934167241115
184673
0.929187729779
184693
0.923706054688
184713
0.917175532322
184733
0.906605679381
184753
0.899716126685
184773
0.899904737286
184793
0.89788459329
184813
0.903040747549
184833
0.906859872855
184853
0.911543543199
184873
0.911236691942
184893
0.910439644608
184913
0.904383520987
184933
0.90167499617
184953
0.90158404182
184973
0.90993939568
184993
0.915484738817
185013
0.92117656633
185033
0.915692976409
185053
0.904458199295
185073
0.903348556219
185093
0.902959367341
185113
0.901054113051
185133
0.901017252604
185153
0.899152209712
185173
0.900264246324
185193
0.889776731005
185213
0.889476581648
185233
0.884378829657
185253
0.88035290288
185273
0.87944910386
185293
0.880718156403
185313
0.877686504289
185333
0.872950176164
185353
0.879209750306
185373
0.874604109222
185393
0.876544787837
185413
0.877548636642
185433
0.876523246017
185453
0.874432732077
185473
0.87582433364
185493
0.873873602175
185513
0.88519933364
185533
0.877802830116
185553
0.876300647212
185573
0.88572399663
185593
0.881889552696
185613
0.881308880974
185633
0.876782226563
185653
0.884070063572
185673
0.883913047641
185693
0.882361079197
185713
0.87957500383
185733
0.886765663297
185753
0.891373697917
185773
0.896890797335
185793
0.892250210631
185813
0.884405158548
185833
0.877394492953
185853
0.88112745098
185873
0.875151750153
185893
0.874694106158
185913
0.878671683517
185933
0.874389648438
185953
0.864578546262
185973
0.873346066942
185993
0.871019550398
186013
0.880369178922
186033
0.880132218903
186053
0.873406862745
186073
0.875351849724
186093
0.869701191023
186113
0.863569431679
186133
0.868254538143
186153
0.880459175858
186173
0.884609566483
186193
0.890683880974
186213
0.884640203738
186233
0.875655828738
186253
0.864909332874
186273
0.875073720895
186293
0.87858025046
186313
0.880484547335
186333
0.883367321538
186353
0.884949448529
186373
0.878254250919
186393
0.861397058824
186413
0.863313323376
186433
0.861858053768
186453
0.861519607843
186473
0.873290536918
186493
0.87861328125
186513
0.878790881587
186533
0.877502202053
186553
0.884020278033
186573
0.884413296569
186593
0.889848537071
186613
0.892174096201
186633
0.899421243107
186653
0.895144473805
186673
0.89270067402
186693
0.894778741575
186713
0.894779220282
186733
0.898968386183
186753
0.899375287224
186773
0.908480775123
186793
0.906840724571
186813
0.907870902267
186833
0.9052801394
186853
0.908082969516
186873
0.905927351409
186893
0.90419921875
186913
0.902805223652
186933
0.903520412071
186953
0.900291053922
186973
0.892862477022
186993
0.895129155178
187013
0.886880074295
187033
0.889763805913
187053
0.884330958946
187073
0.884649299173
187093
0.876058900123
187113
0.872180893842
187133
0.86857958027
187153
0.863797774969
187173
0.864201803768
187193
0.871834788603
187213
0.871238798254
187233
0.867785883885
187253
0.875404028799
187273
0.8749056947
187293
0.871953029259
187313
0.871346028646
187333
0.871750536152
187353
0.88143047258
187373
0.880500823376
187393
0.888611079197
187413
0.890782494638
187433
0.881235638787
187453
0.890192248775
187473
0.88704474954
187493
0.894640395221
187513
0.891137695312
187533
0.893860102635
187553
0.892308134191
187573
0.899426508885
187593
0.897347962623
187613
0.89175379136
187633
0.892282284007
187653
0.891155886183
187673
0.902000038297
187693
0.905778473499
187713
0.901299211091
187733
0.899162741268
187753
0.906228936887
187773
0.912957643995
187793
0.90121495864
187813
0.906050379136
187833
0.902503159467
187853
0.893957280178
187873
0.879840686275
187893
0.873967907475
187913
0.852215935202
187933
0.84859978171
187953
0.849941597733
187973
0.84044452742
187993
0.829559206495
188013
0.836786726409
188033
0.832137044271
188053
0.823185700061
188073
0.820964020374
188093
0.830859853707
188113
0.840608723958
188133
0.837990196078
188153
0.840476122089
188173
0.833396043964
188193
0.833125574449
188213
0.842342122396
188233
0.847299134498
188253
0.852028760723
188273
0.861793907016
188293
0.858626302083
188313
0.860389859069
188333
0.852372951134
188353
0.85193493413
188373
0.864177389706
188393
0.877415556066
188413
0.885425283395
188433
0.896082739737
188453
0.900947361366
188473
0.903682693781
188493
0.899035405178
188513
0.906040326287
188533
0.901788928462
188553
0.9103448606
188573
0.916153971354
188593
0.907634899663
188613
0.903054151348
188633
0.904184857537
188653
0.900437059589
188673
0.89917566636
188693
0.891665709252
188713
0.892409620098
188733
0.88805290671
188753
0.892288985907
188773
0.906767961091
188793
0.906316061581
188813
0.90742522595
188833
0.910467888327
188853
0.910001148897
188873
0.904483092065
188893
0.900475834865
188913
0.89369207644
188933
0.893211454504
188953
0.896089920343
188973
0.892280847886
188993
0.887657015931
189013
0.889730775123
189033
0.885632084865
189053
0.884948012408
189073
0.885409007353
189093
0.890700157016
189113
0.898941099877
189133
0.907905369179
189153
0.911960018382
189173
0.920889342065
189193
0.926152726716
189213
0.931714824602
189233
0.931678921569
189253
0.923760148591
189273
0.927118278952
189293
0.927993834252
189313
0.924977022059
189333
0.922186638327
189353
0.916841394761
189373
0.918609738817
189393
0.918272729013
189413
0.908043236826
189433
0.905705231311
189453
0.90938983992
189473
0.909738338695
189493
0.916473747702
189513
0.924681659773
189533
0.92779900046
189553
0.934091605392
189573
0.932527669271
189593
0.933900601256
189613
0.919962565104
189633
0.920530790441
189653
0.924201037837
189673
0.921107153799
189693
0.911061006434
189713
0.907783777574
189733
0.903055587469
189753
0.898581112132
189773
0.89795592065
189793
0.889293715533
189813
0.88195848652
189833
0.878208773744
189853
0.877179553462
189873
0.875730985754
189893
0.875669711244
189913
0.875765931373
189933
0.891011316636
189953
0.890324371936
189973
0.883320886949
189993
0.883520029105
190013
0.889593386183
190033
0.875927255668
190053
0.869397690717
190073
0.862975356158
190093
0.857376397825
190113
0.848736691942
190133
0.834467390472
190153
0.826358092065
190173
0.809871897978
190193
0.801437557445
190213
0.800291532629
190233
0.809123678768
190253
0.811779545803
190273
0.826838714001
190293
0.82429486443
190313
0.826584520527
190333
0.839343022365
190353
0.855502259498
190373
0.867888327206
190393
0.870816099877
190413
0.895039636949
190433
0.904407456342
190453
0.91038459329
190473
0.90496562883
190493
0.918703565411
190513
0.926069431679
190533
0.924096679687
190553
0.926481119792
190573
0.927720013787
190593
0.926385857077
190613
0.923423138787
190633
0.924168007047
190653
0.913701554841
190673
0.904220281863
190693
0.900535194547
190713
0.895673445159
190733
0.876784141391
190753
0.861085899203
190773
0.865641276042
190793
0.854152784161
190813
0.838253484988
190833
0.821708888634
190853
0.808114085478
190873
0.815459367341
190893
0.832166724112
190913
0.843895048254
190933
0.850136910233
190953
0.866284179688
190973
0.889217122396
190993
0.90123314951
191013
0.923551910999
191033
0.924331724877
191053
0.942979281556
191073
0.959662702972
191093
0.977768363205
191113
0.985744102328
191133
0.985356828278
191153
0.985382199755
191173
0.985403262868
191193
0.985343424479
191213
0.989602002911
191233
1.0
191253
1.0
191273
1.0
191293
1.0
191313
1.0
191333
1.0
191353
1.0
191373
1.0
191393
1.0
191413
1.0
191433
1.0
191453
1.0
191473
1.0
191493
1.0
191513
1.0
191533
1.0
191553
1.0
191573
1.0
191593
1.0
191613
1.0
191633
1.0
191653
0.0565645105699
191673
0.0567315793505
191693
0.0568905101103
191713
0.0568474264706
191733
0.0613300398284
191753
0.999931066176
