172864
0.173731328616
172884
0.116233294025
172904
0.142990369497
172924
0.394911556604
172944
0.402184060535
172964
0.339049724843
172984
0.134797071541
173004
0.106487323113
173024
0.155665782233
173044
0.14588394261
173064
0.153795204403
173084
0.153844339623
173104
0.42084365173
173124
0.491787539308
173144
0.0742084316038
173164
0.0749110652516
173184
0.0731215605346
173204
0.0738610455975
173224
0.0720513954403
173244
0.0744369103774
173264
0.149994103774
173284
0.140818592767
173304
0.143136792453
173324
0.145442216981
173344
0.139761694182
173364
0.157897012579
173384
0.143874312107
173404
0.144421678459
173424
0.12282822327
173444
0.12532822327
173464
0.127643474843
173484
0.134549430031
173504
0.137172268082
173524
0.148316627358
173544
0.134965605346
173564
0.131143376572
173584
0.124310141509
173604
0.0910917845912
173624
0.138956859277
173644
0.121417059748
173664
0.0866666666667
173684
0.0890713443396
173704
0.0882586477987
173724
0.0826228380503
173744
0.0771668632075
173764
0.0712234669811
173784
0.0621039701258
173804
0.0673629127358
173824
0.0704628537736
173844
0.0655665290881
173864
0.0620877555031
173884
0.0711497641509
173904
0.0689146029874
173924
0.0699886988994
173944
0.0754746462264
173964
0.0639131289308
173984
0.0772277908805
174004
0.0710397012579
174024
0.600756191038
174044
0.603664504717
174064
0.612400255503
174084
0.612881289308
174104
0.66960495283
174124
0.999982311321
174144
0.62699783805
174164
0.600726709906
174184
0.575103675314
174204
0.599870774371
174224
0.666869595126
174244
0.631366941824
174264
0.917047955975
174284
0.907693592767
174304
0.893258647799
174324
0.864462460692
174344
0.89158264544
174364
0.886070165094
174384
0.892229756289
174404
0.889248722484
174424
0.877033215409
174444
0.804873722484
174464
0.863661556604
174484
0.778486143868
174504
0.700753734277
174524
0.765577830189
174544
0.771356623428
174564
0.994119988208
174584
0.877981525157
174604
0.859452142296
174624
0.877578125
174644
0.870038325472
174664
0.870567511792
174684
0.85422759434
174704
0.799510121855
174724
0.857971698113
174744
0.898787834119
174764
0.571477496069
174784
0.549618710692
174804
0.550802869497
174824
0.541809650157
174844
0.542095617138
174864
0.567670007862
174884
0.549573014937
174904
0.519974449686
174924
0.51712952044
174944
0.51404677673
174964
0.480961576258
174984
0.500396521226
175004
0.497340801887
175024
0.609289013365
175044
0.317793828616
175064
0.336103577044
175084
0.351946246069
175104
0.358436517296
175124
0.374074292453
175144
0.384778891509
175164
0.380115467767
175184
0.388300904088
175204
0.389010908019
175224
0.394163227201
175244
0.397225825472
175264
0.405118415881
175284
0.408527908805
175304
0.402813482704
175324
0.389651631289
175344
1.0
175364
1.0
175384
1.0
175404
1.0
175424
1.0
175444
1.0
175464
1.0
175484
1.0
175504
1.0
175524
0.993136301101
175544
0.993134335692
175564
0.993138266509
175584
0.993165782233
175604
0.990901139937
175624
0.972226316824
175644
0.945215212264
175664
0.916136006289
175684
0.895449095912
175704
0.883382959906
175724
0.860715408805
175744
0.833815841195
175764
0.809655562107
175784
0.790087952044
175804
0.768410966981
175824
0.761868121069
175844
0.753616352201
175864
0.73018966195
175884
0.722476906447
175904
0.711823408019
175924
0.701716784591
175944
0.711921187107
175964
0.698195754717
175984
0.696525648585
176004
0.689472779088
176024
0.722184551887
176044
0.72127014544
176064
0.735883451258
176084
0.73937942217
176104
0.724329795597
176124
0.711957055818
176144
0.715369988208
176164
0.719906643082
176184
0.71167403695
176204
0.714912539308
176224
0.730568494497
176244
0.723657625786
176264
0.729650157233
176284
0.748261595912
176304
0.76458480739
176324
0.784005503145
176344
0.807571737421
176364
0.822136890723
176384
0.839558274371
176404
0.854436910377
176424
0.870918337264
176444
0.894386792453
176464
0.912811517296
176484
0.93256928066
176504
0.930118415881
176524
0.928552967767
176544
0.926600334119
176564
0.915411261792
176584
0.921103577044
176604
0.940402417453
176624
0.939071835692
176644
0.924458038522
176664
0.898850235849
176684
0.876999312107
176704
0.866361045597
176724
0.866536949686
176744
0.862262676887
176764
0.849985259434
176784
0.833561320755
176804
0.807090212264
176824
0.803425707547
176844
0.805323801101
176864
0.796815055031
176884
0.789419221698
176904
0.775639740566
176924
0.774687991352
176944
0.750945361635
176964
0.734143081761
176984
0.754608883648
177004
0.739369103774
177024
0.753999115566
177044
0.755422562893
177064
0.739837362421
177084
0.744170106132
177104
0.752172268082
177124
0.780146914308
177144
0.785754225629
177164
0.779905169025
177184
0.789650648585
177204
0.799893376572
177224
0.794246265723
177244
0.800354264937
177264
0.799301788522
177284
0.778400648585
177304
0.759131289308
177324
0.735212264151
177344
0.746940349843
177364
0.750369005503
177384
0.743590801887
177404
0.744177967767
177424
0.743361831761
177444
0.749311124214
177464
0.759569084119
177484
0.78933028695
177504
0.818113207547
177524
0.859702731918
177544
0.871613109277
177564
0.892444477201
177584
0.913599646226
177604
0.925255011792
177624
0.942682783019
177644
0.960127751572
177664
0.97226120283
177684
0.979218258648
177704
0.954927771226
177724
0.922488698899
177744
0.889131289308
177764
0.852348663522
177784
0.843859080189
177804
0.819005011792
177824
0.804769064465
177844
0.76737273978
177864
0.739203518082
177884
0.730276139937
177904
0.727366352201
177924
0.73177672956
177944
0.718289602987
177964
0.732594339623
177984
0.728837460692
178004
0.711886792453
178024
0.731405267296
178044
0.72499557783
178064
0.724679638365
178084
0.719787244497
178104
0.73739730739
178124
0.767107900943
178144
0.770307586478
178164
0.779393671384
178184
0.782358490566
178204
0.796372346698
178224
0.806056898585
178244
0.781823899371
178264
0.79450226022
178284
0.785910475629
178304
0.765385711478
178324
0.749029579403
178344
0.733420302673
178364
0.717646422956
178384
0.699030070755
178404
0.695219143082
178424
0.683039013365
178444
0.684552378145
178464
0.692902417453
178484
0.689948408019
178504
0.688897897013
178524
0.714118514151
178544
0.73256240173
178564
0.766857311321
178584
0.788368710692
178604
0.830090900157
178624
0.859856525157
178644
0.876800314465
178664
0.885657429245
178684
0.916774272799
178704
0.943008058176
178724
0.970137087264
178744
0.973543632075
178764
0.954685534591
178784
0.925814170597
178804
0.900396029874
178824
0.870852004717
178844
0.870369988208
178864
0.840194084119
178884
0.801092275943
178904
0.758421285377
178924
0.727577142296
178944
0.718264544025
178964
0.718359866352
178984
0.70166077044
179004
0.698899862421
179024
0.714483588836
179044
0.705703616352
179064
0.707449882075
179084
0.702345715409
179104
0.706927083333
179124
0.713730345912
179144
0.705827437107
179164
0.707195852987
179184
0.72007370283
179204
0.72911605739
179224
0.717677869497
179244
0.721960986635
179264
0.736707448899
179284
0.744744005503
179304
0.73201552673
179324
0.738701847484
179344
0.749436419025
179364
0.74110947327
179384
0.744599056604
179404
0.756749705189
179424
0.746556112421
179444
0.738795204403
179464
0.734861930031
179484
0.71231918239
179504
0.712657724057
179524
0.725451552673
179544
0.702512775157
179564
0.69015182783
179584
0.671846992925
179604
0.670902613994
179624
0.669949390723
179644
0.685376867138
179664
0.699073801101
179684
0.692396816038
179704
0.701273093553
179724
0.696681407233
179744
0.716219536164
179764
0.722769261006
179784
0.761853871855
179804
0.74846206761
179824
0.728956859277
179844
0.712799724843
179864
0.716193494497
179884
0.710757665094
179904
0.726193494497
179924
0.724496855346
179944
0.722001277516
179964
0.688102889151
179984
0.686985554245
180004
0.676520735063
180024
0.70391509434
180044
0.679430031447
180064
0.685837264151
180084
0.670218160377
180104
0.669081171384
180124
0.675989091981
180144
0.673737224843
180164
0.691351218553
180184
0.72227446934
180204
0.740957154088
180224
0.772192904874
180244
0.774176493711
180264
0.778856132075
180284
0.796304048742
180304
0.790456466195
180324
0.795667747642
180344
0.804118022799
180364
0.80372985456
180384
0.810211281447
180404
0.793809944969
180424
0.790705581761
180444
0.791862716195
180464
0.791215605346
180484
0.788099941038
180504
0.790701159591
180524
0.809207940252
180544
0.770587165881
180564
0.752176690252
180584
0.749656053459
180604
0.744424626572
180624
0.744268376572
180644
0.739291470126
180664
0.731111438679
180684
0.723267492138
180704
0.725178360849
180724
0.740911458333
180744
0.762590900157
180764
0.785218160377
180784
0.789823113208
180804
0.805590113994
180824
0.801768867925
180844
0.819286556604
180864
0.826994398585
180884
0.825434846698
180904
0.815042256289
180924
0.814456564465
180944
0.806235259434
180964
0.805348368711
180984
0.805864288522
181004
0.800589622642
181024
0.810329205975
181044
0.810523290094
181064
0.806412637579
181084
0.806970322327
181104
0.81576552673
181124
0.820339524371
181144
0.826818985849
181164
0.822211576258
181184
0.795625491352
181204
0.793931800314
181224
0.772496069182
181244
0.771014642296
181264
0.781132075472
181284
0.770320361635
181304
0.763104363208
181324
0.762474449686
181344
0.76634827044
181364
0.801893671384
181384
0.808815841195
181404
0.827179147013
181424
0.831226415094
181444
0.811494202044
181464
0.820277613994
181484
0.817254323899
181504
0.810959610849
181524
0.828935731132
181544
0.811881878931
181564
0.808660573899
181584
0.819405463836
181604
0.825075668239
181624
0.834096894654
181644
0.830290389151
181664
0.829664406447
181684
0.82291077044
181704
0.783007566824
181724
0.77583038522
181744
0.773828616352
181764
0.769881584119
181784
0.76292403695
181804
0.753344634434
181824
0.753624705189
181844
0.749869791667
181864
0.757541273585
181884
0.769153400157
181904
0.793282724057
181924
0.780856918239
181944
0.761060829403
181964
0.743872346698
181984
0.738321540881
182004
0.722350137579
182024
0.744435927673
182044
0.745384728774
182064
0.732338345126
182084
0.742432193396
182104
0.747607606132
182124
0.768834512579
182144
0.804034001572
182164
0.831655856918
182184
0.857032232704
182204
0.885216194969
182224
0.911133058176
182244
0.936762480346
182264
0.954711576258
182284
0.973793730346
182304
0.989483588836
182324
0.99716293239
182344
0.999867826258
182364
1.0
182384
1.0
182404
1.0
182424
1.0
182444
1.0
