127269
0.547539358428
127289
0.553784919508
127309
0.555681818182
127329
0.558614464962
127349
0.569994377367
127369
0.568522135417
127389
0.587137488163
127409
0.589340672348
127429
0.574914180871
127449
0.582330137311
127469
0.570463423295
127489
0.586456853693
127509
0.581569602273
127529
0.585200639205
127549
0.57763523911
127569
0.576195549242
127589
0.590093809186
127609
0.590614642519
127629
0.591289358428
127649
0.58310694839
127669
0.55498342803
127689
0.664055101799
127709
0.408118785511
127729
0.402895655777
127749
0.35869140625
127769
0.398748224432
127789
0.303928444602
127809
0.397987689394
127829
0.36260209517
127849
0.29452829072
127869
0.438788766572
127889
0.46601118608
127909
0.411661044034
127929
0.374351917614
127949
0.35126805161
127969
0.337445253314
127989
0.355988103693
128009
0.428943241004
128029
0.309774502841
128049
0.319516453598
128069
0.311955492424
128089
0.304959753788
128109
0.253262606534
128129
0.122506806345
128149
0.2771484375
128169
0.321527284564
128189
0.316323390152
128209
0.266903409091
128229
0.275794566761
128249
0.274538352273
128269
0.275177556818
128289
0.395419034091
128309
0.506201171875
128329
0.294466145833
128349
0.386366595644
128369
0.203314393939
128389
0.236445016572
128409
0.265693063447
128429
0.321468098958
128449
0.27080522017
128469
0.275898141572
128489
0.28721147017
128509
0.285117779356
128529
0.296243193655
128549
0.280976266572
128569
0.271127781723
128589
0.276194069602
128609
0.308919270833
128629
0.306719045928
128649
0.297219756155
128669
0.319124348958
128689
0.308839370265
128709
0.303539299242
128729
0.321144057765
128749
0.311860795455
128769
0.308172052557
128789
0.311378432765
128809
0.289683948864
128829
0.330914121686
128849
0.311979166667
128869
0.324184718277
128889
0.278135357481
128909
0.278912168561
128929
0.280480587121
128949
0.257430752841
128969
0.331226325758
128989
0.352920809659
129009
0.196835049716
129029
0.288657078598
129049
0.262856593277
129069
0.257771070076
129089
0.251905776515
129109
0.24599757339
129129
0.263205788352
129149
0.37284712358
129169
0.360708155777
129189
0.307953065814
129209
0.381236683239
129229
0.368868371212
129249
0.399436257102
129269
0.408584872159
129289
0.420158617424
129309
0.431118312027
129329
0.43183445786
129349
0.42539210464
129369
0.42021484375
129389
0.424277935606
129409
0.433238636364
129429
0.442246685606
129449
0.421891276042
129469
0.431233723958
129489
0.438890861742
129509
0.437758937027
129529
0.437143406723
129549
0.440309836648
129569
0.429699337121
129589
0.440768525095
129609
0.445106830019
129629
0.438111091383
129649
0.451361268939
129669
0.456719045928
129689
0.445569957386
129709
0.44247750947
129729
0.42549272017
129749
0.421101148201
129769
0.433030007102
129789
0.460486209754
129809
0.44794921875
129829
0.437137488163
129849
0.439790482955
129869
0.460162168561
129889
0.777963719223
129909
0.752616003788
129929
0.735407788826
129949
0.694263435133
129969
0.67978515625
129989
0.678675426136
130009
0.680249763258
130029
0.679870975379
130049
0.674621212121
130069
0.681483783144
130089
0.679015743371
130109
0.679137073864
130129
0.685832445549
130149
0.678172348485
130169
0.678197502367
130189
0.684481534091
130209
0.689522668087
130229
0.845040246212
130249
0.998393110795
130269
1.0
130289
1.0
130309
1.0
130329
0.998748224432
130349
0.994278231534
130369
0.984818892045
130389
0.973601740057
130409
0.965616122159
130429
0.95751509233
130449
0.946235795455
130469
0.936567826705
130489
0.934121981534
130509
0.916086647727
130529
0.909290660511
130549
0.906405362216
130569
0.892808948864
130589
0.883203125
130609
0.883824573864
130629
0.874742542614
130649
0.877681107955
130669
0.882430752841
130689
0.871550958807
130709
0.871475497159
130729
0.88174272017
130749
0.870192649148
130769
0.870365767045
130789
0.879092684659
130809
0.870481178977
130829
0.865855823864
130849
0.875918856534
130869
0.868909801136
130889
0.870787464489
130909
0.8857421875
130929
0.881387606534
130949
0.886954012784
130969
0.906911399148
130989
0.908607066761
131009
0.918474786932
131029
0.931618430398
131049
0.936026278409
131069
0.942746803977
131089
0.952286044034
131109
0.943297230114
131129
0.938165838068
131149
0.949303089489
131169
0.953062855114
131189
0.959104225852
131209
0.96670365767
131229
0.963729580966
131249
0.964177911932
131269
0.966250887784
131289
0.956454190341
131309
0.952969637784
131329
0.945396839489
131349
0.936492365057
131369
0.947199041193
131389
0.965585049716
131409
0.966202059659
131429
0.966819069602
131449
0.968829900568
131469
0.965909090909
131489
0.967076526989
131509
0.968448153409
131529
0.9568359375
131549
0.960560191761
131569
0.972296697443
131589
0.979234730114
131609
0.981778231534
131629
0.992835582386
131649
0.991943359375
131669
0.992831143466
131689
0.992578125
131709
0.981924715909
131729
0.977867542614
131749
0.979323508523
131769
0.976726740057
131789
0.985200639205
131809
0.986341441761
131829
0.985458096591
131849
0.985422585227
131869
0.986301491477
131889
0.977676669034
131909
0.963037109375
131929
0.95068803267
131949
0.940957919034
131969
0.937872869318
131989
0.93681640625
132009
0.92783203125
132029
0.92235884233
132049
0.916663707386
132069
0.903160511364
132089
0.900124289773
132109
0.898082386364
132129
0.878897372159
132149
0.87860884233
132169
0.892911044034
132189
0.889723899148
132209
0.887042791193
132229
0.893017578125
132249
0.892578125
132269
0.896018288352
132289
0.896750710227
132309
0.888148082386
132329
0.890909090909
132349
0.895565518466
132369
0.889093572443
132389
0.891645951705
132409
0.901531427557
132429
0.886585582386
132449
0.886008522727
132469
0.897731711648
132489
0.888272372159
132509
0.89404296875
132529
0.895281427557
132549
0.893026455966
132569
0.888995916193
132589
0.893039772727
132609
0.889612926136
132629
0.885213955966
132649
0.893386008523
132669
0.884765625
132689
0.886643288352
132709
0.901393821023
132729
0.896644176136
132749
0.894398082386
132769
0.899587180398
132789
0.894593394886
132809
0.898663884943
132829
0.903351384943
132849
0.89307084517
132869
0.893084161932
132889
0.903289240057
132909
0.893275035511
132929
0.891530539773
132949
0.898077947443
132969
0.886470170455
132989
0.89180131392
133009
0.895392400568
133029
0.890940163352
133049
0.893390447443
133069
0.896324573864
133089
0.888054865057
133109
0.904518821023
133129
0.914675071023
133149
0.906431995739
133169
0.902410333807
133189
0.913174715909
133209
0.90517578125
133229
0.909583629261
133249
0.914892578125
133269
0.908735795455
133289
0.917169744318
133309
0.92314897017
133329
0.91649946733
133349
0.911705433239
133369
0.912784090909
133389
0.900816761364
133409
0.895645419034
133429
0.901162997159
133449
0.906498579545
133469
0.902716619318
133489
0.904674183239
133509
0.900896661932
133529
0.892649147727
133549
0.89482865767
133569
0.880166903409
133589
0.892893288352
133609
0.907954545455
133629
0.913156960227
133649
0.922904829545
133669
0.934099786932
133689
0.93789506392
133709
0.94629350142
133729
0.954296875
133749
0.945010653409
133769
0.946928267045
133789
0.95292524858
133809
0.964151278409
133829
0.970072798295
133849
0.97568803267
133869
0.97343306108
133889
0.974422940341
133909
0.975896661932
133929
0.973317649148
133949
0.964723899148
133969
0.955517578125
133989
0.943132990057
134009
0.953067294034
134029
0.950430575284
134049
0.946337890625
134069
0.936341441761
134089
0.92988725142
134109
0.919646661932
134129
0.913418856534
134149
0.91142134233
134169
0.897052556818
134189
0.889572975852
134209
0.896533203125
134229
0.886598899148
134249
0.890576171875
134269
0.890895774148
134289
0.879172585227
134309
0.878453480114
134329
0.890567294034
134349
0.892897727273
134369
0.893199573864
134389
0.901420454545
134409
0.891486150568
134429
0.905908203125
134449
0.914506392045
134469
0.905601917614
134489
0.908709161932
134509
0.911905184659
134529
0.901189630682
134549
0.906023615057
134569
0.905029296875
134589
0.898348721591
134609
0.898876953125
134629
0.897536399148
134649
0.887291370739
134669
0.883349609375
134689
0.884539240057
134709
0.87685990767
134729
0.876939808239
134749
0.895463423295
134769
0.889453125
134789
0.90176225142
134809
0.912575461648
134829
0.910733309659
134849
0.92021040483
134869
0.926717862216
134889
0.923322088068
134909
0.93427290483
134929
0.941281960227
134949
0.940487393466
134969
0.93817915483
134989
0.929030539773
135009
0.919011896307
135029
0.917036576705
135049
0.924303089489
135069
0.909521484375
135089
0.906680575284
135109
0.904509943182
135129
0.884796697443
135149
0.887073863636
135169
0.89706587358
135189
0.882506214489
135209
0.883562677557
135229
0.891685901989
135249
0.891175426136
135269
0.90098100142
135289
0.910134055398
135309
0.905029296875
135329
0.915287642045
135349
0.926136363636
135369
0.919327059659
135389
0.933473899148
135409
0.940447443182
135429
0.931010298295
135449
0.931329900568
135469
0.938649680398
135489
0.928333629261
135509
0.922403231534
135529
0.930584161932
135549
0.912881747159
135569
0.911434659091
135589
0.911163884943
135609
0.889857066761
135629
0.89726118608
135649
0.895339133523
135669
0.884414950284
135689
0.888236860795
135709
0.892298473011
135729
0.883633700284
135749
0.88623490767
135769
0.89814009233
135789
0.884796697443
135809
0.893448153409
135829
0.894682173295
135849
0.886709872159
135869
0.8958984375
135889
0.900213068182
135909
0.895268110795
135929
0.89745649858
135949
0.89932084517
135969
0.892689098011
135989
0.890589488636
136009
0.894908558239
136029
0.887806285511
136049
0.887606534091
136069
0.895783025568
136089
0.891051136364
136109
0.891965553977
136129
0.901109730114
136149
0.89013671875
136169
0.887903941761
136189
0.897771661932
136209
0.88691850142
136229
0.886572265625
136249
0.893989701705
136269
0.894979580966
136289
0.8966796875
136309
0.911172762784
136329
0.898761541193
136349
0.905193536932
136369
0.910893110795
136389
0.886372514205
136409
0.89452681108
136429
0.904150390625
136449
0.893954190341
136469
0.901824396307
136489
0.900270774148
136509
0.909699041193
136529
0.885280539773
136549
0.887335759943
136569
0.880237926136
136589
0.895276988636
136609
0.904558771307
136629
0.905255681818
136649
0.924143288352
136669
0.938014914773
136689
0.93691850142
136709
0.947438742898
136729
0.953360262784
136749
0.96220259233
136769
0.966242009943
136789
0.984130859375
136809
1.0
136829
1.0
136849
1.0
