141127
0.0931383825231
141147
0.0949688946759
141167
0.17671802662
141187
0.170139250579
141207
0.127774884259
141227
0.092662037037
141247
0.0924703414352
141267
0.0529644097222
141287
0.0531709346065
141307
0.0508062065972
141327
0.047025462963
141347
0.0469162326389
141367
0.0445656105324
141387
0.042470703125
141407
0.0415798611111
141427
0.0400025318287
141447
0.037816478588
141467
0.0377737991898
141487
0.0416435185185
141507
0.0480023871528
141527
0.0508517795139
141547
0.0563914207176
141567
0.0574866174769
141587
0.245923755787
141607
0.253009259259
141627
0.25281322338
141647
0.250952690972
141667
0.250750868056
141687
0.251574797454
141707
0.256803747106
141727
0.264782986111
141747
0.268186487269
141767
0.270882161458
141787
0.27419921875
141807
0.279231047454
141827
0.23904260706
141847
0.250521195023
141867
0.993451605903
141887
0.993451605903
141907
0.993451605903
141927
0.989299045139
141947
0.989300130208
141967
0.989295789931
141987
0.995417751736
142007
0.9954296875
142027
0.995448133681
142047
0.993155381944
142067
0.993154296875
142087
0.993145616319
142107
0.993156467014
142127
0.993153211806
142147
0.993159722222
142167
0.993158637153
142187
0.988688151042
142207
0.988688151042
142227
0.983794487847
142247
0.983800998264
142267
0.983800998264
142287
0.983804253472
142307
0.994011501736
142327
0.994011501736
142347
0.994011501736
142367
0.991151258681
142387
0.991151258681
142407
0.991151258681
142427
0.992532552083
142447
0.992532552083
142467
0.992532552083
142487
0.994203559028
142507
0.994203559028
142527
0.994203559028
142547
0.993270399306
142567
0.993270399306
142587
0.993270399306
142607
0.992911241319
142627
0.992911241319
142647
0.992911241319
142667
0.976302083333
142687
0.976303168403
142707
0.976303168403
142727
0.976303168403
142747
0.994266493056
142767
0.994266493056
142787
0.994244791667
142807
0.996946614583
142827
0.996946614583
142847
0.996898871528
142867
0.996216362847
142887
0.996216362847
142907
0.996216362847
142927
0.995953776042
142947
0.995954861111
142967
0.995954861111
142987
0.995417751736
143007
0.995425347222
143027
0.9954296875
143047
0.995118272569
143067
0.995119357639
143087
0.995119357639
143107
0.996330295139
143127
0.996325954861
143147
0.996325954861
143167
0.996615668403
143187
0.996627604167
143207
0.996627604167
143227
0.996421440972
143247
0.996421440972
143267
0.996421440972
143287
0.99609375
143307
0.99609375
143327
0.99609375
143347
0.988217230903
143367
0.988208550347
143387
0.988208550347
143407
0.988208550347
143427
0.994244791667
143447
0.994244791667
143467
0.994244791667
143487
0.790889395255
143507
0.779341362847
143527
0.729404658565
143547
0.749213324653
143567
0.740485026042
143587
0.735265480324
143607
0.721857638889
143627
0.722542317708
143647
0.728889250579
143667
0.730306351273
143687
0.736843894676
143707
0.717034505208
143727
0.703882378472
143747
0.70224681713
143767
0.704516782407
143787
0.722886284722
143807
0.701780237269
143827
0.700578342014
143847
0.708221209491
143867
0.715209056713
143887
0.708373842593
143907
0.713409649884
143927
0.716298104745
143947
0.704930193866
143967
0.706080367477
143987
0.705982711227
144007
0.709349681713
144027
0.710218460648
144047
0.703640769676
144067
0.707077907986
144087
0.704504484954
144107
0.692041377315
144127
0.694887514468
144147
0.692989728009
144167
0.686778428819
144187
0.693559751157
144207
0.694399233218
144227
0.692852647569
144247
0.68453125
144267
0.688976779514
144287
0.688363353588
144307
0.679942491319
144327
0.677785373264
144347
0.677012803819
144367
0.683653428819
144387
0.701280381944
144407
0.67865162037
144427
0.680798611111
144447
0.678705150463
144467
0.682944516782
144487
0.693825954861
144507
0.68957067419
144527
0.692623697917
144547
0.686300998264
144567
0.685446325231
144587
0.688413990162
144607
0.689937427662
144627
0.687265625
144647
0.686322699653
144667
0.691183449074
144687
0.688577835648
144707
0.714955512153
144727
0.717232711227
144747
0.709404658565
144767
0.716078920718
144787
0.733252676505
144807
0.71392578125
144827
0.728897207755
144847
0.727491681134
144867
0.710424623843
144887
0.715246672454
144907
0.708056640625
144927
0.700406177662
144947
0.708055193866
144967
0.710342158565
144987
0.706357421875
145007
0.708237485532
145027
0.704561270255
145047
0.704025245949
145067
0.704670862269
145087
0.71677734375
145107
0.717171223958
145127
0.721970486111
145147
0.714475911458
145167
0.722557508681
145187
0.716871744792
145207
0.760133101852
145227
0.702606336806
145247
0.720268735532
145267
0.725818865741
145287
0.709711733218
145307
0.713663917824
145327
0.712678313079
145347
0.716458333333
145367
0.721069878472
145387
0.731769748264
145407
0.733390842014
145427
0.717888454861
145447
0.725690104167
145467
0.733420138889
145487
0.725873119213
145507
0.725288990162
145527
0.714088903356
145547
0.707038845486
145567
0.703919994213
145587
0.674607204861
145607
0.672214265046
145627
0.670639105903
145647
0.668530454282
145667
0.670658998843
145687
0.669633969907
145707
0.670441261574
145727
0.667963686343
145747
0.670125868056
145767
0.671534288194
145787
0.672671079282
145807
0.674484592014
145827
0.677551721644
145847
0.673663556134
145867
0.678931568287
145887
0.679761284722
145907
0.671510778356
145927
0.676199363426
145947
0.671399377894
145967
0.681007306134
145987
0.687487340856
146007
0.674359085648
146027
0.672657335069
146047
0.671706452546
146067
0.673286313657
146087
0.670548683449
146107
0.668734809028
146127
0.669839771412
146147
0.672938006366
146167
0.673497540509
146187
0.688472945602
146207
0.690674551505
146227
0.691476417824
146247
0.693016493056
146267
0.69066333912
146287
0.689191984954
146307
0.682027633102
146327
0.679645905671
146347
0.680374710648
146367
0.682979962384
146387
0.699949725116
146407
0.695606553819
146427
0.695355902778
146447
0.690265842014
146467
0.688630642361
146487
0.685515769676
146507
0.689816623264
146527
0.707085865162
146547
0.70851490162
146567
0.673014684606
146587
0.674541015625
146607
0.671202618634
146627
0.697045717593
146647
0.68816333912
146667
0.685080295139
146687
0.700211588542
146707
0.702427300347
146727
0.95220703125
146747
0.954088541667
146767
0.943638237847
146787
0.936427951389
146807
0.928275824653
146827
0.924301938657
146847
0.919932002315
146867
0.914831814236
146887
0.916416739005
146907
0.907462745949
146927
0.902469618056
146947
0.897602358218
146967
0.892010633681
146987
0.883185040509
147007
0.878171296296
147027
0.887297815394
147047
0.892981047454
147067
0.900264395255
147087
0.898782190394
147107
0.894021629051
147127
0.894007884838
147147
0.893123553241
147167
0.888978226273
147187
0.890054976852
147207
0.892870008681
147227
0.889867621528
147247
0.885850332755
147267
0.887213541667
147287
0.886053240741
147307
0.877788990162
147327
0.875281032986
147347
0.874431785301
147367
0.88322193287
147387
0.880401475694
147407
0.889609375
147427
0.901333912037
147447
0.904771773727
147467
0.914261429398
147487
0.929185836227
147507
0.938479094329
147527
0.947534360532
147547
0.948243634259
147567
0.957758246528
147587
0.966650390625
147607
0.978993417245
147627
0.982544487847
147647
0.993665364583
147667
0.995424985532
147687
0.99224573206
147707
0.985693721065
147727
0.976072410301
147747
0.96449146412
147767
0.960285011574
147787
0.951890552662
147807
0.94462818287
147827
0.938351779514
147847
0.936888382523
147867
0.925681423611
147887
0.923715639468
147907
0.91265552662
147927
0.904089626736
147947
0.900543981481
147967
0.895642722801
147987
0.895213758681
148007
0.902817201968
148027
0.898313802083
148047
0.908376374421
148067
0.907520616319
148087
0.912286964699
148107
0.904842664931
148127
0.897815755208
148147
0.901042390046
148167
0.895485749421
148187
0.899656756366
148207
0.904708839699
148227
0.901251808449
148247
0.902406322338
148267
0.896555989583
148287
0.901296296296
148307
0.903254484954
148327
0.909476273148
148347
0.899962022569
148367
0.898259548611
148387
0.900909288194
148407
0.89568431713
148427
0.895763888889
148447
0.89695240162
148467
0.887836009838
148487
0.884690393519
148507
0.885181568287
148527
0.888248336227
148547
0.894991319444
148567
0.89388708044
148587
0.87943287037
148607
0.87718786169
148627
0.892218967014
148647
0.894152560764
148667
0.907412832755
148687
0.914048032407
148707
0.920571469907
148727
0.916732132523
148747
0.917298900463
148767
0.920240523727
148787
0.911233362269
148807
0.898174913194
148827
0.893697554977
148847
0.902472511574
148867
0.900478877315
148887
0.883464988426
148907
0.881138599537
148927
0.870088252315
148947
0.865441984954
148967
0.851840639468
148987
0.848394820602
149007
0.862973813657
149027
0.854033203125
149047
0.859651692708
149067
0.852888093171
149087
0.855925202546
149107
0.863291377315
149127
0.853170934606
149147
0.856283637153
149167
0.861357060185
149187
0.863719979745
149207
0.863872974537
149227
0.863530092593
149247
0.867760416667
149267
0.866204065394
149287
0.863342013889
149307
0.865373987269
149327
0.865191695602
149347
0.865793185764
149367
0.862837818287
149387
0.856216362847
149407
0.866051070602
149427
0.860570746528
149447
0.865041232639
149467
0.863763744213
149487
0.864191623264
149507
0.863396629051
149527
0.870658998843
149547
0.869672670718
149567
0.886739366319
149587
0.894341001157
149607
0.898893590856
149627
0.906240234375
149647
0.917161096644
149667
0.929261791088
149687
0.932717013889
149707
0.933986183449
149727
0.941864510995
149747
0.947669994213
149767
0.951331741898
149787
0.960517578125
149807
0.958832465278
149827
0.955226779514
149847
0.949033564815
149867
0.948218677662
149887
0.952385706019
149907
0.937495298032
149927
0.923115957755
149947
0.926671730324
149967
0.931291594329
149987
0.922333984375
150007
0.924360532407
150027
0.927234881366
150047
0.915848162616
150067
0.91181676794
150087
0.899176432292
150107
0.901657262731
150127
0.90517614294
150147
0.908721788194
150167
0.917212456597
150187
0.932080801505
150207
0.939669415509
150227
0.934516059028
150247
0.942512659144
150267
0.940945457176
150287
0.939660011574
150307
0.94908203125
150327
0.961615306713
150347
0.976076388889
150367
0.988688151042
150387
0.990005425347
150407
0.98999927662
150427
0.98999927662
150447
0.98999927662
150467
0.990779079861
150487
0.991157045718
150507
1.0
150527
1.0
150547
1.0
150567
0.388468967014
150587
0.0817545572917
150607
0.0804036458333
150627
0.0779278790509
150647
0.0767107928241
150667
0.99999927662
150687
1.0
150707
1.0
