117874
0.120191662721
117894
0.143370225694
117914
0.175338837595
117934
0.186172269571
117954
0.254420178346
117974
0.16796727036
117994
0.235784603851
118014
0.272766236585
118034
0.288933771307
118054
0.334644787721
118074
0.335631214489
118094
0.331487728851
118114
0.327220939867
118134
0.261769057765
118154
0.257025824653
118174
0.25601818971
118194
0.381307705966
118214
0.380255681818
118234
0.377922782513
118254
0.258417179609
118274
0.292974668561
118294
0.256755543718
118314
0.191518209438
118334
0.164639066446
118354
0.189997139362
118374
0.305052971117
118394
0.145201526989
118414
0.379027087279
118434
0.272999526515
118454
0.12721403488
118474
0.178889480745
118494
0.10967240767
118514
0.121765506629
118534
0.135647983744
118554
0.136320726799
118574
0.137792475537
118594
0.316211430713
118614
0.312189275568
118634
0.294425702336
118654
0.287900982481
118674
0.112646977588
118694
0.113637843277
118714
0.115241773201
118734
0.113534268466
118754
0.115415877525
118774
0.110762409249
118794
0.106687973485
118814
0.354044842961
118834
0.328702552872
118854
0.321642696496
118874
0.310970052083
118894
0.298622948232
118914
0.279485775726
118934
0.272893485638
118954
0.211441070865
118974
0.128997494476
118994
0.144812381629
119014
0.133407315341
119034
0.13199771149
119054
0.122972399779
119074
0.120837772254
119094
0.125736860795
119114
0.144260969066
119134
0.12467349274
119154
0.153586647727
119174
0.191687381629
119194
0.200318615846
119214
0.185915798611
119234
0.186580157039
119254
0.18525834517
119274
0.185236643782
119294
0.215409465751
119314
0.184121488321
119334
0.188464725379
119354
0.225428602431
119374
0.181972557607
119394
0.178442136206
119414
0.174889520202
119434
0.172044172191
119454
0.163702947443
119474
0.163178661616
119494
0.218928050032
119514
0.19378057923
119534
0.189806265783
119554
0.172020991162
119574
0.175445864899
119594
0.172963028725
119614
0.213089389994
119634
0.201521070076
119654
0.183125690499
119674
0.10667120423
119694
0.120620758365
119714
0.124480646307
119734
0.113583096591
119754
0.10820460464
119774
0.166070864899
119794
0.274667080966
119814
0.320666133996
119834
0.16810290404
119854
0.163439078283
119874
0.163546105587
119894
0.161027758049
119914
0.156852213542
119934
0.171310270676
119954
0.183453677399
119974
0.178118095013
119994
0.176023417771
120014
0.173458708176
120034
0.171875493213
120054
0.169960838857
120074
0.172089547822
120094
0.168499447601
120114
0.156702276673
120134
0.141423512468
120154
0.138426254735
120174
0.125396050347
120194
0.12216500947
120214
0.0979802911932
120234
0.106011777936
120254
0.137871882891
120274
0.255193536932
120294
0.242710306187
120314
0.220756392045
120334
0.195978338068
120354
0.176814532039
120374
0.166297249842
120394
0.169673295455
120414
0.154421164773
120434
0.163925386679
120454
0.163382358744
120474
0.205007102273
120494
0.285262784091
120514
0.35439009233
120534
0.314481238163
120554
0.189438328598
120574
0.196500651042
120594
0.256462574968
120614
0.247002249053
120634
0.223491753472
120654
0.190362117266
120674
0.154742739899
120694
0.118983289931
120714
0.0656299321338
120734
0.0532266019571
120754
0.0513109611742
120774
0.0532315340909
120794
0.0677320075758
120814
0.0839079269255
120834
1.0
120854
1.0
120874
1.0
120894
1.0
120914
0.99980320786
120934
0.994898200758
120954
0.99544369476
120974
0.990827710701
120994
0.991131036932
121014
0.986726148201
121034
0.986483487216
121054
0.985373757102
121074
0.985382634943
121094
0.983673650568
121114
0.979344223485
121134
0.975177556818
121154
0.967054332386
121174
0.962877308239
121194
0.957287227746
121214
0.95547170928
121234
0.94658203125
121254
0.942626953125
121274
0.937874348958
121294
0.930495383523
121314
0.929027580492
121334
0.930459872159
121354
0.931035452178
121374
0.930101799242
121394
0.928702059659
121414
0.930530894886
121434
0.929597241951
121454
0.931261837121
121474
0.933222360322
121494
0.931756036932
121514
0.934978693182
121534
0.935785097064
121554
0.937199633049
121574
0.940357185133
121594
0.940398615057
121614
0.938554983428
121634
0.940076053504
121654
0.940275804924
121674
0.940392696496
121694
0.940272845644
121714
0.940938683712
121734
0.937060546875
121754
0.940709339489
121774
0.936992483428
121794
0.938097774621
121814
0.929128196023
121834
0.919398082386
121854
0.912812204072
121874
0.910282019413
121894
0.913833155777
121914
0.921061197917
121934
0.920809659091
121954
0.91709132339
121974
0.906466027462
121994
0.90810398911
122014
0.909645774148
122034
0.918733723958
122054
0.92295217803
122074
0.925827118845
122094
0.917828184186
122114
0.909992009943
122134
0.910126657197
122154
0.918678977273
122174
0.917169744318
122194
0.92129054214
122214
0.918772194602
122234
0.922404711174
122254
0.92021188447
122274
0.913451408617
122294
0.919330018939
122314
0.918307587595
122334
0.918134469697
122354
0.919683652936
122374
0.917757161458
122394
0.912883226799
122414
0.913509114583
122434
0.915370501894
122454
0.91582475142
122474
0.926676432292
122494
0.918238044508
122514
0.919696969697
122534
0.92490382339
122554
0.924640447443
122574
0.928653231534
122594
0.933463541667
122614
0.929461115057
122634
0.930147668087
122654
0.934000651042
122674
0.925161280777
122694
0.921428148674
122714
0.918707090436
122734
0.915971235795
122754
0.909929865057
122774
0.902885298295
122794
0.902019708807
122814
0.896849846117
122834
0.900366950758
122854
0.906992779356
122874
0.906019176136
122894
0.910810250947
122914
0.916623757102
122934
0.921246152936
122954
0.925711706913
122974
0.921220999053
122994
0.930560487689
123014
0.928996508049
123034
0.93691110322
123054
0.927468039773
123074
0.931782670455
123094
0.925838955966
123114
0.924724786932
123134
0.920442708333
123154
0.918522135417
123174
0.915657552083
123194
0.914789003314
123214
0.905169862689
123234
0.89970851089
123254
0.904925722064
123274
0.90117483428
123294
0.905187618371
123314
0.908840849905
123334
0.915340909091
123354
0.915299479167
123374
0.9076171875
123394
0.914436848958
123414
0.91865382339
123434
0.92861032197
123454
0.929745205966
123474
0.924940814394
123494
0.930977746212
123514
0.924100378788
123534
0.919288589015
123554
0.921568714489
123574
0.922212357955
123594
0.929990826231
123614
0.926083096591
123634
0.91815962358
123654
0.912661280777
123674
0.923450816761
123694
0.918007220644
123714
0.917012902462
123734
0.906627308239
123754
0.906890684186
123774
0.911732066761
123794
0.908608546402
123814
0.908285984848
123834
0.913646721117
123854
0.91259469697
123874
0.909699041193
123894
0.90390181108
123914
0.911604817708
123934
0.925103574811
123954
0.931233723958
123974
0.937387547348
123994
0.946064157197
124014
0.955992542614
124034
0.961199396307
124054
0.971207682292
124074
0.980209812973
124094
0.99101266572
124114
0.99579782197
124134
0.989769767992
124154
0.980084043561
124174
0.96943211411
124194
0.960851680871
124214
0.954409327652
124234
0.948174124053
124254
0.94003610322
124274
0.932978219697
124294
0.925073982008
124314
0.916820549242
124334
0.921632339015
124354
0.92050337358
124374
0.913779888731
124394
0.914189749053
124414
0.914740175189
124434
0.915559895833
124454
0.915579131155
124474
0.920990175189
124494
0.918276515152
124514
0.911406545928
124534
0.914996152936
124554
0.917732007576
124574
0.917215613163
124594
0.914393939394
124614
0.918798828125
124634
0.919477982955
124654
0.915487393466
124674
0.918072324811
124694
0.923156368371
124714
0.931386126894
124734
0.93818655303
124754
0.946564275568
124774
0.95624704072
124794
0.959702000473
124814
0.965030184659
124834
0.977016749527
124854
0.986554509943
124874
0.992326586174
124894
0.992314749053
124914
0.979826586174
124934
0.965638316761
124954
0.961516039299
124974
0.952740293561
124994
0.950248579545
125014
0.940731534091
125034
0.92861772017
125054
0.919834576231
125074
0.911801609848
125094
0.907784386837
125114
0.912847715436
125134
0.924590139678
125154
0.921197324811
125174
0.921983013731
125194
0.926987156723
125214
0.932296105587
125234
0.932964902936
125254
0.934490411932
125274
0.93378610322
125294
0.932796223958
125314
0.92666163589
125334
0.924755859375
125354
0.922801254735
125374
0.918172940341
125394
0.916065932765
125414
0.913168797348
125434
0.915632398201
125454
0.916938920455
125474
0.912347597064
125494
0.90937943892
125514
0.910810250947
125534
0.907926432292
125554
0.903639914773
125574
0.906650982481
125594
0.904214015152
125614
0.90976266572
125634
0.904993785511
125654
0.907513612689
125674
0.915912050189
125694
0.914676550663
125714
0.921653053977
125734
0.929039417614
125754
0.931260357481
125774
0.926876183712
125794
0.927294921875
125814
0.918115234375
125834
0.916790956439
125854
0.914803799716
125874
0.908247514205
125894
0.899387428977
125914
0.89600053267
125934
0.900750177557
125954
0.905610795455
125974
0.905655184659
125994
0.921574633049
126014
0.926923532197
126034
0.926399739583
126054
0.931176017992
126074
0.93583984375
126094
0.932281309186
126114
0.929971590909
126134
0.926186671402
126154
0.936196437027
126174
0.93584132339
126194
0.93544921875
126214
0.930387369792
126234
0.927385179924
126254
0.930499822443
126274
0.930316347064
126294
0.915886896307
126314
0.924304569129
126334
0.919585996686
126354
0.917621034564
126374
0.916807232481
126394
0.902123283617
126414
0.910489169034
126434
0.903878136837
126454
0.906980942235
126474
0.915423768939
126494
0.917804509943
126514
0.916975911458
126534
0.92216944839
126554
0.91972952178
126574
0.919538648201
126594
0.933293383049
126614
0.936276337595
126634
0.951639441288
126654
0.954252485795
126674
0.960215435606
126694
0.971796579072
126714
0.980837180398
126734
0.984269945549
126754
0.984805575284
126774
0.991983309659
126794
0.992299952652
126814
0.992196377841
126834
0.992114997633
126854
0.992178622159
126874
0.992566287879
126894
0.992563328598
126914
0.992567767519
126934
0.992560369318
126954
0.992566287879
126974
0.994321141098
126994
1.0
127014
0.914544369476
127034
0.879390585543
127054
0.869190439552
127074
0.869084398674
127094
0.868936434659
127114
0.869054805871
127134
0.868966027462
127154
0.875538589015
127174
0.44420770202
127194
0.656991792929
127214
0.864512310606
127234
0.92499704072
127254
0.947150213068
127274
0.957354304766
127294
0.954033499053
127314
0.951595545297
127334
0.951756826073
127354
0.95150134154
127374
0.956919783775
127394
1.0
127414
1.0
127434
1.0
127454
1.0
