220116
0.980534340019
220136
0.980534340019
220156
0.980534340019
220176
1.0
220196
1.0
220216
1.0
220236
0.930824393657
220256
0.930901644123
220276
0.930901644123
220296
0.930901644123
220316
0.930884153451
220336
0.930884153451
220356
0.930884153451
220376
1.0
220396
1.0
220416
1.0
220436
0.975978020056
220456
0.975988222948
220476
0.975988222948
220496
0.975988222948
220516
0.975988222948
220536
1.0
220556
1.0
220576
1.0
220596
0.967970207556
220616
0.967970207556
220636
0.967970207556
220656
0.967970207556
220676
0.967970207556
220696
1.0
220716
1.0
220736
1.0
220756
0.958504839086
220776
0.958494636194
220796
0.958494636194
220816
0.958494636194
220836
0.958494636194
220856
0.958494636194
220876
1.0
220896
1.0
220916
1.0
220936
0.971380888526
220956
0.971380888526
220976
0.971380888526
220996
0.971380888526
221016
0.971380888526
221036
1.0
221056
1.0
221076
1.0
221096
0.96815677472
221116
0.96815677472
221136
0.96815677472
221156
0.96815677472
221176
0.96815677472
221196
0.96815677472
221216
1.0
221236
1.0
221256
0.982089552239
221276
0.98213619403
221296
0.98213619403
221316
0.98213619403
221336
0.98213619403
221356
1.0
221376
1.0
221396
1.0
221416
0.990088619403
221436
0.990058010728
221456
0.990047807836
221476
0.9900390625
221496
0.990041977612
221516
0.990041977612
221536
1.0
221556
1.0
221576
0.984583430504
221596
0.98465339319
221616
0.98465339319
221636
0.98465339319
221656
0.98465339319
221676
0.98465339319
221696
1.0
221716
1.0
221736
0.985164995336
221756
0.985213094683
221776
0.985213094683
221796
0.985213094683
221816
0.985213094683
221836
1.0
221856
1.0
221876
0.977859724813
221896
0.977900536381
221916
0.977900536381
221936
0.977900536381
221956
0.977900536381
221976
1.0
221996
1.0
222016
0.982882462687
222036
0.982831448228
222056
0.982831448228
222076
0.982831448228
222096
0.982831448228
222116
1.0
222136
1.0
222156
0.981175664646
222176
0.981491954291
222196
0.981491954291
222216
0.981491954291
222236
0.981491954291
222256
1.0
222276
1.0
222296
0.981142140858
222316
0.981273320896
222336
0.981273320896
222356
0.981233966884
222376
0.981193155317
222396
1.0
222416
1.0
222436
1.0
222456
0.980690298507
222476
0.980688840951
222496
0.980688840951
222516
0.980688840951
222536
0.980688840951
222556
1.0
222576
1.0
222596
0.983392607276
222616
0.983392607276
222636
0.983392607276
222656
0.983392607276
222676
1.0
222696
1.0
222716
0.988406599813
222736
0.988380363806
222756
0.988381821362
222776
0.988381821362
222796
0.988381821362
222816
1.0
222836
1.0
222856
0.981831564832
222876
0.981914645522
222896
0.981914645522
222916
0.981914645522
222936
0.981914645522
222956
1.0
222976
1.0
222996
0.962827950093
223016
0.962922691231
223036
0.962922691231
223056
0.962922691231
223076
0.962922691231
223096
0.962922691231
223116
1.0
223136
1.0
223156
0.983927530317
223176
0.983927530317
223196
0.983927530317
223216
0.983927530317
223236
0.983927530317
223256
1.0
223276
1.0
223296
0.965987931437
223316
0.965983558769
223336
0.965982101213
223356
0.965983558769
223376
0.965983558769
223396
1.0
223416
1.0
223436
1.0
223456
0.973978253265
223476
0.974097772854
223496
0.974097772854
223516
0.974097772854
223536
0.974097772854
223556
1.0
223576
1.0
223596
0.974072994403
223616
0.974304745802
223636
0.974304745802
223656
0.974304745802
223676
0.974304745802
223696
0.97433098181
223716
1.0
223736
1.0
223756
0.999580223881
223776
0.994128964552
223796
0.986067222481
223816
0.98475104944
223836
0.980515391791
223856
0.980827308769
223876
0.981080923507
223896
0.980527052239
223916
0.978780900187
223936
0.971682602612
223956
0.966390216884
223976
0.964708197295
223996
0.968127623601
224016
0.959988631063
224036
0.961128439832
224056
0.954027227146
224076
0.947699976679
224096
0.940213969216
224116
0.934860366138
224136
0.927116371269
224156
0.931649370336
224176
0.933389692164
224196
0.930051888993
224216
0.933480060634
224236
0.932663829291
224256
0.934707322761
224276
0.933910039646
224296
0.931732451026
224316
0.936176539179
224336
0.940333488806
224356
0.934004780784
224376
0.936854302705
224396
0.93425548041
224416
0.932831448228
224436
0.934001865672
224456
0.930887068563
224476
0.934106809701
224496
0.938112173507
224516
0.941448519123
224536
0.940585645989
224556
0.947463852612
224576
0.946719041511
224596
0.95350104944
224616
0.951330748601
224636
0.957710471082
224656
0.956057602612
224676
0.959905550373
224696
0.960242245802
224716
0.957545767257
224736
0.957726504198
224756
0.955458547108
224776
0.955543085354
224796
0.951849638526
224816
0.955324451959
224836
0.95636223181
224856
0.953130830224
224876
0.953877098881
224896
0.95125495569
224916
0.955102903451
224936
0.948087686567
224956
0.951422574627
224976
0.946488747668
224996
0.945292094216
225016
0.942400303172
225036
0.944233908582
225056
0.937379022854
225076
0.93692863806
225096
0.928729885728
225116
0.932755655317
225136
0.935285972481
225156
0.937316347948
225176
0.939988048041
225196
0.941044776119
225216
0.945494694496
225236
0.94426014459
225256
0.946902693563
225276
0.950601970616
225296
0.949473822295
225316
0.945230876866
225336
0.947361823694
225356
0.943320020989
225376
0.941095790578
225396
0.948272796175
225416
0.940082789179
225436
0.942159806437
225456
0.93747813666
225476
0.939037721549
225496
0.938861357276
225516
0.946150594683
225536
0.937578708022
225556
0.942814249067
225576
0.937864388993
225596
0.937276993937
225616
0.93879139459
225636
0.94031016791
225656
0.940101737407
225676
0.943101387593
225696
0.942288071362
225716
0.942930853545
225736
0.943516791045
225756
0.942802588619
225776
0.943260261194
225796
0.945155083955
225816
0.940157124534
225836
0.942665578358
225856
0.938154442631
225876
0.939632404384
225896
0.935223297575
225916
0.933329932369
225936
0.93761951959
225956
0.940537546642
225976
0.937600571362
225996
0.941062266791
226016
0.937667618937
226036
0.938301655784
226056
0.936747901119
226076
0.939454582556
226096
0.934210296175
226116
0.9341796875
226136
0.933825501399
226156
0.933102553638
226176
0.936845557369
226196
0.935963736007
226216
0.93251224347
226236
0.932244053172
226256
0.935288887593
226276
0.932395638993
226296
0.934141791045
226316
0.937201201026
226336
0.937854186101
226356
0.944627448694
226376
0.942528568097
226396
0.939419601213
226416
0.944483150653
226436
0.947726212687
226456
0.939214085821
226476
0.945649195429
226496
0.940899020522
226516
0.943978836287
226536
0.939660097948
226556
0.93786876166
226576
0.939310284515
226596
0.944270347481
226616
0.943824335354
226636
0.940627915112
226656
0.943891382929
226676
0.941111823694
226696
0.946201609142
226716
0.945274603545
226736
0.945736648787
226756
0.946936217351
226776
0.943330223881
226796
0.94413333722
226816
0.943518248601
226836
0.942664120802
226856
0.942053404851
226876
0.942941056437
226896
0.939129547575
226916
0.940654151119
226936
0.941473297575
226956
0.938897796175
226976
0.939912255131
226996
0.943720848881
227016
0.939157241138
227036
0.948780025653
227056
0.949243528451
227076
0.952304395989
227096
0.950085995802
227116
0.948481226679
227136
0.946870627332
227156
0.951868586754
227176
0.951986648787
227196
0.949828008396
227216
0.94901614972
227236
0.946656366604
227256
0.939437091884
227276
0.942470265858
227296
0.939696536847
227316
0.944217875466
227336
0.946423157649
227356
0.944386951959
227376
0.946160797575
227396
0.947014925373
227416
0.947007637593
227436
0.946812325093
227456
0.947459479944
227476
0.94736328125
227496
0.95653568097
227516
0.95867683069
227536
0.959936159049
227556
0.955987639925
227576
0.953174556903
227596
0.950068505131
227616
0.952451609142
227636
0.955535797575
227656
0.95936042444
227676
0.96084713153
227696
0.952011427239
227716
0.949097772854
227736
0.946751107743
227756
0.945621501866
227776
0.94833984375
227796
0.948982625933
227816
0.944306786381
227836
0.941251749067
227856
0.936845557369
227876
0.934708780317
227896
0.936115321828
227916
0.941597189832
227936
0.941015625
227956
0.944886893657
227976
0.945210471082
227996
0.947380771922
228016
0.944598297575
228036
0.947660622668
228056
0.950975104944
228076
0.951956040112
228096
0.95827891791
228116
0.955334654851
228136
0.954133628731
228156
0.957287779851
228176
0.958165228545
228196
0.961835354478
228216
0.960159165112
228236
0.961099288713
228256
0.957999067164
228276
0.95889400653
228296
0.956260202892
228316
0.960571653451
228336
0.968251515858
228356
0.970752681903
228376
0.970869286381
228396
0.969930620336
228416
0.974715776586
228436
0.97900390625
228456
0.981693097015
228476
0.991591359608
228496
0.987763817631
228516
0.978960179571
228536
0.974040928172
228556
0.973176597481
228576
0.968579465951
228596
0.965817397388
228616
0.966140974813
228636
0.966689015858
228656
0.957863514459
228676
0.958554395989
228696
0.959495977146
228716
0.958331389925
228736
0.95311771222
228756
0.95565677472
228776
0.96260494403
228796
0.960886485541
228816
0.960157707556
228836
0.958399895056
228856
0.963304570896
228876
0.959431844683
228896
0.95703853778
228916
0.969465659981
228936
0.973594916045
228956
0.965885902519
228976
0.960672224813
228996
0.96708255597
229016
0.96082526819
229036
0.951558127332
229056
0.952154267724
229076
0.94874504431
229096
0.948306319963
229116
0.946006296642
229136
0.941340659981
229156
0.950435809235
229176
0.944347597948
229196
0.936122609608
229216
0.930204932369
229236
0.934054337687
229256
0.919558943563
229276
0.925249242071
229296
0.924766791045
229316
0.918183010728
229336
0.921748192631
229356
0.922602320429
229376
0.931289354011
229396
0.94414791278
229416
0.95408698694
229436
0.968760202892
229456
0.976246210354
229476
0.981628964552
229496
0.986749358675
229516
0.999810517724
229536
1.0
229556
0.0746633045709
229576
0.0736532182836
229596
0.0733762826493
229616
0.0735166938744
229636
0.073290772699
229656
1.0
229676
1.0
229696
1.0
