154182
0.0822889539931
154202
0.07197265625
154222
0.0777777777778
154242
0.0810438368056
154262
0.0843858506944
154282
0.0782416449653
154302
0.0773166232639
154322
0.075341796875
154342
0.0820095486111
154362
0.0841118706597
154382
0.0787543402778
154402
0.0819010416667
154422
0.0778781467014
154442
0.0802924262153
154462
0.086279296875
154482
0.0824679904514
154502
0.079248046875
154522
0.0798149956597
154542
0.0796847873264
154562
0.0908148871528
154582
0.0762912326389
154602
0.0719102647569
154622
0.0784478081597
154642
0.0809271918403
154662
0.0763292100694
154682
0.0738742404514
154702
0.0812065972222
154722
0.0838351779514
154742
0.0831651475694
154762
0.0744032118056
154782
0.0740587022569
154802
0.0782145182292
154822
0.0841227213542
154842
0.0708224826389
154862
0.0785970052083
154882
0.0702880859375
154902
0.0846950954861
154922
0.0758626302083
154942
0.0655192057292
154962
0.0649576822917
154982
0.0709011501736
155002
0.0669786241319
155022
0.0606716579861
155042
0.0589979383681
155062
0.0626329210069
155082
0.0651475694444
155102
0.0600775824653
155122
0.0645562065972
155142
0.0682481553819
155162
0.0715494791667
155182
0.0790690104167
155202
0.0757921006944
155222
0.0731987847222
155242
0.069287109375
155262
0.0700846354167
155282
0.0741563585069
155302
0.0702229817708
155322
0.0695882161458
155342
0.0721815321181
155362
0.0698513454861
155382
0.0739529079861
155402
0.0724500868056
155422
0.0720757378472
155442
0.0689643012153
155462
0.0673502604167
155482
0.0701741536458
155502
0.244411892361
155522
0.207090928819
155542
0.156198459201
155562
0.0838297526042
155582
0.115768771701
155602
0.102232530382
155622
0.0880425347222
155642
0.0870632595486
155662
0.101226128472
155682
0.108582899306
155702
0.119807942708
155722
0.13671875
155742
0.142928059896
155762
0.152395290799
155782
0.127891710069
155802
0.0819363064236
155822
0.0884467230903
155842
0.116932508681
155862
0.135327148437
155882
0.153382703993
155902
0.0761990017361
155922
0.0964680989583
155942
0.0520453559028
155962
0.128599717882
155982
0.129397243924
156002
0.13737250434
156022
0.139404296875
156042
0.129210069444
156062
0.155794270833
156082
0.161531575521
156102
0.130126953125
156122
0.114656575521
156142
0.119962565104
156162
0.139851888021
156182
0.159030490451
156202
0.177416992188
156222
0.156781684028
156242
0.122479926215
156262
0.110045030382
156282
0.124671766493
156302
0.139217122396
156322
0.13092719184
156342
0.135042317708
156362
0.175290256076
156382
0.260986328125
156402
0.434819878472
156422
0.643538411458
156442
1.0
156462
1.0
156482
1.0
156502
1.0
156522
1.0
156542
1.0
156562
0.992862955729
156582
0.991861979167
156602
0.992024739583
156622
0.992081705729
156642
0.992114257812
156662
0.993400065104
156682
0.992277018229
156702
0.990991210937
156722
0.990999348958
156742
0.991072591146
156762
0.993717447917
156782
0.988891601562
156802
0.987581380208
156822
0.987654622396
156842
0.987670898438
156862
1.0
156882
0.991292317708
156902
0.990698242188
156922
0.990763346354
156942
0.991560872396
156962
1.0
156982
0.982893880208
157002
0.982918294271
157022
0.982934570312
157042
0.984488932292
157062
0.988736979167
157082
0.984025065104
157102
0.984138997396
157122
0.984244791667
157142
0.986499023437
157162
0.989729817708
157182
0.988256835938
157202
0.988102213542
157222
0.988191731771
157242
0.991642252604
157262
0.985026041667
157282
0.983471679688
157302
0.983707682292
157322
0.983683268229
157342
1.0
157362
0.990649414062
157382
0.990551757813
157402
0.990397135417
157422
0.990730794271
157442
1.0
157462
0.992277018229
157482
0.992252604167
157502
0.992122395833
157522
0.992936197917
157542
0.995727539062
157562
0.993505859375
157582
0.993660481771
157602
0.993660481771
157622
0.994547526042
157642
0.9912109375
157662
0.990120442708
157682
0.990112304688
157702
0.990063476563
157722
0.993180338542
157742
0.984204101563
157762
0.983138020833
157782
0.983601888021
157802
0.98330078125
157822
1.0
157842
0.980721028646
157862
0.980387369792
157882
0.980086263021
157902
0.980981445312
157922
1.0
157942
0.981901041667
157962
0.974129231771
157982
0.967431640625
158002
0.961791992188
158022
0.956168619792
158042
0.949918619792
158062
0.942976888021
158082
0.9357421875
158102
0.930867513021
158122
0.922436523438
158142
0.913883463542
158162
0.916178385417
158182
0.916780598958
158202
0.917244466146
158222
0.916748046875
158242
0.913444010417
158262
0.911881510417
158282
0.909041341146
158302
0.911051432292
158322
0.910986328125
158342
0.907291666667
158362
0.906966145833
158382
0.907316080729
158402
0.903743489583
158422
0.905297851562
158442
0.902864583333
158462
0.907234700521
158482
0.910375976563
158502
0.906534830729
158522
0.906998697917
158542
0.901090494792
158562
0.8982421875
158582
0.898266601563
158602
0.90146484375
158622
0.900260416667
158642
0.898600260417
158662
0.906746419271
158682
0.910546875
158702
0.907657877604
158722
0.902229817708
158742
0.906022135417
158762
0.909155273438
158782
0.907706705729
158802
0.909464518229
158822
0.908618164062
158842
0.899910481771
158862
0.899845377604
158882
0.895776367187
158902
0.892740885417
158922
0.882348632812
158942
0.878426106771
158962
0.877628580729
158982
0.877229817708
159002
0.880598958333
159022
0.883601888021
159042
0.881111653646
159062
0.881160481771
159082
0.885115559896
159102
0.895157877604
159122
0.898470052083
159142
0.893570963542
159162
0.901708984375
159182
0.904215494792
159202
0.89951171875
159222
0.900740559896
159242
0.905110677083
159262
0.898763020833
159282
0.900089518229
159302
0.896150716146
159322
0.896500651042
159342
0.894563802083
159362
0.889013671875
159382
0.891015625
159402
0.891276041667
159422
0.886067708333
159442
0.884993489583
159462
0.883772786458
159482
0.890861002604
159502
0.891878255208
159522
0.888517252604
159542
0.890063476562
159562
0.898128255208
159582
0.889143880208
159602
0.897501627604
159622
0.894173177083
159642
0.894254557292
159662
0.891422526042
159682
0.893416341146
159702
0.894742838542
159722
0.896354166667
159742
0.897249348958
159762
0.899658203125
159782
0.902083333333
159802
0.898958333333
159822
0.902335611979
159842
0.900675455729
159862
0.894864908854
159882
0.900512695312
159902
0.906168619792
159922
0.909301757812
159942
0.909521484375
159962
0.908520507813
159982
0.902115885417
160002
0.903857421875
160022
0.904508463542
160042
0.905655924479
160062
0.903979492187
160082
0.901375325521
160102
0.904353841146
160122
0.90498046875
160142
0.902579752604
160162
0.898486328125
160182
0.896744791667
160202
0.899226888021
160222
0.898543294271
160242
0.894677734375
160262
0.892122395833
160282
0.897347005208
160302
0.895524088542
160322
0.896435546875
160342
0.899243164063
160362
0.893880208333
160382
0.895865885417
160402
0.897102864583
160422
0.895027669271
160442
0.893733723958
160462
0.887776692708
160482
0.887768554688
160502
0.885595703125
160522
0.887158203125
160542
0.885538736979
160562
0.882918294271
160582
0.886344401042
160602
0.883194986979
160622
0.879711914063
160642
0.87529296875
160662
0.879077148437
160682
0.885994466146
160702
0.885319010417
160722
0.886645507812
160742
0.884350585938
160762
0.886555989583
160782
0.889770507812
160802
0.887093098958
160822
0.885904947917
160842
0.882739257812
160862
0.887532552083
160882
0.895711263021
160902
0.894303385417
160922
0.890169270833
160942
0.887963867187
160962
0.89228515625
160982
0.891552734375
161002
0.896004231771
161022
0.894140625
161042
0.892065429688
161062
0.894165039062
161082
0.8890625
161102
0.886840820312
161122
0.890161132812
161142
0.894140625
161162
0.89775390625
161182
0.895320638021
161202
0.897493489583
161222
0.899479166667
161242
0.889249674479
161262
0.887174479167
161282
0.895247395833
161302
0.894490559896
161322
0.891357421875
161342
0.897355143229
161362
0.8919921875
161382
0.881030273437
161402
0.878914388021
161422
0.886344401042
161442
0.8763671875
161462
0.879134114583
161482
0.888232421875
161502
0.890266927083
161522
0.887044270833
161542
0.88701171875
161562
0.8953125
161582
0.888216145833
161602
0.901676432292
161622
0.899674479167
161642
0.896899414062
161662
0.884830729167
161682
0.873803710937
161702
0.865641276042
161722
0.855900065104
161742
0.840006510417
161762
0.830655924479
161782
0.811555989583
161802
0.801912434896
161822
0.808260091146
161842
0.801603190104
161862
0.793823242188
161882
0.792228190104
161902
0.786979166667
161922
0.780615234375
161942
0.78974609375
161962
0.798876953125
161982
0.799308268229
162002
0.79931640625
162022
0.801000976563
162042
0.807893880208
162062
0.801920572917
162082
0.81689453125
162102
0.823966471354
162122
0.832462565104
162142
0.832845052083
162162
0.84658203125
162182
0.854134114583
162202
0.850081380208
162222
0.856974283854
162242
0.858968098958
162262
0.875431315104
162282
0.879052734375
162302
0.880940755208
162322
0.870939127604
162342
0.848258463542
162362
0.848999023438
162382
0.849007161458
162402
0.833333333333
162422
0.833056640625
162442
0.83271484375
162462
0.829964192708
162482
0.827042643229
162502
0.828507486979
162522
0.823234049479
162542
0.814404296875
162562
0.809684244792
162582
0.828393554687
162602
0.835302734375
162622
0.831323242187
162642
0.851627604167
162662
0.85693359375
162682
0.868950737847
162702
0.86702202691
162722
0.874530707465
162742
0.877191840278
162762
0.886607530382
162782
0.907137044271
162802
0.930181206597
162822
0.936537000868
162842
0.938709852431
162862
0.958279079861
162882
0.963368055556
162902
0.966509331597
162922
0.974769422743
162942
0.981662326389
162962
0.994596354167
162982
0.973624674479
163002
0.973746744792
163022
0.974096679688
163042
0.977042643229
163062
0.984879557292
163082
0.982340494792
163102
0.982373046875
163122
0.982405598958
163142
0.985172526042
163162
0.963541666667
163182
0.958260091146
163202
0.958479817708
163222
0.959000651042
163242
0.982674153646
163262
0.974430338542
163282
0.972477213542
163302
0.972509765625
163322
0.973657226562
163342
1.0
163362
0.977905273438
163382
0.977758789063
163402
0.977400716146
163422
0.979386393229
163442
0.997835286458
163462
0.983336046007
163482
0.983268229167
163502
0.983213975694
163522
0.985690646701
163542
0.976668294271
163562
0.972233072917
163582
0.972542317708
163602
0.972648111979
163622
0.976456705729
163642
0.933797200521
163662
0.926228841146
163682
0.926253255208
163702
0.926839192708
163722
0.99912109375
163742
1.0
163762
1.0
