169883
0.214504692657
169903
0.267025706477
169923
0.297657324326
169943
0.292565018221
169963
0.243560703727
169983
0.202637685644
170003
0.161755491955
170023
0.144219050811
170043
0.140531963353
170063
0.190881763958
170083
0.232840217616
170103
0.197441384763
170123
0.178069564769
170143
0.163664999312
170163
0.144004185575
170183
0.156741181931
170203
0.173185892808
170223
0.170122344266
170243
0.206111411922
170263
0.141643246356
170283
0.143582619981
170303
0.146521546686
170323
0.157542844128
170343
0.253377466653
170363
0.35391978651
170383
0.308297450839
170403
0.25420620187
170423
0.293016020352
170443
0.363733541323
170463
0.407621484805
170483
0.426025766639
170503
0.438987297167
170523
0.456949386345
170543
0.472119301774
170563
0.458810549024
170583
0.474289010932
170603
0.486698767533
170623
0.482470219678
170643
0.469792096397
170663
0.433572693207
170683
0.434917749587
170703
0.428003601141
170723
0.436499372594
170743
0.433789921961
170763
0.42872941591
170783
0.425408888545
170803
0.421975556931
170823
0.416066977792
170843
0.413613861386
170863
0.418998599079
170883
0.413395128575
170903
0.410222428493
170923
0.419692398927
170943
0.417275379882
170963
0.392369061125
170983
0.355497541942
171003
0.319800261276
171023
0.324769019871
171043
0.351529840484
171063
0.421099766227
171083
0.524290085259
171103
0.625944762445
171123
0.794519862142
171143
0.971027356642
171163
0.987546410891
171183
0.99087488827
171203
1.0
171223
1.0
171243
0.174840140264
171263
0.173264533485
171283
1.0
171303
1.0
171323
1.0
171343
1.0
171363
1.0
171383
0.996364480198
171403
0.996464392533
171423
0.996633276609
171443
0.996614368468
171463
0.996542818344
171483
0.996460954689
171503
0.994099370875
171523
0.993175665223
171543
0.990283149409
171563
0.990194410066
171583
0.990188608705
171603
0.99025242368
171623
0.993419752131
171643
0.990593844541
171663
0.980745496425
171683
0.976138141158
171703
0.975673817382
171723
0.975438754813
171743
0.974640745325
171763
0.976240631876
171783
0.979197392395
171803
0.977341171617
171823
0.976146091172
171843
0.975436391295
171863
0.973126375138
171883
0.970952368674
171903
0.975905227241
171923
0.983924427599
171943
0.98574261723
171963
0.984336324257
171983
0.983252973735
172003
0.984078271108
172023
0.983682059612
172043
0.985521735767
172063
0.984959218578
172083
0.981439296273
172103
0.979627337734
172123
0.975961521933
172143
0.975188436812
172163
0.971265857054
172183
0.966067622387
172203
0.964786166117
172223
0.962011396452
172243
0.959582130088
172263
0.958035959846
172283
0.95522380363
172303
0.954689218922
172323
0.956117428149
172343
0.951663701526
172363
0.947981985699
172383
0.945390925811
172403
0.943840887995
172423
0.945608799161
172443
0.947245212803
172463
0.94836895799
172483
0.949429317932
172503
0.95079478651
172523
0.947749286647
172543
0.947517017327
172563
0.943699721535
172583
0.94588490099
172603
0.948285375413
172623
0.948523875825
172643
0.951112357329
172663
0.948061270971
172683
0.946435600591
172703
0.944819384282
172723
0.945353754125
172743
0.943458427874
172763
0.946401222153
172783
0.945829680624
172803
0.945226768771
172823
0.942181268908
172843
0.947506918661
172863
0.947176026196
172883
0.950744508045
172903
0.948001968166
172923
0.945845150921
172943
0.947146804524
172963
0.942871416048
172983
0.944572933856
173003
0.942890109323
173023
0.944527597291
173043
0.94274593475
173063
0.939721706546
173083
0.942154195888
173103
0.943384084502
173123
0.944295757701
173143
0.945083238793
173163
0.941620685506
173183
0.936919863861
173203
0.93938050055
173223
0.940686666323
173243
0.940799470572
173263
0.939832362142
173283
0.942070828177
173303
0.943570587528
173323
0.945981160616
173343
0.941754331683
173363
0.941736283003
173383
0.937216163023
173403
0.938696799367
173423
0.943671144458
173443
0.946974267739
173463
0.945677985767
173483
0.946813118812
173503
0.94816462115
173523
0.943910289466
173543
0.942127552599
173563
0.942265710946
173583
0.944138691213
173603
0.942802014576
173623
0.94325473563
173643
0.944393091653
173663
0.94597106195
173683
0.946714280803
173703
0.950396426361
173723
0.950653190319
173743
0.948653654428
173763
0.947099963903
173783
0.949674908897
173803
0.945724396658
173823
0.945077867162
173843
0.944677143496
173863
0.947919459915
173883
0.946680976691
173903
0.944008268014
173923
0.946308615237
173943
0.943530837459
173963
0.943370118262
173983
0.943533200976
174003
0.945297674299
174023
0.944949162885
174043
0.944812293729
174063
0.941741224904
174083
0.940477817313
174103
0.942853582233
174123
0.940354914398
174143
0.942112512032
174163
0.942677392739
174183
0.943110561056
174203
0.943965509832
174223
0.944078528947
174243
0.94647986283
174263
0.946577411647
174283
0.952071515745
174303
0.955473047305
174323
0.960589203452
174343
0.960055263339
174363
0.959935798267
174383
0.95868485286
174403
0.956860002406
174423
0.956534266708
174443
0.953362640952
174463
0.952607819376
174483
0.953099431037
174503
0.954051069169
174523
0.952385004125
174543
0.950215294967
174563
0.950561872594
174583
0.950283192382
174603
0.951249656216
174623
0.949529445132
174643
0.949443928768
174663
0.947241560094
174683
0.948390874244
174703
0.953588034585
174723
0.948887427805
174743
0.950979785479
174763
0.94866482742
174783
0.949446507151
174803
0.949201560781
174823
0.948677504469
174843
0.94319607742
174863
0.942484873487
174883
0.943735389164
174903
0.945163383526
174923
0.946601476554
174943
0.945970847085
174963
0.944937130432
174983
0.947843827351
175003
0.949061683512
175023
0.948538916392
175043
0.946177117712
175063
0.945815499519
175083
0.947696214934
175103
0.949050295655
175123
0.945604286991
175143
0.947456640195
175163
0.948839297992
175183
0.950564021246
175203
0.951639206889
175223
0.951532848597
175243
0.94904599835
175263
0.95066758629
175283
0.950308331614
175303
0.949973786441
175323
0.950944762445
175343
0.953921935162
175363
0.951819049092
175383
0.949891063325
175403
0.949527511345
175423
0.949157728273
175443
0.946575907591
175463
0.942435884213
175483
0.939133620393
175503
0.938050484736
175523
0.939167569101
175543
0.93760872181
175563
0.936858197539
175583
0.934189786166
175603
0.936917930074
175623
0.938541236936
175643
0.940320321095
175663
0.942924058031
175683
0.942878721466
175703
0.946359538298
175723
0.951595374381
175743
0.953571919692
175763
0.957223769252
175783
0.958280046755
175803
0.960319117849
175823
0.960475539741
175843
0.958455161922
175863
0.96012015264
175883
0.960045809268
175903
0.959332671548
175923
0.953589538641
175943
0.955038804662
175963
0.955097248006
175983
0.95052684956
176003
0.952779066969
176023
0.952517361111
176043
0.949929524202
176063
0.949795448295
176083
0.951510072882
176103
0.946936881188
176123
0.941585662472
176143
0.941896142739
176163
0.944983756188
176183
0.947637556724
176203
0.944805632907
176223
0.944344317244
176243
0.944552736524
176263
0.94507614824
176283
0.942885167423
176303
0.945752329139
176323
0.94695707852
176343
0.949878816007
176363
0.953229854235
176383
0.954822435369
176403
0.954477146933
176423
0.955166219747
176443
0.955062010107
176463
0.956166417423
176483
0.956847110492
176503
0.957161673199
176523
0.958373942863
176543
0.959409378438
176563
0.955660624656
176583
0.95300231195
176603
0.953449016777
176623
0.950728608017
176643
0.952398110905
176663
0.953363070682
176683
0.956304360905
176703
0.954277107398
176723
0.949459399065
176743
0.951312181999
176763
0.951360311812
176783
0.950784472979
176803
0.950086375825
176823
0.951601175743
176843
0.955665136826
176863
0.956515573432
176883
0.956150517395
176903
0.952295405322
176923
0.950734839109
176943
0.948919012995
176963
0.946005010657
176983
0.940859203108
177003
0.936871089453
177023
0.934217288916
177043
0.933164234392
177063
0.927627586977
177083
0.927959768633
177103
0.920546058512
177123
0.914608472566
177143
0.908757262445
177163
0.905253669898
177183
0.895415420448
177203
0.893328219541
177223
0.89531292973
177243
0.890757571851
177263
0.88815404978
177283
0.885572229098
177303
0.895300682412
177323
0.89752496734
177343
0.899931243124
177363
0.90435102104
177383
0.910307729992
177403
0.916930736042
177423
0.925537377957
177443
0.934551189494
177463
0.940143057274
177483
0.939966867781
177503
0.948095864274
177523
0.944027820751
177543
0.94414964934
177563
0.937234856298
177583
0.934614145008
177603
0.927372327076
177623
0.92905601107
177643
0.928640461702
177663
0.925752458058
177683
0.918286105954
177703
0.91567055143
177723
0.91749604648
177743
0.912538890608
177763
0.920155863243
177783
0.919592271727
177803
0.922677306793
177823
0.919136972291
177843
0.921939244706
177863
0.915660023034
177883
0.918516656353
177903
0.920542405803
177923
0.921772509282
177943
0.922155613999
177963
0.914229880019
177983
0.923856272346
178003
0.919784146383
178023
0.925664363311
178043
0.923481762239
178063
0.933234495325
178083
0.936398385932
178103
0.94508109014
178123
0.951772423336
178143
0.94733416701
178163
0.95236631085
178183
0.955154402159
178203
0.965894011276
178223
0.968821335259
178243
0.975147612417
178263
0.975278680212
178283
0.972523678149
178303
0.969442940388
178323
0.966881531903
178343
0.960117144527
178363
0.959335679662
178383
0.965007907041
178403
0.967095967409
178423
0.958579998625
178443
0.959557420586
178463
0.960908278328
178483
0.963433159722
178503
0.962980223804
178523
0.967522045173
178543
0.968921677324
178563
0.9682141261
178583
0.974929524202
178603
0.973885494018
178623
0.973806853342
178643
0.97415514989
178663
0.973580385382
178683
0.973780854648
178703
0.970979871425
178723
0.961912343578
178743
0.963139868674
178763
0.953250481298
178783
0.948651505776
178803
0.948821679043
178823
0.946014894458
178843
0.945974499794
178863
0.947397122525
178883
0.943544373969
178903
0.944203150784
178923
0.941567828658
178943
0.941970486111
178963
0.950357535754
178983
0.954681913504
179003
0.960185041942
179023
0.972827497594
179043
0.970618038366
179063
0.973754641089
179083
0.97711191041
179103
0.976319272552
179123
0.982064983842
179143
0.986404617024
179163
0.994580239274
179183
0.994649211015
179203
0.994560256807
179223
0.994660169142
179243
0.994683374587
179263
0.9948718114
179283
1.0
179303
0.729528499725
179323
0.397697504125
179343
0.391927298199
179363
0.392687706271
179383
0.392591231779
179403
0.392513880294
179423
0.389874260864
179443
0.953679996906
179463
1.0
