143918
0.112796798407
143938
0.111006433824
143958
0.107029335172
143978
0.0979683670343
143998
0.0953278186275
144018
0.0995768229167
144038
0.104804304534
144058
1.0
144078
1.0
144098
1.0
144118
1.0
144138
0.986343443627
144158
0.986264935662
144178
0.986370251225
144198
0.989566099877
144218
0.986128982843
144238
0.982986749387
144258
0.983120787377
144278
0.982814414828
144298
1.0
144318
0.978856464461
144338
0.978946461397
144358
0.978944546569
144378
0.978919653799
144398
1.0
144418
0.978220741422
144438
0.977542892157
144458
0.977531403186
144478
0.977655867034
144498
1.0
144518
0.979951746324
144538
0.978429457721
144558
0.978465839461
144578
0.978465839461
144598
0.984920726103
144618
0.989426317402
144638
0.986134727328
144658
0.986213235294
144678
0.986766620711
144698
1.0
144718
0.990188419118
144738
0.99045458027
144758
0.990512025123
144778
1.0
144798
0.99111328125
144818
0.990418198529
144838
0.990529258578
144858
0.991651348039
144878
1.0
144898
0.992124310662
144918
0.992216222426
144938
0.992296645221
144958
1.0
144978
0.993901271446
144998
0.993912760417
145018
0.994062117034
145038
0.995827588848
145058
0.99136986826
145078
0.989198452819
145098
0.98938036152
145118
0.989627374387
145138
1.0
145158
0.991203278186
145178
0.991325827206
145198
0.991452205882
145218
1.0
145238
0.994491038603
145258
0.993974034926
145278
0.994008501838
145298
0.994755284926
145318
1.0
145338
0.993790211397
145358
0.993864889706
145378
0.993887867647
145398
1.0
145418
0.994209558824
145438
0.994088924632
145458
0.994094669118
145478
0.995835248162
145498
0.996197150735
145518
0.995065487132
145538
0.995128676471
145558
0.995329733456
145578
1.0
145598
0.992032398897
145618
0.992147288603
145638
0.992176011029
145658
1.0
145678
0.989357383578
145698
0.988631663603
145718
0.988813572304
145738
0.989895450368
145758
1.0
145778
0.989970128676
145798
0.990431602328
145818
0.990441176471
145838
1.0
145858
0.990293734681
145878
0.990188419118
145898
0.990255438113
145918
0.993987438725
145938
0.992440257353
145958
0.98981885723
145978
0.99000268076
145998
0.990362668505
146018
1.0
146038
0.981613817402
146058
0.981684666054
146078
0.981834022672
146098
1.0
146118
0.984112668505
146138
0.982705269608
146158
0.982854626225
146178
0.985052849265
146198
1.0
146218
0.990205652574
146238
0.990207567402
146258
0.990312882966
146278
1.0
146298
0.990314797794
146318
0.990194163603
146338
0.990175015319
146358
0.993545113358
146378
0.990762867647
146398
0.98801317402
146418
0.987965303309
146438
0.987942325368
146458
1.0
146478
1.0
146498
0.992252604167
146518
0.991469439338
146538
0.984309895833
146558
0.983147594975
146578
0.974915747549
146598
0.974172794118
146618
0.974770220588
146638
0.974149816176
146658
0.974092371324
146678
0.97561083027
146698
0.972907092525
146718
0.975074678309
146738
0.981613817402
146758
0.982820159314
146778
0.991124770221
146798
0.989929917279
146818
0.98443627451
146838
0.974603630515
146858
0.967478553922
146878
0.963417202819
146898
0.959851792279
146918
0.949213005515
146938
0.943010876225
146958
0.933360140931
146978
0.924961703431
146998
0.916145833333
147018
0.918562346814
147038
0.91400122549
147058
0.916253063725
147078
0.913480392157
147098
0.916532628676
147118
0.913652726716
147138
0.918120021446
147158
0.916865808824
147178
0.921591605392
147198
0.91607689951
147218
0.921710324755
147238
0.915146292892
147258
0.919025735294
147278
0.916831341912
147298
0.914229090074
147318
0.911923636642
147338
0.917442172181
147358
0.921650965074
147378
0.928550091912
147398
0.927219286152
147418
0.94045458027
147438
0.942811734069
147458
0.942612591912
147478
0.947956878064
147498
0.941561351103
147518
0.944569546569
147538
0.937614889706
147558
0.930418964461
147578
0.928986672794
147598
0.911508118873
147618
0.899442784926
147638
0.88757276348
147658
0.885447303922
147678
0.877249923407
147698
0.873270909926
147718
0.871438419118
147738
0.868983609069
147758
0.869358915441
147778
0.868502987132
147798
0.869950597426
147818
0.882211243873
147838
0.892555147059
147858
0.889935661765
147878
0.897418811275
147898
0.892851945466
147918
0.891593903186
147938
0.890546492034
147958
0.888761871936
147978
0.885914522059
147998
0.886228553922
148018
0.881853170956
148038
0.875028722426
148058
0.877232689951
148078
0.879407935049
148098
0.887348728554
148118
0.88121361826
148138
0.879788985907
148158
0.879913449755
148178
0.874540441176
148198
0.871283318015
148218
0.877205882353
148238
0.881096813725
148258
0.874628523284
148278
0.871258425245
148298
0.859782858456
148318
0.853712852328
148338
0.875067018995
148358
0.870245481005
148378
0.870040594363
148398
0.877106311275
148418
0.873178998162
148438
0.875065104167
148458
0.877387791054
148478
0.87311963848
148498
0.882121246936
148518
0.881541053922
148538
0.880746400123
148558
0.879601332721
148578
0.878159466912
148598
0.874004289216
148618
0.873971737132
148638
0.878142233456
148658
0.887289368873
148678
0.887136182598
148698
0.88070044424
148718
0.884369255515
148738
0.877740119485
148758
0.880635340074
148778
0.876034007353
148798
0.877977558211
148818
0.881765088848
148838
0.875762101716
148858
0.870886948529
148878
0.872909007353
148898
0.871112898284
148918
0.868277037377
148938
0.861452588848
148958
0.867130055147
148978
0.859662224265
148998
0.854254748775
149018
0.856914445466
149038
0.856047028186
149058
0.87033739277
149078
0.859943704044
149098
0.870741421569
149118
0.86966528799
149138
0.875607000613
149158
0.875057444853
149178
0.872937729779
149198
0.85791015625
149218
0.869500612745
149238
0.860110294118
149258
0.850597426471
149278
0.847882199755
149298
0.856399356618
149318
0.85830078125
149338
0.856642539828
149358
0.865586703431
149378
0.864589077819
149398
0.875497855392
149418
0.869728477328
149438
0.886148131127
149458
0.895927159926
149478
0.892995557598
149498
0.891546032475
149518
0.880644914216
149538
0.891316253064
149558
0.889847579657
149578
0.886747472426
149598
0.884903492647
149618
0.876179534314
149638
0.86989698223
149658
0.867580039828
149678
0.866659007353
149698
0.867589613971
149718
0.867331112132
149738
0.863876761642
149758
0.861441099877
149778
0.878825827206
149798
0.884195006127
149818
0.891216681985
149838
0.891984528186
149858
0.896493949142
149878
0.899222579657
149898
0.88955078125
149918
0.884055223652
149938
0.895155484069
149958
0.892022824755
149978
0.885347732843
149998
0.884112668505
150018
0.881428079044
150038
0.879806219363
150058
0.873481541054
150078
0.876539522059
150098
0.879262408088
150118
0.882454427083
150138
0.880189185049
150158
0.883429074755
150178
0.874760646446
150198
0.879769837623
150218
0.87951708027
150238
0.891915594363
150258
0.886873851103
150278
0.891360294118
150298
0.891492417279
150318
0.882529105392
150338
0.883304610907
150358
0.880867034314
150378
0.893614047181
150398
0.881588924632
150418
0.881945082721
150438
0.87761182598
150458
0.87789330576
150478
0.876736749387
150498
0.882211243873
150518
0.879145603554
150538
0.868899356618
150558
0.877353324142
150578
0.86584520527
150598
0.862942325368
150618
0.875677849265
150638
0.878059895833
150658
0.874431295956
150678
0.872933900123
150698
0.875448069853
150718
0.891187959559
150738
0.878980928309
150758
0.864510569853
150778
0.868809359681
150798
0.876535692402
150818
0.874967447917
150838
0.886084941789
150858
0.878036917892
150878
0.876058900123
150898
0.873125382966
150918
0.873320695466
150938
0.877627144608
150958
0.887972962623
150978
0.888985906863
150998
0.881334252451
151018
0.882337622549
151038
0.878573069853
151058
0.882343367034
151078
0.883844592525
151098
0.870844822304
151118
0.868148743873
151138
0.877632889093
151158
0.88049364277
151178
0.882655484069
151198
0.883946078431
151218
0.878446691176
151238
0.885297947304
151258
0.878550091912
151278
0.882778033088
151298
0.898525582108
151318
0.899383425245
151338
0.891480928309
151358
0.883984375
151378
0.89078393076
151398
0.903557751225
151418
0.897935814951
151438
0.902734375
151458
0.901650582108
151478
0.895149739583
151498
0.892557061887
151518
0.900333180147
151538
0.894724647672
151558
0.893148743873
151578
0.891957720588
151598
0.884589460784
151618
0.881071920956
151638
0.881964231005
151658
0.873268995098
151678
0.874747242647
151698
0.867595358456
151718
0.869424019608
151738
0.865219056373
151758
0.870986519608
151778
0.880696614583
151798
0.885744102328
151818
0.881309359681
151838
0.886619178922
151858
0.890023743873
151878
0.896059283088
151898
0.892128140319
151918
0.896193321078
151938
0.890768612132
151958
0.872983685662
151978
0.868242570466
151998
0.879072840074
152018
0.877008655025
152038
0.87164330576
152058
0.874392999387
152078
0.870718443627
152098
0.865531173407
152118
0.869784007353
152138
0.876277190564
152158
0.890366498162
152178
0.881778492647
152198
0.871892233456
152218
0.890872012868
152238
0.879386871936
152258
0.880256204044
152278
0.878389246324
152298
0.874996170343
152318
0.863807827819
152338
0.862009803922
152358
0.849833409926
152378
0.863273590686
152398
0.848355162377
152418
0.843014705882
152438
0.84020948223
152458
0.852315027574
152478
0.845540364583
152498
0.85120825674
152518
0.851930147059
152538
0.854913449755
152558
0.864910768995
152578
0.868403416054
152598
0.865042892157
152618
0.875633808211
152638
0.877100566789
152658
0.881636795343
152678
0.895076976103
152698
0.896258425245
152718
0.888589537377
152738
0.882663143382
152758
0.896151194853
152778
0.904905790441
152798
0.897765395221
152818
0.895375689338
152838
0.895557598039
152858
0.894782092525
152878
0.897093290441
152898
0.900013403799
152918
0.913849954044
152938
0.909083946078
152958
0.908722043505
152978
0.905949371936
152998
0.926886106005
153018
0.927887561275
153038
0.928379672181
153058
0.922688802083
153078
0.919096583946
153098
0.925522748162
153118
0.924301087623
153138
0.928308823529
153158
0.93001685049
153178
0.929697074142
153198
0.927730545343
153218
0.923904718137
153238
0.925063189338
153258
0.921660539216
153278
0.921796492034
153298
0.924448529412
153318
0.919226792279
153338
0.912647441789
153358
0.911414292279
153378
0.908515242034
153398
0.902987132353
153418
0.897079886642
153438
0.899766390931
153458
0.899406403186
153478
0.896769684436
153498
0.885167738971
153518
0.896174172794
153538
0.868964460784
153558
0.862454044118
153578
0.850936351103
153598
0.850055530025
153618
0.856654028799
153638
0.860433900123
153658
0.86605200674
153678
0.878699448529
153698
0.897495404412
153718
0.91187768076
153738
0.939487591912
153758
0.96558861826
153778
0.974469592525
153798
0.992947686887
153818
1.0
153838
1.0
153858
1.0
153878
1.0
153898
1.0
