161045
0.724999787241
161065
0.684546483524
161085
0.682396556713
161105
0.678173934504
161125
0.692323878336
161145
0.68067895561
161165
0.663166147535
161185
0.660955158973
161205
0.63732958027
161225
0.634731796364
161245
0.626752706291
161265
0.618229804943
161285
0.632953771786
161305
0.643032577614
161325
0.648144744009
161345
0.670501642497
161365
0.681565521174
161385
0.675588490605
161405
0.666334124796
161425
0.663817614719
161445
0.686718111724
161465
0.758986928105
161485
0.858078235635
161505
0.909788602941
161525
0.907305283224
161545
0.778692427492
161565
0.646519480188
161585
0.598221337146
161605
0.562584252451
161625
0.555750442538
161645
0.560729209218
161665
0.536944912514
161685
0.529978128404
161705
0.532640590959
161725
0.522563274442
161745
0.526980783633
161765
0.526099537037
161785
0.535213907612
161805
0.523397075844
161825
0.545579299428
161845
0.520122293709
161865
0.508572048611
161885
0.507795692062
161905
0.511111749387
161925
0.514882684845
161945
0.507755480664
161965
0.522765820738
161985
0.55543236826
162005
0.529312619145
162025
0.663812295752
162045
0.71383250783
162065
0.66753514774
162085
0.650254672181
162105
0.676652922454
162125
0.690954137731
162145
0.704382404003
162165
0.713377842456
162185
0.713799955746
162205
0.711945338031
162225
0.710183483115
162245
0.715538619962
162265
0.717146650327
162285
0.719378063725
162305
0.726737174905
162325
0.726153790509
162345
0.720719507421
162365
0.713135297522
162385
0.710319648693
162405
0.700800611043
162425
0.712081929126
162445
0.72130395561
162465
0.729528356481
162485
0.741659858388
162505
0.73781445738
162525
0.750823588984
162545
0.747896880106
162565
0.752052270561
162585
0.745910777505
162605
0.72073291122
162625
0.705513642089
162645
0.705674274918
162665
0.711239404616
162685
0.708853953908
162705
0.724589162922
162725
0.724473422181
162745
0.721831597222
162765
0.687423406863
162785
0.706142556849
162805
0.73332567402
162825
0.717565997753
162845
0.701892488766
162865
0.708634812432
162885
0.65807398046
162905
0.675707209967
162925
0.72756395527
162945
0.749982553785
162965
0.774685755379
162985
0.765897969431
163005
0.747479234749
163025
0.737500851035
163045
0.772685397944
163065
0.781998272399
163085
0.791750919118
163105
0.778911781727
163125
0.774594269131
163145
0.781523820466
163165
0.801057198053
163185
0.794897407748
163205
0.77677759906
163225
0.769139561206
163245
0.762954239856
163265
0.786188129766
163285
0.789744178922
163305
0.790381178513
163325
0.803985396242
163345
0.817817691313
163365
0.831580414284
163385
0.812919985703
163405
0.785637297454
163425
0.777842669186
163445
0.760335180079
163465
0.841331358932
163485
0.915679466231
163505
0.924971703091
163525
0.938524858728
163545
0.948316865809
163565
0.956320210376
163585
0.971053113086
163605
0.96469141476
163625
0.973294738903
163645
0.967078142021
163665
0.968724256196
163685
0.959395424837
163705
0.944760178377
163725
0.930450027233
163745
0.924153220316
163765
0.939525037446
163785
0.939521633306
163805
0.957950154888
163825
0.957384642225
163845
0.952857775054
163865
0.945574405978
163885
0.947096481822
163905
0.939367808755
163925
0.943072789011
163945
0.945179525803
163965
0.933002706291
163985
0.925224460444
164005
0.94480273012
164025
0.94365064168
164045
0.947785181781
164065
0.943185125613
164085
0.937456597222
164105
0.930437474469
164125
0.909546483524
164145
0.903690512663
164165
0.901811853214
164185
0.888135510281
164205
0.927311836193
164225
0.913152318219
164245
0.917850456155
164265
0.927647356686
164285
0.923222613698
164305
0.905846396718
164325
0.894566355188
164345
0.868398097086
164365
0.857352090142
164385
0.857287624251
164405
0.840533513753
164425
0.830997880923
164445
0.806850405093
164465
0.799712137459
164485
0.77976536969
164505
0.764505889161
164525
0.773733872889
164545
0.771038219975
164565
0.773011982571
164585
0.7807898029
164605
0.777301198257
164625
0.791033071215
164645
0.779508995438
164665
0.783719915918
164685
0.789726732707
164705
0.788469115945
164725
0.800393178105
164745
0.779590907544
164765
0.789368447032
164785
0.795528662854
164805
0.81429249217
164825
0.822897731141
164845
0.824162368941
164865
0.828637535743
164885
0.834885620915
164905
0.819875919118
164925
0.812801479099
164945
0.791415611383
164965
0.781156173407
164985
0.769404233047
165005
0.752251625477
165025
0.757335494962
165045
0.744431253404
165065
0.736227277369
165085
0.733493966163
165105
0.722639229303
165125
0.72442236009
165145
0.728557325708
165165
0.724679585376
165185
0.721986485566
165205
0.715739464188
165225
0.729597503064
165245
0.752357579316
165265
0.756800406795
165285
0.759459252451
165305
0.754524526825
165325
0.769109987745
165345
0.768499795752
165365
0.758083129085
165385
0.753392012187
165405
0.742090694785
165425
0.740421602669
165445
0.741883255038
165465
0.730225566789
165485
0.743818721065
165505
0.723837911901
165525
0.725914862473
165545
0.7332495064
165565
0.726124004289
165585
0.737008952887
165605
0.736010901757
165625
0.75337818287
165645
0.74093456393
165665
0.779555376838
165685
0.790091613903
165705
0.788795275054
165725
0.768326397399
165745
0.773419841027
165765
0.767185372413
165785
0.772920709082
165805
0.790771590754
165825
0.811684708606
165845
0.799326193151
165865
0.790411177492
165885
0.788433372481
165905
0.792791521991
165925
0.79365893927
165945
0.79466039454
165965
0.767505787037
165985
0.752159288194
166005
0.738370183143
166025
0.739992893859
166045
0.733518220656
166065
0.72654930896
166085
0.746141833469
166105
0.755777462895
166125
0.753303079044
166145
0.768140233524
166165
0.750136378336
166185
0.759514782475
166205
0.771082686547
166225
0.763295079316
166245
0.77695142293
166265
0.787090864992
166285
0.796178640727
166305
0.793045768655
166325
0.797570295479
166345
0.796787130651
166365
0.79778858592
166385
0.79203197338
166405
0.777476298679
166425
0.774490017361
166445
0.780826397399
166465
0.796631816789
166485
0.789053138617
166505
0.806380208333
166525
0.797700291054
166545
0.787138735703
166565
0.776055070466
166585
0.786215788399
166605
0.768850847631
166625
0.778585835376
166645
0.784614140795
166665
0.785602617783
166685
0.772214988426
166705
0.771227149714
166725
0.772664122072
166745
0.773343673407
166765
0.76445142293
166785
0.766325614447
166805
0.752975643382
166825
0.757912071078
166845
0.781790832653
166865
0.776265276076
166885
0.775373391544
166905
0.792137288943
166925
0.79547802628
166945
0.791436461737
166965
0.80370434198
166985
0.804112200436
167005
0.791964316108
167025
0.771700750613
167045
0.788821869894
167065
0.815175653595
167085
0.797961558755
167105
0.783417160267
167125
0.773799828091
167145
0.784145858864
167165
0.798557070398
167185
0.807743566176
167205
0.792662164692
167225
0.793654471337
167245
0.760910266885
167265
0.753895612064
167285
0.782214648012
167305
0.787523616217
167325
0.770616106686
167345
0.760425177015
167365
0.753200103826
167385
0.744634437977
167405
0.732406556373
167425
0.746253106277
167445
0.755756399782
167465
0.759591375613
167485
0.762513403799
167505
0.761984911152
167525
0.759620310798
167545
0.767645569513
167565
0.789752902029
167585
0.781819129562
167605
0.78541943253
167625
0.779841111792
167645
0.797951984613
167665
0.800694444444
167685
0.801240596065
167705
0.805595766953
167725
0.811132599741
167745
0.787681057666
167765
0.784566270084
167785
0.786989379085
167805
0.765491813045
167825
0.766228809232
167845
0.772257540169
167865
0.781903382013
167885
0.792092822372
167905
0.793655535131
167925
0.806153833061
167945
0.813948035812
167965
0.802418853826
167985
0.795201865468
168005
0.796114387595
168025
0.793319163603
168045
0.780108336737
168065
0.761800449346
168085
0.775908054194
168105
0.783156530842
168125
0.776092090482
168145
0.773364098243
168165
0.788658896718
168185
0.759123306441
168205
0.758248229847
168225
0.759987106822
168245
0.765932649101
168265
0.77468554262
168285
0.783840975626
168305
0.784367127928
168325
0.765169696351
168345
0.77148926845
168365
0.773121127791
168385
0.792586848107
168405
0.784120327819
168425
0.770101443355
168445
0.764622906454
168465
0.774583631196
168485
0.794817197712
168505
0.798907909518
168525
0.795206971678
168545
0.80220630787
168565
0.806318721065
168585
0.81339209729
168605
0.818755318968
168625
0.793362779139
168645
0.787281284041
168665
0.798707703568
168685
0.80608617579
168705
0.826518246187
168725
0.820486536629
168745
0.808324610226
168765
0.79743285335
168785
0.782921857979
168805
0.770258246528
168825
0.76944678479
168845
0.760369646991
168865
0.745602915645
168885
0.7440380753
168905
0.743746383102
168925
0.730689806304
168945
0.734232026144
168965
0.745075699551
168985
0.737898709831
169005
0.747312431917
169025
0.752202265455
169045
0.773734723924
169065
0.768393841912
169085
0.772356260212
169105
0.769963788467
169125
0.789593545752
169145
0.805202588848
169165
0.810159228622
169185
0.775833801403
169205
0.755873629834
169225
0.780789377383
169245
0.773937057462
169265
0.775739549292
169285
0.75809546909
169305
0.739453337759
169325
0.73870655467
169345
0.743489796092
169365
0.784347979643
169385
0.820053572644
169405
0.812139799496
169425
0.8202429279
169445
0.82854541122
169465
0.824619800177
169485
0.856957209967
169505
0.905186844703
169525
0.922296049496
169545
0.894139561206
169565
0.884925832312
169585
0.877711822576
169605
0.841884318832
169625
0.817235583469
169645
0.814013352737
169665
0.781265956904
169685
0.805850651893
169705
0.781374889365
169725
0.805368753404
169745
0.788337843818
169765
0.779033054194
169785
0.780762569785
169805
0.754944299769
169825
0.76901977805
169845
0.73111596201
169865
0.698598771106
169885
0.696859681373
169905
0.716973251974
169925
0.770035062636
169945
0.798192614719
169965
0.818447882625
169985
0.852263327206
170005
0.86906275531
170025
0.954160283905
170045
0.990186929807
170065
1.0
170085
1.0
170105
1.0
170125
1.0
170145
0.983285675381
170165
0.934055861928
170185
0.903103936887
170205
0.873584090754
170225
0.863293590005
170245
0.876799513208
170265
0.893977013548
170285
0.936882361452
170305
0.984875834014
170325
1.0
170345
1.0
170365
1.0
170385
1.0
170405
1.0
170425
1.0
170445
1.0
170465
1.0
170485
1.0
170505
1.0
170525
1.0
170545
1.0
170565
1.0
170585
1.0
170605
1.0
170625
1.0
