159840
0.142332848837
159860
0.206102001575
159880
0.19573075642
159900
0.12532211422
159920
0.127037154797
159940
0.235152464874
159960
0.245092584181
159980
0.241982346172
160000
0.224087784641
160020
0.22199158188
160040
0.24085816376
160060
0.245719401042
160080
0.139679854046
160100
0.136878103803
160120
0.137239583333
160140
0.13679748062
160160
0.136382252301
160180
0.135328473232
160200
0.134749348958
160220
0.116028872941
160240
0.195901087088
160260
0.265065558382
160280
0.264114356226
160300
0.226674539729
160320
0.174869034641
160340
0.202251771439
160360
0.21562651405
160380
0.203722671391
160400
0.191965691618
160420
0.196591494065
160440
0.207130798813
160460
0.20310607437
160480
0.215113250969
160500
0.205876408067
160520
0.199816799903
160540
0.189444797723
160560
0.18268418423
160580
0.166279069767
160600
0.185415909641
160620
0.216994837088
160640
0.270550205911
160660
0.301278994065
160680
0.303208272771
160700
0.337182049419
160720
0.29407362827
160740
0.301033717902
160760
0.256009644501
160780
0.270018395712
160800
0.207073264898
160820
0.223631676962
160840
0.217840055717
160860
0.219823083212
160880
0.219570993823
160900
0.221628588299
160920
0.426401632146
160940
0.48617217781
160960
0.774417469113
160980
0.991794982437
161000
1.0
161020
0.991511097989
161040
0.991519425266
161060
0.991518668241
161080
0.991512233527
161100
0.993419558503
161120
0.993416908915
161140
0.993416908915
161160
0.993416908915
161180
0.985977622335
161200
0.985979514898
161220
0.985980271923
161240
0.983711467418
161260
0.983695191376
161280
0.983694434351
161300
0.983694434351
161320
0.987020803052
161340
0.987023074128
161360
0.987015882389
161380
0.987015882389
161400
0.989227531492
161420
0.989238508358
161440
0.98923737282
161460
0.989243807534
161480
0.993971808382
161500
0.993972186894
161520
0.993963481105
161540
0.993963859617
161560
0.222240643169
161580
0.0658808745155
161600
0.190445585029
161620
0.145212572674
161640
0.14684585453
161660
0.129572053658
161680
0.14493058079
161700
0.154417999031
161720
0.149399679021
161740
0.138961437137
161760
0.160699415577
161780
0.10820463905
161800
0.189021999152
161820
0.150506071342
161840
0.289768047481
161860
0.164606422602
161880
0.222505980499
161900
0.171755390019
161920
0.142075460271
161940
0.139754042515
161960
0.147840964147
161980
0.112924691134
162000
0.112704396802
162020
0.0684702791909
162040
0.0767294240552
162060
0.128195403343
162080
0.132586906492
162100
0.139672283794
162120
0.169621714511
162140
0.160467387355
162160
0.182346929506
162180
0.206297692587
162200
0.157811364462
162220
0.15213973171
162240
0.932770106589
162260
0.377176825945
162280
0.316863493217
162300
0.312752846415
162320
0.320569510053
162340
0.32932753452
162360
0.148085104772
162380
0.143179203004
162400
0.156478243096
162420
0.127349806202
162440
0.127315740068
162460
0.121312908794
162480
0.105756041061
162500
0.10544982437
162520
0.317896075581
162540
0.326512536337
162560
0.109967750727
162580
0.154324884932
162600
0.145755738251
162620
0.104943374516
162640
0.105992611434
162660
0.272411730862
162680
1.0
162700
1.0
162720
0.992920300388
162740
0.992911216085
162760
0.992911216085
162780
0.990661337209
162800
0.990663229772
162820
0.990663608285
162840
0.990663608285
162860
0.991425932655
162880
0.991424797117
162900
0.991423661579
162920
0.991423661579
162940
0.991658717902
162960
0.991659096415
162980
0.991659474927
163000
0.995683063832
163020
0.995681928295
163040
0.995681171269
163060
0.99568419937
163080
0.995514625727
163100
0.995514625727
163120
0.995514625727
163140
0.995514625727
163160
0.996075581395
163180
0.996075581395
163200
0.996072174782
163220
0.996072174782
163240
0.994967675024
163260
0.994967675024
163280
0.994964646923
163300
0.996357194767
163320
0.996356437742
163340
0.996356437742
163360
0.996356437742
163380
0.990056852592
163400
0.990056852592
163420
0.990056852592
163440
0.990056852592
163460
0.993907082728
163480
0.993899890988
163500
0.993899133963
163520
0.993894970325
163540
0.989992505451
163560
0.989992126938
163580
0.989994398014
163600
0.989994398014
163620
0.995533172844
163640
0.989653358164
163660
0.989788487161
163680
0.989369095203
163700
0.989470536579
163720
0.98949097626
163740
0.983860222868
163760
0.981502467902
163780
0.973660065407
163800
0.973591176114
163820
0.977623470809
163840
0.983910186531
163860
0.982094083091
163880
0.971939347141
163900
0.960854984254
163920
0.952385386386
163940
0.950582530887
163960
0.944925281613
163980
0.940727955426
164000
0.933038850533
164020
0.923010159278
164040
0.905793513808
164060
0.899868656129
164080
0.890646953731
164100
0.888989447069
164120
0.891550463299
164140
0.890315755208
164160
0.891625787306
164180
0.887329290819
164200
0.883020303416
164220
0.883289047359
164240
0.884492717418
164260
0.885924252059
164280
0.888934941255
164300
0.896057034278
164320
0.889231695131
164340
0.8895492672
164360
0.889165455426
164380
0.898848943193
164400
0.906980150799
164420
0.906594067951
164440
0.913175266473
164460
0.916737448522
164480
0.916506934351
164500
0.922619912791
164520
0.922176296027
164540
0.927735132025
164560
0.926636688469
164580
0.925988674903
164600
0.926354318072
164620
0.92534103985
164640
0.924798252786
164660
0.921403373304
164680
0.917109904918
164700
0.912326262718
164720
0.9083022953
164740
0.912108239462
164760
0.90108292454
164780
0.894186046512
164800
0.885153600412
164820
0.88773619186
164840
0.882591070131
164860
0.880909338663
164880
0.882619837088
164900
0.884887884569
164920
0.892400602592
164940
0.88815444828
164960
0.888780129603
164980
0.892827564801
165000
0.893045588057
165020
0.895883296996
165040
0.902698416303
165060
0.899309214511
165080
0.898798601017
165100
0.902070842418
165120
0.905553915334
165140
0.909242142078
165160
0.90794081577
165180
0.906444555475
165200
0.90804566376
165220
0.905871487403
165240
0.907377210514
165260
0.912813786943
165280
0.906139474322
165300
0.901991733285
165320
0.901314195736
165340
0.895921905281
165360
0.897641866521
165380
0.899324355015
165400
0.894895000606
165420
0.89586929203
165440
0.898089268411
165460
0.889859647529
165480
0.88639512173
165500
0.88837020046
165520
0.892884341691
165540
0.884591130693
165560
0.87919921875
165580
0.885180096294
165600
0.890152616279
165620
0.880080774588
165640
0.871184971536
165660
0.877886158551
165680
0.884373864462
165700
0.879251832001
165720
0.882761779312
165740
0.883194040698
165760
0.889546617611
165780
0.884970021802
165800
0.886375817587
165820
0.891818828731
165840
0.895649376211
165860
0.891924433745
165880
0.891469840116
165900
0.895627043968
165920
0.894290137476
165940
0.893006979772
165960
0.894200051478
165980
0.893158763324
166000
0.893685274346
166020
0.898414032219
166040
0.900904266594
166060
0.902439135174
166080
0.896061954942
166100
0.893758327277
166120
0.893933200097
166140
0.889713163154
166160
0.891344173934
166180
0.888687015504
166200
0.876933442345
166220
0.870256480136
166240
0.865802900921
166260
0.863491703004
166280
0.862669952156
166300
0.864456910126
166320
0.867134129724
166340
0.872740279797
166360
0.87437621124
166380
0.872934078246
166400
0.872772453367
166420
0.877333908672
166440
0.881555081153
166460
0.88614151829
166480
0.886287624152
166500
0.888972035489
166520
0.893420694041
166540
0.888000015141
166560
0.893575884205
166580
0.897521878028
166600
0.896212981468
166620
0.898083212209
166640
0.893899133963
166660
0.89167007328
166680
0.888463314559
166700
0.88413010235
166720
0.881947977229
166740
0.880455880572
166760
0.877094688711
166780
0.874318677326
166800
0.879234420422
166820
0.880297662306
166840
0.877628769985
166860
0.88055618641
166880
0.882771999152
166900
0.891170436652
166920
0.890287366764
166940
0.899900072674
166960
0.900269879482
166980
0.898803900194
167000
0.902513702156
167020
0.910312954215
167040
0.918713284278
167060
0.920786019259
167080
0.93023407219
167100
0.933516911943
167120
0.925881934351
167140
0.914055308261
167160
0.90819290516
167180
0.905123546512
167200
0.894643668241
167220
0.883755374879
167240
0.875666182171
167260
0.872276980378
167280
0.850837648377
167300
0.837641563711
167320
0.856273846294
167340
0.848563923207
167360
0.847451853198
167380
0.851154841933
167400
0.853684820131
167420
0.84760666485
167440
0.845243232195
167460
0.843297298934
167480
0.851185879966
167500
0.853240824855
167520
0.848210770954
167540
0.852350941739
167560
0.860110449976
167580
0.851968644016
167600
0.853312742248
167620
0.854691663639
167640
0.858906401405
167660
0.862139656008
167680
0.854838148014
167700
0.857348822069
167720
0.854369549419
167740
0.854888490189
167760
0.859820887839
167780
0.853640155644
167800
0.858508963178
167820
0.865260113857
167840
0.867072432171
167860
0.870820463905
167880
0.87279478561
167900
0.867270015746
167920
0.863897468508
167940
0.853906628513
167960
0.862966706032
167980
0.86111388687
168000
0.859852682897
168020
0.85673828125
168040
0.845723943193
168060
0.850144970325
168080
0.847096051357
168100
0.857855650436
168120
0.855330971415
168140
0.85279266594
168160
0.847093023256
168180
0.846217523619
168200
0.858610404554
168220
0.855463072311
168240
0.857409762597
168260
0.867135643774
168280
0.863030674661
168300
0.875018547117
168320
0.890704109133
168340
0.909610813348
168360
0.912867535732
168380
0.92011567345
168400
0.910604787427
168420
0.908167544816
168440
0.909782658067
168460
0.911409505208
168480
0.922918937742
168500
0.916441830184
168520
0.91375060562
168540
0.907073264898
168560
0.916739719598
168580
0.929874863735
168600
0.930835907219
168620
0.940741960392
168640
0.957826126453
168660
0.93814422844
168680
0.944024421633
168700
0.946753875969
168720
0.952148058987
168740
0.9556159914
168760
0.954496351139
168780
0.952754436168
168800
0.957690618944
168820
0.963724866764
168840
0.961410262234
168860
0.978738190407
168880
0.963572326187
168900
0.962322099079
168920
0.962590085998
168940
0.963140443314
168960
0.965719249637
168980
0.968119019501
169000
0.966707546027
169020
0.964822553295
169040
0.964928536822
169060
0.958706546754
169080
0.970468825703
169100
0.963102213542
169120
0.96058472626
169140
0.947838693072
169160
0.940846808382
169180
0.9287590086
169200
0.928355514172
169220
0.932111494671
169240
0.935401526163
169260
0.941361964026
169280
0.941326762355
169300
0.956066421391
169320
0.95890715843
169340
0.975665046633
169360
0.978825248304
169380
1.0
169400
1.0
169420
1.0
