145424
0.0694839015152
145444
0.0676203137141
145464
0.0686446799728
145484
0.071174485237
145504
0.0672272605866
145524
0.0668949106449
145544
0.0724173829643
145564
0.0670846081002
145584
0.0680619293901
145604
0.0712579521173
145624
0.0676552180458
145644
0.0674245459402
145664
0.0716934974747
145684
0.0679147241647
145704
0.0722990117521
145724
0.0734432668026
145744
0.0724325587607
145764
0.0727952602953
145784
0.0722701777389
145804
0.0681620896465
145824
0.071365700272
145844
0.0680467535936
145864
0.0518921182984
145884
0.0770566239316
145904
0.066597465035
145924
0.0607229142385
145944
0.0628035159285
145964
0.0630994439588
145984
0.0611402486402
146004
0.0642634275447
146024
0.0639386655012
146044
0.0683275058275
146064
0.0762280254468
146084
0.0777562281469
146104
0.0752734678516
146124
0.0786819517288
146144
0.0796380269037
146164
0.081504649864
146184
0.0801024062743
146204
0.0822588869464
146224
0.0825350864413
146244
0.0806942623349
146264
0.081440911519
146284
0.0824531371406
146304
0.0845640904235
146324
0.0838204763986
146344
0.0850360576923
146364
0.0838310994561
146384
0.0852864583333
146404
0.0844017094017
146424
0.0865323912199
146444
0.0856749587218
146464
0.0848827821484
146484
0.0866917370824
146504
0.0865323912199
146524
0.085495884324
146544
0.0866371042152
146564
0.0867008425602
146584
0.0865430142774
146604
0.0837810193279
146624
0.0771901709402
146644
0.0827490651709
146664
0.0892336829837
146684
0.0892913510101
146704
0.0886691433566
146724
0.0892928685897
146744
0.0890333624709
146764
0.0900076486014
146784
0.0886190632284
146804
0.0484138257576
146824
0.0470343458625
146844
0.0488979336636
146864
0.0490557619464
146884
0.0482226107226
146904
0.0482984897047
146924
0.0475624635781
146944
0.0470130997475
146964
0.0479403409091
146984
0.0477172567016
147004
0.0478052763209
147024
0.0480147023116
147044
0.0476626238345
147064
0.047588262432
147084
0.0483910620629
147104
0.0475837096931
147124
0.0481178977273
147144
0.0471238830614
147164
0.0481907415501
147184
0.0479949737762
147204
0.0477597489316
147224
0.0474046352953
147244
0.0480162198912
147264
0.0486611912393
147284
0.172430434149
147304
0.180502440268
147324
0.0659843628594
147344
0.0620705249611
147364
0.0605074179293
147384
0.0646306818182
147404
0.0573554050117
147424
0.0632375437063
147444
0.0639614291958
147464
0.0589579691142
147484
0.0602403239122
147504
0.0555737665113
147524
0.057625534188
147544
0.0863624222999
147564
0.0617123761655
147584
0.0752856084887
147604
0.0584784139472
147624
0.0580686674437
147644
0.0563659430847
147664
0.0643408241064
147684
0.0605726738539
147704
0.0586863223582
147724
0.0568925432207
147744
0.0535948426573
147764
0.0403327141608
147784
0.0388045114608
147804
0.0543005171911
147824
0.0550532366939
147844
0.0568288048757
147864
0.0558651418026
147884
0.0554736062549
147904
0.0514201510295
147924
0.0595741064491
147944
0.0523807789433
147964
0.0511181526807
147984
0.0524870095183
148004
0.0521212728244
148024
0.0476808347902
148044
0.0561276830808
148064
0.049796340812
148084
0.0518830128205
148104
0.0528375704157
148124
0.0517342900155
148144
0.0483106303419
148164
0.0448642069736
148184
0.047023722805
148204
0.0444711538462
148224
0.0518648018648
148244
0.057859241453
148264
0.0535280691531
148284
0.0530469964064
148304
0.0543035523504
148324
0.0535417273699
148344
0.0520059367716
148364
0.0509527364996
148384
0.0518830128205
148404
0.0510225451632
148424
0.0505581657925
148444
0.0506826073232
148464
0.0478887432012
148484
0.0474061528749
148504
0.0465912126068
148524
0.0527965957653
148544
0.0554872644716
148564
0.0411582774864
148584
0.0419216200466
148604
0.0420703428516
148624
0.0442541399573
148644
0.0454378520785
148664
0.0447154841686
148684
0.0452238733489
148704
0.0460297081391
148724
0.0471633401321
148744
0.0470328282828
148764
0.0468658945221
148784
0.0470146173271
148804
0.0476884226884
148824
0.04674752331
148844
0.0470388986014
148864
0.0466215641997
148884
0.0468006385975
148904
0.0467490408897
148924
0.0474031177156
148944
0.047444092366
148964
0.0468704472611
148984
0.0460919289044
149004
0.0474638209013
149024
0.0491771683178
149044
0.0499996964841
149064
0.0502865190365
149084
0.052106097028
149104
0.0536874150155
149124
0.0542823062354
149144
0.0565586756993
149164
0.0563538024476
149184
0.0552869439588
149204
0.0585831269425
149224
0.0587318497475
149244
0.060423951049
149264
0.0619976811383
149284
0.0655123955905
149304
0.0699042710761
149324
0.070881592366
149344
0.0678555385587
149364
0.0675596105284
149384
0.0700165719697
149404
0.0747544556138
149424
0.0767379322067
149444
0.0868040379759
149464
0.101195245726
149484
0.110217256702
149504
0.142540185509
149524
0.363269109363
149544
0.785402097902
149564
1.0
149584
1.0
149604
1.0
149624
0.97295369561
149644
0.969988344988
149664
0.969973169192
149684
0.970137067793
149704
0.970132515054
149724
0.970137067793
149744
0.970137067793
149764
0.969774366259
149784
0.966277862762
149804
0.967634578963
149824
0.992724723193
149844
0.992260343823
149864
0.991131264569
149884
0.98038224796
149904
0.96811261655
149924
0.958128460082
149944
0.948499417249
149964
0.939516863345
149984
0.927338286713
150004
0.916876092657
150024
0.904142081876
150044
0.902325539044
150064
0.889577870047
150084
0.878669507576
150104
0.870870665793
150124
0.864551464161
150144
0.865389168124
150164
0.861719660548
150184
0.864032451923
150204
0.869117861305
150224
0.876643538753
150244
0.883923368298
150264
0.888184731935
150284
0.901906687063
150304
0.911426464161
150324
0.917973302739
150344
0.917354130245
150364
0.9290910912
150384
0.940828052156
150404
0.936170600233
150424
0.936024912587
150444
0.921524439103
150464
0.909678212413
150484
0.886327214452
150504
0.868876566142
150524
0.846886837121
150544
0.82230659965
150564
0.798946496212
150584
0.805752840909
150604
0.803362652972
150624
0.796246722028
150644
0.775249490093
150664
0.775285912005
150684
0.772936698718
150704
0.778736888112
150724
0.779993444056
150744
0.791511873543
150764
0.816210482226
150784
0.82706421183
150804
0.832363599942
150824
0.832340836247
150844
0.819984702797
150864
0.808684804779
150884
0.808265952797
150904
0.804532706876
150924
0.804118407634
150944
0.797494172494
150964
0.803722319347
150984
0.806399329837
151004
0.804259542541
151024
0.799242424242
151044
0.805088141026
151064
0.813824847028
151084
0.81713013549
151104
0.816642992424
151124
0.814721736597
151144
0.812322443182
151164
0.813196569056
151184
0.816388039044
151204
0.814016062063
151224
0.831134360431
151244
0.848371030012
151264
0.864715362762
151284
0.857180579837
151304
0.856465799825
151324
0.867788461538
151344
0.878833406177
151364
0.89457222465
151384
0.916880645396
151404
0.934121867716
151424
0.951627148893
151444
0.959079982517
151464
0.972965836247
151484
0.961392773893
151504
0.954845935315
151524
0.948863636364
151544
0.952378350816
151564
0.949551099942
151584
0.942617278555
151604
0.94280849359
151624
0.933898783508
151644
0.930839342949
151664
0.924178685897
151684
0.923013184732
151704
0.904319638695
151724
0.895555616259
151744
0.883659309441
151764
0.888025386072
151784
0.88947770979
151804
0.884861232517
151824
0.889555106352
151844
0.887893356643
151864
0.88914080711
151884
0.885307400932
151904
0.883609229312
151924
0.881041484557
151944
0.881433020105
151964
0.895045709499
151984
0.91134451486
152004
0.911795236014
152024
0.911467438811
152044
0.908662951632
152064
0.910807291667
152084
0.909427811772
152104
0.914171765734
152124
0.912004662005
152144
0.918369391026
152164
0.920099431818
152184
0.921155667249
152204
0.92085518648
152224
0.918474104021
152244
0.920914372086
152264
0.915564903846
152284
0.913589015152
152304
0.914731752622
152324
0.916065705128
152344
0.917404210373
152364
0.913966892483
152384
0.913461538462
152404
0.916775932401
152424
0.917955091783
152444
0.909578052156
152464
0.910515916375
152484
0.91176791958
152504
0.907105914918
152524
0.910684367716
152544
0.914668014277
152564
0.911899949009
152584
0.910133486305
152604
0.912651150932
152624
0.913857626748
152644
0.905216528263
152664
0.903509251166
152684
0.903773310023
152704
0.914982153263
152724
0.914235504079
152744
0.910857371795
152764
0.909500655594
152784
0.916625692016
152804
0.911786130536
152824
0.913429669289
152844
0.901205565268
152864
0.901801974068
152884
0.908763111888
152904
0.914112580128
152924
0.91155849359
152944
0.913197479604
152964
0.921428831585
152984
0.919484812063
153004
0.91261928176
153024
0.901241987179
153044
0.890210700758
153064
0.894790756119
153084
0.901469624126
153104
0.903140479312
153124
0.913192926865
153144
0.907392737471
153164
0.907656796329
153184
0.906937463578
153204
0.908726689977
153224
0.905098157051
153244
0.905776515152
153264
0.920550152972
153284
0.926113599942
153304
0.935879224942
153324
0.924442744755
153344
0.929669289044
153364
0.92735194493
153384
0.921793050699
153404
0.918656213578
153424
0.916980805653
153444
0.91762729458
153464
0.90973284528
153484
0.912628387238
153504
0.908362470862
153524
0.897490530303
153544
0.897517846737
153564
0.896197552448
153584
0.895796911422
153604
0.883267773893
153624
0.885594223485
153644
0.876397690851
153664
0.888339525058
153684
0.884405958625
153704
0.88107335373
153724
0.880194675117
153744
0.873902789918
153764
0.883627440268
153784
0.887133049242
153804
0.888599031177
153824
0.889942089161
153844
0.88726963141
153864
0.894790756119
153884
0.894695148601
153904
0.907388184732
153924
0.91155849359
153944
0.916156759907
153964
0.91915701486
153984
0.921975160256
154004
0.910270068473
154024
0.904815887238
154044
0.91019722465
154064
0.91678048514
154084
0.910151697261
154104
0.915036786131
154124
0.916989911131
154144
0.919334571678
154164
0.917955091783
154184
0.910952979312
154204
0.9108346081
154224
0.912359775641
154244
0.916461793415
154264
0.92926409528
154284
0.930971372378
154304
0.935023310023
154324
0.929655630828
154344
0.928248834499
154364
0.925703853438
154384
0.926791958042
154404
0.928130463287
154424
0.92242588141
154444
0.923727964744
154464
0.92395560169
154484
0.923177083333
154504
0.922011582168
154524
0.922953999126
154544
0.924907124126
154564
0.92671456148
154584
0.926883012821
154604
0.927452105186
154624
0.930516098485
154644
0.932901733683
154664
0.933789517774
154684
0.934395032051
154704
0.933698462995
154724
0.934249344406
154744
0.935993043415
154764
0.930056271853
154784
0.925662878788
154804
0.923181636072
154824
0.920732262529
154844
0.925512638403
154864
0.922913024476
154884
0.928389969406
154904
0.921488017191
154924
0.897540610431
154944
0.890807109557
154964
0.894909127331
154984
0.88302647873
155004
0.861064066142
155024
0.851639896562
155044
0.856452141608
155064
0.87036986451
155084
0.874931708916
155104
0.875391535548
155124
0.880531577797
155144
0.885257320804
155164
0.901446860431
155184
0.926609848485
155204
0.9329153919
155224
0.944133340618
155244
0.96768921183
155264
0.991267846737
155284
0.876834753788
155304
0.882689576049
155324
0.883650203963
155344
0.883795891608
155364
0.883782233392
155384
1.0
155404
1.0
