166865
0.490465590533
166885
0.477787990196
166905
0.47187164905
166925
0.468479530484
166945
0.46817890242
166965
0.468226294424
166985
0.454715265012
167005
0.465596277574
167025
0.464890663297
167045
0.459600471048
167065
0.455283490349
167085
0.454343788297
167105
0.452272901348
167125
0.450254672181
167145
0.451473460478
167165
0.440026616115
167185
0.439703967525
167205
0.444294289982
167225
0.441024241728
167245
0.442389035692
167265
0.439470837163
167285
0.433040364583
167305
0.434209367341
167325
0.436503331801
167345
0.427107268689
167365
0.428760723039
167385
0.42970569087
167405
0.42718817019
167425
0.422781671262
167445
0.415359796262
167465
0.415910309436
167485
0.413419117647
167505
0.418189433977
167525
0.418114755668
167545
0.415284639246
167565
0.418019492953
167585
0.419584386489
167605
0.422640452665
167625
0.4249056947
167645
0.424564376532
167665
0.429413200827
167685
0.424513154871
167705
0.428098192402
167725
0.421015242034
167745
0.4238214231
167765
0.424111998315
167785
0.435586128983
167805
0.422238817402
167825
0.430886182598
167845
0.432002048866
167865
0.43691741345
167885
0.441573318781
167905
0.44286439185
167925
0.444213867188
167945
0.444998946844
167965
0.445040115656
167985
0.452644378064
168005
0.454305013021
168025
0.460374540441
168045
0.528866038603
168065
0.806384995404
168085
0.959185431985
168105
0.969356043199
168125
0.969249770221
168145
0.969672947304
168165
0.968547028186
168185
0.966361730239
168205
0.965169270833
168225
0.966488587623
168245
0.969009459252
168265
0.971002316942
168285
0.973099054075
168305
0.975381050858
168325
0.9765692019
168345
0.977166149663
168365
0.977521350337
168385
0.979625268076
168405
0.980710497089
168425
0.980449123009
168445
0.980832567402
168465
0.980790919884
168485
0.980960860907
168505
0.980626244638
168525
0.977798043045
168545
0.975793696385
168565
0.976776482077
168585
0.976521809896
168605
0.976478247549
168625
0.975978477328
168645
0.975603170956
168665
0.978786094516
168685
0.981442440257
168705
0.985017424939
168725
0.988740330116
168745
0.988822667739
168765
0.988597196691
168785
0.98878437117
168805
0.990496706495
168825
0.989643171722
168845
0.988819316789
168865
0.988365023744
168885
0.988076363358
168905
0.987965782016
168925
0.992037185968
168945
0.989624502145
168965
0.988965322457
168985
0.988718788297
169005
0.98861395144
169025
0.988429649203
169045
0.991636986826
169065
0.990670955882
169085
0.988379863664
169105
0.988295611213
169125
0.988769052543
169145
0.9883822572
169165
0.989675723805
169185
0.992467543658
169205
0.989069680607
169225
0.988538794424
169245
0.988579484528
169265
0.98827789905
169285
0.990107038909
169305
0.988346354167
169325
0.982539158241
169345
0.9744207644
169365
0.965605851716
169385
0.957846009498
169405
0.95308526731
169425
0.947831935509
169445
0.944557100184
169465
0.943839039522
169485
0.933869964001
169505
0.92972723269
169525
0.930890969669
169545
0.928618547028
169565
0.923930089614
169585
0.921084175858
169605
0.915681966146
169625
0.905520450368
169645
0.907059972426
169665
0.910039445466
169685
0.90660424326
169705
0.914689606311
169725
0.917600624234
169745
0.916383750766
169765
0.917562327665
169785
0.917821786918
169805
0.92345569087
169825
0.922821403952
169845
0.922618432138
169865
0.919850547641
169885
0.921235926011
169905
0.9217739928
169925
0.921073165594
169945
0.927024931066
169965
0.925748697917
169985
0.925396369485
170005
0.921828086703
170025
0.928362438725
170045
0.929199697457
170065
0.929057042739
170085
0.930307425705
170105
0.927664483762
170125
0.929786113664
170145
0.926138365502
170165
0.926942114737
170185
0.931229894301
170205
0.928837316176
170225
0.930026424632
170245
0.929827761183
170265
0.930987189798
170285
0.933542528339
170305
0.928928270527
170325
0.932891486673
170345
0.937409524357
170365
0.933726830576
170385
0.931238989737
170405
0.9365234375
170425
0.933753638174
170445
0.935646924786
170465
0.931907743566
170485
0.933470722273
170505
0.932215552237
170525
0.933925015319
170545
0.930687040441
170565
0.933623908548
170585
0.929970415901
170605
0.933207912071
170625
0.925924862132
170645
0.924599322151
170665
0.928202071844
170685
0.923384363511
170705
0.924380074295
170725
0.92379509421
170745
0.924338426777
170765
0.926422238817
170785
0.926609892004
170805
0.924297257966
170825
0.925511737898
170845
0.922997089461
170865
0.923954024969
170885
0.919347426471
170905
0.926457184436
170925
0.91937567019
170945
0.926062729779
170965
0.934138039982
170985
0.940747070313
171005
0.935016467525
171025
0.933498487286
171045
0.937079695159
171065
0.936232383578
171085
0.934215590533
171105
0.938580441942
171125
0.93275792739
171145
0.935966222426
171165
0.93562634038
171185
0.939505782782
171205
0.935889150582
171225
0.933689970129
171245
0.934271120558
171265
0.938026577819
171285
0.935271139706
171305
0.934388882506
171325
0.932570274203
171345
0.932052313113
171365
0.937287932751
171385
0.925061753217
171405
0.921773514093
171425
0.915716911765
171445
0.912980143229
171465
0.915653243719
171485
0.912535424326
171505
0.910809685202
171525
0.915164483762
171545
0.916155407475
171565
0.907581284467
171585
0.899205346201
171605
0.900128293505
171625
0.905853151808
171645
0.903495040594
171665
0.90178270527
171685
0.895156441483
171705
0.899923406863
171725
0.909615310968
171745
0.911579924939
171765
0.920220588235
171785
0.924806123621
171805
0.915029967065
171825
0.9147427428
171845
0.921129653033
171865
0.914990713082
171885
0.911721143536
171905
0.925102443321
171925
0.928863645067
171945
0.921019550398
171965
0.914385148591
171985
0.913189338235
172005
0.907344803156
172025
0.901662549786
172045
0.892896465227
172065
0.894424498315
172085
0.897633750766
172105
0.893821327359
172125
0.890919404871
172145
0.893321078431
172165
0.893301930147
172185
0.897631835937
172205
0.899669213388
172225
0.899088541667
172245
0.896110026042
172265
0.892819872089
172285
0.901066559436
172305
0.905208333333
172325
0.910433900123
172345
0.916123812806
172365
0.918256931679
172385
0.927509861366
172405
0.925760665594
172425
0.922684493719
172445
0.91975959329
172465
0.921466662837
172485
0.924778837316
172505
0.924068435968
172525
0.924954044118
172545
0.924077052696
172565
0.928373448989
172585
0.929657820159
172605
0.923864985447
172625
0.931736845129
172645
0.923924823836
172665
0.918991268382
172685
0.919765337776
172705
0.925502163756
172725
0.919662894455
172745
0.923633769914
172765
0.925313074449
172785
0.928598920037
172805
0.923322610294
172825
0.924180932138
172845
0.920086071538
172865
0.915294213388
172885
0.914580461091
172905
0.913831763174
172925
0.919528856464
172945
0.922559072457
172965
0.923247453278
172985
0.924338426777
173005
0.929353841146
173025
0.929666436887
173045
0.925792738971
173065
0.924114870558
173085
0.928028779871
173105
0.931728707108
173125
0.9300714231
173145
0.929988128064
173165
0.933072916667
173185
0.939530196844
173205
0.939421530331
173225
0.941739908854
173245
0.938913622089
173265
0.940744676777
173285
0.93942823223
173305
0.935418102788
173325
0.938540709252
173345
0.937851849724
173365
0.935482728248
173385
0.93884229473
173405
0.942797851562
173425
0.941137695313
173445
0.943457509957
173465
0.943154009651
173485
0.943675321691
173505
0.942768650429
173525
0.944232058058
173545
0.951218788297
173565
0.949198165594
173585
0.951118738511
173605
0.945945829504
173625
0.951083792892
173645
0.947470032935
173665
0.939343022365
173685
0.936735026042
173705
0.927772671569
173725
0.927826286765
173745
0.931197820925
173765
0.931578871783
173785
0.928267654718
173805
0.924674479167
173825
0.920652860754
173845
0.915482345282
173865
0.91870691636
173885
0.92128571155
173905
0.923067459406
173925
0.924024873621
173945
0.929270546109
173965
0.925434187347
173985
0.934031767004
174005
0.943684895833
174025
0.951467237286
174045
0.954743030025
174065
0.95765356924
174085
0.955264342065
174105
0.954096775429
174125
0.956069048713
174145
0.953337545956
174165
0.959859451593
174185
0.960432464001
174205
0.959244791667
174225
0.953833007813
174245
0.947531786152
174265
0.950828642004
174285
0.947994695925
174305
0.944309608609
174325
0.936001168045
174345
0.931879978554
174365
0.926985677083
174385
0.929439529718
174405
0.931456801471
174425
0.926420802696
174445
0.917747587316
174465
0.917225317862
174485
0.924361404718
174505
0.920167451746
174525
0.91648571538
174545
0.918103266697
174565
0.914756146599
174585
0.914783911612
174605
0.918694469975
174625
0.915446442249
174645
0.917648973652
174665
0.921357996324
174685
0.924371936275
174705
0.920815142463
174725
0.926227405025
174745
0.918371821385
174765
0.917615464154
174785
0.9287042356
174805
0.926573988971
174825
0.919908949908
174845
0.925626148897
174865
0.924078967525
174885
0.925199620864
174905
0.927219286152
174925
0.928326056985
174945
0.922314453125
174965
0.923862113205
174985
0.927380610447
175005
0.927894263174
175025
0.924800857843
175045
0.928783222273
175065
0.930818206189
175085
0.929466816023
175105
0.935027956495
175125
0.936959060968
175145
0.934713445925
175165
0.931563074449
175185
0.930754059436
175205
0.932116938572
175225
0.936716835172
175245
0.929842122396
175265
0.933757467831
175285
0.9349609375
175305
0.939555568321
175325
0.935722560509
175345
0.935722560509
175365
0.937477979473
175385
0.938873410692
175405
0.937317133885
175425
0.934724456189
175445
0.938316195619
175465
0.935139495251
175485
0.933964748009
175505
0.940468941483
175525
0.928387331495
175545
0.926896637561
175565
0.925608436734
175585
0.925109623928
175605
0.920737591912
175625
0.921197629442
175645
0.920106655944
175665
0.922891773897
175685
0.929691808364
175705
0.927139342065
175725
0.926219267004
175745
0.931689453125
175765
0.934493719363
175785
0.935997338388
175805
0.935739315257
175825
0.940340169271
175845
0.947146905637
175865
0.958224188113
175885
0.95875268076
175905
0.960564108456
175925
0.965654201134
175945
0.954873238358
175965
0.950503599877
175985
0.950512695313
176005
0.945096124387
176025
0.937494255515
176045
0.930254289216
176065
0.911433440564
176085
0.911463599112
176105
0.911977251838
176125
0.914317650888
176145
0.915689146752
176165
0.917963005515
176185
0.918467084099
176205
0.915238683364
176225
0.922895603554
176245
0.929287779565
176265
0.934375957414
176285
0.939291800705
176305
0.954017788756
176325
0.957361079197
176345
0.960969573376
176365
0.969251685049
176385
0.982655962776
176405
0.999892769608
176425
1.0
176445
1.0
