143984
0.16728811553
144004
0.146377347696
144024
0.164337219855
144044
0.0923117897727
144064
0.091198113952
144084
0.206354561237
144104
0.277572107797
144124
0.439723405934
144144
0.418993647412
144164
0.515317728062
144184
0.231502525253
144204
0.242375907513
144224
0.156259864268
144244
0.200023674242
144264
0.208992266414
144284
0.200608625316
144304
0.312209004104
144324
0.347701132418
144344
0.30908055161
144364
0.474176826862
144384
0.421215573706
144404
0.388860775726
144424
0.302074948706
144444
0.274012586806
144464
0.22184146149
144484
0.244833096591
144504
0.207330630524
144524
0.217917949021
144544
0.28069760101
144564
0.314159169823
144584
0.227787642045
144604
0.229215988005
144624
0.157796223958
144644
0.599387428977
144664
0.583732342961
144684
0.25621646149
144704
0.534342447917
144724
0.6240234375
144744
0.383406328914
144764
0.29934698548
144784
0.0923739346591
144804
0.125116891572
144824
0.174556601168
144844
0.173380780461
144864
0.157806581439
144884
0.20869140625
144904
0.438866201073
144924
0.265752249053
144944
0.183346156881
144964
0.5616561119
144984
0.984792751736
145004
1.0
145024
0.996127781723
145044
0.98746942077
145064
0.987505918561
145084
0.974582248264
145104
0.974093967014
145124
0.965469144571
145144
0.962967073074
145164
0.964328342014
145184
0.953210819129
145204
0.953261126894
145224
0.953273950442
145244
0.953279375789
145264
0.953273950442
145284
0.953264086174
145304
0.953369140625
145324
1.0
145344
1.0
145364
0.989507871686
145384
0.963649187184
145404
0.938385318024
145424
0.938264480745
145444
0.969433100537
145464
0.968122632576
145484
0.983341717961
145504
0.980967388731
145524
0.976435250947
145544
0.958473899148
145564
0.961389776673
145584
0.963182607323
145604
0.963439078283
145624
0.957142716225
145644
0.968832366635
145664
0.948500631313
145684
0.926957070707
145704
0.934537760417
145724
0.932366635101
145744
0.92519087358
145764
0.942194898201
145784
0.93434590041
145804
0.926061395202
145824
0.904460621843
145844
0.88232273911
145864
0.870112255366
145884
0.876167929293
145904
0.893991674558
145924
0.918689827967
145944
0.920065893308
145964
0.919025706282
145984
0.897318892045
146004
0.901119101168
146024
0.892681206597
146044
0.870144807449
146064
0.897612847222
146084
0.91722251815
146104
0.920777107008
146124
0.923947975852
146144
0.870496468592
146164
0.843512764362
146184
0.820306581439
146204
0.808510890152
146224
0.818170967487
146244
0.822273516414
146264
0.812206538037
146284
0.804013277304
146304
0.789385554766
146324
0.763510594223
146344
0.75380711411
146364
0.766924124053
146384
0.766254340278
146404
0.781633226799
146424
0.793941860006
146444
0.817705374053
146464
0.831055180713
146484
0.822509272412
146504
0.833176491477
146524
0.852263356218
146544
0.897034801136
146564
0.920189689867
146584
0.929763948074
146604
0.915312302715
146624
0.914003807607
146644
0.911988537721
146664
0.939703184186
146684
0.937120225694
146704
0.944811395202
146724
0.945692767519
146744
0.940320687342
146764
0.927081853693
146784
0.91654040404
146804
0.903367660985
146824
0.895167495265
146844
0.888429214015
146864
0.876303562973
146884
0.856187855114
146904
0.846012863005
146924
0.839961627999
146944
0.844524838226
146964
0.848292495265
146984
0.847013099747
147004
0.875269294508
147024
0.864151278409
147044
0.863035136521
147064
0.859958471433
147084
0.869850359059
147104
0.861780401673
147124
0.840316248422
147144
0.834547624684
147164
0.863579644097
147184
0.884940715751
147204
0.872449593592
147224
0.852709221117
147244
0.830741003788
147264
0.832242345328
147284
0.852683574021
147304
0.859863774463
147324
0.86106721512
147344
0.883211509628
147364
0.879043856534
147384
0.876038707386
147404
0.858676609848
147424
0.869115964331
147444
0.85986624053
147464
0.859697561553
147484
0.865018840751
147504
0.885163154987
147524
0.888557449495
147544
0.888526377052
147564
0.873574613321
147584
0.874952158302
147604
0.853023398043
147624
0.840502683081
147644
0.840670375631
147664
0.856409307923
147684
0.883935546875
147704
0.884141710069
147724
0.880604383681
147744
0.855683791035
147764
0.82425080887
147784
0.82913658065
147804
0.832245797822
147824
0.866649897412
147844
0.884423334912
147864
0.888206281566
147884
0.887478298611
147904
0.86816110322
147924
0.839964587279
147944
0.8364607994
147964
0.834952552872
147984
0.857005109691
148004
0.83564305161
148024
0.830429786143
148044
0.833731356534
148064
0.827778764205
148084
0.819015842014
148104
0.811745876736
148124
0.790789240057
148144
0.797605449021
148164
0.811250690499
148184
0.84342645202
148204
0.847731711648
148224
0.85260761916
148244
0.852555831755
148264
0.857757753314
148284
0.83144235322
148304
0.864045730745
148324
0.860609019886
148344
0.855298098169
148364
0.837224786932
148384
0.817814867424
148404
0.853744969223
148424
0.857712377683
148444
0.838850911458
148464
0.809413470644
148484
0.812182863794
148504
0.810281526199
148524
0.834653665562
148544
0.83710789536
148564
0.849035767835
148584
0.863014421559
148604
0.869981060606
148624
0.883611505682
148644
0.884945647885
148664
0.897577335859
148684
0.909195963542
148704
0.921262428977
148724
0.935378196023
148744
0.945174400253
148764
0.935481770833
148784
0.925710227273
148804
0.913896780303
148824
0.898120857008
148844
0.891033380682
148864
0.90194868608
148884
0.885686454388
148904
0.875047348485
148924
0.871559343434
148944
0.877751144255
148964
0.864665699968
148984
0.840177162247
149004
0.835017163826
149024
0.862713068182
149044
0.862126144255
149064
0.866835345644
149084
0.885996685606
149104
0.886631451231
149124
0.879905993529
149144
0.867924360795
149164
0.859055397727
149184
0.858905460859
149204
0.830026337595
149224
0.83932636916
149244
0.851182232481
149264
0.841163589015
149284
0.863953993056
149304
0.876657690183
149324
0.87646040483
149344
0.863850418245
149364
0.858274147727
149384
0.865513533775
149404
0.875920336174
149424
0.883192767519
149444
0.898639717487
149464
0.905914121686
149484
0.908891650884
149504
0.870904849274
149524
0.880489958176
149544
0.905716836332
149564
0.909415443497
149584
0.904090218592
149604
0.874666094539
149624
0.827240668403
149644
0.831360479798
149664
0.833049735638
149684
0.849211351799
149704
0.880848524306
149724
0.887952276673
149744
0.88957988084
149764
0.863696042456
149784
0.831549873737
149804
0.836969302399
149824
0.866389973958
149844
0.867588482481
149864
0.885528626105
149884
0.879292929293
149904
0.874662148832
149924
0.850733408302
149944
0.826267558396
149964
0.831634213226
149984
0.838109611742
150004
0.824344026199
150024
0.841165561869
150044
0.843821022727
150064
0.855831755051
150084
0.856493154198
150104
0.835225793087
150124
0.826342526831
150144
0.827169152462
150164
0.836673374369
150184
0.852290976168
150204
0.856768367266
150224
0.855929411301
150244
0.850143525095
150264
0.82076872238
150284
0.817433120265
150304
0.821172664141
150324
0.845572916667
150344
0.848469065657
150364
0.849248342803
150384
0.854582938763
150404
0.865366556187
150424
0.852602687027
150444
0.817425228851
150464
0.810437874842
150484
0.803714883207
150504
0.820455531881
150524
0.840467171717
150544
0.844252091225
150564
0.842510554766
150584
0.847121113479
150604
0.844911517519
150624
0.831752091225
150644
0.84990234375
150664
0.843114741162
150684
0.851840672348
150704
0.84388415404
150724
0.829020675505
150744
0.819418797348
150764
0.831511403093
150784
0.83906545928
150804
0.827023161301
150824
0.826456459122
150844
0.847117660985
150864
0.848894215593
150884
0.844849372633
150904
0.852809836648
150924
0.866230172822
150944
0.872128018466
150964
0.844525824653
150984
0.863633404356
151004
0.892994397096
151024
0.903171855271
151044
0.877524266098
151064
0.877949416035
151084
0.880555062342
151104
0.879293422506
151124
0.875805910669
151144
0.893351976799
151164
0.889373717645
151184
0.858643564552
151204
0.848046381787
151224
0.830092428188
151244
0.826868292298
151264
0.855640881471
151284
0.854561730587
151304
0.868518682923
151324
0.87532354798
151344
0.879513395676
151364
0.870022983744
151384
0.872695707071
151404
0.872400272254
151424
0.877741279987
151444
0.894751223169
151464
0.904312164615
151484
0.907730626578
151504
0.881141493056
151524
0.876857441604
151544
0.880411044034
151564
0.873084852431
151584
0.887355488479
151604
0.895686848958
151624
0.892751736111
151644
0.892020300663
151664
0.889249427872
151684
0.869505602904
151704
0.83824623185
151724
0.831863557449
151744
0.834872652304
151764
0.867843967014
151784
0.894958866004
151804
0.893386501736
151824
0.899066347064
151844
0.869509055398
151864
0.856781190814
151884
0.847874250316
151904
0.84755415483
151924
0.856013257576
151944
0.873700382734
151964
0.906252466067
151984
0.874073252052
152004
0.880620166509
152024
0.88271484375
152044
0.86959832702
152064
0.829981455177
152084
0.825472498422
152104
0.824492483428
152124
0.846153922033
152144
0.840495778093
152164
0.823116911301
152184
0.805939275568
152204
0.788449435764
152224
0.770519649621
152244
0.787961647727
152264
0.79759065262
152284
0.797915187027
152304
0.799497908775
152324
0.798933179451
152344
0.763960898043
152364
0.81266029435
152384
0.820682903251
152404
0.815217112532
152424
0.798939098011
152444
0.785296322601
152464
0.776639934501
152484
0.784149601484
152504
0.814120205966
152524
0.815508108428
152544
0.808775252525
152564
0.81965800584
152584
0.820397825915
152604
0.832983645044
152624
0.848235282513
152644
0.847406190814
152664
0.86484818892
152684
0.869186493845
152704
0.87294773911
152724
0.880848031092
152744
0.88785708649
152764
0.892043974905
152784
0.897304588857
152804
0.886992976641
152824
0.883836904198
152844
0.891719440499
152864
0.888421322601
152884
0.88873747238
152904
0.902398496686
152924
0.918993154198
152944
0.896153428819
152964
0.897794842961
152984
0.911504695391
153004
0.918810172033
153024
0.928370620265
153044
0.93633256392
153064
0.942317708333
153084
0.96045069839
153104
0.964877781723
153124
0.954176530934
153144
0.94092092803
153164
0.914817116477
153184
0.899220722854
153204
0.897945766256
153224
0.912764855587
153244
0.946719637784
153264
0.944614109848
153284
0.926361268939
153304
0.917750749684
153324
0.922472281408
153344
0.928374565972
153364
0.91823261916
153384
0.925709734059
153404
0.934772529987
153424
0.937635633681
153444
0.944519906092
153464
0.949321831597
153484
0.961967822759
153504
0.968988222064
153524
0.977135613952
153544
0.98827681108
153564
1.0
