132370
0.903817689185
132390
0.745459941789
132410
0.930003446691
132430
0.534818761489
132450
0.708094937194
132470
0.945050647212
132490
0.62909821155
132510
0.280692306219
132530
0.302220243566
132550
0.613898303462
132570
0.753212124694
132590
0.941482843137
132610
0.579304534314
132630
0.646470013787
132650
0.464295630362
132670
0.36730334712
132690
0.512229051777
132710
0.923507869945
132730
0.609181123621
132750
0.679363415288
132770
0.744136316636
132790
0.573347981771
132810
0.604188687194
132830
0.537229530484
132850
0.790770048254
132870
0.724358053768
132890
0.798462871477
132910
0.551084271599
132930
0.539000268076
132950
0.632322782629
132970
0.555273916207
132990
0.160056678922
133010
0.770084635417
133030
0.907881912531
133050
0.638770488664
133070
0.546422143076
133090
0.0594027650123
133110
0.173897537531
133130
1.0
133150
0.993571442249
133170
0.992295687806
133190
0.992063036152
133210
0.992436906403
133230
0.992542700674
133250
0.989114200368
133270
0.983106426164
133290
0.984190697763
133310
0.984070063572
133330
0.983354875153
133350
0.989094094669
133370
0.986632104013
133390
0.982462086397
133410
0.982217467065
133430
0.982251933977
133450
0.985330499387
133470
0.991165460325
133490
0.987772384344
133510
0.988225719975
133530
0.988062480852
133550
0.988054821538
133570
0.991212852328
133590
0.994455614277
133610
0.984486538756
133630
0.984657915901
133650
0.98313036152
133670
0.979737764246
133690
0.973456648284
133710
0.966883520987
133730
0.961887733609
133750
0.957151405484
133770
0.950607000613
133790
0.945720837163
133810
0.946604051777
133830
0.939350681679
133850
0.93337689568
133870
0.928513231464
133890
0.929689893536
133910
0.930743049173
133930
0.927955058977
133950
0.923161764706
133970
0.924327416513
133990
0.921366134344
134010
0.920101868873
134030
0.924823835784
134050
0.928708543964
134070
0.931739717371
134090
0.932651175705
134110
0.933194029565
134130
0.934864717371
134150
0.938542624081
134170
0.94367723652
134190
0.935383157169
134210
0.927153224571
134230
0.910794845282
134250
0.899323586857
134270
0.890155867034
134290
0.878508444393
134310
0.866902669271
134330
0.856594190411
134350
0.848194795496
134370
0.844120040594
134390
0.849490655637
134410
0.858576037837
134430
0.875133559283
134450
0.88500067019
134470
0.883984375
134490
0.891310508578
134510
0.901152726716
134530
0.909152879902
134550
0.918002259498
134570
0.928594611673
134590
0.925895182292
134610
0.930372051164
134630
0.920788813572
134650
0.920650467218
134670
0.923571059283
134690
0.928777956495
134710
0.929117838542
134730
0.931845511642
134750
0.927890433517
134770
0.923014801624
134790
0.923477711397
134810
0.919888365502
134830
0.920536534926
134850
0.919618374694
134870
0.918229166667
134890
0.919645182292
134910
0.920695944393
134930
0.924629001991
134950
0.925505035999
134970
0.925372912837
134990
0.922738587623
135010
0.923506912531
135030
0.929170975031
135050
0.933961397059
135070
0.931475949755
135090
0.928823912377
135110
0.926082835478
135130
0.923547602635
135150
0.919233494179
135170
0.920060221354
135190
0.918199965533
135210
0.923851102941
135230
0.919548004749
135250
0.9176791322
135270
0.920869236366
135290
0.919211952359
135310
0.919140625
135330
0.918983609069
135350
0.923774031097
135370
0.923573452819
135390
0.928947418811
135410
0.927554859835
135430
0.925832471661
135450
0.91966193704
135470
0.918953450521
135490
0.920277075674
135510
0.914872472426
135530
0.913951439951
135550
0.913030407475
135570
0.913310451134
135590
0.91138604856
135610
0.91476763557
135630
0.918035290288
135650
0.919533164828
135670
0.916280828738
135690
0.91482891008
135710
0.927770278033
135730
0.929004863664
135750
0.92810010723
135770
0.927953144148
135790
0.927252316942
135810
0.926823395374
135830
0.923485849418
135850
0.9205078125
135870
0.921984623928
135890
0.927348537071
135910
0.924791283701
135930
0.92862812117
135950
0.92894598269
135970
0.932441023284
135990
0.930504174326
136010
0.933186370251
136030
0.936448280484
136050
0.93556171492
136070
0.935099762561
136090
0.935548311121
136110
0.941440238205
136130
0.947675398284
136150
0.953866996017
136170
0.957591337316
136190
0.963838465074
136210
0.969754806219
136230
0.974387254902
136250
0.983970492494
136270
0.991626933977
136290
0.99286439185
136310
0.981808172488
136330
0.9732354856
136350
0.964812634038
136370
0.959633023131
136390
0.956276807598
136410
0.946261297488
136430
0.938517252604
136450
0.928955556832
136470
0.917139150582
136490
0.912733130362
136510
0.915381816789
136530
0.920178940717
136550
0.922521733303
136570
0.921721335018
136590
0.922593060662
136610
0.926943550858
136630
0.928028779871
136650
0.924408796722
136670
0.930324659161
136690
0.932724896599
136710
0.930330403646
136730
0.928403607537
136750
0.929580748315
136770
0.929184857537
136790
0.927238913143
136810
0.929932119332
136830
0.92531786152
136850
0.927209233303
136870
0.925711837469
136890
0.92864966299
136910
0.928361481311
136930
0.926743451287
136950
0.923897537531
136970
0.923665364583
136990
0.930199237898
137010
0.928122606464
137030
0.929569259344
137050
0.931047506893
137070
0.926870787377
137090
0.921164598652
137110
0.925191004136
137130
0.92572332644
137150
0.927230296415
137170
0.925056966146
137190
0.920955403646
137210
0.921830480239
137230
0.921479109222
137250
0.922402056526
137270
0.923976045496
137290
0.925163239124
137310
0.926558670343
137330
0.935274969363
137350
0.934410424326
137370
0.934091126685
137390
0.931861308977
137410
0.92652946921
137430
0.922823797488
137450
0.922972675398
137470
0.923421223958
137490
0.923400160846
137510
0.920984126072
137530
0.908118872549
137550
0.896669155944
137570
0.898594515931
137590
0.897841988358
137610
0.899541877298
137630
0.901448089001
137650
0.901221181832
137670
0.900746304381
137690
0.905267214308
137710
0.912724034926
137730
0.927439491422
137750
0.944545611213
137770
0.959435317096
137790
0.964129518995
137810
0.967900294884
137830
0.976672602635
137850
0.984395584406
137870
0.991242532169
137890
0.993514476103
137910
0.991865330116
137930
0.986691463695
137950
0.977428002451
137970
0.969551834406
137990
0.967208084406
138010
0.961518650429
138030
0.955056104473
138050
0.948305376838
138070
0.939377489277
138090
0.930955116422
138110
0.922448012408
138130
0.924765912224
138150
0.928862208946
138170
0.926244159773
138190
0.925038296569
138210
0.927115885417
138230
0.925931085325
138250
0.9235385072
138270
0.92562231924
138290
0.928912473192
138310
0.93019732307
138330
0.922674919577
138350
0.919694010417
138370
0.922605028339
138390
0.923034907322
138410
0.92837823606
138430
0.931404622396
138450
0.933164349724
138470
0.929856004902
138490
0.925619446998
138510
0.928022556679
138530
0.931613817402
138550
0.934650256587
138570
0.935090188419
138590
0.93245825674
138610
0.928541953891
138630
0.925285788143
138650
0.932449161305
138670
0.931970454197
138690
0.934013097426
138710
0.935917873009
138730
0.93160759421
138750
0.931812002145
138770
0.928981407016
138790
0.929804304534
138810
0.927000517004
138830
0.928802370558
138850
0.920755304075
138870
0.920086071538
138890
0.922096162684
138910
0.918113798254
138930
0.924124923407
138950
0.926031613817
138970
0.92766974954
138990
0.928820082721
139010
0.932158107384
139030
0.927196786918
139050
0.93074352788
139070
0.934791475184
139090
0.936277860754
139110
0.936863319547
139130
0.934295055913
139150
0.934771848192
139170
0.934737381281
139190
0.933104032629
139210
0.932500382966
139230
0.934213675705
139250
0.939148188572
139270
0.937988759957
139290
0.934895833333
139310
0.937589518229
139330
0.935599532782
139350
0.935676604626
139370
0.939896407782
139390
0.941763365502
139410
0.9463833678
139430
0.943720798866
139450
0.940760474112
139470
0.943160232843
139490
0.944600662531
139510
0.946937231924
139530
0.944838579963
139550
0.946507352941
139570
0.939243929994
139590
0.93426250383
139610
0.926841107537
139630
0.93036439185
139650
0.933179189645
139670
0.929225547641
139690
0.931067133885
139710
0.928741096048
139730
0.926231713388
139750
0.925248448989
139770
0.933363970588
139790
0.930714326746
139810
0.932225126379
139830
0.932922602635
139850
0.930303117341
139870
0.932934091605
139890
0.931022614124
139910
0.931511852788
139930
0.928838273591
139950
0.931968539369
139970
0.920469994638
139990
0.921119600184
140010
0.912122300092
140030
0.903886144301
140050
0.903474934896
140070
0.906137982537
140090
0.895828067555
140110
0.89656384038
140130
0.897314453125
140150
0.894147805607
140170
0.896080824908
140190
0.885241938572
140210
0.889270258885
140230
0.897187595741
140250
0.894470454197
140270
0.895370902267
140290
0.903752106311
140310
0.905231789982
140330
0.903447169884
140350
0.902766448376
140370
0.906567382813
140390
0.920634669884
140410
0.928554878983
140430
0.920830939798
140450
0.928597962623
140470
0.931301700368
140490
0.927717141544
140510
0.933142329197
140530
0.936595722273
140550
0.943605909161
140570
0.942567114737
140590
0.943810795803
140610
0.941660922181
140630
0.9432650697
140650
0.937870040594
140670
0.930052274816
140690
0.937488989737
140710
0.932697610294
140730
0.92523839614
140750
0.918555644914
140770
0.916950539982
140790
0.915937595741
140810
0.91984911152
140830
0.928315525429
140850
0.932760320925
140870
0.929739679075
140890
0.930304553462
140910
0.936869542739
140930
0.94402142693
140950
0.95175446155
140970
0.954469209559
140990
0.960529162837
141010
0.96175848269
141030
0.95636249617
141050
0.955112113205
141070
0.969683957567
141090
0.962369791667
141110
0.960458792892
141130
0.963397575827
141150
0.955001531863
141170
0.960563151042
141190
0.941631721048
141210
0.946622721354
141230
0.940088848039
141250
0.9306707644
141270
0.926630476409
141290
0.931598977482
141310
0.910502355239
141330
0.890959137561
141350
0.892763863358
141370
0.882492723652
141390
0.88734106924
141410
0.886832682292
141430
0.898359949449
141450
0.911259669884
141470
0.91865904565
141490
0.925074678309
141510
0.942646580116
141530
0.963087373621
141550
0.978641046262
141570
0.980629116881
141590
0.991252585018
141610
0.991379442402
141630
0.991310029871
141650
0.991160673254
141670
0.991057751225
141690
0.991218596814
141710
0.991205671722
141730
0.991204714308
141750
0.99147901348
141770
1.0
141790
1.0
141810
0.0841045304841
141830
0.0842404833027
141850
0.0844075520833
141870
0.0841222426471
141890
0.084011182598
141910
1.0
141930
1.0
141950
1.0
