157471
1.0
157491
1.0
157511
0.983114699938
157531
0.983113242382
157551
0.983120530162
157571
1.0
157591
1.0
157611
0.983857567631
157631
0.983857567631
157651
0.983857567631
157671
1.0
157691
1.0
157711
0.985949160448
157731
0.985941386816
157751
1.0
157771
1.0
157791
0.986689113029
157811
0.986689113029
157831
0.986689113029
157851
1.0
157871
1.0
157891
0.985653762438
157911
0.985658135106
157931
0.985658135106
157951
1.0
157971
0.986866934857
157991
0.986862076337
158011
0.986866934857
158031
0.986866934857
158051
1.0
158071
0.99111813977
158091
0.991123484142
158111
0.991123484142
158131
0.991123484142
158151
1.0
158171
0.988829776897
158191
0.988829776897
158211
0.988829776897
158231
1.0
158251
1.0
158271
0.991984413868
158291
0.991985871424
158311
0.991984413868
158331
1.0
158351
1.0
158371
0.989696536847
158391
0.989696536847
158411
0.989696536847
158431
1.0
158451
0.991801247668
158471
0.991801247668
158491
0.991806106188
158511
1.0
158531
1.0
158551
0.992876438122
158571
0.992876438122
158591
0.992876438122
158611
1.0
158631
1.0
158651
0.990943233053
158671
0.990951492537
158691
0.990951492537
158711
1.0
158731
0.990482645367
158751
0.99050548041
158771
0.990502079447
158791
1.0
158811
1.0
158831
1.0
158851
0.98918444885
158871
0.98918444885
158891
0.98918444885
158911
0.98918444885
158931
0.98918444885
158951
1.0
158971
0.989281133396
158991
0.98927238806
159011
0.98927238806
159031
0.98927238806
159051
0.98927238806
159071
1.0
159091
0.985455534826
159111
0.985469624534
159131
0.985469624534
159151
0.985469624534
159171
1.0
159191
0.980602845149
159211
0.980610618781
159231
0.980610618781
159251
1.0
159271
1.0
159291
0.998437985852
159311
0.996806980721
159331
0.994778062811
159351
0.993455087842
159371
0.993331681437
159391
0.993319049285
159411
0.993452658582
159431
0.993368606188
159451
0.993487639925
159471
0.993382210044
159491
0.993306417133
159511
0.992977009484
159531
0.990030803016
159551
0.989293279695
159571
0.987564618315
159591
0.987505344372
159611
0.987476193252
159631
0.987456273321
159651
0.989001768501
159671
0.99073237329
159691
0.992737484453
159711
0.994101270989
159731
0.994140625
159751
0.993781094527
159771
0.989668357432
159791
0.98952648865
159811
0.989705282183
159831
0.989698966107
159851
0.98954349347
159871
0.989364699938
159891
0.991242517879
159911
0.992879353234
159931
0.995023903918
159951
0.99551267102
159971
0.995252740205
159991
0.992847287002
160011
0.989698966107
160031
0.986111435012
160051
0.980212706001
160071
0.976241837687
160091
0.971391091418
160111
0.967172438588
160131
0.965290733831
160151
0.964165986474
160171
0.961419951026
160191
0.957542852146
160211
0.953072042133
160231
0.947809293377
160251
0.941302763526
160271
0.938475590796
160291
0.93449451959
160311
0.931389925373
160331
0.928907707556
160351
0.925830806903
160371
0.924187655473
160391
0.924408232276
160411
0.921653451493
160431
0.909950734608
160451
0.904210879198
160471
0.904360521611
160491
0.906913673818
160511
0.90812247357
160531
0.911547244248
160551
0.914576531405
160571
0.918176694652
160591
0.919549712376
160611
0.92023184857
160631
0.922911808147
160651
0.925865788246
160671
0.924978622512
160691
0.919307758085
160711
0.919042482898
160731
0.917134056281
160751
0.916597189832
160771
0.915850435323
160791
0.923471023787
160811
0.930714105255
160831
0.929464979789
160851
0.925919231965
160871
0.92069826648
160891
0.920099210976
160911
0.915132831934
160931
0.91369130908
160951
0.909806922419
160971
0.910898145989
160991
0.909019356343
161011
0.904752118315
161031
0.908450909515
161051
0.910164995336
161071
0.910982684235
161091
0.913883706468
161111
0.907842136971
161131
0.909902635261
161151
0.905593613961
161171
0.91004158893
161191
0.914987076337
161211
0.913242867693
161231
0.915983558769
161251
0.911394686723
161271
0.910526469216
161291
0.910532785292
161311
0.916282843595
161331
0.914809254509
161351
0.91044436023
161371
0.906038168532
161391
0.904517451803
161411
0.906803871269
161431
0.905606731965
161451
0.903920339708
161471
0.905231654229
161491
0.908102067786
161511
0.909427957867
161531
0.908787604944
161551
0.918885066853
161571
0.913220032649
161591
0.912737581623
161611
0.909197178172
161631
0.912530608675
161651
0.911765877643
161671
0.911609433302
161691
0.917096645678
161711
0.910426869558
161731
0.909796719527
161751
0.911440842662
161771
0.908850279851
161791
0.911781910759
161811
0.907317902674
161831
0.904632112873
161851
0.904336229011
161871
0.902621171486
161891
0.903953377643
161911
0.909869597326
161931
0.908496579602
161951
0.906468633396
161971
0.90616934857
161991
0.911667735541
162011
0.908855624223
162031
0.905352631374
162051
0.904057349969
162071
0.910440959266
162091
0.917716106965
162111
0.918827736318
162131
0.914071731188
162151
0.900991623912
162171
0.89004392102
162191
0.894264517257
162211
0.8909913324
162231
0.88836190143
162251
0.886092972637
162271
0.882900925062
162291
0.882591437345
162311
0.884109238961
162331
0.885377312655
162351
0.885198033271
162371
0.881946711754
162391
0.881053715796
162411
0.882486007463
162431
0.881624106032
162451
0.890770269745
162471
0.8877196051
162491
0.886265935945
162511
0.900156444341
162531
0.908094780006
162551
0.910194632307
162571
0.906445798352
162591
0.909315240205
162611
0.907507870802
162631
0.908742420709
162651
0.914900594683
162671
0.914518715019
162691
0.917568893812
162711
0.920095810012
162731
0.919234394434
162751
0.919954912935
162771
0.915325715174
162791
0.916571925529
162811
0.912813374534
162831
0.911910661536
162851
0.911480682525
162871
0.910440473414
162891
0.91251700482
162911
0.916624883396
162931
0.922235016325
162951
0.922939015858
162971
0.918002273787
162991
0.919970460199
163011
0.913339066387
163031
0.915332517102
163051
0.912894511816
163071
0.913099541356
163091
0.915661924751
163111
0.917229283271
163131
0.916514594994
163151
0.918597928327
163171
0.922199063277
163191
0.923787313433
163211
0.920705068408
163231
0.914247609608
163251
0.915825656872
163271
0.911418007618
163291
0.908622415267
163311
0.903146377488
163331
0.904842486785
163351
0.909876399254
163371
0.91504635028
163391
0.9162109375
163411
0.915686703203
163431
0.915132831934
163451
0.909791375155
163471
0.90544931592
163491
0.908599580224
163511
0.912636038557
163531
0.911200345927
163551
0.913222947761
163571
0.912525264303
163591
0.91095693408
163611
0.90908688977
163631
0.915006996269
163651
0.914190764925
163671
0.916944574005
163691
0.914193194185
163711
0.911692028141
163731
0.908231304415
163751
0.906851970616
163771
0.9099852301
163791
0.917055834111
163811
0.917136485541
163831
0.917560634328
163851
0.918406988495
163871
0.916610793688
163891
0.915386446673
163911
0.916259036847
163931
0.919656599813
163951
0.925833236163
163971
0.929555834111
163991
0.935835956934
164011
0.938463930348
164031
0.936622551306
164051
0.935586714863
164071
0.93552744092
164091
0.930568349658
164111
0.925863844838
164131
0.92489262671
164151
0.92100824005
164171
0.920604497046
164191
0.924368878265
164211
0.917416336287
164231
0.913755441542
164251
0.908304182214
164271
0.909982314988
164291
0.911765877643
164311
0.908194379664
164331
0.901884619869
164351
0.900731207245
164371
0.900487309546
164391
0.902799479167
164411
0.901857412158
164431
0.901752468128
164451
0.909057252799
164471
0.90402334033
164491
0.910735385572
164511
0.911746929415
164531
0.914851523632
164551
0.913895852767
164571
0.912283310012
164591
0.915624514148
164611
0.916673468595
164631
0.921804065609
164651
0.923896630131
164671
0.922318582867
164691
0.923124125466
164711
0.924717234142
164731
0.92198237329
164751
0.924364505597
164771
0.923628925684
164791
0.923583741449
164811
0.927082847481
164831
0.929322625155
164851
0.924330010106
164871
0.922717953203
164891
0.922935614894
164911
0.925715659981
164931
0.922769939366
164951
0.916717195274
164971
0.920941678327
164991
0.922713094683
165011
0.924456817475
165031
0.929364894279
165051
0.93406016791
165071
0.936992770522
165091
0.937367362407
165111
0.937156016791
165131
0.938514458955
165151
0.937943097015
165171
0.938525633551
165191
0.939792735541
165211
0.934629586443
165231
0.937175450871
165251
0.938712686567
165271
0.939134406095
165291
0.937839610541
165311
0.94395260028
165331
0.945741021455
165351
0.939871929415
165371
0.939999222637
165391
0.938105857432
165411
0.931382151741
165431
0.925219119248
165451
0.929012651586
165471
0.927104710821
165491
0.924461190143
165511
0.914909340019
165531
0.907228505908
165551
0.901915714397
165571
0.899503459266
165591
0.894472461909
165611
0.89558603467
165631
0.89656259717
165651
0.897002293221
165671
0.90037362018
165691
0.902639633862
165711
0.900937208489
165731
0.904594216418
165751
0.904062694341
165771
0.912728836287
165791
0.917093730566
165811
0.917180698072
165831
0.919500641325
165851
0.92013419232
165871
0.931232023476
165891
0.942900730721
165911
0.940727028918
165931
0.951747123756
165951
0.953773126555
165971
0.960446303638
165991
0.961095401897
166011
0.960585743159
166031
0.963100027208
166051
0.962948927239
166071
0.960987542755
166091
0.9609617926
166111
0.957785778141
166131
0.957618159204
166151
0.956914645522
166171
0.959607237251
166191
0.963420689521
166211
0.96467030084
166231
0.963381821362
166251
0.963699568563
166271
0.966948946673
166291
0.967030083955
166311
0.955697100435
166331
0.945713327892
166351
0.943538168532
166371
0.941315395678
166391
0.942067008706
166411
0.943465776586
166431
0.943177666356
166451
0.949441756063
166471
0.954723453047
166491
0.956855857432
166511
0.956487581623
166531
0.957537021922
166551
0.959012068563
166571
0.962018034826
166591
0.964393365205
166611
0.964786905317
166631
0.964366157494
166651
0.968470149254
166671
0.975304629198
166691
0.98848627954
166711
0.989663984764
166731
0.999813918688
166751
0.956985579913
166771
0.940163440609
166791
0.940167813277
166811
0.940150322606
166831
1.0
166851
0.993386582711
166871
0.993644570118
166891
0.993781580379
166911
0.995203183302
166931
1.0
166951
0.98966544232
166971
0.98964600824
166991
0.989666414024
167011
1.0
167031
1.0
167051
1.0
