154177
0.0746423163685
154197
0.0728558295479
154217
0.0807646549859
154237
0.0987357467322
154257
0.116453833318
154277
0.141509069559
154297
0.116347609777
154317
0.0938513951979
154337
0.103506149377
154357
0.103247350205
154377
0.103859584067
154397
0.100943265041
154417
0.101478245419
154437
0.115053613918
154457
0.120451701122
154477
0.113242019715
154497
0.0883644664874
154517
0.289621380674
154537
0.236967337227
154557
0.249493989679
154577
0.245022944285
154597
0.168213667686
154617
0.171653379067
154637
0.174932789469
154657
0.170735993943
154677
0.170749513303
154697
0.171937285622
154717
0.168990065202
154737
0.178020997497
154757
0.219193241865
154777
0.15813015667
154797
0.187890130095
154817
0.299540728037
154837
0.292842850963
154857
0.243460492568
154877
0.245843762554
154897
0.249324032014
154917
0.246770804363
154937
0.222511279009
154957
0.224776737431
154977
0.226673310466
154997
0.242017783752
155017
0.0731918822039
155037
0.0725410216001
155057
0.074539955502
155077
0.0735723556132
155097
0.0716757825778
155117
0.0672974413646
155137
0.07680155125
155157
0.0824758196595
155177
0.095012128797
155197
0.0881230493495
155217
0.0857938568029
155237
0.0831517876456
155257
0.0755326627731
155277
0.0738137727512
155297
0.0782346033806
155317
0.0727805074009
155337
0.0704532461914
155357
0.0705150489787
155377
0.0673148233985
155397
0.0639658848614
155417
0.0674133215908
155437
0.0749262229227
155457
0.070725564723
155477
0.0771221532091
155497
0.0843994314144
155517
0.077587605451
155537
0.077718936374
155557
0.0877155372207
155577
0.0794880411607
155597
0.0787792404437
155617
0.0761603473317
155637
0.0744858780631
155657
0.0781998393128
155677
0.0706077531597
155697
0.0695455177529
155717
0.072950465066
155737
0.0724367293965
155757
0.0701789963227
155777
0.0725719229937
155797
0.0733348011495
155817
0.0712605451006
155837
0.0746848057847
155857
0.0727051852539
155877
0.070482216248
155897
0.0726646271747
155917
0.0743004697012
155937
0.0707120453632
155957
0.0723478878897
155977
0.072091020055
155997
0.0721199901116
156017
0.0737345879299
156037
0.071791662804
156057
0.0779352461296
156077
0.126440777479
156097
0.268399848583
156117
0.723453771515
156137
0.998256002596
156157
0.967814267173
156177
0.967373922314
156197
0.96737005964
156217
0.967485939866
156237
0.967526497945
156257
0.978473316647
156277
0.998256002596
156297
0.979522032694
156317
0.978608510244
156337
0.978629754952
156357
0.978608510244
156377
0.978602716233
156397
0.982699082229
156417
0.998256002596
156437
0.954673449523
156457
0.948000679831
156477
0.948077933315
156497
0.948035443899
156517
0.947913769661
156537
0.947942739718
156557
0.965035073082
156577
0.998250208584
156597
0.977438119959
156617
0.976572880937
156637
0.976553567566
156657
0.976518803498
156677
0.984052949538
156697
0.998256002596
156717
0.974299697166
156737
0.973339822626
156757
0.973247118445
156777
0.973189178332
156797
0.981976762152
156817
0.998256002596
156837
0.978061941844
156857
0.977194771484
156877
0.977134900034
156897
0.977179320787
156917
0.984389002194
156937
0.998244414573
156957
0.977160007416
156977
0.976155712123
156997
0.976134467414
157017
0.97609777201
157037
0.983647368746
157057
0.998256002596
157077
0.979999072958
157097
0.979085550508
157117
0.979033404407
157137
0.979095207194
157157
0.985480207657
157177
0.998256002596
157197
0.986837937641
157217
0.98625853651
157237
0.986248879824
157257
0.986260467847
157277
0.990310481753
157297
0.998256002596
157317
0.987929143104
157337
0.987448240166
157357
0.987415407435
157377
0.987428926795
157397
0.991054046537
157417
0.998256002596
157437
0.986774203517
157457
0.986150381632
157477
0.986127205587
157497
0.986088578845
157517
0.990349108495
157537
0.998256002596
157557
0.987537081672
157577
0.986870770372
157597
0.986888152406
157617
0.986870770372
157637
0.990598250981
157657
0.998250208584
157677
0.990511340811
157697
0.99001884985
157717
0.989951253052
157737
0.989974429097
157757
0.992969932944
157777
0.998250208584
157797
0.98763171719
157817
0.986984719261
157837
0.987033002688
157857
0.987048453385
157877
0.990708337196
157897
0.998256002596
157917
0.990121210717
157937
0.989590093013
157957
0.989595887025
157977
0.989582367665
157997
0.992647399648
158017
0.998256002596
158037
0.98695188653
158057
0.98639179877
158077
0.986264330521
158097
0.986316476623
158117
0.990383872563
158137
0.998256002596
158157
0.979062374463
158177
0.977996276382
158197
0.977976963011
158217
0.977949924292
158237
0.978803575291
158257
0.998256002596
158277
0.972694756033
158297
0.95806874015
158317
0.958559299774
158337
0.95850908501
158357
0.958594063842
158377
0.958567025123
158397
0.998250208584
158417
0.998256002596
158437
0.963860820123
158457
0.962920258954
158477
0.9633026637
158497
0.963099873304
158517
0.96303613918
158537
0.975161073514
158557
0.998256002596
158577
0.984135997033
158597
0.983247581966
158617
0.983077624301
158637
0.983172259819
158657
0.988369487964
158677
0.998256002596
158697
0.966220914063
158717
0.964625629616
158737
0.964617904267
158757
0.964606316245
158777
0.966220914063
158797
0.998256002596
158817
0.985737075492
158837
0.978649068323
158857
0.978869240753
158877
0.978880828775
158897
0.979798213899
158917
0.998256002596
158937
0.998256002596
158957
0.99498624888
158977
0.99049202744
158997
0.981611739439
159017
0.982075260344
159037
0.981578906709
159057
0.981555730663
159077
0.981723756991
159097
0.975672877847
159117
0.970008266123
159137
0.97130998733
159157
0.973845832947
159177
0.983214749235
159197
0.982988782794
159217
0.98275122833
159237
0.977092410618
159257
0.975286610426
159277
0.982569682643
159297
0.988097169432
159317
0.990586662958
159337
0.990694817836
159357
0.987573777077
159377
0.974608711103
159397
0.961367463923
159417
0.954607784061
159437
0.944497234325
159457
0.933803420784
159477
0.925328713575
159497
0.914901424554
159517
0.906594743673
159537
0.900064892927
159557
0.900379700875
159577
0.899823475789
159597
0.901882281141
159617
0.90311640555
159637
0.89900265752
159657
0.898318964185
159677
0.902589150521
159697
0.89242838602
159717
0.889454126881
159737
0.892057569296
159757
0.897890207348
159777
0.898205015296
159797
0.90926385155
159817
0.919202512283
159837
0.9298325917
159857
0.941748941627
159877
0.956751568246
159897
0.959665955935
159917
0.971012561417
159937
0.9775443435
159957
0.987328497265
159977
0.987369055344
159997
0.98173148234
160017
0.970433160286
160037
0.958528398381
160057
0.943933283891
160077
0.939798291153
160097
0.92924546522
160117
0.914020734835
160137
0.900030128859
160157
0.885635873428
160177
0.886298322054
160197
0.881597447545
160217
0.888805197614
160237
0.889009919347
160257
0.899047078273
160277
0.894564444856
160297
0.90009579432
160317
0.90059601063
160337
0.905441735422
160357
0.894545131485
160377
0.892040187262
160397
0.889819149594
160417
0.889842325639
160437
0.886448966348
160457
0.867263063564
160477
0.863186010939
160497
0.870511572572
160517
0.860990080653
160537
0.862293733197
160557
0.877555158988
160577
0.868686459009
160597
0.867510274713
160617
0.863805970149
160637
0.886153471772
160657
0.891159497543
160677
0.886120639041
160697
0.900590216619
160717
0.902390222799
160737
0.895700071073
160757
0.898853944563
160777
0.896171317326
160797
0.904431646117
160817
0.90093592596
160837
0.896665739625
160857
0.896957371527
160877
0.889270649856
160897
0.891008853249
160917
0.889459920892
160937
0.893032894534
160957
0.893874957511
160977
0.89378225333
160997
0.896368313711
161017
0.896499644634
161037
0.905459117456
161057
0.912649485492
161077
0.905167485554
161097
0.906671997157
161117
0.902876919749
161137
0.897944284787
161157
0.896306510924
161177
0.896302648249
161197
0.893554355551
161217
0.883615694818
161237
0.878532415562
161257
0.876421464108
161277
0.879963536355
161297
0.884191233275
161317
0.878159667501
161337
0.881713327771
161357
0.885786517722
161377
0.885798105745
161397
0.892698773215
161417
0.889691681345
161437
0.895020240413
161457
0.894379036495
161477
0.890439108804
161497
0.891534176941
161517
0.891012715923
161537
0.884310976175
161557
0.881249806866
161577
0.877564815673
161597
0.878559454281
161617
0.87634034795
161637
0.872197629863
161657
0.879735638577
161677
0.879003661815
161697
0.879455594697
161717
0.891213574982
161737
0.895010583727
161757
0.888393822811
161777
0.885842526498
161797
0.887625150644
161817
0.891288897129
161837
0.889442538859
161857
0.895157365347
161877
0.895754148512
161897
0.89452195544
161917
0.876434983468
161937
0.890976020519
161957
0.897403510398
161977
0.886060767591
161997
0.879225765582
162017
0.884544667965
162037
0.875276181206
162057
0.874636908625
162077
0.872753854949
162097
0.877474042829
162117
0.862533218998
162137
0.861314545286
162157
0.860572911838
162177
0.85999157937
162197
0.865646534409
162217
0.858465823059
162237
0.845527795804
162257
0.834488272921
162277
0.833010800037
162297
0.838405024567
162317
0.851715799883
162337
0.856109591793
162357
0.868626587559
162377
0.86482571614
162397
0.875376610735
162417
0.885604972034
162437
0.882738867773
162457
0.879681561138
162477
0.868458561231
162497
0.854941132845
162517
0.848324371929
162537
0.840413615154
162557
0.835100506783
162577
0.82170088996
162597
0.8316086493
162617
0.836118321436
162637
0.829704350916
162657
0.837918327617
162677
0.83864257903
162697
0.839305027657
162717
0.842420274404
162737
0.855338988288
162757
0.844007833503
162777
0.832141698341
162797
0.842393235685
162817
0.839057816508
162837
0.833765952844
162857
0.844318778777
162877
0.849595191743
162897
0.854616668212
162917
0.847605914527
162937
0.867784524582
162957
0.876589490436
162977
0.887839529063
162997
0.902229921819
163017
0.925259185439
163037
0.912236179352
163057
0.906164055499
163077
0.90882350669
163097
0.908560844844
163117
0.904844952257
163137
0.922628704305
163157
0.917837056951
163177
0.897417029758
163197
0.897192994654
163217
0.913732965607
163237
0.931024226693
163257
0.941024690214
163277
0.929803621643
163297
0.924913476098
163317
0.925602963444
163337
0.934114366058
163357
0.945538225024
163377
0.940366104261
163397
0.942225981892
163417
0.92558558141
163437
0.913479960446
163457
0.915588980563
163477
0.909061061154
163497
0.893440406662
163517
0.866797611322
163537
0.854178254689
163557
0.846141961002
163577
0.848285745187
163597
0.86207162943
163617
0.873103426965
163637
0.903126062235
163657
0.911581456074
163677
0.931288819876
163697
0.958356509379
163717
0.982813031118
163737
0.998256002596
163757
0.998256002596
