119916
0.047843215812
119936
0.140442167786
119956
0.352187309219
119976
0.492201808608
119996
0.255376856939
120016
0.289140402422
120036
0.407087848494
120056
0.241475249288
120076
0.230592757937
120096
0.110039555352
120116
0.111538779508
120136
0.610739087302
120156
0.118875915751
120176
0.252925315425
120196
0.202439776659
120216
0.256659862129
120236
0.269728390822
120256
0.123588217338
120276
0.0714269815832
120296
0.122104891636
120316
0.143920749389
120336
0.19793256512
120356
0.175315425315
120376
0.178989557896
120396
0.166784315222
120416
0.14558213777
120436
0.103642017705
120456
0.223204746642
120476
0.234104726292
120496
0.150547224766
120516
0.0878325956451
120536
0.162922580891
120556
0.176871883903
120576
0.337625915751
120596
0.426606379731
120616
0.181247138278
120636
0.148346878816
120656
0.0827101139601
120676
0.163226241351
120696
0.150486810643
120716
0.208376259158
120736
0.0889677452177
120756
0.062569953195
120776
0.173018098799
120796
0.0702997812373
120816
0.0733316163004
120836
0.0731042684168
120856
0.0564983338421
120876
0.145963700651
120896
0.149811126374
120916
0.166186533374
120936
0.0871139855515
120956
0.113710508242
120976
0.132957175926
120996
0.0893938237688
121016
0.111266915954
121036
0.0803809905372
121056
0.075514473952
121076
0.0709166412291
121096
0.0808738425926
121116
0.0800026073464
121136
0.121081031237
121156
0.122507122507
121176
0.0635349893162
121196
0.0447541463166
121216
0.052483974359
121236
0.0413169006919
121256
0.0650755494505
121276
0.127446771978
121296
0.651771405678
121316
0.612026862027
121336
0.587916857448
121356
0.956347616504
121376
0.953309422059
121396
0.947436533374
121416
0.946660688848
121436
0.944147143366
121456
0.940589069495
121476
0.937999211437
121496
0.934051625458
121516
0.92755869709
121536
0.922056242369
121556
0.916509271978
121576
0.909599804131
121596
0.90307030932
121616
0.897839718152
121636
0.890270464489
121656
0.887330840456
121676
0.881044591982
121696
0.875941188441
121716
0.871357664326
121736
0.865321021571
121756
0.863150882682
121776
0.863901289683
121796
0.864691442816
121816
0.863402078246
121836
0.863271710928
121856
0.8618996744
121876
0.866232002951
121896
0.862681878307
121916
0.862824964387
121936
0.863996680403
121956
0.864057094526
121976
0.863626246439
121996
0.863228785104
122016
0.862796347171
122036
0.863238324176
122056
0.86316519129
122076
0.862969640313
122096
0.863111136549
122116
0.861251017501
122136
0.861944190069
122156
0.861095212658
122176
0.859823336386
122196
0.858820143976
122216
0.85785351801
122236
0.855824875356
122256
0.857715201465
122276
0.855905957468
122296
0.857041107041
122316
0.858174666768
122336
0.855987039581
122356
0.856058582621
122376
0.858177846459
122396
0.856330446174
122416
0.855996578653
122436
0.860263723545
122456
0.866557921245
122476
0.872014270452
122496
0.879125648657
122516
0.884990588116
122536
0.890206870676
122556
0.894545558608
122576
0.902847730973
122596
0.908620459402
122616
0.914191277473
122636
0.920442549349
122656
0.927706552707
122676
0.581093241249
122696
0.0726734203297
122716
0.100824811762
122736
0.100540229446
122756
0.0542948082011
122776
0.0796226343101
122796
0.0774175188238
122816
0.075608274827
122836
0.0848293777981
122856
0.0814414173789
122876
0.161928927554
122896
0.137149598087
122916
0.0806735220798
122936
0.0761631308506
122956
0.0786766763329
122976
0.0537653897029
122996
0.106270032051
123016
0.112147690273
123036
0.119602475071
123056
0.12670590405
123076
0.393208498677
123096
0.266753790191
123116
0.179361581705
123136
0.0959344474969
123156
0.0971506791819
123176
0.137033539377
123196
0.108934612841
123216
0.214719742063
123236
0.152241999898
123256
0.682161299349
123276
0.066088280932
123296
0.106233465608
123316
0.192175735144
123336
0.245869581807
123356
0.115855209605
123376
0.0550309065934
123396
0.128354573667
123416
0.2213939128
123436
0.177763787139
123456
0.147566264754
123476
0.147965315934
123496
0.0688244047619
123516
0.106635696479
123536
0.193166208791
123556
0.255357778795
123576
0.0892666361416
123596
0.0707274496337
123616
0.0723125254375
123636
0.136467554436
123656
0.172219996439
123676
0.165197649573
123696
0.167350300163
123716
0.19875133547
123736
0.188988095238
123756
0.203096382784
123776
0.134977869353
123796
0.0738499058812
123816
0.172049882987
123836
0.0631359381359
123856
0.0516095594221
123876
0.101921805047
123896
0.111580115486
123916
0.882947636854
123936
0.938269485144
123956
0.941606570513
123976
0.943903897029
123996
0.946023160867
124016
0.949792684168
124036
0.955983541921
124056
0.961198234636
124076
0.96687716219
124096
0.974592681624
124116
0.980279558405
124136
0.98042105464
124156
0.974298560236
124176
0.975875686813
124196
0.9735433837
124216
0.967459045584
124236
0.961430352055
124256
0.960202991453
124276
0.955061431624
124296
0.948678202584
124316
0.9434189942
124336
0.937434816341
124356
0.932264639296
124376
0.929914847884
124396
0.92702291921
124416
0.924596815222
124436
0.925722425722
124456
0.931900564713
124476
0.933984851954
124496
0.933846535409
124516
0.935191544567
124536
0.934918091168
124556
0.931426790802
124576
0.926493500712
124596
0.918843164937
124616
0.917340761091
124636
0.914545812983
124656
0.907485309829
124676
0.910232562576
124696
0.912208740334
124716
0.910943223443
124736
0.911426536427
124756
0.910631613757
124776
0.913838331807
124796
0.915510849105
124816
0.919561775031
124836
0.922614278083
124856
0.917027561559
124876
0.917913105413
124896
0.915954415954
124916
0.914787469475
124936
0.91120713777
124956
0.901594932845
124976
0.896887400794
124996
0.89165521978
125016
0.891860309829
125036
0.891529621998
125056
0.899544032357
125076
0.904090990028
125096
0.906267488299
125116
0.90566652676
125136
0.909354967949
125156
0.905305631868
125176
0.903348532255
125196
0.910540992572
125216
0.914749313187
125236
0.911232575295
125256
0.908668154762
125276
0.90777148199
125296
0.910331132987
125316
0.913809714591
125336
0.917022792023
125356
0.923873435592
125376
0.925951363451
125396
0.932622354497
125416
0.940231354294
125436
0.941916590354
125456
0.943140771266
125476
0.949059765466
125496
0.951926256614
125516
0.95499465812
125536
0.954544731888
125556
0.958670380545
125576
0.962517806268
125596
0.968420902015
125616
0.975047377391
125636
0.978463955026
125656
0.0980409925722
125676
0.0959090099715
125696
0.10378669363
125716
0.115907674501
125736
0.0993176383801
125756
0.341664122914
125776
0.888761701262
125796
0.896828576516
125816
0.618933150183
125836
0.217133127289
125856
0.05094500407
125876
0.148787265975
125896
0.0961617953805
125916
0.0990584935897
125936
0.160806496744
125956
0.117999910969
125976
0.118026938339
125996
0.12228454416
126016
0.78314668549
126036
0.145518543956
126056
0.203194953195
126076
0.131572420635
126096
0.20251767908
126116
0.288833562271
126136
0.185288525132
126156
0.277520222833
126176
0.349703970798
126196
0.358751780627
126216
0.335519370676
126236
0.491786858974
126256
0.487136561355
126276
0.279593381156
126296
0.28655849359
126316
0.268373842593
126336
0.288040229446
126356
0.135459592491
126376
0.134106634107
126396
0.115691455535
126416
0.216872392654
126436
0.482866236772
126456
0.367127085877
126476
0.803615944241
126496
0.989152485246
126516
0.405879566036
126536
0.429137413512
126556
0.365306712963
126576
0.372174844831
126596
0.360249414937
126616
0.95939535002
126636
0.976640402422
126656
0.163736581705
126676
0.110737497456
126696
0.279350134819
126716
0.380953970798
126736
0.405132338726
126756
0.0862348010786
126776
0.0498639092389
126796
0.0620007885633
126816
0.114893353175
126836
0.240376666158
126856
0.173460075804
126876
0.181317091473
126896
0.0622440349003
126916
0.35041622151
126936
0.381327584453
126956
0.0470498829874
126976
0.0501755189255
126996
0.100406682438
127016
0.963382682133
127036
0.961540051384
127056
0.965214183964
127076
0.969559231278
127096
0.97095034595
127116
0.973378039784
127136
0.971848608567
127156
0.972195194851
127176
0.969082277676
127196
0.965943922975
127216
0.963120357652
127236
0.958506626475
127256
0.953342808812
127276
0.954276048026
127296
0.952268073362
127316
0.945921410765
127336
0.938620840965
127356
0.93922975173
127376
0.934096141127
127396
0.932767030423
127416
0.932105654762
127436
0.92737109534
127456
0.922960864367
127476
0.928676358364
127496
0.934199481074
127516
0.928016572548
127536
0.929860793142
127556
0.929736785206
127576
0.924485526048
127596
0.921999007937
127616
0.919666704823
127636
0.921094385938
127656
0.920140478734
127676
0.921957671958
127696
0.922399648962
127716
0.926162812882
127736
0.927863947395
127756
0.927949799044
127776
0.929989570615
127796
0.933673242267
127816
0.940029443936
127836
0.943880049349
127856
0.946713153744
127876
0.943857791514
127896
0.947434943529
127916
0.955323756105
127936
0.954867470492
127956
0.955981952076
127976
0.957762578856
127996
0.963802401302
128016
0.965541692104
128036
0.967021838116
128056
0.970710279304
128076
0.970220606939
128096
0.967894663207
128116
0.965412914632
128136
0.958862751832
128156
0.951859483109
128176
0.949027968559
128196
0.95221083893
128216
0.954121833028
128236
0.947364990334
128256
0.939679677961
128276
0.93123282967
128296
0.929339323871
128316
0.93111359127
128336
0.929542824074
128356
0.926598430505
128376
0.923231138075
128396
0.919633318071
128416
0.918092757937
128436
0.920410752442
128456
0.920388494607
128476
0.921607905983
128496
0.911641165547
128516
0.899799997456
128536
0.895667989418
128556
0.900008267196
128576
0.909560057998
128596
0.918027574278
128616
0.924898885836
128636
0.928795596764
128656
0.914824035918
128676
0.913070436508
128696
0.910995688339
128716
0.908467834249
128736
0.908035396317
128756
0.912348646724
128776
0.913235780423
128796
0.911480591168
128816
0.908359724766
128836
0.911025895401
128856
0.915741376679
128876
0.919062563594
128896
0.922105527574
128916
0.922859114265
128936
0.920089603683
128956
0.920655588624
128976
0.930205789581
128996
0.939946771978
129016
0.94124249593
129036
0.936127963472
129056
0.930593711844
129076
0.925143722019
129096
0.922167531543
129116
0.928274127493
129136
0.93841098138
129156
0.937953105922
129176
0.946460368335
129196
0.959393760175
129216
0.958514575702
129236
0.956485933048
129256
0.953323730667
129276
0.95405982906
129296
0.958021723647
129316
0.957851610195
129336
0.958012184575
129356
0.958163219882
129376
0.95798992674
129396
0.958991529304
129416
0.962815107346
129436
0.965004324379
129456
0.965013863451
129476
0.965392246642
129496
0.967837428775
129516
0.972947191697
129536
0.977413067257
129556
0.982789924196
129576
0.987171537953
129596
0.987252620065
129616
0.986750228938
129636
0.987823374542
129656
0.989801142145
129676
0.991654901811
129696
0.993297212047
129716
0.995693108974
129736
0.998052439459
129756
0.553980018824
129776
0.500731328856
129796
0.464398593305
129816
0.436744823464
129836
0.459069431726
129856
0.668253332316
129876
0.908451935796
129896
1.0
