131627
0.132981527319
131647
0.118015447378
131667
0.0958058305831
131687
0.0723815089842
131707
0.048787587092
131727
0.047799779978
131747
0.0486030894756
131767
0.0534859735974
131787
0.0490293821049
131807
0.0478100935094
131827
0.0617597176384
131847
0.0438027136047
131867
0.0524122203887
131887
0.0473918225156
131907
0.0457725980931
131927
0.0452099376604
131947
0.0457737440411
131967
0.0468933351669
131987
0.0468142647598
132007
0.0616038687202
132027
0.0673198569857
132047
0.067633846718
132067
0.0663125687569
132087
0.0606057480748
132107
0.0595297029703
132127
0.0581683168317
132147
0.0848551521819
132167
0.0848838008801
132187
0.0835888797213
132207
0.0832714521452
132227
0.0535409790979
132247
0.0527204803814
132267
0.0689493949395
132287
0.0715014209754
132307
0.0700724239091
132327
0.0849525577558
132347
0.0898239823982
132367
0.0657544921159
132387
0.0630030711404
132407
0.0621871562156
132427
0.061925880088
132447
0.061017143381
132467
0.0623441510818
132487
0.0595193894389
132507
0.0576320132013
132527
0.104916116612
132547
0.0904026861019
132567
0.0771486523652
132587
0.0865649064906
132607
0.0847027411074
132627
0.0867012742941
132647
0.0799814356436
132667
0.0866187660433
132687
0.0875676109278
132707
0.107946002934
132727
0.102352631096
132747
0.113982856619
132767
0.105253025303
132787
0.0638590942428
132807
0.0600797579758
132827
0.0605679317932
132847
0.0629068115145
132867
0.0625229189586
132887
0.0628116978365
132907
0.0613070682068
132927
0.062260496883
132947
0.130931426476
132967
0.13543156399
132987
0.13820246608
133007
0.140191831683
133027
0.139158186652
133047
0.138572607261
133067
0.140030253025
133087
0.139482489916
133107
0.141401952695
133127
0.0609472405574
133147
0.0608590025669
133167
0.0596442977631
133187
0.0598414008067
133207
0.0764473322332
133227
0.0767315273194
133247
0.10982879538
133267
0.111171846351
133287
0.0771773010634
133307
0.166467271727
133327
0.136384992666
133347
0.124776540154
133367
0.115820957096
133387
0.115449669967
133407
0.102727356069
133427
0.111331133113
133447
0.1278763293
133467
0.0586393014301
133487
0.0599697469747
133507
0.10076320132
133527
0.107421158783
133547
0.105141868354
133567
0.105301155116
133587
0.107538045471
133607
0.0608910891089
133627
0.0599983956729
133647
0.0724055738907
133667
0.0603215529886
133687
0.0549447653099
133707
0.258529290429
133727
0.288045471214
133747
0.0560540429043
133767
0.0566407682435
133787
0.0648606527319
133807
0.0598792170884
133827
0.0601152823616
133847
0.0670012834617
133867
0.0634614503117
133887
0.0648022093876
133907
0.0664443527686
133927
0.065784286762
133947
0.0665371745508
133967
0.0664179959663
133987
0.0661452603594
134007
0.142261413641
134027
0.139524889989
134047
0.132811927026
134067
0.145431105611
134087
0.158378025303
134107
0.0953543270994
134127
0.0924138247158
134147
0.0856321048772
134167
0.0691109735974
134187
0.0708402090209
134207
0.0750103135314
134227
0.0669233590026
134247
0.076068023469
134267
0.0697435368537
134287
0.0712676475981
134307
0.0726737257059
134327
0.085793683535
134347
0.127185322699
134367
0.125906444811
134387
0.128056243124
134407
0.126032499083
134427
0.125200540887
134447
0.122390676568
134467
0.115156307297
134487
0.110500320865
134507
0.105181976531
134527
0.104997478915
134547
0.100280757242
134567
0.0995015126513
134587
0.0978994774477
134607
0.096237852952
134627
0.0974995416208
134647
0.0978089475614
134667
0.0989606252292
134687
0.0975980931426
134707
0.0983819215255
134727
0.0994052530253
134747
0.0974078657866
134767
0.0982489915658
134787
0.0976095526219
134807
0.0958929226256
134827
0.0973436927026
134847
0.0965690319032
134867
0.0984002566923
134887
0.0979074990832
134907
0.0987979006234
134927
0.098070223689
134947
0.0981550238357
134967
0.0981137697103
134987
0.0991978364503
135007
0.0977642555922
135027
0.0978536395306
135047
0.100220022002
135067
0.100952282728
135087
0.10117803447
135107
0.0829987165383
135127
0.15347909791
135147
0.832360423542
135167
1.0
135187
0.995283278328
135207
0.995279840484
135227
0.995279840484
135247
0.995279840484
135267
1.0
135287
0.994190044004
135307
0.994351622662
135327
0.994355060506
135347
0.994355060506
135367
0.994355060506
135387
1.0
135407
0.995427667767
135427
0.995427667767
135447
0.995437981298
135467
0.995437981298
135487
1.0
135507
0.994609460946
135527
0.994846672167
135547
0.994843234323
135567
0.994843234323
135587
0.994843234323
135607
1.0
135627
0.995482673267
135647
0.995513613861
135667
0.99550330033
135687
0.99550330033
135707
1.0
135727
0.994636963696
135747
0.994853547855
135767
0.994853547855
135787
0.994853547855
135807
0.994850110011
135827
1.0
135847
0.989359873487
135867
0.989562706271
135887
0.989562706271
135907
0.989583333333
135927
1.0
135947
0.988459158416
135967
0.988926705171
135987
0.988957645765
136007
0.988957645765
136027
0.988961083608
136047
1.0
136067
0.993801567657
136087
0.993822194719
136107
0.993822194719
136127
0.993822194719
136147
1.0
136167
0.992790841584
136187
0.993196507151
136207
0.993210258526
136227
0.993210258526
136247
0.993234323432
136267
1.0
136287
0.993186193619
136307
0.993275577558
136327
0.99321369637
136347
0.993217134213
136367
0.99321369637
136387
0.993258388339
136407
1.0
136427
0.994062843784
136447
0.993433718372
136467
0.993488723872
136487
0.993502475248
136507
0.993502475248
136527
0.993519664466
136547
1.0
136567
1.0
136587
0.992409240924
136607
0.992491749175
136627
0.992491749175
136647
0.992608635864
136667
0.992608635864
136687
0.993323707371
136707
1.0
136727
0.982577007701
136747
0.982827970297
136767
0.98284859736
136787
0.98284859736
136807
0.98284859736
136827
0.982797029703
136847
1.0
136867
0.984426567657
136887
0.984900990099
136907
0.984890676568
136927
0.984890676568
136947
0.984890676568
136967
0.984876925193
136987
1.0
137007
0.989418316832
137027
0.989566144114
137047
0.989593646865
137067
0.989593646865
137087
0.989593646865
137107
0.989920242024
137127
1.0
137147
0.993038366337
137167
0.992189218922
137187
0.992213283828
137207
0.992206408141
137227
0.992206408141
137247
0.992199532453
137267
1.0
137287
1.0
137307
0.990325907591
137327
0.990494361936
137347
0.990662816282
137367
0.990662816282
137387
0.990662816282
137407
0.991584158416
137427
1.0
137447
0.992058580858
137467
0.992068894389
137487
0.992079207921
137507
0.992079207921
137527
0.992079207921
137547
0.992051705171
137567
1.0
137587
0.991780115512
137607
0.991804180418
137627
0.991828245325
137647
0.991828245325
137667
0.991828245325
137687
0.991831683168
137707
1.0
137727
0.991446644664
137747
0.991656353135
137767
0.991649477448
137787
0.991649477448
137807
0.991910753575
137827
0.99192450495
137847
1.0
137867
0.987895352035
137887
0.987685643564
137907
0.987830033003
137927
0.987816281628
137947
0.987816281628
137967
0.987816281628
137987
1.0
138007
1.0
138027
0.993065869087
138047
0.986561468647
138067
0.978094059406
138087
0.973322332233
138107
0.962830033003
138127
0.946936881188
138147
0.933292079208
138167
0.914335808581
138187
0.894114411441
138207
0.883206133113
138227
0.873731435644
138247
0.861915566557
138267
0.849917491749
138287
0.843017739274
138307
0.841635726073
138327
0.837580216355
138347
0.840344242758
138367
0.860829207921
138387
0.861837642098
138407
0.870012834617
138427
0.889011505317
138447
0.881568573524
138467
0.885015584892
138487
0.885322698937
138507
0.879406169784
138527
0.879986019435
138547
0.878247616428
138567
0.864097451412
138587
0.849641318298
138607
0.838627612761
138627
0.83545906674
138647
0.836915566557
138667
0.841958883388
138687
0.833741290796
138707
0.835889943161
138727
0.84235079758
138747
0.845974284928
138767
0.855309176751
138787
0.860823478181
138807
0.86422579758
138827
0.869893656032
138847
0.861678355336
138867
0.86842913458
138887
0.862483956729
138907
0.869312660433
138927
0.861907544921
138947
0.870269526953
138967
0.863311331133
138987
0.867042537587
139007
0.866594471947
139027
0.863211633663
139047
0.866591034103
139067
0.869320682068
139087
0.872072103044
139107
0.868996378805
139127
0.867948982398
139147
0.862903373671
139167
0.85749449945
139187
0.849207004034
139207
0.859805876421
139227
0.862504583792
139247
0.869625504217
139267
0.86702993216
139287
0.867379446278
139307
0.865441648331
139327
0.867027640264
139347
0.876739548955
139367
0.881513568023
139387
0.873056472314
139407
0.865486340301
139427
0.865032544921
139447
0.862983590026
139467
0.863050055006
139487
0.854167812615
139507
0.85880546388
139527
0.868563210488
139547
0.873039283095
139567
0.880678171984
139587
0.891666666667
139607
0.886104235424
139627
0.894335579391
139647
0.899115328199
139667
0.894528098643
139687
0.895859690136
139707
0.889157040704
139727
0.876253667033
139747
0.87120576641
139767
0.863640218188
139787
0.869505179685
139807
0.858349376604
139827
0.846824578291
139847
0.851902273561
139867
0.859428859553
139887
0.852751420975
139907
0.865490924092
139927
0.871318069307
139947
0.870098780711
139967
0.859260405207
139987
0.861336862853
140007
0.879009671801
140027
0.872693206821
140047
0.864181105611
140067
0.857946002934
140087
0.849150852585
140107
0.846552988632
140127
0.850445773744
140147
0.860266547488
140167
0.861234873487
140187
0.852906123946
140207
0.847170654565
140227
0.858661074441
140247
0.867888247158
140267
0.882566694169
140287
0.887838054639
140307
0.888447698937
140327
0.885125595893
140347
0.883976210121
140367
0.884426567657
140387
0.897208470847
140407
0.894741244958
140427
0.892357673267
140447
0.882728272827
140467
0.866186514485
140487
0.871016685002
140507
0.863367482582
140527
0.864532911624
140547
0.859426567657
140567
0.858824944994
140587
0.853931747341
140607
0.852736523652
140627
0.857186239457
140647
0.863176109278
140667
0.840765951595
140687
0.821931151448
140707
0.80423656949
140727
0.78323019802
140747
0.776159699303
140767
0.783737852952
140787
0.787946919692
140807
0.799738723872
140827
0.800429730473
140847
0.811781490649
140867
0.824044279428
140887
0.842026494316
140907
0.852758296663
140927
0.854689218922
140947
0.829272093876
140967
0.817087229556
140987
0.82094563623
141007
0.835928905391
141027
0.841919921159
141047
0.866650623396
141067
0.871420058673
141087
0.9079643381
141107
0.93026563073
141127
0.966850018335
141147
0.982732856619
141167
0.993947103044
141187
1.0
141207
1.0
