122162
0.257301869558
122182
0.267601445896
122202
0.260798060479
122222
0.258096237562
122242
0.258176403141
122262
0.256882093439
122282
0.257325190454
122302
0.267575209888
122322
0.263718030939
122342
0.260708177861
122362
0.260811664335
122382
0.262029209422
122402
0.260339902052
122422
0.268312733209
122442
0.264758725902
122462
0.262808030162
122482
0.263073305348
122502
0.263045611785
122522
0.263413887593
122542
0.269436508862
122562
0.266416938744
122582
0.263385708178
122602
0.263968244714
122622
0.262974191542
122642
0.263288051928
122662
0.268616876555
122682
0.262891110852
122702
0.261844585665
122722
0.261721665112
122742
0.262680251088
122762
0.260590601679
122782
0.266023398632
122802
0.263444982121
122822
0.260888914801
122842
0.260997259795
122862
0.261870335821
122882
0.260593030939
122902
0.267679182214
122922
0.263769045398
122942
0.263502312655
122962
0.262283795864
122982
0.262060789801
123002
0.261054104478
123022
0.26853768268
123042
0.265400536381
123062
0.263614058613
123082
0.263502798507
123102
0.263612601057
123122
0.263799168221
123142
0.270534048507
123162
0.265460782027
123182
0.263134522699
123202
0.262270192009
123222
0.263361415578
123242
0.26269774176
123262
0.266374669621
123282
0.262498056592
123302
0.261077425373
123322
0.260120296953
123342
0.26104487329
123362
0.260902518657
123382
0.268422535759
123402
0.257549654073
123422
0.253346062655
123442
0.255731595927
123462
0.25564705768
123482
0.255198616294
123502
0.266393617848
123522
0.254026741294
123542
0.249740069185
123562
0.251216087531
123582
0.251587764303
123602
0.250323577425
123622
0.266739058613
123642
0.250834207867
123662
0.243603758551
123682
0.242837569963
123702
0.242764206312
123722
0.241810964708
123742
0.260579427083
123762
0.256251943408
123782
0.254315337376
123802
0.253014711598
123822
0.254755519279
123842
0.254967350746
123862
0.265906308302
123882
0.26222646533
123902
0.25827648865
123922
0.257570545709
123942
0.258647193719
123962
0.260025069963
123982
0.266945545709
124002
0.26201657727
124022
0.259285603234
124042
0.259701492537
124062
0.259471684546
124082
0.259854050062
124102
0.267326453669
124122
0.226739350124
124142
0.498162993626
124162
0.996264284049
124182
0.9943237912
124202
0.989964727146
124222
0.984695176461
124242
0.984500835665
124262
0.984463910914
124282
0.984336131841
124302
0.984172885572
124322
0.984840932058
124342
0.981843711132
124362
0.981136796486
124382
0.979048118781
124402
0.97541248834
124422
0.973779539801
124442
0.978845032649
124462
0.97989981732
124482
0.983508725902
124502
0.989094566231
124522
0.988959013526
124542
0.984456623134
124562
0.976975960044
124582
0.973232956312
124602
0.966283815299
124622
0.96423837842
124642
0.959059196206
124662
0.95939686334
124682
0.957373775653
124702
0.952135805348
124722
0.944906813588
124742
0.940886388371
124762
0.936356790267
124782
0.931786866449
124802
0.926725260417
124822
0.9260008551
124842
0.924326609142
124862
0.924156075093
124882
0.926579990672
124902
0.924729866294
124922
0.925228836287
124942
0.922046505752
124962
0.92508793921
124982
0.925252157183
125002
0.927903937345
125022
0.92570788635
125042
0.925960529384
125062
0.927940862096
125082
0.932195467973
125102
0.934438646611
125122
0.940566211909
125142
0.938123833955
125162
0.941439287935
125182
0.940578844061
125202
0.940889303483
125222
0.94120850824
125242
0.938896338619
125262
0.937869733364
125282
0.934539703825
125302
0.935365652208
125322
0.932735249534
125342
0.929436800373
125362
0.928251321517
125382
0.926519259173
125402
0.925754042289
125422
0.923554104478
125442
0.927802880131
125462
0.92833974658
125482
0.928381043999
125502
0.931720304726
125522
0.933653509795
125542
0.936317436256
125562
0.9407960199
125582
0.945466029229
125602
0.942801616915
125622
0.942435284515
125642
0.94356197528
125662
0.95017830768
125682
0.946502351524
125702
0.944798954447
125722
0.942910933613
125742
0.943895755597
125762
0.946384775342
125782
0.940451064988
125802
0.940859666511
125822
0.936398087687
125842
0.935592059235
125862
0.934082517102
125882
0.936055562034
125902
0.933592292444
125922
0.928433516014
125942
0.926351154384
125962
0.926902596393
125982
0.927917055348
126002
0.929517937655
126022
0.92569574005
126042
0.921271085976
126062
0.923455476524
126082
0.919175120491
126102
0.923957847481
126122
0.920633648165
126142
0.922583372201
126162
0.923303890703
126182
0.926290908738
126202
0.929153062811
126222
0.928995646766
126242
0.930104846859
126262
0.929690900964
126282
0.932672574627
126302
0.938209829757
126322
0.938318174751
126342
0.94316892102
126362
0.94197275342
126382
0.941550062189
126402
0.942052918999
126422
0.941697275342
126442
0.94413819574
126462
0.944472461909
126482
0.944968030939
126502
0.945809526586
126522
0.946789004198
126542
0.945559312811
126562
0.945618100902
126582
0.944184837531
126602
0.945911069652
126622
0.948718808302
126642
0.949317377954
126662
0.94863038324
126682
0.952775672419
126702
0.948258220616
126722
0.947447819496
126742
0.945885319496
126762
0.944751826803
126782
0.942881296642
126802
0.945852767413
126822
0.943691697761
126842
0.939194651741
126862
0.940947119869
126882
0.935763079136
126902
0.936861590485
126922
0.932725532494
126942
0.931579407649
126962
0.92802977301
126982
0.929598589086
127002
0.929734627643
127022
0.929026255442
127042
0.932094410759
127062
0.931834479944
127082
0.925577192164
127102
0.926734977456
127122
0.929973666822
127142
0.933525730721
127162
0.9351319574
127182
0.938250641325
127202
0.936598744558
127222
0.935253420398
127242
0.937836695429
127262
0.939878731343
127282
0.941688044154
127302
0.941483986318
127322
0.941477670243
127342
0.943995841107
127362
0.9486085199
127382
0.952873328669
127402
0.950186081312
127422
0.945633648165
127442
0.946816697761
127462
0.946644220305
127482
0.950540267413
127502
0.95184332245
127522
0.952506024565
127542
0.949023923352
127562
0.946957108986
127582
0.943901585821
127602
0.944727534204
127622
0.94462890625
127642
0.94325928949
127662
0.938856012904
127682
0.940949549129
127702
0.944266460665
127722
0.940715854322
127742
0.939846665112
127762
0.940578844061
127782
0.937585024098
127802
0.936735268968
127822
0.937065162469
127842
0.938103914024
127862
0.939155783582
127882
0.935965193563
127902
0.937672477456
127922
0.934533387749
127942
0.935971023787
127962
0.941304221082
127982
0.936982081779
128002
0.938759328358
128022
0.932950967817
128042
0.935320953825
128062
0.932977689677
128082
0.93459217584
128102
0.937819204757
128122
0.942286613806
128142
0.940409767568
128162
0.94318349658
128182
0.941275069963
128202
0.939786905317
128222
0.941249319807
128242
0.939158212842
128262
0.938989622201
128282
0.93885989972
128302
0.938074277052
128322
0.93624018579
128342
0.938878847948
128362
0.938296797264
128382
0.935971023787
128402
0.929246832245
128422
0.932235793688
128442
0.930530939055
128462
0.92999990283
128482
0.930409961909
128502
0.930274895056
128522
0.929683613184
128542
0.931111532183
128562
0.93329835199
128582
0.934460995802
128602
0.93006840796
128622
0.924285797575
128642
0.926125233209
128662
0.933276002799
128682
0.934445934391
128702
0.936471937189
128722
0.934601407027
128742
0.937093341884
128762
0.936570565143
128782
0.941552491449
128802
0.944698868937
128822
0.943257346082
128842
0.94157969916
128862
0.939488106343
128882
0.942924537469
128902
0.947952133862
128922
0.946936703203
128942
0.945252740205
128962
0.943300586909
128982
0.942662663246
129002
0.945284806437
129022
0.946140391791
129042
0.948026469216
129062
0.938509600435
129082
0.933112270678
129102
0.934855507618
129122
0.940101251555
129142
0.945501010572
129162
0.943250058302
129182
0.940011854789
129202
0.941539373445
129222
0.935906891325
129242
0.939522601835
129262
0.939918085354
129282
0.943612503887
129302
0.943085354478
129322
0.946752079447
129342
0.957305270522
129362
0.952867498445
129382
0.949076395367
129402
0.94834470227
129422
0.954055892413
129442
0.954233714241
129462
0.954537857587
129482
0.956501185479
129502
0.959956564832
129522
0.958032590951
129542
0.954927996735
129562
0.954255577581
129582
0.949851329291
129602
0.947281658116
129622
0.949872706779
129642
0.954590329602
129662
0.956389925373
129682
0.953533601524
129702
0.953090990361
129722
0.95626943408
129742
0.955767063122
129762
0.959135960821
129782
0.961186256219
129802
0.964676616915
129822
0.965944690609
129842
0.963926461443
129862
0.966664237407
129882
0.968495899409
129902
0.969208644279
129922
0.967165150808
129942
0.969001185479
129962
0.969795553483
129982
0.972662080224
130002
0.970665714397
130022
0.971597092662
130042
0.970420359142
130062
0.970296466884
130082
0.969847539646
130102
0.970389264614
130122
0.970440764925
130142
0.970088036381
130162
0.968776721859
130182
0.967319165889
130202
0.969532707556
130222
0.969124106032
130242
0.968743198072
130262
0.969372376399
130282
0.969548740672
130302
0.968939482276
130322
0.968287954757
130342
0.967416336287
130362
0.96633045709
130382
0.969426791822
130402
0.968765061412
130422
0.968097500777
130442
0.968063005286
130462
0.967657804726
130482
0.967689870958
130502
0.967471723414
130522
0.967225882307
130542
0.966336773165
130562
0.967157863029
130582
0.967722423041
130602
0.967812791511
130622
0.964042580068
130642
0.965782416045
130662
0.964361298974
130682
0.963103914024
130702
0.956407416045
130722
0.951711656561
130742
0.946429473725
130762
0.94402353467
130782
0.943734452736
130802
0.94432622046
130822
0.939408426617
130842
0.93623775653
130862
0.931160117382
130882
0.930313277363
130902
0.935126127177
130922
0.928913051928
130942
0.935135358364
130962
0.929394045398
130982
0.932554512593
131002
0.937849327581
131022
0.936390799907
131042
0.939381218905
131062
0.940599735697
131082
0.935702833489
131102
0.936909689832
131122
0.937824549129
131142
0.936143987096
131162
0.940658037935
131182
0.934612095771
131202
0.933842020367
131222
0.922780142257
131242
0.922725240983
131262
0.915985502177
131282
0.917228797419
131302
0.909178229944
131322
0.900510630442
131342
0.894250913402
131362
0.901459013526
131382
0.907737192942
131402
0.910533756996
131422
0.915552122201
131442
0.921191892102
131462
0.928719682836
131482
0.932735249534
131502
0.941753148321
131522
0.951915714397
131542
0.958042307991
131562
0.966178385417
131582
0.97617430426
131602
0.991622454136
131622
0.993368120336
131642
0.993519220305
131662
0.993595499067
131682
0.993595499067
131702
0.997748076026
131722
1.0
131742
1.0
