148134
0.308580824908
148154
0.233360619638
148174
0.23289196538
148194
0.232358685662
148214
0.240381338082
148234
0.308265356924
148254
0.327384440104
148274
0.32957165288
148294
0.343317248775
148314
0.298282398897
148334
0.289003140319
148354
0.292567114737
148374
0.299138805913
148394
0.311683804381
148414
0.312050972733
148434
0.308536783854
148454
0.362249636183
148474
0.342848594516
148494
0.281957050398
148514
0.20792499617
148534
0.212432981005
148554
0.284699084712
148574
0.28087756587
148594
0.284287396599
148614
0.20347254136
148634
0.176720952053
148654
0.346113855699
148674
0.369641831342
148694
0.426109164369
148714
0.516647039675
148734
0.598126819087
148754
0.222120098039
148774
0.250341318168
148794
0.204431870404
148814
0.222245998009
148834
0.28480535769
148854
0.303832529105
148874
0.288482306985
148894
0.33031317019
148914
0.368385225184
148934
0.290101294424
148954
0.382553040748
148974
0.397294826134
148994
0.289548866422
149014
0.25934196921
149034
0.305653052237
149054
0.364049574908
149074
0.338621132047
149094
0.369061638327
149114
0.360881491268
149134
0.395046338848
149154
0.450913373162
149174
0.504603726256
149194
0.830397901348
149214
0.657008750766
149234
0.706703335631
149254
0.279170975031
149274
0.113590016085
149294
0.290481387868
149314
0.292687748928
149334
0.135780962776
149354
0.133260091146
149374
0.15547210095
149394
0.127539541207
149414
0.135868566176
149434
0.0966112323836
149454
0.0581844554228
149474
0.0629576439951
149494
0.0681315104167
149514
0.0625856885723
149534
0.0982996323529
149554
0.128785137102
149574
0.124785060509
149594
0.0726825788909
149614
0.0553098192402
149634
0.0606244255515
149654
0.0610289330576
149674
0.0391328699449
149694
0.0662248200061
149714
0.0794127221201
149734
0.0937701056985
149754
0.11614631204
149774
0.120972158395
149794
0.110946116728
149814
0.100144090839
149834
0.105520929075
149854
0.0951124004289
149874
0.0897599762561
149894
0.0905431410846
149914
0.0762862859988
149934
0.0868412990196
149954
0.0720889820772
149974
0.0690999348958
149994
0.0761953316483
150014
0.088037109375
150034
0.0657676547181
150054
0.0703239889706
150074
0.077041685815
150094
0.0803643918505
150114
0.0721196193321
150134
0.0808622472426
150154
0.0860744102328
150174
0.104327512255
150194
0.101725260417
150214
0.0948524624694
150234
0.0798426011029
150254
0.0647537530637
150274
0.0640347349877
150294
0.0619877833946
150314
0.0775112974877
150334
0.0746419270833
150354
0.0692243987439
150374
0.0717170266544
150394
0.996208160999
150414
0.994485294118
150434
0.988567038143
150454
0.985076305913
150474
0.982435757506
150494
0.982926910999
150514
0.982445810355
150534
0.97910491345
150554
0.972199563419
150574
0.966244925705
150594
0.961236213235
150614
0.952933517157
150634
0.94843414905
150654
0.939940927543
150674
0.9345636106
150694
0.925927734375
150714
0.914245844822
150734
0.91109307981
150754
0.90704944087
150774
0.905604224112
150794
0.90894129136
150814
0.909413296569
150834
0.914637905944
150854
0.91829810049
150874
0.920007084865
150894
0.919643267463
150914
0.919989372702
150934
0.924786975337
150954
0.923001397825
150974
0.921852022059
150994
0.926761642157
151014
0.924441348805
151034
0.92189989277
151054
0.928890452665
151074
0.927564912684
151094
0.926756855086
151114
0.93051183364
151134
0.928631950827
151154
0.92916618796
151174
0.924376723346
151194
0.919956820619
151214
0.918291398591
151234
0.924082797181
151254
0.924665383732
151274
0.921932444853
151294
0.924030618107
151314
0.919724647672
151334
0.917276539522
151354
0.922179457721
151374
0.92054754519
151394
0.927897135417
151414
0.930090571385
151434
0.930144665288
151454
0.921769684436
151474
0.916071633732
151494
0.91948816636
151514
0.917802159926
151534
0.914844228707
151554
0.913657513787
151574
0.923527975643
151594
0.914710669424
151614
0.909386010263
151634
0.907812021293
151654
0.904069967831
151674
0.903173828125
151694
0.904862228094
151714
0.903929227941
151734
0.905160462623
151754
0.908853209252
151774
0.902763097426
151794
0.903757372089
151814
0.91375469133
151834
0.91853984758
151854
0.918805530025
151874
0.920046338848
151894
0.924838196998
151914
0.918821806066
151934
0.918687289369
151954
0.924652937347
151974
0.922539924173
151994
0.924808995864
152014
0.927821020987
152034
0.927069450827
152054
0.932777554381
152074
0.932325176164
152094
0.928990023744
152114
0.926292509191
152134
0.930062806373
152154
0.933215571385
152174
0.93189051011
152194
0.929972809436
152214
0.923044481464
152234
0.922065046722
152254
0.923262771906
152274
0.926250861673
152294
0.923251761642
152314
0.932143267463
152334
0.931750727635
152354
0.923494466146
152374
0.92445379519
152394
0.930260512408
152414
0.938090724571
152434
0.931089633119
152454
0.927018707874
152474
0.924519856771
152494
0.931467333027
152514
0.935473154105
152534
0.932880476409
152554
0.938862879136
152574
0.934004959406
152594
0.926081878064
152614
0.923898494945
152634
0.926360006893
152654
0.934308459712
152674
0.929837335325
152694
0.923558134191
152714
0.928574984681
152734
0.92453326057
152754
0.919648533241
152774
0.927686504289
152794
0.929207835478
152814
0.922503063725
152834
0.924814261642
152854
0.923307291667
152874
0.921626072304
152894
0.924613204657
152914
0.921590169271
152934
0.91656182981
152954
0.917719343597
152974
0.911452110141
152994
0.916474705116
153014
0.920546587776
153034
0.922350356158
153054
0.922751034007
153074
0.928068991268
153094
0.927898092831
153114
0.925876991422
153134
0.926556276808
153154
0.934000651042
153174
0.939125210631
153194
0.940315755208
153214
0.942335899203
153234
0.941361251532
153254
0.938934685202
153274
0.944177485447
153294
0.942447916667
153314
0.940935680913
153334
0.94308459712
153354
0.939947150735
153374
0.940028052237
153394
0.937868604473
153414
0.931934551164
153434
0.93557990579
153454
0.937326708027
153474
0.928451478248
153494
0.932789522059
153514
0.934330001532
153534
0.93370959712
153554
0.93656317019
153574
0.938433000153
153594
0.937855679381
153614
0.942002719056
153634
0.938234336703
153654
0.937880572151
153674
0.942184627757
153694
0.943510167739
153714
0.944869217218
153734
0.94792432598
153754
0.949173751532
153774
0.941312902114
153794
0.938465073529
153814
0.942347388174
153834
0.942125746783
153854
0.939833218444
153874
0.935432942708
153894
0.931248563879
153914
0.927036420037
153934
0.927303059896
153954
0.920739028033
153974
0.918738511029
153994
0.924029660692
154014
0.917470415901
154034
0.923967428768
154054
0.924753944547
154074
0.928840667126
154094
0.934221813725
154114
0.936884382659
154134
0.931241383272
154154
0.935280713848
154174
0.935783356311
154194
0.937549306832
154214
0.944260780484
154234
0.939056755515
154254
0.931081973805
154274
0.924726658241
154294
0.921562404259
154314
0.915136240043
154334
0.920769186581
154354
0.920344573376
154374
0.915522556679
154394
0.91441004136
154414
0.904606119792
154434
0.903911515778
154454
0.910035615809
154474
0.911793428309
154494
0.910534428615
154514
0.915150122549
154534
0.922745289522
154554
0.915507716759
154574
0.915578086703
154594
0.917997951134
154614
0.915848556219
154634
0.917413449755
154654
0.924134497549
154674
0.926942114737
154694
0.923655790441
154714
0.925176642923
154734
0.919482421875
154754
0.919394818474
154774
0.924871706495
154794
0.926956954657
154814
0.932619581036
154834
0.942088407629
154854
0.947933421415
154874
0.95355870864
154894
0.958644492953
154914
0.965470856311
154934
0.973179476869
154954
0.981258616728
154974
0.988260186887
154994
0.988255399816
155014
0.978258080576
155034
0.968101830576
155054
0.959683287377
155074
0.956572648591
155094
0.954295438879
155114
0.940102730545
155134
0.932890050551
155154
0.924244600184
155174
0.919580078125
155194
0.921606445313
155214
0.923590686275
155234
0.927529009651
155254
0.929408413756
155274
0.922465245864
155294
0.9186489928
155314
0.921862074908
155334
0.92224743413
155354
0.922715609681
155374
0.917631261489
155394
0.912308517157
155414
0.911302753523
155434
0.909261546415
155454
0.906527650123
155474
0.905182004442
155494
0.920402496936
155514
0.913344439338
155534
0.915767654718
155554
0.919152113971
155574
0.908577952665
155594
0.902914368873
155614
0.910043275123
155634
0.905869427849
155654
0.902194393382
155674
0.915532609528
155694
0.908239028033
155714
0.90859710095
155734
0.903156115962
155754
0.902778894761
155774
0.913687672335
155794
0.924108647365
155814
0.923709884344
155834
0.925558172488
155854
0.933503274357
155874
0.919196633732
155894
0.914396637561
155914
0.915970626532
155934
0.916487151501
155954
0.915456973805
155974
0.905141314338
155994
0.902958409926
156014
0.899382467831
156034
0.902261412377
156054
0.890479473039
156074
0.901828661152
156094
0.903209252451
156114
0.893401022518
156134
0.899140720741
156154
0.905592735141
156174
0.895842428768
156194
0.898873602175
156214
0.907676068474
156234
0.892120481005
156254
0.891597732843
156274
0.905012063419
156294
0.899237898284
156314
0.899219228707
156334
0.904046511183
156354
0.898222560509
156374
0.898414522059
156394
0.898564357384
156414
0.897828105852
156434
0.91488013174
156454
0.92384296492
156474
0.910510971967
156494
0.912146714154
156514
0.923179955576
156534
0.928207337623
156554
0.9291958678
156574
0.932162894455
156594
0.927124023438
156614
0.926472981771
156634
0.92556774663
156654
0.917055376838
156674
0.92543370864
156694
0.93588292739
156714
0.931612859988
156734
0.920543236826
156754
0.921824735754
156774
0.929383042279
156794
0.937511010263
156814
0.95099140242
156834
0.947246955423
156854
0.944236366422
156874
0.94726227405
156894
0.944247855392
156914
0.94258147595
156934
0.949407839308
156954
0.958205997243
156974
0.956770833333
156994
0.946230181526
157014
0.94420189951
157034
0.941473268995
157054
0.943778722426
157074
0.932813457414
157094
0.935574161305
157114
0.921144492953
157134
0.918572399663
157154
0.926020603554
157174
0.926130227482
157194
0.941048177083
157214
0.940407666973
157234
0.947270412071
157254
0.947877891391
157274
0.96726026348
157294
0.971055453431
157314
0.989338235294
157334
0.99280646829
157354
0.985338637408
157374
0.98314855239
157394
0.982326133578
157414
0.982734470741
157434
0.986858532475
157454
0.989390414369
157474
0.989263556985
157494
0.989219037224
157514
0.989183134191
157534
0.989091701134
157554
0.989254940257
157574
0.993505859375
157594
0.808033183977
157614
0.806201650582
157634
0.801331763174
157654
0.816023763021
157674
0.817631740196
157694
0.803325578278
157714
1.0
