137993
0.289374617034
138013
0.287938017004
138033
0.29020948223
138053
0.272350834865
138073
0.285164866728
138093
0.223739564185
138113
0.241461780025
138133
0.280811504289
138153
0.305087220435
138173
0.276889935662
138193
0.292027133119
138213
0.288130935968
138233
0.307719152114
138253
0.375356158088
138273
0.371848671109
138293
0.367527382047
138313
0.367748066023
138333
0.237214211857
138353
0.246175130208
138373
0.244675340839
138393
0.230093443627
138413
0.254266237745
138433
0.261559340533
138453
0.291230085784
138473
0.304262886795
138493
0.294377106311
138513
0.305275352328
138533
0.078715245864
138553
0.0671152152267
138573
0.0692483340993
138593
0.0710497089461
138613
0.0747903262868
138633
0.416306200214
138653
0.422880284926
138673
0.390890682445
138693
0.392777745864
138713
0.420749559589
138733
0.324954044118
138753
0.295646637561
138773
0.28861395144
138793
0.303357651654
138813
0.124325980392
138833
0.114522058824
138853
0.107695216759
138873
0.10797143076
138893
0.102784639246
138913
0.102492627911
138933
0.110840322457
138953
0.107937442555
138973
0.126546223958
138993
0.2916958678
139013
0.287798713235
139033
0.240660903033
139053
0.235258214614
139073
0.224147422641
139093
0.471958295037
139113
0.442646580116
139133
0.418008003983
139153
0.403797104779
139173
0.367943378523
139193
0.361231904871
139213
0.309919289982
139233
0.27149921492
139253
0.229267673866
139273
0.172123448989
139293
0.179659256281
139313
0.186771886489
139333
0.180699486826
139353
0.270524088542
139373
1.0
139393
1.0
139413
0.33646886489
139433
0.301900945925
139453
0.2943359375
139473
0.285161994485
139493
0.324190506281
139513
0.337819297641
139533
0.352091471354
139553
0.388020354626
139573
0.390656594669
139593
0.398736691942
139613
0.405859375
139633
0.40806908701
139653
0.415833237592
139673
0.40558124617
139693
0.396219171262
139713
0.383943206189
139733
0.379520431219
139753
0.361101696538
139773
0.320304361979
139793
0.287028952206
139813
0.251328412224
139833
0.232390759038
139853
0.247128714767
139873
0.265345435049
139893
0.297669175092
139913
0.343603994332
139933
0.413414330576
139953
0.364006969975
139973
0.343522614124
139993
0.322889859069
140013
0.32353515625
140033
0.322606464461
140053
0.346796970741
140073
0.31369676777
140093
0.308371151195
140113
0.248131606158
140133
0.256333773744
140153
0.243682502298
140173
0.272842945772
140193
0.269834271599
140213
0.24993537454
140233
0.328032609528
140253
0.0729161879596
140273
0.223130170037
140293
0.296362304688
140313
0.330149452359
140333
0.109793390012
140353
0.109711531097
140373
0.108564548866
140393
0.10757745481
140413
0.341365081189
140433
0.346688782935
140453
0.121219649969
140473
0.118143956801
140493
0.292151596967
140513
0.304806219363
140533
0.336495672488
140553
0.0809508080576
140573
0.295524088542
140593
0.276950731464
140613
0.279968022365
140633
1.0
140653
1.0
140673
1.0
140693
0.997194297641
140713
0.992942421109
140733
0.99288593367
140753
0.992750938266
140773
0.992533605239
140793
0.992803117341
140813
0.992595837163
140833
0.990058210784
140853
0.988525869332
140873
0.985234757966
140893
0.982674632353
140913
0.98388671875
140933
0.987839882047
140953
0.990591490502
140973
0.990159696691
140993
0.988028971354
141013
0.987671855852
141033
0.98454877068
141053
0.980711454504
141073
0.981952263327
141093
0.976826746324
141113
0.975339403339
141133
0.973992321538
141153
0.967506318934
141173
0.963585229013
141193
0.960354434743
141213
0.956536745558
141233
0.955482632506
141253
0.947947782629
141273
0.947956399357
141293
0.943733723958
141313
0.944717467065
141333
0.944117168352
141353
0.943513518689
141373
0.943340226716
141393
0.944492474724
141413
0.942153990502
141433
0.938994523591
141453
0.944721296722
141473
0.940642712163
141493
0.94443359375
141513
0.945329733456
141533
0.944981713388
141553
0.948504040288
141573
0.948283835018
141593
0.949350394455
141613
0.94230669807
141633
0.94295055913
141653
0.942734183517
141673
0.940926106771
141693
0.943977864583
141713
0.94054553462
141733
0.944370883119
141753
0.94378303079
141773
0.9487271178
141793
0.949154603248
141813
0.951906211703
141833
0.949853036918
141853
0.957511393229
141873
0.954219803156
141893
0.953487859988
141913
0.950632850797
141933
0.945755782782
141953
0.946351773131
141973
0.946065506281
141993
0.94343548943
142013
0.943067363664
142033
0.940678615196
142053
0.935450654871
142073
0.934271599265
142093
0.935340073529
142113
0.931675091912
142133
0.940391390931
142153
0.937761852788
142173
0.941732728248
142193
0.941213809743
142213
0.938092160692
142233
0.9430697572
142253
0.941241574755
142273
0.936679974724
142293
0.933534869026
142313
0.938941865809
142333
0.940656594669
142353
0.938169711244
142373
0.936159620098
142393
0.936903052237
142413
0.938914579504
142433
0.940761910233
142453
0.937105545343
142473
0.940127623315
142493
0.944621725643
142513
0.943586282169
142533
0.943140127145
142553
0.946034390319
142573
0.945790249694
142593
0.947618432138
142613
0.941463694853
142633
0.942835669424
142653
0.939541685815
142673
0.934539675245
142693
0.938572782629
142713
0.929279162837
142733
0.932980526195
142753
0.92874731924
142773
0.934524356618
142793
0.931216011795
142813
0.932765586703
142833
0.932797181373
142853
0.937081609988
142873
0.93661439185
142893
0.934029373468
142913
0.935368317249
142933
0.936595722273
142953
0.935538736979
142973
0.939410520067
142993
0.934829293045
143013
0.940843290441
143033
0.938127106311
143053
0.946109547335
143073
0.937642176011
143093
0.943409639246
143113
0.948391544118
143133
0.948016716452
143153
0.950085688572
143173
0.949337469363
143193
0.950348977482
143213
0.954136029412
143233
0.951772173713
143253
0.948268516391
143273
0.945531747855
143293
0.947747683058
143313
0.946438897825
143333
0.94548627068
143353
0.941655656403
143373
0.943447457108
143393
0.943884516697
143413
0.946167949602
143433
0.940002202053
143453
0.944391946232
143473
0.938032322304
143493
0.940357402727
143513
0.935979626225
143533
0.934056659773
143553
0.932963771446
143573
0.929432827819
143593
0.934111711091
143613
0.927136948529
143633
0.924190984988
143653
0.925717103248
143673
0.924277630974
143693
0.933402745864
143713
0.931717218137
143733
0.936193129596
143753
0.938099341299
143773
0.942709769455
143793
0.944160730699
143813
0.941306200214
143833
0.947400141697
143853
0.944699754902
143873
0.950715188419
143893
0.955100145527
143913
0.95370758655
143933
0.956714345895
143953
0.950418868719
143973
0.949845377604
143993
0.941626933977
144013
0.945361328125
144033
0.938897824755
144053
0.94038660386
144073
0.940206609988
144093
0.938725011489
144113
0.930153760723
144133
0.931053251379
144153
0.929676011029
144173
0.925937787224
144193
0.920511642157
144213
0.928853113511
144233
0.927270507812
144253
0.929445752911
144273
0.933272537531
144293
0.931590360754
144313
0.932772288603
144333
0.934019799326
144353
0.935639265472
144373
0.938205614277
144393
0.940573778339
144413
0.943043907016
144433
0.950035424326
144453
0.944825176164
144473
0.943597292433
144493
0.940339690564
144513
0.936967198989
144533
0.936467428768
144553
0.938296568627
144573
0.944244504442
144593
0.946680166207
144613
0.953011067708
144633
0.953656843597
144653
0.959766582414
144673
0.962213254442
144693
0.964004097733
144713
0.971946327359
144733
0.97813983992
144753
0.985931276808
144773
0.991552734375
144793
0.994474762561
144813
0.991132908241
144833
0.976547181373
144853
0.967995557598
144873
0.957618623621
144893
0.952631452972
144913
0.943199965533
144933
0.937571806066
144953
0.928481636795
144973
0.916213809743
144993
0.905091528799
145013
0.901738185509
145033
0.886342007506
145053
0.886677581189
145073
0.891544117647
145093
0.895201918658
145113
0.895296223958
145133
0.89330145144
145153
0.888597196691
145173
0.889988319547
145193
0.883309876685
145213
0.890954829197
145233
0.886534447763
145253
0.886922679228
145273
0.884036554075
145293
0.89273035386
145313
0.8884698606
145333
0.887379365809
145353
0.889275045956
145373
0.892138193168
145393
0.894216260723
145413
0.893386661305
145433
0.891684857537
145453
0.901326976103
145473
0.891838522518
145493
0.8941473269
145513
0.903641046262
145533
0.894847675398
145553
0.902537626379
145573
0.905179610907
145593
0.896346028646
145613
0.906216490502
145633
0.902259976256
145653
0.900227385876
145673
0.906594669118
145693
0.902119715074
145713
0.903825827206
145733
0.898148360907
145753
0.896112419577
145773
0.896917126225
145793
0.886794385723
145813
0.892224360447
145833
0.88931573606
145853
0.87865301394
145873
0.884707222733
145893
0.891549383425
145913
0.885609585631
145933
0.890336339614
145953
0.878213082108
145973
0.885725432751
145993
0.89253839231
146013
0.889139093137
146033
0.898413085938
146053
0.895323031556
146073
0.894668160233
146093
0.902255189185
146113
0.898623238358
146133
0.907535807292
146153
0.914477060355
146173
0.913406192555
146193
0.923167030484
146213
0.915565161612
146233
0.918922334559
146253
0.930469228707
146273
0.932366344975
146293
0.925360945159
146313
0.933812519148
146333
0.934153837316
146353
0.932283528646
146373
0.936282169118
146393
0.930818684896
146413
0.938061523438
146433
0.929184857537
146453
0.936645029105
146473
0.92718146829
146493
0.922570082721
146513
0.926708505668
146533
0.935746495864
146553
0.933430032169
146573
0.933180147059
146593
0.935681870404
146613
0.938017003676
146633
0.941046262255
146653
0.945314414828
146673
0.956684666054
146693
0.944204771752
146713
0.955737304687
146733
0.962327665441
146753
0.956312710631
146773
0.950742474724
146793
0.952770278033
146813
0.956297870711
146833
0.958118872549
146853
0.954283471201
146873
0.953321748621
146893
0.948081341912
146913
0.954514208027
146933
0.962097886029
146953
0.952148916207
146973
0.940072571998
146993
0.938546453738
147013
0.925056966146
147033
0.926864085478
147053
0.912416226256
147073
0.909083946078
147093
0.917609719669
147113
0.920400582108
147133
0.921985581342
147153
0.925340360754
147173
0.921627987132
147193
0.929307406556
147213
0.944940544577
147233
0.96166417739
147253
0.971202416513
147273
0.991241096048
147293
0.991004136029
147313
0.991454599418
147333
0.991482843137
147353
0.99148571538
147373
1.0
147393
1.0
147413
0.998523667279
147433
0.868155445772
147453
0.866424919577
147473
0.866585765165
147493
0.866579063266
147513
0.866632199755
147533
0.989237228094
147553
1.0
147573
1.0
