114537
0.185615354938
114557
0.198536361883
114577
0.201230709877
114597
0.20443753215
114617
0.204956757973
114637
0.207002154064
114657
0.173779899691
114677
0.254734760802
114697
0.254256847994
114717
0.173208269033
114737
0.205323270319
114757
0.154260706019
114777
0.223272569444
114797
0.251616512346
114817
0.238361143261
114837
0.450196437757
114857
0.462916184414
114877
0.282566390175
114897
0.422155028292
114917
0.690069765947
114937
0.922352430556
114957
1.0
114977
0.562231545782
114997
0.257847382973
115017
0.237680523405
115037
0.195913226595
115057
0.146373778292
115077
0.0461749292695
115097
0.0554042888374
115117
0.0582871977881
115137
0.0617271090535
115157
0.0624239647634
115177
0.0624131944444
115197
0.0626086676955
115217
0.0616485018004
115237
0.0750507973251
115257
0.0672239904835
115277
0.0734357317387
115297
0.0581317515432
115317
0.0597265625
115337
0.0605137602881
115357
0.0617407728909
115377
0.0607455632716
115397
0.0607542438272
115417
0.0602110661008
115437
0.057991255144
115457
0.060161554784
115477
0.0619235468107
115497
0.0621399176955
115517
0.062103587963
115537
0.0617513824588
115557
0.0614993248457
115577
0.0621711033951
115597
0.0621003729424
115617
0.062522344393
115637
0.062578125
115657
0.06317499357
115677
0.0624455054012
115697
0.0628525270062
115717
0.0625985403807
115737
0.0626633230453
115757
0.0629944701646
115777
0.0632248263889
115797
0.0628321116255
115817
0.063465149177
115837
0.0625509580761
115857
0.0617148919753
115877
0.0622169174383
115897
0.0622403870885
115917
0.0630420524691
115937
0.0623665766461
115957
0.0625207368827
115977
0.0624371463477
115997
0.0627935313786
116017
0.0630137602881
116037
0.0633387988683
116057
0.0627932098765
116077
0.0629769483025
116097
0.0638879243827
116117
0.0641845100309
116137
0.0642973572531
116157
0.0640337255658
116177
0.0665094521605
116197
0.065591724537
116217
0.063186246142
116237
0.0785876414609
116257
0.0818745177469
116277
0.0830676118827
116297
0.084352494856
116317
0.0847477816358
116337
0.0829933449074
116357
0.0834468235597
116377
0.083593589249
116397
0.0839085005144
116417
0.0852387152778
116437
0.0837101337449
116457
0.0839719971708
116477
0.0843119855967
116497
0.085295942644
116517
0.106116094393
116537
0.204248971193
116557
0.487025141461
116577
1.0
116597
1.0
116617
1.0
116637
1.0
116657
1.0
116677
0.972080761317
116697
0.713046875
116717
0.479556487912
116737
0.452483442644
116757
0.456990740741
116777
0.448573977623
116797
0.45359069573
116817
0.451328768004
116837
0.449022794496
116857
0.450633680556
116877
0.44973122428
116897
0.450320698302
116917
0.450375514403
116937
0.455951967593
116957
0.452800282922
116977
0.454143036265
116997
0.451747363683
117017
0.45422180427
117037
0.451486947016
117057
0.453503729424
117077
0.457265142747
117097
0.458461130401
117117
0.462820537551
117137
0.458456629372
117157
0.461628247171
117177
0.460959683642
117197
0.457804944702
117217
0.458579282407
117237
0.462376382459
117257
0.462233153292
117277
0.459470164609
117297
0.4631561857
117317
0.464121495628
117337
0.458208108282
117357
0.442201324588
117377
0.446208365484
117397
0.444178722994
117417
0.446772119342
117437
0.451238908179
117457
0.44686246142
117477
0.445099826389
117497
0.444983442644
117517
0.45090936857
117537
0.458211484053
117557
0.458555973508
117577
0.463047196502
117597
0.457983539095
117617
0.457832915381
117637
0.458483474794
117657
0.462386188272
117677
0.460390303498
117697
0.462178337191
117717
0.461750900206
117737
0.463833751286
117757
0.458166634516
117777
0.456278935185
117797
0.459172292953
117817
0.458166956019
117837
0.457028999486
117857
0.458286072531
117877
0.458209715792
117897
0.456771315586
117917
0.453727173354
117937
0.462288773148
117957
0.461312853652
117977
0.45531410751
117997
0.455432420267
118017
0.456175893776
118037
0.443835358796
118057
0.416607188786
118077
0.38745627572
118097
0.42694846322
118117
0.471920974794
118137
0.47207963606
118157
0.463369984568
118177
0.492057130916
118197
0.487057291667
118217
0.477902038323
118237
0.464922357253
118257
0.457027713477
118277
0.456789480453
118297
0.45829378858
118317
0.455795556842
118337
0.455652649177
118357
0.454083076132
118377
0.454274691358
118397
0.451036683385
118417
0.454264885545
118437
0.455193383488
118457
0.45554382073
118477
0.454140142747
118497
0.454713380916
118517
0.453123070988
118537
0.452981449331
118557
0.457075135031
118577
0.450424543467
118597
0.455439814815
118617
0.455942644033
118637
0.456982542438
118657
0.45663901749
118677
0.453352944959
118697
0.453393454218
118717
0.457186053241
118737
0.45592190715
118757
0.454859664352
118777
0.454558416924
118797
0.456577289095
118817
0.452249549897
118837
0.450486593364
118857
0.459436246142
118877
0.45742653678
118897
0.465073784722
118917
0.489846322016
118937
0.488120016718
118957
0.483547775206
118977
0.434104456019
118997
0.375944894547
119017
0.412100372942
119037
0.447502411265
119057
0.431974665638
119077
0.439605677726
119097
0.454515335648
119117
0.455410718879
119137
0.456810538837
119157
0.459798578961
119177
0.455466820988
119197
0.454871077675
119217
0.456391782407
119237
0.453484760802
119257
0.453613200874
119277
0.45412181713
119297
0.457759130658
119317
0.455921103395
119337
0.458032085905
119357
0.452218846451
119377
0.453568512088
119397
0.457672646605
119417
0.447304365998
119437
0.454345100309
119457
0.454952578447
119477
0.46780944573
119497
0.438164866255
119517
0.447845453961
119537
0.451719553755
119557
0.449070216049
119577
0.446716338735
119597
0.446639821245
119617
0.447680362654
119637
0.447129308128
119657
0.448552115484
119677
0.453504050926
119697
0.45218589249
119717
0.450198688272
119737
0.449871238426
119757
0.44931086034
119777
0.446668113426
119797
0.450472125772
119817
0.453061342593
119837
0.456687403549
119857
0.464338670267
119877
0.471655092593
119897
0.471090374228
119917
0.479697788066
119937
0.486388888889
119957
0.490294013632
119977
0.488380594136
119997
0.496810699588
120017
0.485875128601
120037
0.4897344393
120057
0.486235210905
120077
0.491521669239
120097
0.490637377829
120117
0.486323623971
120137
0.487394547325
120157
0.490118634259
120177
0.488011831276
120197
0.486386477623
120217
0.488045749743
120237
0.488719457305
120257
0.48568126286
120277
0.490560699588
120297
0.490609085648
120317
0.487252443416
120337
0.48783436214
120357
0.488846450617
120377
0.484991962449
120397
0.489920749743
120417
0.491744470165
120437
0.486416698817
120457
0.487720871914
120477
0.49007346322
120497
0.49426247428
120517
0.49162969393
120537
0.48945473251
120557
0.486503504372
120577
0.489061374743
120597
0.492849472737
120617
0.484345582562
120637
0.489121013374
120657
0.490497363683
120677
0.488946759259
120697
0.486601401749
120717
0.485925925926
120737
0.488349890689
120757
0.484597479424
120777
0.480827064043
120797
0.479522087191
120817
0.476485339506
120837
0.485488522377
120857
0.474288515947
120877
0.0553017296811
120897
0.195729005916
120917
0.214655028292
120937
0.213590374228
120957
0.215577417695
120977
0.213597286523
120997
0.215900527263
121017
0.216422807356
121037
0.219356674383
121057
0.217747074331
121077
0.220769836677
121097
0.219791505916
121117
0.224231770833
121137
0.218943222737
121157
0.216453510802
121177
0.215380176183
121197
0.211136027521
121217
0.214864647634
121237
0.225258969907
121257
0.225891685957
121277
0.223051697531
121297
0.224147215792
121317
0.224522247942
121337
0.22382973251
121357
0.222889821245
121377
0.223469328704
121397
0.22429221322
121417
0.22429526749
121437
0.224157182356
121457
0.222638567387
121477
0.223507587449
121497
0.222114679784
121517
0.227049093364
121537
0.23205311214
121557
0.241366544496
121577
0.244135320216
121597
0.247405478395
121617
0.244834908693
121637
0.246985114455
121657
1.0
121677
1.0
121697
1.0
121717
1.0
121737
1.0
121757
1.0
121777
1.0
121797
0.990689621914
121817
0.98935619213
121837
0.988114872685
121857
0.987722800926
121877
0.98723283179
121897
0.986802662037
121917
0.98681086034
121937
0.986831114969
121957
0.986821469907
121977
0.986820023148
121997
0.986819540895
122017
0.986818576389
122037
0.979767071759
122057
0.978351176698
122077
0.977867476852
122097
0.977586805556
122117
0.97739535108
122137
0.977339409722
122157
0.977338445216
122177
0.977339891975
122197
0.977339891975
122217
0.978613522377
122237
0.981142457562
122257
1.0
122277
1.0
122297
1.0
122317
1.0
122337
1.0
122357
1.0
122377
0.918301022377
122397
0.912519290123
122417
0.91209056713
122437
0.912078028549
122457
0.912079475309
122477
0.912078993056
122497
0.912077064043
122517
0.912081404321
122537
0.915637056327
122557
0.934249614198
122577
1.0
122597
1.0
122617
1.0
122637
1.0
122657
1.0
122677
1.0
122697
1.0
122717
1.0
122737
1.0
122757
1.0
122777
1.0
122797
1.0
122817
1.0
122837
1.0
122857
1.0
122877
1.0
122897
1.0
122917
1.0
122937
1.0
122957
1.0
122977
1.0
122997
1.0
123017
1.0
123037
1.0
123057
1.0
123077
1.0
123097
1.0
123117
1.0
123137
1.0
123157
1.0
123177
1.0
123197
1.0
123217
1.0
123237
1.0
123257
1.0
123277
1.0
123297
1.0
123317
1.0
123337
1.0
123357
1.0
123377
1.0
123397
1.0
123417
1.0
123437
1.0
123457
1.0
123477
1.0
123497
1.0
123517
1.0
123537
1.0
123557
1.0
123577
1.0
123597
1.0
123617
1.0
123637
1.0
123657
1.0
123677
1.0
123697
1.0
123717
1.0
123737
1.0
123757
1.0
123777
1.0
123797
1.0
123817
1.0
123837
1.0
123857
1.0
123877
1.0
123897
1.0
123917
1.0
123937
1.0
123957
1.0
123977
1.0
123997
1.0
124017
1.0
124037
1.0
124057
1.0
124077
1.0
124097
1.0
124117
1.0
