167951
0.329031635802
167971
0.325465374228
167991
0.326825327932
168011
0.326970003858
168031
0.303228684414
168051
0.298654513889
168071
0.302712673611
168091
0.29698591821
168111
0.281168016975
168131
0.310353973765
168151
0.30728443287
168171
0.309866898148
168191
0.330560378086
168211
0.352051986883
168231
0.338744212963
168251
0.348531539352
168271
0.36451099537
168291
0.35560619213
168311
0.324715470679
168331
0.330926890432
168351
0.325074749228
168371
0.32882185571
168391
0.332318190586
168411
0.33647038966
168431
0.327811535494
168451
0.328006847994
168471
0.327717496142
168491
0.333641975309
168511
0.331548996914
168531
0.334083236883
168551
0.336398051698
168571
0.326750578704
168591
0.32508439429
168611
0.32240788966
168631
0.299884259259
168651
0.296207079475
168671
0.301724054784
168691
0.29506413966
168711
0.300004822531
168731
0.299758873457
168751
0.297436824846
168771
0.300405092593
168791
0.303759162809
168811
0.300841531636
168831
0.307175925926
168851
0.3078125
168871
0.30427035108
168891
0.299684124228
168911
0.302953800154
168931
0.303252797068
168951
0.300622106481
168971
0.297113715278
168991
0.315386284722
169011
0.332655767747
169031
0.331922743056
169051
0.298782310957
169071
0.315991512346
169091
0.320083429784
169111
0.318651138117
169131
0.318511284722
169151
0.317590181327
169171
0.317033179012
169191
0.31783130787
169211
0.314378375772
169231
0.308625096451
169251
0.307530381944
169271
0.306761188272
169291
0.307829378858
169311
0.3076171875
169331
0.296428915895
169351
0.29514371142
169371
0.295408950617
169391
0.295490933642
169411
0.295353491512
169431
0.448435088735
169451
0.471026234568
169471
0.470905671296
169491
0.487401138117
169511
0.45457658179
169531
0.421096161265
169551
0.468207465278
169571
0.488261959877
169591
0.470100308642
169611
0.499131944444
169631
0.517445505401
169651
0.526967592593
169671
0.535930266204
169691
0.511099054784
169711
0.490227141204
169731
0.538163097994
169751
0.468258101852
169771
0.561537905093
169791
0.580994405864
169811
0.590622588735
169831
0.594524016204
169851
0.582327835648
169871
0.558352623457
169891
0.469772376543
169911
0.481155960648
169931
0.501174286265
169951
0.490803433642
169971
0.490270543981
169991
0.485402199074
170011
0.482110821759
170031
0.487941261574
170051
0.483596161265
170071
0.485230999228
170091
0.494876060957
170111
0.496182966821
170131
0.50005304784
170151
0.504757426698
170171
0.50434992284
170191
0.490940875772
170211
0.467544367284
170231
0.465641878858
170251
0.473046875
170271
0.473471257716
170291
0.471175733025
170311
0.470929783951
170331
0.469217785494
170351
0.46841242284
170371
0.463290895062
170391
0.453759162809
170411
0.444280478395
170431
0.311513792438
170451
0.306674382716
170471
0.302719907407
170491
0.314190297068
170511
0.311815200617
170531
0.308868634259
170551
0.306158371914
170571
0.304803240741
170591
0.353105709877
170611
0.316558159722
170631
0.323664158951
170651
0.323719618056
170671
0.315822723765
170691
0.312690489969
170711
0.315796199846
170731
0.311050829475
170751
0.315685281636
170771
0.32192804784
170791
0.314904031636
170811
0.325460551698
170831
0.312466242284
170851
0.308347800926
170871
0.293455825617
170891
0.292607060185
170911
0.287972608025
170931
0.283463541667
170951
0.283203125
170971
0.27915943287
170991
0.310139371142
171011
0.310874807099
171031
0.309669174383
171051
0.311282310957
171071
0.282033661265
171091
0.308721547068
171111
0.340502025463
171131
0.307404996142
171151
0.304125675154
171171
0.304805652006
171191
0.328093653549
171211
0.324785397377
171231
0.32084056713
171251
0.316714891975
171271
0.315760030864
171291
0.305222800926
171311
0.304231770833
171331
0.290690104167
171351
0.279222125772
171371
0.277722318673
171391
0.432330246914
171411
0.478503568673
171431
0.495049672068
171451
0.498244598765
171471
0.484249614198
171491
0.468909143519
171511
0.480613425926
171531
0.486349826389
171551
0.496407214506
171571
0.458598572531
171591
0.438182388117
171611
0.304484953704
171631
0.299139178241
171651
0.316647376543
171671
0.31813753858
171691
0.321308352623
171711
0.304815297068
171731
0.326931423611
171751
0.334941647377
171771
0.314718364198
171791
0.311082175926
171811
0.317592592593
171831
0.324363425926
171851
0.298828125
171871
0.310763888889
171891
0.293923611111
171911
0.31397810571
171931
0.312531346451
171951
0.309387056327
171971
0.315130690586
171991
0.325258005401
172011
0.318993537809
172031
0.321966628086
172051
0.360925443673
172071
0.360949556327
172091
0.359510030864
172111
0.359044656636
172131
0.356353684414
172151
0.356348861883
172171
0.355239679784
172191
0.368038676698
172211
0.362982253086
172231
0.360050154321
172251
0.360848283179
172271
0.34201871142
172291
0.347815393519
172311
0.30499373071
172331
0.322755111883
172351
0.337685667438
172371
0.338582658179
172391
0.370206404321
172411
0.339038387346
172431
0.27823591821
172451
0.342754147377
172471
0.319080343364
172491
0.378571084105
172511
0.380176986883
172531
0.34869068287
172551
0.401719232253
172571
0.344374517747
172591
0.379873167438
172611
0.351637249228
172631
0.281438078704
172651
0.293086902006
172671
0.338090760031
172691
0.307347125772
172711
0.306561053241
172731
0.33356722608
172751
0.314392843364
172771
0.31596257716
172791
0.376579378858
172811
0.378440875772
172831
0.542375578704
172851
0.999997588735
172871
1.0
172891
0.646154031636
172911
0.336320891204
172931
0.338761091821
172951
0.347166763117
172971
0.338375289352
172991
0.352618634259
173011
0.349647955247
173031
0.353831500772
173051
0.353831500772
173071
0.351321373457
173091
0.434382233796
173111
0.436935763889
173131
0.435575810185
173151
0.433649209105
173171
0.390827546296
173191
0.385908564815
173211
0.386537905093
173231
0.387895447531
173251
0.388973283179
173271
0.340289834105
173291
0.345216049383
173311
0.344487847222
173331
0.345442708333
173351
0.344253954475
173371
0.384514853395
173391
0.384211033951
173411
0.38217351466
173431
0.45678288966
173451
0.999966242284
173471
0.973570119599
173491
0.972521219136
173511
0.97270929784
173531
0.972919077932
173551
0.973102334105
173571
0.976601080247
173591
0.977141203704
173611
0.976533564815
173631
0.975909047068
173651
0.975708912037
173671
0.981211419753
173691
0.980408468364
173711
0.980509741512
173731
0.981259645062
173751
0.979984085648
173771
0.973430266204
173791
0.972400655864
173811
0.971462673611
173831
0.972101658951
173851
0.980958236883
173871
0.980087770062
173891
0.980160108025
173911
0.980794270833
173931
0.97912808642
173951
0.981428433642
173971
0.980454282407
173991
0.980485628858
174011
0.981216242284
174031
0.980507330247
174051
0.987900270062
174071
0.988826195988
174091
0.988806905864
174111
0.988816550926
174131
0.988705632716
174151
0.979111207562
174171
0.97865306713
174191
0.978843557099
174211
0.978872492284
174231
0.978380594136
174251
0.986766975309
174271
0.987967785494
174291
0.987044270833
174311
0.986795910494
174331
0.97326871142
174351
0.971715856481
174371
0.970457175926
174391
0.969823013117
174411
0.970703125
174431
0.99765625
174451
0.984109760802
174471
0.971180555556
174491
0.954390914352
174511
0.943393132716
174531
0.932486979167
174551
0.914561631944
174571
0.900836709105
174591
0.894835069444
174611
0.891888503086
174631
0.887254050926
174651
0.886099054784
174671
0.885951967593
174691
0.881329571759
174711
0.88393132716
174731
0.88071711034
174751
0.882014371142
174771
0.881030574846
174791
0.881990258488
174811
0.885074266975
174831
0.883241705247
174851
0.879287229938
174871
0.889793113426
174891
0.886127989969
174911
0.886562017747
174931
0.886740451389
174951
0.884365354938
174971
0.886870659722
174991
0.884669174383
175011
0.885211709105
175031
0.885009162809
175051
0.881230709877
175071
0.87982494213
175091
0.888387345679
175111
0.886118344907
175131
0.892016300154
175151
0.9103515625
175171
0.922159529321
175191
0.929926215278
175211
0.921973861883
175231
0.929721257716
175251
0.924869791667
175271
0.925610050154
175291
0.926586612654
175311
0.914142071759
175331
0.896793016975
175351
0.905198688272
175371
0.896496431327
175391
0.891483410494
175411
0.896272183642
175431
0.887676022377
175451
0.894292534722
175471
0.879277584877
175491
0.87935474537
175511
0.871964216821
175531
0.878978587963
175551
0.874001736111
175571
0.870013503086
175591
0.869982156636
175611
0.875149498457
175631
0.881621334877
175651
0.88244839892
175671
0.890007716049
175691
0.889904031636
175711
0.89294222608
175731
0.906305459105
175751
0.911636766975
175771
0.910206886574
175791
0.910882040895
175811
0.905738811728
175831
0.898553240741
175851
0.897010030864
175871
0.891203703704
175891
0.872810570988
175911
0.88220003858
175931
0.867023533951
175951
0.877968267747
175971
0.885245466821
175991
0.885626446759
176011
0.891222993827
176031
0.897448881173
176051
0.905572434414
176071
0.901786747685
176091
0.905680941358
176111
0.893074845679
176131
0.892443094136
176151
0.888269193673
176171
0.882566550926
176191
0.871397569444
176211
0.870804398148
176231
0.879231770833
176251
0.881657503858
176271
0.884944058642
176291
0.890805844907
176311
0.902435378086
176331
0.903559027778
176351
0.906201774691
176371
0.916430362654
176391
0.908682966821
176411
0.91196711034
176431
0.90728443287
176451
0.893356963735
176471
0.900106095679
176491
0.903660300926
176511
0.910226176698
176531
0.893152006173
176551
0.882961998457
176571
0.881847993827
176591
0.884760802469
176611
0.887316743827
176631
0.883311631944
176651
0.869835069444
176671
0.873830536265
176691
0.873987268519
176711
0.883453896605
176731
0.872916666667
176751
0.873389274691
176771
0.872540509259
176791
0.872231867284
176811
0.872219810957
176831
0.879899691358
176851
0.891550925926
176871
0.903211805556
176891
0.924283854167
176911
0.917426215278
176931
0.915060763889
176951
0.916970486111
176971
0.924254918981
176991
0.917059702932
177011
0.911754918981
177031
0.899749228395
177051
0.886089409722
177071
0.88992814429
177091
0.90192660108
177111
0.907216917438
177131
0.901053722994
177151
0.91794222608
177171
0.922260802469
177191
0.925981385031
177211
0.916396604938
177231
0.896033468364
177251
0.902570408951
177271
0.892561246142
177291
0.878614486883
177311
0.853918306327
177331
0.856348861883
177351
0.864436246142
177371
0.880258969907
177391
0.888990162037
177411
0.879513888889
177431
0.888891300154
177451
0.910450424383
177471
0.922313850309
177491
0.920097897377
177511
0.918431712963
177531
0.91188753858
177551
0.922663483796
177571
0.923681037809
177591
0.937143132716
177611
0.934944058642
177631
0.942450327932
177651
0.944145447531
177671
0.952449845679
177691
0.960332272377
177711
0.95111882716
177731
0.95533130787
177751
0.959049479167
177771
0.954328221451
177791
0.959847608025
177811
0.961508969907
