166928
0.992005112592
166948
0.991130514706
166968
0.991093175551
166988
0.991571403952
167008
0.992079790901
167028
1.0
167048
0.992918485754
167068
0.991142003676
167088
0.991144875919
167108
0.991133386949
167128
0.991127642463
167148
0.992769129136
167168
1.0
167188
0.993016142004
167208
0.992450310202
167228
0.992881146599
167248
0.992881146599
167268
0.992889763327
167288
0.996092313879
167308
0.996592084099
167328
0.99536707261
167348
0.995342658548
167368
0.995329733456
167388
0.995329733456
167408
0.995717486213
167428
1.0
167448
0.992342601103
167468
0.992130055147
167488
0.992130055147
167508
0.992130055147
167528
0.992130055147
167548
0.994255514706
167568
1.0
167588
0.992965877757
167608
0.992856732537
167628
0.992858168658
167648
0.992856732537
167668
0.992866785386
167688
0.998988970588
167708
0.990932329963
167728
0.98949620864
167748
0.989499080882
167768
0.989524931066
167788
0.989534983915
167808
0.990525907629
167828
1.0
167848
0.987979664522
167868
0.987329101562
167888
0.987320484835
167908
0.987320484835
167928
0.987317612592
167948
0.990242991728
167968
0.990656594669
167988
0.988176413143
168008
0.988169232537
168028
0.988167796415
168048
0.988167796415
168068
0.989137178309
168088
1.0
168108
0.987820255055
168128
0.986769014246
168148
0.986771886489
168168
0.986781939338
168188
0.987487074908
168208
0.989664234835
168228
1.0
168248
0.999339384191
168268
0.994447954963
168288
0.989298023897
168308
0.987544519761
168328
0.987195542279
168348
0.987629250919
168368
0.982559742647
168388
0.978824391085
168408
0.970986040901
168428
0.976355698529
168448
0.981317497702
168468
0.984041819853
168488
0.978086224724
168508
0.972785500919
168528
0.969252642463
168548
0.964559397978
168568
0.967367015165
168588
0.957792394301
168608
0.948184742647
168628
0.940675742953
168648
0.937415268842
168668
0.935687136183
168688
0.933455882353
168708
0.935014552696
168728
0.937811638327
168748
0.933910175398
168768
0.94029229856
168788
0.944416839001
168808
0.939552217371
168828
0.943614525888
168848
0.943244964001
168868
0.944600662531
168888
0.946502087163
168908
0.941713101256
168928
0.940809780944
168948
0.942455097273
168968
0.938473690257
168988
0.937497606464
169008
0.943362247243
169028
0.93582500383
169048
0.936296530331
169068
0.939383233762
169088
0.935379327512
169108
0.939864813113
169128
0.944559972426
169148
0.945035807292
169168
0.941495289522
169188
0.948020546109
169208
0.947645718444
169228
0.948762063419
169248
0.949273801317
169268
0.950939223346
169288
0.950774069393
169308
0.950788909314
169328
0.950045955882
169348
0.949924364277
169368
0.94703393076
169388
0.949716126685
169408
0.950374348958
169428
0.949519856771
169448
0.949118700214
169468
0.95558124617
169488
0.962168734681
169508
0.969723690257
169528
0.968378044577
169548
0.975944489124
169568
0.982359164369
169588
0.987697227328
169608
0.993241613051
169628
0.985870002298
169648
0.98548560049
169668
0.985932234222
169688
0.989471794577
169708
0.988189338235
169728
0.979536707261
169748
0.973559570312
169768
0.96167566636
169788
0.962569891238
169808
0.947749597886
169828
0.941289924173
169848
0.927533796722
169868
0.921724207261
169888
0.915745634191
169908
0.921923349418
169928
0.926361921722
169948
0.923454733456
169968
0.926130706189
169988
0.934159581801
170008
0.940714039522
170028
0.934689031863
170048
0.933393650429
170068
0.936945178462
170088
0.931923062194
170108
0.929943608303
170128
0.925209195006
170148
0.919026214001
170168
0.915488568474
170188
0.919674383425
170208
0.91809943704
170228
0.915559417126
170248
0.918997970282
170268
0.925341796875
170288
0.926021082261
170308
0.929423253676
170328
0.933479817708
170348
0.937997376685
170368
0.932471660539
170388
0.93353917739
170408
0.939217122396
170428
0.933347215839
170448
0.92864631204
170468
0.929248046875
170488
0.925236481311
170508
0.922413066789
170528
0.923184742647
170548
0.926420802696
170568
0.925549077053
170588
0.925177600337
170608
0.920816099877
170628
0.923916685815
170648
0.930534332874
170668
0.927608953738
170688
0.924029181985
170708
0.920857747396
170728
0.920027669271
170748
0.916883042279
170768
0.927551987592
170788
0.926389208027
170808
0.925977998621
170828
0.920233992034
170848
0.915871534161
170868
0.919910864737
170888
0.922660558364
170908
0.926259957108
170928
0.91980602788
170948
0.920243087469
170968
0.915521599265
170988
0.925570140165
171008
0.931089154412
171028
0.925461473652
171048
0.927396407782
171068
0.919749540441
171088
0.925284830729
171108
0.925993317249
171128
0.921592562806
171148
0.917511584712
171168
0.90787377451
171188
0.915094113817
171208
0.907003963695
171228
0.915473728554
171248
0.907457778033
171268
0.907325176164
171288
0.909083467371
171308
0.913762350643
171328
0.909329044118
171348
0.916509650735
171368
0.918053002451
171388
0.924263748468
171408
0.931680836397
171428
0.932571231618
171448
0.932730641085
171468
0.935456878064
171488
0.935907341452
171508
0.93757276348
171528
0.93674029182
171548
0.937983015472
171568
0.935281192555
171588
0.936506204044
171608
0.934122242647
171628
0.930724379596
171648
0.932485543045
171668
0.923294845282
171688
0.925004308364
171708
0.924113434436
171728
0.921035347733
171748
0.919081265319
171768
0.922416417739
171788
0.921427408854
171808
0.923896101409
171828
0.928567325368
171848
0.929613300398
171868
0.926437557445
171888
0.9296807981
171908
0.919734221814
171928
0.915199429381
171948
0.918173157935
171968
0.916447418811
171988
0.915847598805
172008
0.91783471201
172028
0.920384784773
172048
0.918981215533
172068
0.928009631587
172088
0.928205422794
172108
0.93294318704
172128
0.92828057981
172148
0.938796817555
172168
0.94677064185
172188
0.955296415441
172208
0.956370155484
172228
0.952121629902
172248
0.964563706342
172268
0.966263116575
172288
0.981034581801
172308
0.973668236826
172328
0.959928385417
172348
0.951281977635
172368
0.947175149357
172388
0.946598785999
172408
0.940160175398
172428
0.931361538756
172448
0.916997453278
172468
0.909696212469
172488
0.910099762561
172508
0.909037990196
172528
0.907353419884
172548
0.90546875
172568
0.90073816636
172588
0.898875995711
172608
0.901754940257
172628
0.895513078278
172648
0.903824391085
172668
0.902240827972
172688
0.900411688113
172708
0.912117991728
172728
0.907763671875
172748
0.911308498009
172768
0.906843118107
172788
0.910155771293
172808
0.909068627451
172828
0.917317229626
172848
0.917060642616
172868
0.915608723958
172888
0.920932425705
172908
0.920935297947
172928
0.921885052849
172948
0.919489123775
172968
0.925717581955
172988
0.924352309283
173008
0.918773456648
173028
0.919309608609
173048
0.919419711244
173068
0.925773111979
173088
0.925764016544
173108
0.926894722733
173128
0.919638480392
173148
0.913629270067
173168
0.912824084712
173188
0.91705346201
173208
0.91282935049
173228
0.911272116268
173248
0.907131778493
173268
0.90910357307
173288
0.917299038756
173308
0.919975968903
173328
0.9158136106
173348
0.919522633272
173368
0.922763001685
173388
0.920898916207
173408
0.922003772212
173428
0.916833735447
173448
0.920702167586
173468
0.911782418045
173488
0.92073615579
173508
0.92527142693
173528
0.922914273131
173548
0.924072265625
173568
0.916917987898
173588
0.91886584712
173608
0.925344190411
173628
0.927959846048
173648
0.929238472733
173668
0.931262925092
173688
0.925428442862
173708
0.93196997549
173728
0.929690372243
173748
0.935319967831
173768
0.927753523284
173788
0.929616651348
173808
0.932004921109
173828
0.925826727175
173848
0.926579254749
173868
0.9290948606
173888
0.932172947304
173908
0.930254289216
173928
0.935865693934
173948
0.936229990043
173968
0.928663545496
173988
0.927688897825
174008
0.926472024357
174028
0.924206782322
174048
0.922319718903
174068
0.925124463848
174088
0.923832433364
174108
0.924375765931
174128
0.921472407322
174148
0.923185700061
174168
0.935007850797
174188
0.928317440257
174208
0.927573050705
174228
0.927795170803
174248
0.927864583333
174268
0.923504997702
174288
0.928263346354
174308
0.929640107996
174328
0.920274682138
174348
0.92492723652
174368
0.923905675551
174388
0.926866957721
174408
0.927675972733
174428
0.922409715839
174448
0.921471928615
174468
0.934575099571
174488
0.938703948376
174508
0.941861979167
174528
0.943194699755
174548
0.934387446385
174568
0.933352960325
174588
0.923397288603
174608
0.9172885072
174628
0.905835918352
174648
0.901056506587
174668
0.886652209712
174688
0.874477730545
174708
0.868538890165
174728
0.870106655944
174748
0.868953929228
174768
0.868159275429
174788
0.865147250306
174808
0.870082241881
174828
0.873167509191
174848
0.871658624387
174868
0.869418275123
174888
0.866914158241
174908
0.870993700214
174928
0.872454714308
174948
0.869395775888
174968
0.862758023131
174988
0.86544787837
175008
0.874032054228
175028
0.871855851716
175048
0.87506127451
175068
0.874208218444
175088
0.87291283701
175108
0.869256950827
175128
0.8748113894
175148
0.883971928615
175168
0.894851026348
175188
0.905338541667
175208
0.910869523591
175228
0.915589575674
175248
0.925175685509
175268
0.944206686581
175288
0.945674402574
175308
0.943427830116
175328
0.933719171262
175348
0.928584080116
175368
0.936793428309
175388
0.942931889553
175408
0.936108398438
175428
0.935540651808
175448
0.936126589308
175468
0.93550714231
175488
0.933882410386
175508
0.93388001685
175528
0.92724609375
175548
0.911970549939
175568
0.904832548254
175588
0.913019397212
175608
0.91829474954
175628
0.914173081342
175648
0.915360274969
175668
0.917155426624
175688
0.930221258425
175708
0.937002144608
175728
0.940269320619
175748
0.941918945312
175768
0.935129921109
175788
0.924581609988
175808
0.945283777574
175828
0.941773897059
175848
0.932258635876
175868
0.934613874847
175888
0.93774988511
175908
0.943828507966
175928
0.935987764246
175948
0.944875440411
175968
0.928955556832
175988
0.920820408241
176008
0.930871342678
176028
0.934434359681
176048
0.93877623315
176068
0.943931908701
176088
0.960570810355
176108
0.966880648744
176128
0.975901405484
176148
0.9931707644
176168
1.0
176188
0.154365808824
176208
0.0885512408088
176228
0.112195542279
176248
0.162661803002
176268
0.156535309436
176288
0.248933440564
176308
0.217310527727
176328
0.213119446998
176348
0.196108111213
176368
0.151072782629
176388
0.716350719975
176408
0.833909696691
176428
0.83909553079
176448
0.837574199602
176468
0.83919988894
176488
0.853612802543
176508
1.0
