156079
0.563000772166
156099
0.535917438832
156119
0.225132479409
156139
0.251366808987
156159
0.245313635538
156179
0.266321084666
156199
0.127659808018
156219
0.12671996124
156239
0.108713359981
156259
0.158156946463
156279
0.0801996275436
156299
0.112509462815
156319
0.114565543241
156339
0.352256692103
156359
0.307483572553
156379
0.131970687984
156399
0.156248107437
156419
0.146498379966
156439
0.154478939559
156459
0.133865522045
156479
0.12652162064
156499
0.115979287791
156519
0.230641351744
156539
0.148755072069
156559
0.230119761386
156579
0.19098647953
156599
0.211410640746
156619
0.163620775799
156639
0.108706546754
156659
0.0828424024952
156679
0.141932003997
156699
0.0927136325097
156719
0.0885499939438
156739
0.102210513566
156759
0.0849870548692
156779
0.0720612281977
156799
0.0753603439922
156819
0.067724609375
156839
0.0722213390262
156859
0.0894001332364
156879
0.0924255844234
156899
0.0968886264535
156919
0.0910133539244
156939
0.0896650920543
156959
0.0873292908188
156979
0.0837697583576
156999
0.0888107891231
157019
0.1404296875
157039
0.246163396318
157059
0.987418998304
157079
1.0
157099
0.994585755814
157119
0.994153115916
157139
0.994153115916
157159
1.0
157179
1.0
157199
0.949129421027
157219
0.780531961604
157239
0.780313559835
157259
0.799605211361
157279
0.799373561652
157299
0.802813862645
157319
0.800741506177
157339
0.798914425872
157359
0.798306913154
157379
0.788461421996
157399
0.787625666182
157419
0.787615824855
157439
0.809964344113
157459
0.990963390262
157479
0.991811636991
157499
0.837181670906
157519
0.811624878876
157539
0.817542544816
157559
0.82183412064
157579
0.832481301478
157599
0.83158082001
157619
0.829418756056
157639
0.827083333333
157659
0.818836300872
157679
0.833441966449
157699
0.833779599685
157719
0.837613932292
157739
0.851241521318
157759
0.843705714026
157779
0.843754920664
157799
0.837310743702
157819
0.837929611797
157839
0.992094385901
157859
0.994282567224
157879
0.813234692951
157899
0.797824309593
157919
0.80553877483
157939
0.807143289729
157959
0.818773846294
157979
0.808390110223
157999
0.836213814196
158019
0.995351108285
158039
0.994677355862
158059
0.81626052265
158079
0.815373289123
158099
0.816509583939
158119
0.81674009811
158139
0.8166496336
158159
0.807145560804
158179
0.826900890262
158199
0.825808502907
158219
0.812931882873
158239
0.854687121487
158259
0.85074339874
158279
0.848888308503
158299
0.845449900073
158319
0.868474821342
158339
1.0
158359
0.995052461846
158379
0.995052461846
158399
0.995052461846
158419
1.0
158439
1.0
158459
0.932411276647
158479
0.804710967781
158499
0.791887339511
158519
0.788900496609
158539
0.78532241703
158559
0.78257933624
158579
0.779308230378
158599
0.780145500242
158619
0.780205305233
158639
0.779966463784
158659
0.779764338057
158679
0.780337027616
158699
0.780606907098
158719
0.801320251938
158739
0.798727062137
158759
0.795224306565
158779
0.802264262355
158799
0.804722323159
158819
0.794440785489
158839
0.799632464268
158859
0.805675417878
158879
0.853447492733
158899
0.991323355741
158919
0.910461331153
158939
0.783544543362
158959
0.778736676357
158979
0.771866672723
158999
0.766530780644
159019
0.76338761204
159039
0.81286299358
159059
0.82123228561
159079
0.817794634205
159099
0.815561409884
159119
0.808479439196
159139
0.804214737766
159159
0.798698295179
159179
0.798793680354
159199
0.798382237161
159219
0.799059017684
159239
0.799348201308
159259
0.797082046391
159279
0.796565376696
159299
0.797431413517
159319
0.797956031977
159339
0.799370155039
159359
0.803926311168
159379
0.80065596233
159399
0.79878875969
159419
0.7997085453
159439
0.801054157582
159459
0.802484935199
159479
0.81995253452
159499
0.806507767078
159519
0.732845809109
159539
0.735494640262
159559
0.734262581759
159579
0.734357966933
159599
0.739088995882
159619
0.734623304264
159639
0.733061561289
159659
0.731885901163
159679
0.734033203125
159699
0.734026389898
159719
0.734532082728
159739
0.904262430354
159759
0.942582667151
159779
0.943156492248
159799
0.941610646802
159819
0.815111358406
159839
0.770677386143
159859
0.763392532703
159879
0.769489235102
159899
0.769430944162
159919
0.768344991521
159939
0.742517184472
159959
0.740368746972
159979
0.739984556686
159999
0.740800251332
160019
0.768023255814
160039
0.769146302689
160059
0.738556428658
160079
0.740964904312
160099
0.741776056807
160119
0.735725911458
160139
0.760544603924
160159
0.756951005329
160179
0.759800826672
160199
0.762653676114
160219
0.760316360828
160239
0.754481210635
160259
0.731913532582
160279
0.729432003997
160299
0.731195494186
160319
0.733976426235
160339
0.749035549903
160359
0.75173737282
160379
0.74992278343
160399
0.747806519501
160419
0.755291227592
160439
0.749269470688
160459
0.744835195615
160479
0.742053506541
160499
0.742603863857
160519
0.739043952883
160539
0.73601623062
160559
0.735503724564
160579
0.728813892926
160599
0.734589616642
160619
0.746878028101
160639
0.739498167999
160659
0.7471664547
160679
0.801695357922
160699
0.932938544695
160719
0.934066133721
160739
0.786256586119
160759
0.746541908915
160779
0.743982785247
160799
0.742317329821
160819
0.744165606831
160839
0.734082788275
160859
0.757031628513
160879
0.759357209908
160899
0.740630677689
160919
0.739830123547
160939
0.817517184472
160959
0.809438211604
160979
0.741290803658
160999
0.740394864341
161019
0.746439332001
161039
0.748508660368
161059
0.736172556323
161079
0.735768683382
161099
0.743663699128
161119
0.740283581638
161139
0.737927719234
161159
0.741626922844
161179
0.745158445373
161199
0.747611585514
161219
0.748593068677
161239
0.831100866037
161259
0.828449763808
161279
0.831754557292
161299
0.826784308382
161319
0.822008236434
161339
0.816852516352
161359
0.81546905281
161379
0.814844885538
161399
0.813310016957
161419
0.807663366037
161439
0.801453866885
161459
0.797258811773
161479
0.795661110102
161499
0.839160913275
161519
0.934235707364
161539
0.931132661095
161559
0.728962648377
161579
0.72559615734
161599
0.731034626332
161619
0.74274580608
161639
0.743658399952
161659
0.739841478924
161679
0.739372123304
161699
0.74261597626
161719
0.742275693435
161739
0.742657234133
161759
0.742181443798
161779
0.741374833454
161799
0.745333318193
161819
0.742907809472
161839
0.743748864462
161859
0.74458802689
161879
0.743675054506
161899
0.740054203004
161919
0.739643516836
161939
0.742610677083
161959
0.748388293362
161979
0.748376180959
161999
0.756377558745
162019
0.755941133721
162039
0.759066890746
162059
0.753842659884
162079
0.750009084302
162099
0.758661882267
162119
0.763691557655
162139
0.769481286337
162159
0.761253936531
162179
0.759519970325
162199
0.756259841328
162219
0.7571273922
162239
0.756026677568
162259
0.756473322432
162279
0.752925145349
162299
0.756467266231
162319
0.755936213057
162339
0.749463269138
162359
0.752710150194
162379
0.749644198159
162399
0.74977554203
162419
0.752542469113
162439
0.753869155766
162459
0.756616400194
162479
0.754562969356
162499
0.752665485707
162519
0.751215025436
162539
0.746577489099
162559
0.746381041061
162579
0.743921466206
162599
0.756743958939
162619
0.756205714026
162639
0.75587830063
162659
0.757547919695
162679
0.754519440407
162699
0.743813211604
162719
0.74597565407
162739
0.742799554869
162759
0.743013792999
162779
0.747676311168
162799
0.761079442224
162819
0.947345112645
162839
0.947800841812
162859
0.946888626453
162879
0.94292938469
162899
0.94445403343
162919
0.943685274346
162939
0.939944812863
162959
0.944960483285
162979
0.94715774891
162999
0.946991960392
163019
0.947312939075
163039
0.948506767805
163059
0.948454911579
163079
0.949061667272
163099
0.952327852471
163119
0.948118413881
163139
0.944129648135
163159
0.944545254966
163179
0.941922541182
163199
0.94620162609
163219
0.941531159157
163239
0.937281219719
163259
0.934473791788
163279
0.933244761386
163299
0.936284217539
163319
0.9345703125
163339
0.936856150073
163359
0.940669285974
163379
0.939549645712
163399
0.945136491642
163419
0.94871002907
163439
0.94594802265
163459
0.946617989947
163479
0.95025208939
163499
0.950288426599
163519
0.949834968508
163539
0.949994700824
163559
0.9516105711
163579
0.954824900073
163599
0.959165304021
163619
0.960873909884
163639
0.963824415577
163659
0.965122335271
163679
0.968228788154
163699
0.971137657461
163719
0.974569631177
163739
0.978098882631
163759
0.97593568314
163779
0.97948196766
163799
0.980557321948
163819
0.987019667515
163839
0.987246775073
163859
0.987827034884
163879
0.987764580305
163899
0.98732512718
163919
0.987384175145
163939
0.986463253997
163959
0.982398028706
163979
0.981320781856
163999
0.980998289123
164019
0.983298131662
164039
0.981023270954
164059
0.984170603198
164079
0.979112160853
164099
0.974199445858
164119
0.965987615068
164139
0.963216524346
164159
0.959424206638
164179
0.955698885659
164199
0.950219915819
164219
0.949805823038
164239
0.946051735102
164259
0.942960801235
164279
0.936987872456
164299
0.933588450824
164319
0.930818874152
164339
0.930041030766
164359
0.935421965843
164379
0.932836346294
164399
0.937310365189
164419
0.936739946705
164439
0.936984465843
164459
0.933911700581
164479
0.930043301841
164499
0.932767078488
164519
0.930161397771
164539
0.926864553052
164559
0.929499379239
164579
0.92761627907
164599
0.925626438348
164619
0.919968053537
164639
0.924814528828
164659
0.925708954094
164679
0.923163078367
164699
0.923161942829
164719
0.922367066376
164739
0.927637475775
164759
0.927741945252
164779
0.933781492248
164799
0.941621245155
164819
0.947532097868
164839
0.952487206274
164859
0.963105241642
164879
0.971467341933
164899
0.976805505087
164919
0.969871911337
164939
0.972645273135
164959
0.980726517078
164979
0.985703579215
164999
0.991415712815
165019
0.992541409278
165039
0.992510371245
165059
0.992387354651
165079
0.992424448886
165099
0.993469522166
165119
0.988543937742
165139
0.985831516473
165159
0.985491612161
165179
0.989484163033
165199
0.993120533551
165219
0.993495639535
165239
0.99328215843
165259
0.993315089026
165279
0.993201535247
165299
0.993279130329
165319
0.991042877907
165339
0.984878043241
165359
0.978288138929
165379
0.980728031129
165399
0.980938484133
165419
0.981359768653
165439
0.980871108891
165459
0.981431686047
165479
0.981239023135
165499
0.982290152616
165519
0.982297722868
165539
0.982338602229
165559
0.982356392321
165579
0.982359041909
165599
0.986363326672
165619
1.0
165639
1.0
165659
1.0
