138880
0.998655513459
138900
0.953242731259
138920
0.953647141458
138940
0.953671973664
138960
0.955053708512
138980
0.998655513459
139000
0.984823975139
139020
0.984829296326
139040
0.984827522597
139060
0.984827522597
139080
0.986613667646
139100
0.998655513459
139120
0.984882508195
139140
0.984930398876
139160
0.984930398876
139180
0.984930398876
139200
0.991881642615
139220
0.998655513459
139240
0.983887446256
139260
0.983908731003
139280
0.983908731003
139300
0.984582748003
139320
0.998650192272
139340
0.986278432875
139360
0.986358250678
139380
0.986352929491
139400
0.986358250678
139420
0.988536389823
139440
0.998648418543
139460
0.987520043137
139480
0.987504079577
139500
0.987543101613
139520
0.987543101613
139540
0.993222581698
139560
0.998655513459
139580
0.982649383452
139600
0.982638741078
139620
0.982647609723
139640
0.983671051325
139660
0.99865373973
139680
0.975726519376
139700
0.975852454131
139720
0.975847132945
139740
0.975847132945
139760
0.979905424773
139780
0.998651966001
139800
0.990696791679
139820
0.990705660324
139840
0.990705660324
139860
0.990707434053
139880
0.997018361642
139900
0.998655513459
139920
0.98773466434
139940
0.987755949087
139960
0.987748854171
139980
0.988254366921
140000
0.998651966001
140020
0.987019851574
140040
0.987018077845
140060
0.98704468378
140080
0.987050004966
140100
0.989167837328
140120
0.99865373973
140140
0.989169611057
140160
0.98921395428
140180
0.98921395428
140200
0.989309735643
140220
0.99862003888
140240
0.98899578562
140260
0.989054318675
140280
0.989072055965
140300
0.989072055965
140320
0.990091950109
140340
0.998655513459
140360
0.988813091539
140380
0.988841471202
140400
0.988832602557
140420
0.988832602557
140440
0.992451009607
140460
0.998651966001
140480
0.987782555021
140500
0.987789649937
140520
0.987796744853
140540
0.988335958452
140560
0.998655513459
140580
0.988834376286
140600
0.988859208491
140620
0.988859208491
140640
0.988859208491
140660
0.990900770508
140680
0.998655513459
140700
0.990428958608
140720
0.990439600982
140740
0.990439600982
140760
0.990491039121
140780
0.998648418543
140800
0.990696791679
140820
0.990705660324
140840
0.990703886595
140860
0.990703886595
140880
0.994045591929
140900
0.998655513459
140920
0.985739219275
140940
0.985726803173
140960
0.985728576902
140980
0.986597704085
141000
0.998655513459
141020
0.978218608545
141040
0.978225703461
141060
0.978264725498
141080
0.978259404311
141100
0.982241425794
141120
0.998655513459
141140
0.945486214579
141160
0.945787748499
141180
0.945766463752
141200
0.946232954465
141220
0.998650192272
141240
0.979075319626
141260
0.979291714557
141280
0.979289940828
141300
0.97918706455
141320
0.981400678274
141340
0.99865373973
141360
0.99865373973
141380
0.993768890213
141400
0.988013139784
141420
0.981991330013
141440
0.978097994977
141460
0.97462680743
141480
0.967641862841
141500
0.968924268869
141520
0.961416074241
141540
0.948173413932
141560
0.939620492955
141580
0.937713734338
141600
0.928311197196
141620
0.929038426064
141640
0.91762093284
141660
0.912367147702
141680
0.908789536418
141700
0.898234075462
141720
0.897001333844
141740
0.90099577143
141760
0.902989442765
141780
0.900788245144
141800
0.903239538547
141820
0.89830325089
141840
0.902977026663
141860
0.907556794801
141880
0.906827792204
141900
0.908590878776
141920
0.909020121181
141940
0.906240687923
141960
0.906400323528
141980
0.906877456615
142000
0.901554496048
142020
0.898391937338
142040
0.885032210918
142060
0.877414045095
142080
0.877023824727
142100
0.878249471429
142120
0.872758006612
142140
0.856902643566
142160
0.844587643495
142180
0.821201027344
142200
0.794472705859
142220
0.827792204107
142240
0.810111673974
142260
0.806849786443
142280
0.817447816894
142300
0.803029174294
142320
0.794291785507
142340
0.80313559803
142360
0.826461907397
142380
0.850385963419
142400
0.871003788685
142420
0.860265633647
142440
0.871468505669
142460
0.86209434819
142480
0.878994437586
142500
0.872523874392
142520
0.886107090659
142540
0.883487293006
142560
0.87722070864
142580
0.881122912321
142600
0.8633572432
142620
0.861560455777
142640
0.868985285145
142660
0.869036723284
142680
0.880145587672
142700
0.88067061144
142720
0.87419295333
142740
0.874863422871
142760
0.877882309537
142780
0.872073347239
142800
0.86835383764
142820
0.865985909497
142840
0.856207341819
142860
0.851992961844
142880
0.852328196614
142900
0.82782058377
142920
0.823001362224
142940
0.835773984363
142960
0.824810565749
142980
0.845981794446
143000
0.838608403218
143020
0.827815262583
143040
0.844701162147
143060
0.851508733841
143080
0.856099144353
143100
0.853623018745
143120
0.857140323244
143140
0.858671051325
143160
0.866008967974
143180
0.859676755637
143200
0.867456330793
143220
0.865329629787
143240
0.881479431839
143260
0.871919032821
143280
0.874285187235
143300
0.876019894144
143320
0.868550721553
143340
0.859176564074
143360
0.85356448569
143380
0.85282306699
143400
0.859511798845
143420
0.850522540547
143440
0.849740326082
143460
0.851664821989
143480
0.823063442737
143500
0.806910093227
143520
0.788637137627
143540
0.79125693528
143560
0.757728137017
143580
0.748648418543
143600
0.742598229109
143620
0.742470520625
143640
0.74108169086
143660
0.760370993146
143680
0.759602968513
143700
0.746956281129
143720
0.764393810395
143740
0.767822428448
143760
0.799572176578
143780
0.819182523803
143800
0.822366367261
143820
0.794206646517
143840
0.805180707505
143860
0.808068338229
143880
0.817910760149
143900
0.859180111532
143920
0.853167170406
143940
0.854100151831
143960
0.855817121451
143980
0.862193677011
144000
0.849249003164
144020
0.865052928072
144040
0.860602642147
144060
0.854696124757
144080
0.860787109957
144100
0.862198998198
144120
0.845800874094
144140
0.831509939977
144160
0.810890340982
144180
0.793335745605
144200
0.789784740255
144220
0.760060590581
144240
0.751376413662
144260
0.757362748854
144280
0.748951726193
144300
0.743564911385
144320
0.766628708867
144340
0.776119932456
144360
0.808508223007
144380
0.829298099982
144400
0.845559646957
144420
0.868430107985
144440
0.880998751295
144460
0.868520568161
144480
0.859518893761
144500
0.866072822216
144520
0.860850964199
144540
0.851643537241
144560
0.841033090687
144580
0.856691569821
144600
0.855175031572
144620
0.863602017794
144640
0.857482652931
144660
0.86756275453
144680
0.867582265549
144700
0.879499950336
144720
0.872094631987
144740
0.881908674244
144760
0.875615483944
144780
0.878394917202
144800
0.879764235949
144820
0.862294779561
144840
0.879310161338
144860
0.889030195962
144880
0.887135853447
144900
0.880399230911
144920
0.882054120018
144940
0.884294339676
144960
0.875782214465
144980
0.878017112937
145000
0.877438877301
145020
0.878723057057
145040
0.867894441843
145060
0.858940658124
145080
0.858232940275
145100
0.866239552737
145120
0.867699331659
145140
0.876097938217
145160
0.880241369035
145180
0.86164027358
145200
0.873623586338
145220
0.886059199977
145240
0.879354504562
145260
0.876830488272
145280
0.887261788203
145300
0.885007378712
145320
0.885947455054
145340
0.886582450016
145360
0.88265541413
145380
0.880620947029
145400
0.875124161026
145420
0.86901011735
145440
0.87833106296
145460
0.880310544464
145480
0.886176266088
145500
0.872624976942
145520
0.883332978588
145540
0.879132788444
145560
0.881924637805
145580
0.895188582862
145600
0.891774154641
145620
0.889622621429
145640
0.885979382175
145660
0.874093624509
145680
0.872873298994
145700
0.867670951996
145720
0.867232840946
145740
0.862665488911
145760
0.865301250124
145780
0.872192187079
145800
0.863355469471
145820
0.855999815532
145840
0.840167510962
145860
0.822091439275
145880
0.802750698849
145900
0.788633590169
145920
0.78491408057
145940
0.809162728988
145960
0.803502759922
145980
0.789566571595
146000
0.797245044201
146020
0.821486597704
146040
0.832606104466
146060
0.863504462702
146080
0.878575837555
146100
0.867254125694
146120
0.86974976232
146140
0.857906574149
146160
0.852904658522
146180
0.875899280576
146200
0.871351439558
146220
0.879196642686
146240
0.86305393555
146260
0.857071147815
146280
0.870649042896
146300
0.877853929874
146320
0.878169653626
146340
0.878029529039
146360
0.876963517943
146380
0.881784513218
146400
0.888719793396
146420
0.908266286379
146440
0.919078938033
146460
0.936993600386
146480
0.936692066465
146500
0.947932186795
146520
0.962139755651
146540
0.981450342684
146560
0.991008967974
146580
0.982596171583
146600
0.965289898259
146620
0.954161522853
146640
0.935432718914
146660
0.923921218055
146680
0.917667049792
146700
0.902363316447
146720
0.885266343139
146740
0.872754459155
146760
0.840697855916
146780
0.822680317285
146800
0.816190243072
146820
0.806432960141
146840
0.814670157365
146860
0.813196188611
146880
0.789727980929
146900
0.780790160771
146920
0.75942204816
146940
0.771125111745
146960
0.784348261036
146980
0.823421735984
147000
0.78844734863
147020
0.81094355285
147040
0.804666326111
147060
0.815741489649
147080
0.857275126644
147100
0.871213088701
147120
0.878488924836
147140
0.887479956863
147160
0.888572573894
147180
0.896128659203
147200
0.901329232472
147220
0.8901600613
147240
0.889869169753
147260
0.885956323698
147280
0.882220850539
147300
0.884716487165
147320
0.886774012742
147340
0.868697941055
147360
0.867403118925
147380
0.864886197551
147400
0.856496459637
147420
0.864581116172
147440
0.876511217062
147460
0.860824358265
147480
0.858337590283
147500
0.868616349524
147520
0.865982362039
147540
0.870755466633
147560
0.868981737687
147580
0.875324592397
147600
0.874210690619
147620
0.868779532587
147640
0.865058249259
147660
0.871796645524
147680
0.87582478396
147700
0.86764789352
147720
0.858635576746
147740
0.873378811744
147760
0.873549089722
147780
0.888267492515
147800
0.896932158415
147820
0.89005895875
147840
0.905080669192
147860
0.909110581357
147880
0.914580761426
147900
0.924660863026
147920
0.921521362791
147940
0.899589204376
147960
0.889136619698
147980
0.883772863366
148000
0.870892043761
148020
0.860831453181
148040
0.822304286748
148060
0.80320299973
148080
0.782306699019
148100
0.766046925773
148120
0.76521149944
148140
0.776893278277
148160
0.796757268741
148180
0.793043080329
148200
0.808022221276
148220
0.809137896783
148240
0.809999929051
148260
0.814883004839
148280
0.839622976175
148300
0.853300200077
148320
0.855755040938
148340
0.874052828743
148360
0.871378045493
148380
0.859875413279
148400
0.872953116797
148420
0.860918365899
148440
0.866330012913
148460
0.879429001178
148480
0.865922055255
148500
0.840600300824
148520
0.860636342997
148540
0.846756913995
148560
0.861395498985
148580
0.876475742483
148600
0.880732691953
148620
0.903769883501
148640
0.918692265123
148660
0.930705731273
148680
0.943808266996
148700
0.961361088644
148720
0.965231365204
148740
0.982413477502
148760
0.988231308444
148780
0.994794105544
148800
0.998655513459
148820
0.998655513459
148840
0.998655513459
148860
0.998655513459
