169068
0.898426011029
169088
0.890438304228
169108
0.889596737132
169128
0.891220990349
169148
0.899191463695
169168
0.901523724724
169188
0.906851734835
169208
0.907000612745
169228
0.910268267463
169248
0.913588101256
169268
0.921751493566
169288
0.918118106618
169308
0.91880457261
169328
0.91134966682
169348
0.912354951746
169368
0.907776596967
169388
0.890165441176
169408
0.887551700368
169428
0.884031767004
169448
0.871630859375
169468
0.878680778952
169488
0.881762695312
169508
0.874689797794
169528
0.875284352022
169548
0.877350930607
169568
0.882258157169
169588
0.881013039982
169608
0.890309053309
169628
0.908720128676
169648
0.902444278493
169668
0.901607019761
169688
0.908366842831
169708
0.903762637868
169728
0.904309800092
169748
0.905714326746
169768
0.906472598805
169788
0.902346622243
169808
0.903229836857
169828
0.904680319393
169848
0.904098690257
169868
0.896964039522
169888
0.901387293199
169908
0.899564855239
169928
0.894881663603
169948
0.889122817096
169968
0.89253504136
169988
0.882846966912
170008
0.874495921415
170028
0.874686925551
170048
0.878541475184
170068
0.88154296875
170088
0.88166216682
170108
0.883665556066
170128
0.879463465074
170148
0.888928940717
170168
0.880217428768
170188
0.897749597886
170208
0.901232192096
170228
0.89576775046
170248
0.893615004596
170268
0.891446461397
170288
0.875056008732
170308
0.880764590993
170328
0.879104434743
170348
0.885140452665
170368
0.88894330193
170388
0.888133329504
170408
0.896741919424
170428
0.898362342984
170448
0.90343951057
170468
0.924128274357
170488
0.910377412684
170508
0.904736328125
170528
0.903594611673
170548
0.897223977482
170568
0.896737132353
170588
0.881942210478
170608
0.872278550092
170628
0.85793169807
170648
0.849425551471
170668
0.859551642923
170688
0.861310891544
170708
0.85690056296
170728
0.85607622932
170748
0.847914751838
170768
0.866559914982
170788
0.873619887408
170808
0.880616670496
170828
0.88015423943
170848
0.891410558364
170868
0.897060259651
170888
0.903791360294
170908
0.909382180607
170928
0.904241823683
170948
0.895576267616
170968
0.890834195006
170988
0.886899701287
171008
0.894210037531
171028
0.891160673254
171048
0.890673828125
171068
0.885262522978
171088
0.880711454504
171108
0.892182712929
171128
0.895277554381
171148
0.883846507353
171168
0.88576372932
171188
0.878245634191
171208
0.87392578125
171228
0.851075654871
171248
0.842909869026
171268
0.84182990579
171288
0.839427274816
171308
0.822812787224
171328
0.83333381204
171348
0.841098920037
171368
0.836600988051
171388
0.82212488511
171408
0.857955633425
171428
0.870541800705
171448
0.854843558517
171468
0.851618030025
171488
0.873648131127
171508
0.885707241881
171528
0.877137427237
171548
0.871278052237
171568
0.885408528646
171588
0.869490559896
171608
0.839098403033
171628
0.832540594363
171648
0.836265414369
171668
0.83942009421
171688
0.834757008272
171708
0.845088465074
171728
0.850660615809
171748
0.862215647978
171768
0.867214786305
171788
0.89993537454
171808
0.922494925705
171828
0.924723785999
171848
0.927931123621
171868
0.928142712163
171888
0.925333180147
171908
0.923819508272
171928
0.922673483456
171948
0.922183766085
171968
0.915400486366
171988
0.916689644608
172008
0.916424919577
172028
0.913808306526
172048
0.914579503676
172068
0.917362706801
172088
0.918307195925
172108
0.919250248928
172128
0.919740445006
172148
0.92073615579
172168
0.920533183977
172188
0.924534696691
172208
0.931444833793
172228
0.932214594822
172248
0.932800532322
172268
0.933301259957
172288
0.90844152114
172308
0.887307081036
172328
0.858683268229
172348
0.839751838235
172368
0.843548943015
172388
0.826285328585
172408
0.825109145221
172428
0.807780905331
172448
0.794610236673
172468
0.801493566176
172488
0.833980066636
172508
0.85489765242
172528
0.878969918045
172548
0.878087182138
172568
0.880828259038
172588
0.880955116422
172608
0.89017310049
172628
0.890812174479
172648
0.902297794118
172668
0.900288181679
172688
0.890799249387
172708
0.887387982537
172728
0.884050436581
172748
0.883995385263
172768
0.880454867494
172788
0.860954733456
172808
0.863155350031
172828
0.862467447917
172848
0.842710726869
172868
0.821672028186
172888
0.816688687194
172908
0.806591796875
172928
0.794137752757
172948
0.801842064951
172968
0.793595377604
172988
0.788985906863
173008
0.768338790594
173028
0.771746227788
173048
0.769853419884
173068
0.752042643229
173088
0.781708601409
173108
0.803226485907
173128
0.79713493796
173148
0.820515950521
173168
0.831901999081
173188
0.831263882506
173208
0.853745404412
173228
0.885589001225
173248
0.902325080423
173268
0.902635282629
173288
0.893764361213
173308
0.888930855545
173328
0.886943742341
173348
0.887245806526
173368
0.912179744945
173388
0.916576191023
173408
0.916067325368
173428
0.912264476103
173448
0.906082452512
173468
0.902344707414
173488
0.912307559743
173508
0.913288909314
173528
0.911650294884
173548
0.914454082414
173568
0.912885837929
173588
0.910966701134
173608
0.912006931679
173628
0.913987342984
173648
0.909435317096
173668
0.910795323989
173688
0.912405215993
173708
0.909971947763
173728
0.908886240043
173748
0.906719132966
173768
0.903705671722
173788
0.90647834329
173808
0.90134899663
173828
0.913790594363
173848
0.91708314185
173868
0.913920802696
173888
0.903205901501
173908
0.909804878983
173928
0.909533452053
173948
0.914591950061
173968
0.914410520067
173988
0.915014648438
174008
0.917089365043
174028
0.919860121783
174048
0.919777784161
174068
0.930170036765
174088
0.932664579504
174108
0.931161439185
174128
0.935769952512
174148
0.934149050245
174168
0.93585468367
174188
0.932572667739
174208
0.921973134957
174228
0.913352098652
174248
0.889745136336
174268
0.85894464231
174288
0.827602251838
174308
0.807808670343
174328
0.78152477788
174348
0.781852213542
174368
0.780458697151
174388
0.782475011489
174408
0.769166475184
174428
0.766692038143
174448
0.75766027114
174468
0.763202263327
174488
0.760117474724
174508
0.771803672641
174528
0.774739104626
174548
0.778718596814
174568
0.769858685662
174588
0.799833888634
174608
0.818090341605
174628
0.830966605392
174648
0.865650850184
174668
0.869506835938
174688
0.874497357537
174708
0.866498161765
174728
0.863367417279
174748
0.866256893382
174768
0.872242647059
174788
0.880553481158
174808
0.882423311121
174828
0.885832663143
174848
0.88771685432
174868
0.897838637408
174888
0.908004940257
174908
0.913482306985
174928
0.905300723805
174948
0.902813361673
174968
0.90023504519
174988
0.90326573989
175008
0.907429534314
175028
0.911632582721
175048
0.915556066176
175068
0.90685077742
175088
0.908285462623
175108
0.906679400276
175128
0.902944048713
175148
0.905980009191
175168
0.90506328508
175188
0.906366804534
175208
0.905860811121
175228
0.907718673407
175248
0.90707433364
175268
0.904358628217
175288
0.905867991728
175308
0.911443014706
175328
0.909194048713
175348
0.909894875919
175368
0.914465092678
175388
0.912191233915
175408
0.919017118566
175428
0.925314989277
175448
0.93968817019
175468
0.94592333027
175488
0.943974034926
175508
0.955449601716
175528
0.951434206495
175548
0.938025620404
175568
0.925217333027
175588
0.91607019761
175608
0.911036113664
175628
0.897290996477
175648
0.873506433824
175668
0.857404641544
175688
0.838983513327
175708
0.836688591452
175728
0.841192267923
175748
0.850382008272
175768
0.865336339614
175788
0.873721852022
175808
0.883274452359
175828
0.896942497702
175848
0.914149145987
175868
0.930634861366
175888
0.941959635417
175908
0.953606100643
175928
0.960227577359
175948
0.9546807981
175968
0.921858723958
175988
0.90048157935
176008
0.8689520144
176028
0.868486232384
176048
0.844141103707
176068
0.826964135263
176088
0.822081801471
176108
0.81259095435
176128
0.801488300398
176148
0.834397499234
176168
0.868745691636
176188
0.888447840074
176208
0.899974149816
176228
0.910791015625
176248
0.92420055913
176268
0.928664024203
176288
0.930372529871
176308
0.938489008885
176328
0.919780177696
176348
0.903325099571
176368
0.910715379902
176388
0.893422085631
176408
0.900809972426
176428
0.8948275697
176448
0.896750536152
176468
0.912839403339
176488
0.91007343367
176508
0.93136919807
176528
0.956187289369
176548
0.958917834712
176568
0.96617790671
176588
0.983371151195
176608
0.989353553922
176628
0.989482804841
176648
0.989479932598
176668
0.989499559589
176688
0.989491900276
176708
0.989491900276
176728
0.989580461091
176748
1.0
176768
1.0
176788
1.0
176808
0.373433670343
176828
0.408403703278
176848
0.438195561428
176868
0.418156403186
176888
0.289478975184
176908
0.300583065257
176928
0.297790766697
176948
0.322509765625
176968
0.334621055453
176988
0.338309493719
177008
0.264368872549
177028
0.265181238511
177048
0.317762427237
177068
0.287932751225
177088
0.293313419118
177108
0.295919021906
177128
0.339045745251
177148
0.339971564798
177168
0.338511508119
177188
0.340141027114
177208
0.341072112439
177228
0.259208888634
177248
0.263583792892
177268
0.261685240502
177288
0.296218213848
177308
0.292866785386
177328
0.257242359835
177348
0.256704293045
177368
0.257171511183
177388
0.361052389706
177408
0.368287090227
177428
0.372923847273
177448
0.357859892004
177468
0.328877048866
177488
0.636258712469
177508
0.327226466759
177528
1.0
177548
0.999855909161
177568
0.723941099877
177588
0.42668169807
177608
0.959905886183
177628
0.320301968444
177648
1.0
177668
0.665839939491
177688
0.667637005974
177708
0.896144971661
177728
0.269791666667
177748
0.824041149663
177768
1.0
177788
0.273117244945
177808
0.799379116881
177828
0.285500440411
177848
0.936793907016
177868
0.221152630974
177888
0.48726160386
177908
0.351374368107
177928
0.410276405484
177948
0.416041475184
177968
0.336803959865
177988
0.984109796262
178008
0.999571078431
178028
0.358180625766
178048
0.324198165594
178068
0.314320523131
178088
0.411026539522
178108
0.999632352941
178128
0.635481292126
178148
0.671337890625
178168
0.659625363817
178188
0.651666379442
178208
0.650089039522
178228
0.999636182598
178248
0.40413794424
178268
0.424083754596
178288
0.55956696155
178308
0.686344879749
178328
0.817588177849
178348
0.880257640165
178368
0.942085056679
178388
1.0
178408
0.632078163297
178428
0.57630926394
178448
0.586620136336
178468
0.862413832721
178488
0.0790905522365
178508
0.0509626799939
178528
0.0506826363358
178548
0.0509995404412
178568
0.0504940257353
178588
0.582622931985
178608
1.0
178628
1.0
178648
1.0
