153360
0.19334217464
153380
0.191085390947
153400
0.190576774691
153420
0.190839763374
153440
0.193187210648
153460
0.306442097479
153480
0.289215534979
153500
0.183085133745
153520
0.183676215278
153540
0.181319444444
153560
0.183604359568
153580
0.183282375257
153600
0.316724054784
153620
0.18333429784
153640
0.329668531379
153660
0.337832915381
153680
0.185346096965
153700
0.184843267747
153720
0.409691518776
153740
0.18412663966
153760
0.184288355195
153780
0.183765914352
153800
0.355362011317
153820
0.359216338735
153840
0.185449620628
153860
0.183479777521
153880
0.32173434285
153900
0.304316325874
153920
0.31879067001
153940
0.308744855967
153960
0.308770415381
153980
0.110037615741
154000
0.110706661523
154020
0.323247170782
154040
0.131950552984
154060
0.284480774177
154080
0.279486721965
154100
0.272867316101
154120
0.181710551698
154140
0.179561953447
154160
0.175744759516
154180
0.167481995885
154200
0.336328125
154220
0.1202031893
154240
0.122837416409
154260
1.0
154280
0.990305587706
154300
0.990308481224
154320
0.990309606481
154340
0.990308802726
154360
0.99030623071
154380
0.99325778035
154400
0.993297968107
154420
0.993294913837
154440
0.994676408179
154460
0.99467817644
154480
0.99467817644
154500
0.995389178241
154520
0.995392714763
154540
0.995392554012
154560
0.996219135802
154580
0.996227494856
154600
0.996229584619
154620
0.994405703447
154640
0.994411329733
154660
0.994411329733
154680
0.995137924383
154700
0.995140174897
154720
0.995140817901
154740
0.9942499357
154760
0.994257008745
154780
0.994257008745
154800
0.99698913323
154820
0.996990901492
154840
0.996990258488
154860
0.996271540638
154880
0.996287776492
154900
0.996287776492
154920
0.997857188786
154940
0.997864744084
154960
0.997863940329
154980
0.997862975823
155000
0.997863779578
155020
0.997863297325
155040
0.997311278292
155060
0.997318833591
155080
0.99731722608
155100
0.997370113169
155120
0.997359985854
155140
0.99736095036
155160
0.99740306713
155180
0.99739535108
155200
0.99739535108
155220
0.993722029321
155240
0.993722029321
155260
0.993722029321
155280
0.996108860597
155300
0.996108699846
155320
0.996109825103
155340
0.994307484568
155360
0.994325167181
155380
0.994325327932
155400
0.997012763632
155420
0.997009066358
155440
0.99700617284
155460
0.994500385802
155480
0.994524016204
155500
0.994518229167
155520
0.994866094393
155540
0.996231995885
155560
1.0
155580
0.995304944702
155600
0.991163033693
155620
0.989050282922
155640
0.987524594907
155660
0.98716242284
155680
0.987152295525
155700
0.987086226852
155720
0.987608989198
155740
0.987542920525
155760
0.987280735597
155780
0.983452610597
155800
0.983125803755
155820
0.981119630916
155840
0.979261027521
155860
0.9738360018
155880
0.967098926183
155900
0.96237027392
155920
0.961388406636
155940
0.960673868313
155960
0.958291538066
155980
0.955298675412
156000
0.950279063786
156020
0.944045942644
156040
0.939804526749
156060
0.934737815072
156080
0.931895897634
156100
0.927471386317
156120
0.926613136574
156140
0.920784625772
156160
0.91791714892
156180
0.914199138374
156200
0.918263406636
156220
0.922206468621
156240
0.922888695988
156260
0.923104584619
156280
0.922330086163
156300
0.923659818673
156320
0.924317611883
156340
0.924741030093
156360
0.926386316872
156380
0.926550443673
156400
0.925142586163
156420
0.925111078961
156440
0.923801440329
156460
0.928993537809
156480
0.925221997171
156500
0.928117444702
156520
0.92415621785
156540
0.924917373971
156560
0.923914609053
156580
0.924365194187
156600
0.923486368313
156620
0.92535622428
156640
0.925599440586
156660
0.927327031893
156680
0.929466788837
156700
0.932462062757
156720
0.932325745885
156740
0.93039223251
156760
0.925553948045
156780
0.925250128601
156800
0.919298964763
156820
0.918506462191
156840
0.913743891461
156860
0.910957593879
156880
0.905979938272
156900
0.904243666409
156920
0.908217753344
156940
0.911275398663
156960
0.913089634774
156980
0.91134371785
157000
0.909283532665
157020
0.90371399177
157040
0.897621045525
157060
0.895647183642
157080
0.898973926183
157100
0.897944315844
157120
0.903208590535
157140
0.903790509259
157160
0.907310153035
157180
0.910650398663
157200
0.921160140175
157220
0.924214248971
157240
0.926563946759
157260
0.924124228395
157280
0.919360050154
157300
0.919329025206
157320
0.919597640175
157340
0.913681359311
157360
0.919903388632
157380
0.921762313529
157400
0.923726369599
157420
0.924275655864
157440
0.923888567387
157460
0.931025752315
157480
0.93138744213
157500
0.928799832819
157520
0.928054108796
157540
0.92350469393
157560
0.924727366255
157580
0.928119855967
157600
0.92576099537
157620
0.924545717593
157640
0.917198109568
157660
0.923715920782
157680
0.926892521862
157700
0.925054494599
157720
0.926566197274
157740
0.926152584877
157760
0.930877218364
157780
0.930661168981
157800
0.928674607767
157820
0.926721643519
157840
0.929998231739
157860
0.929489936986
157880
0.9338202482
157900
0.932222222222
157920
0.929648759002
157940
0.932273341049
157960
0.937315297068
157980
0.939137892233
158000
0.938886156121
158020
0.934088220165
158040
0.933804173097
158060
0.935589634774
158080
0.934484953704
158100
0.933625900206
158120
0.933505015432
158140
0.934621109825
158160
0.929720614712
158180
0.933132555298
158200
0.932024337706
158220
0.930766621656
158240
0.93185779964
158260
0.92782182356
158280
0.92393132716
158300
0.919673996914
158320
0.923640046296
158340
0.925019129372
158360
0.926498521091
158380
0.920900848765
158400
0.921096965021
158420
0.923058449074
158440
0.923001382459
158460
0.92704057356
158480
0.91937033822
158500
0.920259773663
158520
0.919741673097
158540
0.924016042953
158560
0.924112975823
158580
0.921721482767
158600
0.920199652778
158620
0.924858378344
158640
0.920899402006
158660
0.923926343879
158680
0.921921778549
158700
0.916510738169
158720
0.925197241512
158740
0.921078317901
158760
0.918471418467
158780
0.922388760288
158800
0.918810120885
158820
0.912647730195
158840
0.914626253858
158860
0.914668209877
158880
0.910719200103
158900
0.908613040123
158920
0.911573752572
158940
0.914611786265
158960
0.917470582562
158980
0.918473025977
159000
0.918408564815
159020
0.918559188529
159040
0.923250868056
159060
0.923552436986
159080
0.921521990741
159100
0.925486914866
159120
0.915796199846
159140
0.92088284465
159160
0.924099794239
159180
0.930593010545
159200
0.923382683899
159220
0.927585358796
159240
0.928536683385
159260
0.929163130144
159280
0.924820441101
159300
0.925168306327
159320
0.92459683642
159340
0.923162133488
159360
0.921274434156
159380
0.922669110082
159400
0.921390014146
159420
0.925048868313
159440
0.921779353138
159460
0.929347029321
159480
0.9241485018
159500
0.918042856224
159520
0.920461516204
159540
0.920393036265
159560
0.925001446759
159580
0.925421971451
159600
0.922902359825
159620
0.923726369599
159640
0.924466949588
159660
0.926617959105
159680
0.924470164609
159700
0.923835680298
159720
0.923745177469
159740
0.920912905093
159760
0.920681584362
159780
0.924547968107
159800
0.919602301955
159820
0.924347511574
159840
0.927264178241
159860
0.929971064815
159880
0.930059477881
159900
0.92599215535
159920
0.925011734825
159940
0.926209490741
159960
0.930630304784
159980
0.927341017233
160000
0.925178272891
160020
0.928129018776
160040
0.933139789095
160060
0.9339453125
160080
0.934754854681
160100
0.932515914352
160120
0.929733635545
160140
0.934346225566
160160
0.933761252572
160180
0.932357413837
160200
0.932952031893
160220
0.937497910237
160240
0.940590760031
160260
0.932051343879
160280
0.930161394033
160300
0.931259966564
160320
0.934317290381
160340
0.927699813529
160360
0.923931970165
160380
0.922635030864
160400
0.921525848765
160420
0.924577546296
160440
0.92558432999
160460
0.929862397119
160480
0.922138310185
160500
0.916700585134
160520
0.916225565844
160540
0.911853620113
160560
0.903735210905
160580
0.902831629372
160600
0.902801890432
160620
0.904374517747
160640
0.902488586677
160660
0.898507908951
160680
0.89681873714
160700
0.896342914095
160720
0.891818094136
160740
0.891315425669
160760
0.890452835648
160780
0.881068833591
160800
0.881184895833
160820
0.880058031121
160840
0.88022344393
160860
0.880662776492
160880
0.880219264403
160900
0.883781346451
160920
0.877539544753
160940
0.876910365226
160960
0.883708365484
160980
0.881278452932
161000
0.87990001286
161020
0.879491705247
161040
0.878622363683
161060
0.886294688786
161080
0.882301954733
161100
0.878192033179
161120
0.880972382973
161140
0.881187307099
161160
0.877405799897
161180
0.882768132716
161200
0.882921167695
161220
0.879052694187
161240
0.880014467593
161260
0.882672003601
161280
0.88632507073
161300
0.881099376286
161320
0.876616673097
161340
0.883067933385
161360
0.875164769805
161380
0.877369470165
161400
0.879123585391
161420
0.868875546553
161440
0.876360596708
161460
0.877522826646
161480
0.876360757459
161500
0.878836162551
161520
0.876588380916
161540
0.880014949846
161560
0.883871045525
161580
0.88626559285
161600
0.884776234568
161620
0.87521251286
161640
0.874152520576
161660
0.869657278807
161680
0.872954121656
161700
0.878365965792
161720
0.884592335391
161740
0.89124067644
161760
0.89670315715
161780
0.898638278035
161800
0.904521444187
161820
0.905751671811
161840
0.914455697016
161860
0.915257683899
161880
0.918404063786
161900
0.916748971193
161920
0.911905864198
161940
0.91193431713
161960
0.92307500643
161980
0.930289994856
162000
0.935399305556
162020
0.936666827418
162040
0.939267296811
162060
0.937269000772
162080
0.937951710391
162100
0.934157021605
162120
0.930001286008
162140
0.926940747171
162160
0.912613650977
162180
0.912321244856
162200
0.906590952932
162220
0.904501350309
162240
0.905025237912
162260
0.907741448045
162280
0.923102334105
162300
0.921954250257
162320
0.930108024691
162340
0.931138921039
162360
0.933572048611
162380
0.93757973251
162400
0.943010063014
162420
0.943954475309
162440
0.948346193416
162460
0.952923257459
162480
0.964586226852
162500
0.976002925669
162520
0.981748167438
162540
0.988857542438
162560
0.995962094907
162580
0.993762217078
162600
0.991952964249
162620
0.991966467335
162640
0.991969039352
162660
0.993586676955
162680
1.0
162700
0.82392971965
162720
0.952663323045
162740
0.958844521605
162760
0.958021637088
162780
1.0
162800
0.0661360275206
162820
0.0654608731996
162840
0.0652887088477
162860
0.0651189557613
162880
0.065027649177
162900
1.0
162920
1.0
162940
1.0
