131889
0.983500039457
131909
0.983506451231
131929
1.0
131949
0.980914121686
131969
0.980448528251
131989
0.980220663668
132009
0.980396740846
132029
1.0
132049
0.95641029435
132069
0.95514668166
132089
0.955211292614
132109
0.999999013573
132129
0.967500197285
132149
0.967605251736
132169
0.968794882418
132189
0.967873066604
132209
0.967384785354
132229
0.976578776042
132249
0.975674715909
132269
0.975614543876
132289
0.975441919192
132309
1.0
132329
0.970348504577
132349
0.970355902778
132369
0.970198074495
132389
0.969952947443
132409
1.0
132429
0.973164259785
132449
0.972357362689
132469
0.972412602588
132489
0.971897687816
132509
0.999999506787
132529
0.980605863321
132549
0.980768130524
132569
0.980939275568
132589
0.980637428977
132609
0.98115234375
132629
0.980275903567
132649
0.980255681818
132669
0.980072699653
132689
1.0
132709
0.982464291351
132729
0.98258364899
132749
0.982407078598
132769
0.99999852036
132789
0.985757477115
132809
0.98557745423
132829
0.985604580966
132849
0.985509390783
132869
1.0
132889
0.960983862058
132909
0.96018534959
132929
0.959714824021
132949
0.960083254419
132969
1.0
132989
1.0
133009
0.987221334438
133029
0.987528606376
133049
0.987323922822
133069
0.987225773359
133089
0.990457307449
133109
0.990193438289
133129
0.989888139205
133149
0.989728831282
133169
1.0
133189
0.98596955887
133209
0.985928128946
133229
0.985629734848
133249
0.985297802241
133269
1.0
133289
0.991131036932
133309
0.991247928504
133329
0.990823764994
133349
1.0
133369
0.990164338699
133389
0.990285669192
133409
0.989820075758
133429
0.989675071023
133449
0.999999506787
133469
0.991024502841
133489
0.991184797191
133509
0.990898240215
133529
1.0
133549
0.986059323706
133569
0.986279790088
133589
0.986264993687
133609
0.986257595486
133629
1.0
133649
0.990637330335
133669
0.99049084596
133689
0.990683692393
133709
1.0
133729
0.988347833807
133749
0.987844756155
133769
0.987899009628
133789
0.987998638731
133809
1.0
133829
0.987088166824
133849
0.987226266572
133869
0.987562144886
133889
1.0
133909
0.987064985795
133929
0.987108388573
133949
0.986907157513
133969
0.987222814078
133989
1.0
134009
0.983631234217
134029
0.983348129735
134049
0.983317057292
134069
1.0
134089
0.960248480903
134109
0.959807054924
134129
0.959431719539
134149
0.959332090436
134169
1.0
134189
1.0
134209
0.992282690183
134229
0.986322206439
134249
0.985246508049
134269
0.979094164299
134289
0.978752860638
134309
0.979213028725
134329
0.979341757418
134349
0.974041193182
134369
0.973868075284
134389
0.967077513415
134409
0.972157611269
134429
0.976690242266
134449
0.97874743529
134469
0.985103476168
134489
0.98554983428
134509
0.980385890152
134529
0.977302813289
134549
0.982935310133
134569
0.982620639994
134589
0.987479778251
134609
0.991821535669
134629
0.991622277462
134649
0.991289851641
134669
0.991643485638
134689
0.991294290562
134709
0.991380602904
134729
0.999527501578
134749
0.995829387626
134769
0.995797328756
134789
0.995670572917
134809
0.995788944129
134829
0.995809165878
134849
0.996285610006
134869
0.995496468592
134889
0.994522372159
134909
0.983866497001
134929
0.97620541351
134949
0.968352470013
134969
0.962849688289
134989
0.957687223801
135009
0.94746241714
135029
0.939205038668
135049
0.930660116793
135069
0.921233329388
135089
0.91331330887
135109
0.916026968908
135129
0.916911793718
135149
0.917733980429
135169
0.916682942708
135189
0.912974471275
135209
0.912239583333
135229
0.911281762942
135249
0.913827730429
135269
0.912949810606
135289
0.914343138415
135309
0.910562164615
135329
0.913859789299
135349
0.912641552241
135369
0.908991279987
135389
0.908803365688
135409
0.908690419823
135429
0.909314827967
135449
0.905066287879
135469
0.903379498106
135489
0.900943517203
135509
0.898320115215
135529
0.897249842172
135549
0.893769728535
135569
0.900858684501
135589
0.901450047348
135609
0.910547368213
135629
0.910693852588
135649
0.914060527146
135669
0.923974609375
135689
0.932639382102
135709
0.938946594855
135729
0.939682962437
135749
0.935300761521
135769
0.929766414141
135789
0.932136797664
135809
0.926772115688
135829
0.924707524463
135849
0.925021208176
135869
0.919147529987
135889
0.914674577809
135909
0.911945628157
135929
0.913641788984
135949
0.92633068971
135969
0.925188900726
135989
0.929372336648
136009
0.925992838542
136029
0.913344381313
136049
0.91106425584
136069
0.915557429766
136089
0.911986071654
136109
0.909000651042
136129
0.904922762784
136149
0.90309442077
136169
0.895818536932
136189
0.887289891098
136209
0.890513040562
136229
0.90328677399
136249
0.908974017519
136269
0.90029444839
136289
0.908207070707
136309
0.914905894886
136329
0.916315991951
136349
0.923258463542
136369
0.93150647096
136389
0.93534712358
136409
0.947793363321
136429
0.940616122159
136449
0.949209378946
136469
0.949549696181
136489
0.951362255366
136509
0.953788372001
136529
0.959778941761
136549
0.959814946338
136569
0.9609375
136589
0.961865727588
136609
0.946195351957
136629
0.946900647096
136649
0.938990490846
136669
0.93551037721
136689
0.932386363636
136709
0.924861407039
136729
0.921070568971
136749
0.90940557923
136769
0.906567629419
136789
0.899606908933
136809
0.910571535669
136829
0.915932765152
136849
0.91559294113
136869
0.912256845802
136889
0.912899502841
136909
0.917748283617
136929
0.911426767677
136949
0.912917751736
136969
0.905999447601
136989
0.909421362058
137009
0.905350872001
137029
0.904780224116
137049
0.904049281881
137069
0.903829308712
137089
0.907105725221
137109
0.906691919192
137129
0.902078894413
137149
0.906241615372
137169
0.916313525884
137189
0.909317294034
137209
0.909329131155
137229
0.911873619003
137249
0.903505267519
137269
0.897749960543
137289
0.896041469381
137309
0.891137448706
137329
0.896169704861
137349
0.9061873619
137369
0.892224984217
137389
0.887872869318
137409
0.88583836411
137429
0.883283025568
137449
0.887319483902
137469
0.895203006629
137489
0.887936000631
137509
0.885529119318
137529
0.869667376894
137549
0.850189393939
137569
0.852846827652
137589
0.857021878946
137609
0.864535491635
137629
0.859059836648
137649
0.864295296717
137669
0.870124585701
137689
0.87073666351
137709
0.887873362532
137729
0.900982974274
137749
0.915204288984
137769
0.923778310448
137789
0.918483664773
137809
0.92005306976
137829
0.922078203914
137849
0.916850142045
137869
0.918385022096
137889
0.916903409091
137909
0.917071101641
137929
0.914985795455
137949
0.905657157513
137969
0.911569799558
137989
0.907833708176
138009
0.902025134154
138029
0.909100280145
138049
0.908128156566
138069
0.912444760101
138089
0.911984592014
138109
0.900894195865
138129
0.907611762153
138149
0.910782137784
138169
0.904702789615
138189
0.90745245423
138209
0.907914101957
138229
0.915229442866
138249
0.914389993687
138269
0.909047999527
138289
0.915607244318
138309
0.921892262468
138329
0.924199514678
138349
0.923326526989
138369
0.926970387468
138389
0.91842645202
138409
0.926673966225
138429
0.92265477036
138449
0.921107559975
138469
0.916905381944
138489
0.912923670297
138509
0.916106376263
138529
0.916039792456
138549
0.910335779672
138569
0.911598899148
138589
0.914884686711
138609
0.911101246843
138629
0.915069148516
138649
0.914142893782
138669
0.915051886048
138689
0.920033341225
138709
0.917211667456
138729
0.914219341856
138749
0.912766335227
138769
0.917597853535
138789
0.918016591698
138809
0.910108901515
138829
0.90631707702
138849
0.900539575442
138869
0.908440360638
138889
0.91247090041
138909
0.900228357797
138929
0.897127525253
138949
0.899390388258
138969
0.898842428188
138989
0.906309185606
139009
0.907473169192
139029
0.916362847222
139049
0.914858546402
139069
0.92024690262
139089
0.914280500316
139109
0.912853633996
139129
0.907870205966
139149
0.90481721512
139169
0.903929924242
139189
0.898407907197
139209
0.89655293166
139229
0.890899226641
139249
0.895189196654
139269
0.890804529672
139289
0.892374921086
139309
0.890661991004
139329
0.896751203441
139349
0.891338679766
139369
0.890212673611
139389
0.892888356218
139409
0.88883660827
139429
0.896334931345
139449
0.900112945865
139469
0.900543521149
139489
0.901154612532
139509
0.91038362137
139529
0.920202020202
139549
0.9216796875
139569
0.915426235006
139589
0.912851661143
139609
0.909626045612
139629
0.901734631471
139649
0.897516670612
139669
0.889558179451
139689
0.893806226326
139709
0.881297348485
139729
0.861274364741
139749
0.85465248185
139769
0.860914318971
139789
0.853174321338
139809
0.863551530934
139829
0.861427754104
139849
0.862764855587
139869
0.864310093119
139889
0.871658972538
139909
0.888465711806
139929
0.904311671402
139949
0.918909307923
139969
0.92262419113
139989
0.926091974432
140009
0.934232954545
140029
0.953417475537
140049
0.963627979009
140069
0.974170908302
140089
0.974444148516
140109
0.97398989899
140129
0.96582327178
140149
0.965293560606
140169
0.968708570076
140189
0.979465553977
140209
0.991476286301
140229
0.991529060133
140249
0.987260298295
140269
0.984702493687
140289
0.983540976168
140309
0.980573311237
140329
0.968413135259
140349
0.954654454703
140369
0.940918461963
140389
0.934665502683
140409
0.92971659959
140429
0.921135179924
140449
0.904716106376
140469
0.886806541982
140489
0.886467704388
140509
0.88515181108
140529
0.882661083491
140549
0.897603476168
140569
0.902566189236
140589
0.901925998264
140609
0.904373816288
140629
0.90276347459
140649
0.912059560448
140669
0.921469578598
140689
0.931158755524
140709
0.906545434817
140729
0.920877229324
140749
0.906396484375
140769
0.914068911774
140789
0.910939472854
140809
0.901888020833
140829
0.890048926768
140849
0.895361821338
140869
0.903830295139
140889
0.905078125
140909
0.918153705019
140929
0.929338304924
140949
0.947597557607
140969
0.956195746528
140989
0.964687401357
141009
0.972831340751
141029
0.99238429214
141049
1.0
141069
1.0
141089
0.587012211963
141109
0.285361426768
141129
0.133120758365
141149
0.127356573548
141169
0.127794547033
141189
0.123022214331
141209
0.127221433081
141229
0.113649680398
141249
0.100089764836
141269
0.11669773911
141289
0.0995284880051
141309
0.108066504893
141329
1.0
141349
1.0
141369
1.0
141389
1.0
141409
1.0
141429
1.0
141449
1.0
141469
1.0
