112510
0.269327180799
112530
0.263873659844
112550
0.268256578947
112570
0.260745614035
112590
0.205007309942
112610
0.217974841618
112630
0.276190911306
112650
0.274282711988
112670
0.275639619883
112690
0.23729288499
112710
0.27704830653
112730
0.276976730019
112750
0.228339729532
112770
0.239254385965
112790
0.258071393762
112810
0.264211744639
112830
0.264458455166
112850
0.236963937622
112870
0.257392178363
112890
0.262748233431
112910
0.263617811891
112930
0.271613060429
112950
0.272309027778
112970
0.262885294834
112990
0.269610441033
113010
0.266783930312
113030
0.264584856238
113050
0.250674646686
113070
0.369526681287
113090
0.367534722222
113110
0.372022721735
113130
0.374995431287
113150
0.210843079922
113170
0.208805433723
113190
0.205284478558
113210
0.211957846004
113230
0.217379385965
113250
0.214651864035
113270
0.215745309454
113290
0.217932200292
113310
0.183596795809
113330
0.180779422515
113350
0.195962780214
113370
0.178108248051
113390
0.182448525828
113410
0.185019188596
113430
0.371879568713
113450
0.366095577485
113470
0.377989461501
113490
0.354580896686
113510
0.209888218811
113530
0.202145772417
113550
0.209702424464
113570
0.215015838207
113590
0.214190423977
113610
0.214431042885
113630
0.217831688596
113650
0.201900584795
113670
0.209192251462
113690
0.214912280702
113710
0.213495979532
113730
0.215692007797
113750
0.216939266569
113770
0.179329617446
113790
0.189834612573
113810
0.185203460039
113830
0.194106359649
113850
0.177100085283
113870
0.185386208577
113890
0.181096186647
113910
0.184332358674
113930
0.187710160819
113950
0.191756518031
113970
0.189330531189
113990
0.185794346979
114010
0.184324744152
114030
0.182518579435
114050
0.194415509259
114070
0.171133345517
114090
0.189201084308
114110
0.181974902534
114130
0.180611903021
114150
0.18934119152
114170
0.194901315789
114190
0.186531432749
114210
0.187923367446
114230
0.271725755361
114250
0.270731298733
114270
0.18819292154
114290
0.259997867934
114310
0.252101608187
114330
0.214187378168
114350
0.213972648635
114370
0.205398696394
114390
0.193708881579
114410
0.196338937622
114430
0.239254385965
114450
0.203365618908
114470
0.193920565302
114490
0.342817982456
114510
0.354463633041
114530
0.192242324561
114550
0.188535575049
114570
0.174549220273
114590
0.275695967349
114610
0.183446028265
114630
0.189277229532
114650
0.264306164717
114670
0.259253167641
114690
0.200127923977
114710
0.271006944444
114730
0.25576419347
114750
0.203131091618
114770
0.258660757797
114790
0.209467897173
114810
0.218765229045
114830
0.209661306043
114850
0.195978009259
114870
0.201728496589
114890
0.209207480507
114910
0.198145102339
114930
0.192766203704
114950
0.212346186647
114970
0.260110562865
114990
0.194237329435
115010
0.203425012183
115030
0.350569566277
115050
0.192356542398
115070
0.190591496101
115090
0.256542397661
115110
0.198877619396
115130
0.19995583577
115150
0.35465704191
115170
0.200531493665
115190
0.341055981969
115210
0.355624086257
115230
0.193180433723
115250
0.192668737817
115270
0.354791057505
115290
0.195847039474
115310
0.194321089181
115330
0.17631122076
115350
0.192243847466
115370
0.185731907895
115390
0.180700231481
115410
0.169567799708
115430
0.218358613548
115450
0.224526376706
115470
0.22318622076
115490
0.220243969298
115510
0.219202302632
115530
0.224984770955
115550
0.211539047271
115570
0.225607638889
115590
0.226941703216
115610
0.216423001949
115630
0.219983552632
115650
0.225083759747
115670
0.22394005848
115690
0.234777046784
115710
0.244841922515
115730
0.300848257797
115750
0.24293829191
115770
0.240029544347
115790
0.226579251949
115810
0.234091739766
115830
0.231246954191
115850
0.226259442008
115870
0.242781432749
115890
0.258659234893
115910
0.288221856725
115930
0.238806652047
115950
0.242728131092
115970
0.229093567251
115990
0.30051626462
116010
0.245222648635
116030
0.240024975634
116050
0.236668494152
116070
0.236537524366
116090
0.240341739766
116110
0.237324865984
116130
0.254037219786
116150
0.24109710039
116170
0.231822612086
116190
0.238227948343
116210
0.230260112086
116230
0.279073769493
116250
0.289443226121
116270
0.28385873538
116290
0.274590338694
116310
0.303418920565
116330
0.230260112086
116350
0.279073769493
116370
0.289443226121
116390
0.28385873538
116410
0.274590338694
116430
0.303418920565
116450
0.287568530702
116470
0.18670504386
116490
0.185669468811
116510
0.283188657407
116530
0.290915874756
116550
0.261502497563
116570
0.263262975146
116590
0.247261817739
116610
0.22130086501
116630
0.275363974172
116650
0.295720638402
116670
0.291077302632
116690
0.191477826511
116710
0.280185489766
116730
0.292630665205
116750
0.251829008285
116770
0.27312835039
116790
0.273273026316
116810
0.294988121345
116830
0.254006761696
116850
0.262276133041
116870
0.291951449805
116890
0.272315119396
116910
0.265739217836
116930
0.247240497076
116950
0.150204069201
116970
0.286603009259
116990
0.303252923977
117010
0.202214303119
117030
0.275921357212
117050
0.298714668616
117070
0.182882553606
117090
0.19153874269
117110
0.298714668616
117130
0.182882553606
117150
0.19153874269
117170
0.204713389376
117190
0.181516508285
117210
0.191948403996
117230
0.200680738304
117250
0.182526193957
117270
0.16622959308
117290
0.188439632066
117310
0.17912707115
117330
0.16425286306
117350
0.158873964425
117370
0.163479227583
117390
0.173052205166
117410
0.159742019981
117430
0.158685124269
117450
0.170685611598
117470
0.215979836745
117490
0.242184454191
117510
0.270391691033
117530
0.170767848441
117550
0.310208028752
117570
0.253057992203
117590
0.213142665692
117610
0.233545017057
117630
0.264758467349
117650
0.173929398148
117670
0.318973866959
117690
0.27131457115
117710
0.218536793372
117730
0.172342531676
117750
0.293876401072
117770
0.236106542398
117790
0.214702119883
117810
0.277467105263
117830
0.21842714425
117850
0.188026924951
117870
0.201824439571
117890
0.192435733431
117910
0.215370674951
117930
0.220233308967
117950
0.21975207115
117970
0.220215034113
117990
0.161461379142
118010
0.175417275828
118030
0.131341374269
118050
0.128587962963
118070
0.128932139376
118090
0.218245918616
118110
0.223119212963
118130
0.215481846979
118150
0.165976790936
118170
0.165286915205
118190
0.12858339425
118210
0.129026559454
118230
0.124124329922
118250
0.128057992203
118270
0.160137975146
118290
0.169508406433
118310
0.133280031676
118330
0.127812804581
118350
0.125514741715
118370
0.127907224659
118390
0.127524975634
118410
0.128674768519
118430
0.134195297271
118450
0.138715277778
118470
0.144742933723
118490
0.144182504873
118510
0.141646868908
118530
0.13840003655
118550
0.136598440546
118570
0.220729775828
118590
0.219153569688
118610
0.225185794347
118630
0.200310672515
118650
0.206775402047
118670
0.20135538499
118690
0.21171875
118710
0.207705896686
118730
0.170560733431
118750
0.175004568713
118770
0.177412280702
118790
0.172053179825
118810
0.17342379386
118830
0.16690880848
118850
0.15840338694
118870
0.230925621345
118890
0.186389802632
118910
0.219558662281
118930
0.221281067251
118950
0.196626766569
118970
0.197443043372
118990
0.199728923002
119010
0.211907590156
119030
0.198792336745
119050
0.202023940058
119070
0.199981725146
119090
0.211948708577
119110
0.204993603801
119130
0.172459795322
119150
0.176987390351
119170
0.174515716374
119190
0.213893457602
119210
0.185291788499
119230
0.169873903509
119250
0.178968689084
119270
0.174980202242
119290
0.172831384016
119310
0.174110623782
119330
0.168597709552
119350
0.180882980019
119370
0.17691581384
119390
0.171655701754
119410
0.172528326023
119430
0.170676474172
119450
0.146310002437
119470
0.228193530702
119490
0.171527777778
119510
0.164251340156
119530
0.184170930799
119550
0.172848135965
119570
0.171797331871
119590
0.167505787037
119610
0.225549768519
119630
0.21789412768
119650
0.230505299708
119670
0.171116593567
119690
0.161065423977
119710
0.188214242203
119730
0.171859770955
119750
0.180363669591
119770
0.176742202729
119790
0.172977582846
119810
0.176864035088
119830
0.17172880117
119850
0.171460769981
119870
0.217552997076
119890
0.233608979045
119910
0.198405519006
119930
0.152084856238
119950
0.154433174951
119970
0.130028630604
119990
0.109324744152
120010
0.225785818713
120030
0.215593019006
120050
0.18579130117
120070
0.144353070175
120090
0.132736354776
120110
0.135410575049
120130
0.164016812865
120150
0.143885538499
120170
0.108222161306
120190
0.192251461988
120210
0.189589424951
120230
0.202106176901
120250
0.219546479045
120270
0.2300271077
120290
0.324419773392
120310
0.215465095029
120330
0.18385873538
120350
0.206624634503
120370
0.21776163499
120390
0.230069749025
120410
0.325878715887
120430
0.216767178363
120450
0.209572977583
120470
0.120525706628
120490
0.130231176901
120510
0.139610745614
120530
0.283444505361
120550
0.110013096979
120570
0.110916179337
120590
0.216723014133
120610
0.217316946881
120630
0.215830592105
120650
0.130849476121
120670
0.103316885965
120690
0.279739278752
120710
0.109353679337
120730
0.110369456628
120750
0.125491898148
120770
0.126669103314
120790
0.28419834308
120810
0.10989126462
120830
0.110448647661
120850
0.120537889864
120870
0.108392726608
120890
0.110011574074
120910
0.116426047758
120930
0.118865740741
120950
0.117737268519
120970
0.11054002193
120990
0.108738425926
121010
0.109393274854
121030
0.109933905945
121050
0.145478496589
121070
0.142508832846
121090
0.141975816277
121110
0.141104714912
121130
0.144281493665
121150
0.0976029483431
121170
0.0977354410331
121190
0.0938718323587
121210
0.117977887427
121230
0.129102704678
121250
0.10300621345
121270
0.0913773148148
121290
0.0850542153996
121310
0.0866867690058
121330
0.0884457236842
121350
0.100201023392
121370
0.148277595029
121390
0.135841557018
121410
0.139598562378
121430
0.142045869883
121450
0.0958942495127
121470
0.0949150219298
121490
0.0912585282651
121510
0.113380238791
121530
0.140247319688
121550
0.103322977583
121570
0.0881944444444
121590
0.0897371466862
121610
0.0862771076998
121630
0.090577789961
121650
0.100150767544
121670
0.119107882554
121690
0.0832404361598
121710
0.0889863547758
121730
0.091771747076
121750
0.0916468689084
121770
0.0941170199805
121790
0.109874512671
121810
0.0886695906433
121830
0.0824728923002
121850
0.09140625
121870
0.100239096004
121890
0.0847831384016
121910
0.0807976973684
121930
0.0801169590643
121950
0.0804306773879
121970
0.0862771076998
121990
0.090577789961
122010
0.100150767544
122030
0.119107882554
122050
0.0832404361598
122070
0.0889863547758
122090
0.091771747076
122110
0.0916468689084
122130
0.0941170199805
122150
0.109874512671
122170
0.0886695906433
122190
0.0881350511696
122210
0.0902366593567
122230
0.0927555433723
122250
0.0928514863548
122270
0.103207236842
122290
0.0976334064327
122310
0.0888736598441
122330
0.0867004751462
122350
0.0961592348928
122370
0.0914169103314
122390
0.0819063718324
122410
0.0785026803119
122430
0.0819231237817
122450
0.0827272173489
122470
0.0813063474659
122490
0.084195297271
122510
0.081527168616
122530
0.135456262183
122550
0.140134624756
122570
0.120758711014
122590
0.126034052144
122610
0.0951404117934
122630
0.0960754751462
122650
0.0956444931774
122670
0.128131091618
122690
0.132976973684
122710
0.137774122807
122730
0.126334064327
122750
0.131801291423
122770
0.117457054094
122790
0.0819231237817
122810
0.0827272173489
122830
0.0813063474659
122850
0.084195297271
122870
0.081527168616
122890
0.135456262183
122910
0.140134624756
122930
0.120758711014
122950
0.126034052144
122970
0.0951404117934
122990
0.0960754751462
123010
0.0956444931774
123030
0.128131091618
123050
0.132976973684
123070
0.152369639376
123090
0.136673062865
123110
0.126691946881
123130
0.12156585039
123150
0.0985593323587
123170
0.0946104410331
123190
0.130474841618
123210
0.132521625244
123230
0.129149914717
123250
0.122503959552
123270
0.126020346004
123290
0.127923976608
123310
0.118483491715
123330
0.12595790692
123350
0.126780275341
123370
0.106866776316
123390
0.0824622319688
123410
0.128131091618
123430
0.132976973684
123450
0.137774122807
123470
0.126334064327
123490
0.131801291423
123510
0.117457054094
123530
0.122191764133
123550
0.13092714425
123570
0.107271868908
123590
0.0795565302144
123610
0.0943850511696
123630
0.104550438596
123650
0.196658747563
123670
0.188945236355
123690
0.102349841618
123710
0.190501644737
123730
0.200564997563
123750
0.194159661306
123770
0.18414047271
123790
0.118655579922
123810
0.11311829922
123830
0.192740314327
123850
0.162815241228
123870
0.0824622319688
123890
0.0937073586745
123910
0.0985303971735
123930
0.195734344542
123950
0.189758467349
123970
0.10255086501
123990
0.192787524366
124010
0.211992872807
124030
0.194430738304
124050
0.189758467349
124070
0.10255086501
124090
0.192787524366
124110
0.211992872807
124130
0.190084368908
124150
0.196608491715
124170
0.198665935673
124190
0.186526864035
124210
0.118571820175
124230
0.112207602339
124250
0.110704495614
124270
0.167706810429
124290
0.125799524854
124310
0.139840704191
124330
0.110401437622
124350
0.0883528265107
124370
0.122423245614
124390
0.112793920565
124410
0.105895163255
124430
0.163262975146
124450
0.135975572612
124470
0.137844176413
124490
0.110267422027
124510
0.128612329435
124530
0.117111354776
124550
0.126326449805
124570
0.10894706384
124590
0.115349354288
124610
0.0778051900585
124630
0.072246588694
124650
0.0932748538012
124670
0.0913453338207
124690
0.0896564327485
124710
0.0999162402534
124730
0.111848196881
124750
0.0772797880117
124770
0.0718262670565
124790
0.072514619883
124810
0.0750076145224
124830
0.0966237207602
124850
0.0858065302144
124870
0.107512487817
124890
0.0892056530214
124910
0.0864674707602
124930
0.198312621832
124950
0.228211805556
124970
0.163867568226
124990
0.129937256335
125010
0.221448586745
125030
0.272217653509
125050
0.0805646929825
125070
0.115474232456
125090
0.107786610624
125110
0.17651833577
125130
0.180185489766
125150
0.108072916667
125170
0.108115557992
125190
0.201643213938
125210
0.175554337232
125230
0.112850268031
125250
0.242449439571
125270
0.236726364522
125290
0.111377619396
125310
0.118279422515
125330
0.109237938596
125350
0.190943287037
125370
0.108543494152
125390
0.107608430799
125410
0.107888645224
125430
0.0997213084795
125450
0.100683784113
125470
0.111377619396
125490
0.118279422515
125510
0.109237938596
125530
0.190943287037
125550
0.108543494152
125570
0.107608430799
125590
0.107888645224
125610
0.193887061404
125630
0.108174951267
125650
0.108989705166
125670
0.103965643275
125690
0.0984024731969
125710
0.108051596004
125730
0.101501583821
125750
0.0955348440546
125770
0.100497989766
125790
0.10454130117
125810
0.102302631579
125830
0.106994700292
125850
0.108382066277
125870
0.103406737329
125890
0.099401498538
125910
0.098295869883
125930
0.0960419712476
125950
0.0926276193957
125970
0.0900721856725
125990
0.0971262792398
126010
0.200644188596
126030
0.198976608187
126050
0.18828125
126070
0.15409661306
126090
0.170604897661
126110
0.184448099415
126130
0.170843993665
126150
0.190634137427
126170
0.166581384016
126190
0.17844785575
126210
0.117449439571
126230
0.135983187135
126250
0.123720760234
126270
0.11724537037
126290
0.142895650585
126310
0.0926276193957
126330
0.0900721856725
126350
0.0971262792398
126370
0.200644188596
126390
0.198976608187
126410
0.18828125
126430
0.15409661306
126450
0.170604897661
126470
0.184448099415
126490
0.199479166667
126510
0.193733248051
126530
0.171798854776
126550
0.164377741228
126570
0.18724872076
126590
0.189828520955
126610
0.188683296784
126630
0.172910575049
126650
0.189449317739
126670
0.17208211501
126690
0.185355750487
126710
0.185707541423
126730
0.176690423977
126750
0.193507858187
126770
0.167147904483
126790
0.175354836745
126810
0.126970638402
126830
0.117546905458
126850
0.118504812378
126870
0.109804459064
126890
0.128927570663
126910
0.0943576388889
126930
0.189449317739
126950
0.156004812378
126970
0.104186464425
126990
0.120422149123
127010
0.115472709552
127030
0.126408686647
127050
0.0941139741715
127070
0.0929748416179
127090
0.0911214668616
127110
0.101286854288
127130
0.110913133528
127150
0.151931042885
127170
0.133371405945
127190
0.129098135965
127210
0.126655397173
127230
0.127607212476
127250
0.0996999878168
127270
0.0915813840156
127290
0.0978283382066
127310
0.107079982943
127330
0.146329800195
127350
0.133016569201
127370
0.130097161306
127390
0.124756335283
127410
0.127380299708
127430
0.125761452242
127450
0.121457724172
127470
0.111162889864
127490
0.108334856238
127510
0.130223562378
127530
0.130834247076
127550
0.127933114035
127570
0.125936586257
127590
0.121910026803
127610
0.134132858187
127630
0.110913133528
127650
0.104707297758
127670
0.0695434332359
127690
0.0719359161793
127710
0.0718917519493
127730
0.0677281310916
127750
0.14186464425
127770
0.146750121832
127790
0.11472496345
127810
0.104914412768
127830
0.114802631579
127850
0.0700048732943
127870
0.0692251461988
127890
0.0719724658869
127910
0.142930677388
127930
0.138625426413
127950
0.139287889864
127970
0.0676733065302
127990
0.0737238060429
128010
0.154719480994
128030
0.145481542398
128050
0.141800682261
128070
0.138077180799
128090
0.131901803119
128110
0.132836866472
128130
0.140615862573
128150
0.148244091131
128170
0.132774427388
128190
0.133045504386
128210
0.131878959552
128230
0.110585709064
128250
0.103249878168
128270
0.0989111232943
128290
0.0984496832359
128310
0.133959247076
128330
0.133031798246
128350
0.110450170565
128370
0.0960922270955
128390
0.0981055068226
128410
0.11251370614
128430
0.0990238182261
128450
0.100695967349
128470
0.0990664595517
128490
0.0454404239766
128510
0.0465460526316
128530
0.0453490497076
128550
0.155161123294
128570
0.158066825049
128590
0.0509304946394
128610
0.0539747807018
128630
0.0451784844055
128650
0.0462490862573
128670
0.15417123538
128690
0.159585160819
128710
0.0555037768031
128730
0.0545656676413
128750
0.0564967105263
128770
0.0554519980507
128790
0.158066825049
128810
0.0509304946394
128830
0.0539747807018
128850
0.0546859770955
128870
0.0570693226121
128890
0.0539747807018
128910
0.0546859770955
128930
0.0570693226121
128950
0.0933114035088
128970
0.179489522417
128990
0.123327850877
129010
0.142632188109
129030
0.197765899123
129050
0.0621436403509
129070
0.0608704922027
129090
0.0710267422027
129110
0.127194505361
129130
0.149191337719
129150
0.120074926901
129170
0.144318043372
129190
0.192358065302
129210
0.0608857212476
129230
0.0609253167641
129250
0.0596293250487
129270
0.164368603801
129290
0.190134624756
129310
0.0600024366472
129330
0.0605308845029
129350
0.160771503411
129370
0.166276803119
129390
0.186481176901
129410
0.219911976121
129430
0.204851973684
129450
0.0580820540936
129470
0.161947185673
129490
0.185803484405
129510
0.218344907407
129530
0.202060489766
129550
0.0592912402534
129570
0.0592485989279
129590
0.19662372076
129610
0.209726790936
129630
0.0591602704678
129650
0.0574393884016
129670
0.0612390350877
129690
0.0587673611111
129710
0.0592562134503
129730
0.062131457115
129750
0.0740527534113
129770
0.0437286793372
129790
0.0544057626706
129810
0.07270041423
129830
0.0433723196881
129850
0.0483446028265
129870
0.0482623659844
129890
0.0471750121832
129910
0.0552555433723
129930
0.120847039474
129950
0.120534844055
129970
0.123521259747
129990
0.1238791423
130010
0.12413042154
130030
0.0582937378168
130050
0.0556728192008
130070
0.142817982456
130090
0.141092531676
130110
0.0537372076023
130130
0.0538255360624
130150
0.0582510964912
130170
0.122379081384
130190
0.124471552144
130210
0.126180250975
130230
0.125065484893
130250
0.0555677387914
130270
0.0590490984405
130290
0.140618908382
130310
0.138992446394
130330
0.0545382553606
130350
0.0544971369396
130370
0.0584475511696
130390
0.0567784478558
130410
0.0566368177388
130430
0.140564083821
130450
0.142137244152
130470
0.0572947124756
130490
0.142274305556
130510
0.138189875731
130530
0.0526528996101
130550
0.056114461501
130570
0.0565865618908
130590
0.0578064083821
130610
0.054407285575
130630
0.0570449561404
130650
0.0561769005848
130670
0.055840338694
130690
0.0544712475634
130710
0.093655579922
130730
0.072426291423
130750
0.049498964425
130770
0.0481816520468
130790
0.0488182261209
130810
0.0697216130604
130830
0.0843765229045
130850
0.0824698464912
130870
0.077942251462
130890
0.0772721734893
130910
0.0698937012671
130930
0.0505604288499
130950
0.0506746466862
130970
0.0484496832359
130990
0.0465171174464
131010
0.0496451632554
131030
0.0664458455166
131050
0.0492476851852
131070
0.08363791423
131090
0.0804093567251
131110
0.0816977339181
131130
0.0485928362573
131150
0.0857349537037
131170
0.0854791057505
131190
0.0799128898635
131210
0.0831033747563
131230
0.0767102217349
131250
0.0774000974659
131270
0.0689114278752
131290
0.0679352461014
131310
0.0585389254386
131330
0.0633954678363
131350
0.0680083455166
131370
0.0703444809942
131390
0.0520711500975
131410
0.049675621345
131430
0.0511010599415
131450
0.112303545322
131470
0.148589790448
131490
0.0602780823587
131510
0.0805768762183
131530
0.0721658747563
131550
0.051329495614
131570
0.0500274122807
131590
0.0717821028265
131610
0.0506335282651
131630
0.0506411427875
131650
0.0499071028265
131670
0.11176291423
131690
0.0506411427875
131710
0.0499071028265
131730
0.11176291423
131750
0.151305129142
131770
0.13673245614
131790
0.112256335283
131810
0.0504507797271
131830
0.144281493665
131850
0.144947002924
131870
0.119464242203
131890
0.117808845029
131910
0.053540752924
131930
0.050778204191
131950
0.1081521077
131970
0.116421479045
131990
0.145850085283
132010
0.112414717349
132030
0.0524564449318
132050
0.0486811647173
132070
0.108820662768
132090
0.146564327485
132110
0.141870735867
132130
0.115459003411
132150
0.105124573587
132170
0.138004081384
132190
0.10412707115
132210
0.107242933723
132230
0.118491106238
132250
0.0537113182261
132270
0.0982456140351
132290
0.110020711501
132310
0.119113974172
132330
0.0536610623782
132350
0.0973684210526
132370
0.103615375244
132390
0.0994106359649
132410
0.0538072612086
132430
0.0958059210526
132450
0.102416849415
132470
0.104040265595
132490
0.106883528265
132510
0.100296966374
132530
0.102591983431
132550
0.0556088572125
132570
0.0532559697856
132590
0.0670687134503
132610
0.0632249025341
132630
0.0662783260234
132650
0.0666285940546
132670
0.0566946881092
132690
0.053720455653
132710
0.0644858674464
132730
0.0649229410331
132750
0.0682611476608
132770
0.0638264498051
132790
0.0633177997076
132810
0.0680540326511
132830
0.0682916057505
132850
0.0733110989279
132870
0.0714790448343
132890
0.0772066885965
132910
0.121567373294
132930
0.174211135478
132950
0.0594420077973
132970
0.0573449683236
132990
0.0568439327485
133010
0.0952272173489
133030
0.0939007675439
133050
0.0970044468811
133070
0.0934393274854
133090
0.125997502437
133110
0.120752619396
133130
0.110008528265
133150
0.0560428849903
133170
0.056246954191
133190
0.0574546174464
133210
0.054867202729
133230
0.0607273391813
133250
0.0596871954191
133270
0.053405214425
133290
0.0935520224172
133310
0.0966054459064
133330
0.0959643031189
133350
0.0918798732943
133370
0.127986415692
133390
0.0935520224172
133410
0.0966054459064
133430
0.0959643031189
133450
0.0918798732943
133470
0.127986415692
133490
0.129574805068
133510
0.0600405092593
133530
0.0574896442495
133550
0.0594800804094
133570
0.0596232334308
133590
0.123376583821
133610
0.133613547758
133630
0.0580972831384
133650
0.0565652412281
133670
0.061164412768
133690
0.0580972831384
133710
0.0565652412281
133730
0.061164412768
133750
0.0581323099415
133770
0.141179337232
133790
0.144432261209
133810
0.125994456628
133830
0.124806591131
133850
0.156320053606
133870
0.132480506823
133890
0.0808357699805
133910
0.14623994883
133930
0.143104288499
133950
0.119167275828
133970
0.137682748538
133990
0.134170930799
134010
0.12827119883
134030
0.121136391326
134050
0.149482212476
134070
0.133881578947
134090
0.151507675439
134110
0.133104897661
134130
0.0801489400585
134150
0.0818378411306
134170
0.0773681164717
134190
0.0663849293372
134210
0.0806301778752
134230
0.0798656798246
134250
0.0704434697856
134270
0.0659889741715
134290
0.0619426169591
134310
0.060890289961
134330
0.0642467714425
134350
0.0693500243665
134370
0.0694063718324
134390
0.093019005848
134410
0.0869761208577
134430
0.08446332846
134450
0.0849004020468
134470
0.140886939571
134490
0.143928179825
134510
0.14510538499
134530
0.127768640351
134550
0.124678667154
134570
0.121102887427
134590
0.117160087719
134610
0.110486720273
134630
0.114408199318
134650
0.116716922515
134670
0.093019005848
134690
0.0869761208577
134710
0.08446332846
134730
0.0849004020468
134750
0.140886939571
134770
0.143928179825
134790
0.14510538499
134810
0.127768640351
134830
0.124678667154
134850
0.121102887427
134870
0.117160087719
134890
0.143730202242
134910
0.144749025341
134930
0.127543250487
134950
0.123439022904
134970
0.120655153509
134990
0.112749756335
135010
0.126465034113
135030
0.124590338694
135050
0.122831384016
135070
0.112647721735
135090
0.114903143275
135110
0.112988852339
135130
0.111804032651
135150
0.115666118421
135170
0.113955896686
135190
0.113007127193
135210
0.111108065302
135230
0.119362207602
135250
0.0995126705653
135270
0.0942738791423
135290
0.096692251462
135310
0.099949744152
135330
0.0922590765107
135350
0.0918113425926
135370
0.0928164595517
135390
0.0943287037037
135410
0.0981664230019
135430
0.0966572246589
135450
0.101560977096
135470
0.100805616472
135490
0.0906600268031
135510
0.092644371345
135530
0.0926976730019
135550
0.135990801657
135570
0.130780945419
135590
0.127403143275
135610
0.130171783626
135630
0.0631182992203
135650
0.0638980263158
135670
0.0973425316764
135690
0.166863121345
135710
0.123606542398
135730
0.162436038012
135750
0.174113669591
135770
0.200424890351
135790
0.130391081871
135810
0.127220394737
135830
0.129539778265
135850
0.0601410209552
135870
0.0597861842105
135890
0.0979425560429
135910
0.176187865497
135930
0.123691825049
135950
0.152524975634
135970
0.0597861842105
135990
0.0979425560429
136010
0.176187865497
136030
0.123691825049
136050
0.10305037768
136070
0.151079739279
136090
0.138529483431
136110
0.183120126706
136130
0.178262061404
136150
0.207670869883
136170
0.218340338694
136190
0.223257797271
136210
0.168753045809
136230
0.164986903021
136250
0.135162341618
136270
0.150960952729
136290
0.153944322612
136310
0.178769188596
136330
0.195659722222
136350
0.205392604776
136370
0.17438170078
136390
0.170274427388
136410
0.18191246345
136430
0.0922880116959
136450
0.0691718445419
136470
0.0723075048733
