273465
0.0771751593595
273485
0.0785977339863
273505
0.0785097947761
273525
0.0775755013993
273545
0.0789383162313
273565
0.0785282571517
273585
0.0771265741604
273605
0.0760023126555
273625
0.0767354633085
273645
0.0759683030162
273665
0.076319574005
273685
0.0756248056592
273705
0.0748148903918
273725
0.0760683885261
273745
0.0758327503109
273765
0.0751758784204
273785
0.0766849347015
273805
0.0783737562189
273825
0.0790884444963
273845
0.0783256568719
273865
0.0795159942475
273885
0.0792128226057
273905
0.059473627954
273925
0.0599074937811
273945
0.0600352728545
273965
0.0598171253109
273985
0.060009036847
274005
0.0587215290734
274025
0.0588512515547
274045
0.0586073538557
274065
0.0599381024565
274085
0.0589688277363
274105
0.0589994364117
274125
0.05917725824
274145
0.0595363028607
274165
0.0594206700871
274185
0.0591694846082
274205
0.0594046369714
274225
0.0590266441231
274245
0.0598681397699
274265
0.0594901469216
274285
0.0602859724813
274305
0.0951312772077
274325
0.095800295398
274345
0.0961020094838
274365
0.0952770328047
274385
0.0958649137127
274405
0.0955627137749
274425
0.0957944651741
274445
0.0960087259017
274465
0.0946541705535
274485
0.0941867809391
274505
0.0940828086132
274525
0.0950068990983
274545
0.0950885222326
274565
0.0950656871891
274585
0.0948276197139
274605
0.0955918648943
274625
0.09570069574
274645
0.0962812888682
274665
0.0955845771144
274685
0.0962608830846
274705
0.182899953358
274725
0.181718361318
274745
0.182769259173
274765
0.187753614739
274785
0.193250058302
274805
0.189587706001
274825
0.167063121891
274845
0.166966923197
274865
0.162715232432
274885
0.16179454291
274905
0.162756043999
274925
0.1673585199
274945
0.179927510883
274965
0.217774895056
274985
0.224319807214
275005
0.213998853389
275025
0.178656522077
275045
0.157001613029
275065
0.135964707711
275085
0.141427141636
275105
0.141347461909
275125
0.14969974347
275145
0.15518063977
275165
0.158630674751
275185
0.161561819807
275205
0.162077308769
275225
0.16270502954
275245
0.165629372668
275265
0.16384775342
275285
0.162891596704
275305
0.166067125311
275325
0.166044290267
275345
0.166913479478
275365
0.167364350124
275385
0.165275672419
275405
0.163353641947
275425
0.166747318097
275445
0.168663032494
275465
0.167285642102
275485
0.169139167444
275505
0.167129683613
275525
0.167195759484
275545
0.165953921797
275565
0.167312849813
275585
0.544357314988
275605
0.44969002643
275625
0.266010280628
275645
0.366792988184
275665
0.320299867848
275685
0.402887418377
275705
0.397588230721
275725
0.416304706934
275745
0.404841515081
275765
0.40666248834
275785
0.39970946051
275805
0.398024525808
275825
0.399583624845
275845
0.403234316698
275865
0.400852184391
275885
0.401944379664
275905
0.400382851368
275925
0.400306572606
275945
0.401502254353
275965
0.401330262749
275985
0.168906930193
276005
0.179887185168
276025
0.17919921875
276045
0.18143802472
276065
0.181489525031
276085
0.185643559546
276105
0.183298837842
276125
0.17928715796
276145
0.182118217506
276165
0.175349327581
276185
0.149924692942
276205
0.105308904695
276225
0.151780161692
276245
0.217024253731
276265
0.251681047886
276285
0.308456253887
276305
0.304917307991
276325
0.231610502177
276345
0.209708294465
276365
0.192754975124
276385
0.169744539024
276405
0.15012194885
276425
0.174416005908
276445
0.177997220927
276465
0.184140819341
276485
0.192177297108
276505
0.196270600124
276525
0.19620841107
276545
0.198978253265
276565
0.197023670709
276585
0.194317960976
276605
0.195805153918
276625
0.194823732898
276645
0.195276061101
276665
0.195929046175
276685
0.196240477301
276705
0.21143549829
276725
0.210524525808
276745
0.212061275653
276765
0.21445555426
276785
0.213017918221
276805
0.210826725746
276825
0.207683749223
276845
0.213956098414
276865
0.21818592584
276885
0.214562441698
276905
0.213677705224
276925
0.215392762749
276945
0.214744150342
276965
0.214678560323
276985
0.214617828825
277005
0.216264381219
277025
0.214008084577
277045
0.214623659049
277065
0.215140605566
277085
0.21514400653
277105
0.214491021455
277125
0.214276274876
277145
0.202956409359
277165
0.220445623445
277185
0.21413829291
277205
0.222245219216
277225
0.202352981188
277245
0.233497065454
277265
0.236290228545
277285
0.232189151897
277305
0.236441814366
277325
0.23769045398
277345
0.237525750155
277365
0.236944671175
277385
0.238834635417
277405
0.24549080768
277425
0.241619539024
277445
0.238832206157
277465
0.239005655317
277485
0.240406366604
277505
0.241359608209
277525
0.241943602301
277545
0.241587472792
277565
0.239620743937
277585
0.240597306437
277605
0.240824199316
277625
0.241068582867
277645
0.252352495336
277665
0.252661983053
277685
0.254920708955
277705
0.24587900342
277725
0.251163129664
277745
0.251761213464
277765
0.250974619092
277785
0.247404578669
277805
0.249841126399
277825
0.21172846704
277845
0.211774137127
277865
0.210885513837
277885
0.210838872046
277905
0.211374766791
277925
0.211112892568
277945
0.210983655939
277965
0.210697974969
277985
0.210577969527
278005
0.210540073072
278025
0.210610035759
278045
0.210957419932
278065
0.21189705768
278085
0.302897621269
278105
0.295403354322
278125
0.294222733986
278145
0.293401158271
278165
0.29441173041
278185
0.293603758551
278205
0.293621249223
278225
0.29393802472
278245
0.293822391947
278265
0.29325200171
278285
0.293388040267
278305
0.292845343595
278325
0.293134911381
278345
0.294682835821
278365
0.294003128887
278385
0.294391324627
278405
0.135467195274
278425
0.136750330379
278445
0.135227670243
278465
0.135612950871
278485
0.136112406716
278505
0.133539820429
278525
0.13566153607
278545
0.133917327425
278565
0.130741798818
278585
0.131019706157
278605
0.129434856965
278625
0.128061353389
278645
0.130568349658
278665
0.129104963464
278685
0.129622395833
278705
0.129424654073
278725
0.129097675684
278745
0.128279986785
278765
1.0
278785
1.0
278805
1.0
278825
1.0
278845
1.0
278865
0.99715096393
278885
0.996892490672
278905
0.996892490672
278925
0.997161652674
278945
0.997159223414
278965
0.997161166822
278985
0.997328299907
279005
0.997331215019
279025
0.99441173041
279045
0.994591981499
279065
0.994592953203
279085
0.98974366449
279105
0.989685362251
279125
0.988896824471
279145
0.997376399254
279165
0.997380771922
279185
0.994823247046
279205
0.995621987718
279225
0.99562247357
279245
0.994022562966
279265
0.994026935634
279285
0.990267898787
279305
0.992012107432
279325
0.992021338619
279345
0.992555289956
279365
0.992970207556
279385
0.992974580224
279405
0.992509619869
279425
0.992519822761
279445
0.992520308613
279465
0.990635688744
279485
0.990648320896
279505
0.983803152208
279525
0.98487542755
279545
0.984887087998
279565
0.983252681903
279585
0.995634134017
279605
0.995839163557
279625
0.992586870336
279645
0.994336909204
279665
0.994344682836
279685
0.992454232743
279705
0.994969974347
279725
0.995110385572
279745
0.995872687345
279765
0.995929532027
279785
0.996180231654
279805
0.996424129353
279825
0.997418182525
279845
1.0
279865
1.0
279885
0.999168707245
279905
0.996604380442
279925
0.992739427861
279945
0.987894997668
279965
0.984007695896
279985
0.977037663246
280005
0.972698519123
280025
0.968435653762
280045
0.962787138526
280065
0.957497182058
280085
0.95441639459
280105
0.947883628731
280125
0.941029228856
280145
0.939324860075
280165
0.939577017257
280185
0.941141946517
280205
0.942503789646
280225
0.942977009484
280245
0.944031308302
280265
0.945405783582
280285
0.948754275498
280305
0.94611561334
280325
0.948479769123
280345
0.949087084111
280365
0.951639264614
280385
0.953657979633
280405
0.95422108209
280425
0.953056009017
280445
0.947304979011
280465
0.948868936567
280485
0.952072158738
280505
0.951910855877
280525
0.951210257307
280545
0.948957361629
280565
0.953213910914
280585
0.949062305659
280605
0.948325754042
280625
0.947926383706
280645
0.943849599658
280665
0.944569632307
280685
0.946520328047
280705
0.943873406405
280725
0.945309099036
280745
0.945601581934
280765
0.943316134173
280785
0.945443194185
280805
0.945121074316
280825
0.949175023321
280845
0.94658688977
280865
0.9455199588
280885
0.947515838775
280905
0.949779909049
280925
0.951491079757
280945
0.945897951648
280965
0.943319535137
280985
0.940451064988
281005
0.940926714086
281025
0.940850921175
281045
0.938922088775
281065
0.940791647233
281085
0.942754489272
281105
0.940791161381
281125
0.943360346704
281145
0.940051694652
281165
0.937518948228
281185
0.9418211676
281205
0.942225396455
281225
0.946852164956
281245
0.951516829913
281265
0.951385164024
281285
0.951018345771
281305
0.951991993159
281325
0.951185964708
281345
0.947762165734
281365
0.942045631219
281385
0.948289315143
281405
0.947215096393
281425
0.948466165267
281445
0.94833741449
281465
0.9474487912
281485
0.949518520678
281505
0.951661613806
281525
0.953128400964
281545
0.953778956779
281565
0.956461831468
281585
0.958504839086
281605
0.956784923041
281625
0.954655433769
281645
0.953615224658
281665
0.958078261039
281685
0.961671136505
281705
0.96414072217
281725
0.964442922108
281745
0.962611745958
281765
0.96288819574
281785
0.961294601213
281805
0.95713862329
281825
0.959776799596
281845
0.96328367926
281865
0.96543697528
281885
0.96620122046
281905
0.962118606188
281925
0.962875077736
281945
0.956891324627
281965
0.957313044154
281985
0.960001749067
282005
0.960160622668
282025
0.957368431281
282045
0.961402946206
282065
0.963620860541
282085
0.964078047264
282105
0.956029909049
282125
0.95038576648
282145
0.942948344216
282165
0.931997240361
282185
0.931027479789
282205
0.922312266791
282225
0.917598530784
282245
0.915229030628
282265
0.909581001244
282285
0.898757676461
282305
0.895492265236
282325
0.88310546875
282345
0.881534709266
282365
0.888057272233
282385
0.883127817942
282405
0.888644667289
282425
0.894571089863
282445
0.902911225124
282465
0.906918532338
282485
0.910824296486
282505
0.909080573694
282525
0.914819943252
282545
0.91603505908
282565
0.919873289801
282585
0.931833994092
282605
0.94062985852
282625
0.947789373445
282645
0.954810420553
282665
0.962681708644
282685
0.961667249689
282705
0.959697605721
282725
0.966912993626
282745
0.974007890236
282765
0.976993936567
282785
0.984380344372
282805
0.991249319807
282825
0.98984860852
282845
0.986334441076
282865
0.983985832556
282885
0.987746812811
282905
0.987904228856
282925
0.987774020522
282945
0.989166472326
282965
0.992893442942
282985
0.992901216573
283005
0.992909476057
283025
0.99289538635
283045
0.995481090641
