123350
0.0436116536458
123370
0.0431137982537
123390
0.0370988434436
123410
0.0632874731924
123430
0.0764145795037
123450
0.0929563036152
123470
0.0977754480699
123490
0.0561059091605
123510
0.0426633348652
123530
0.0531522863051
123550
0.0524509803922
123570
0.0835674211091
123590
0.0551614200368
123610
0.0461794385723
123630
0.0418983609069
123650
0.0436437270221
123670
0.0829130284926
123690
0.0902817670037
123710
0.0848546645221
123730
0.0680611404718
123750
0.0745088465074
123770
0.122189989277
123790
0.128668811275
123810
0.064115636489
123830
0.0665680530025
123850
0.0690970626532
123870
0.0621103324142
123890
0.0778119255515
123910
0.0700496897978
123930
0.0702196308211
123950
0.0677633846507
123970
0.0741727941176
123990
0.0750507429534
124010
0.0756735409007
124030
0.0736878638174
124050
0.0466021369485
124070
0.0491828469669
124090
0.0487443512561
124110
0.0495346966912
124130
0.0952670228248
124150
0.0994863472733
124170
0.101653933058
124190
0.143471392463
124210
0.0685049019608
124230
0.0780732996324
124250
0.111027018229
124270
0.0672971239277
124290
0.0703268612132
124310
0.0808143765319
124330
0.0797956878064
124350
0.0787358302696
124370
0.0532044653799
124390
0.05298761106
124410
0.053799498315
124430
0.0536937040441
124450
0.0546448950674
124470
0.0775634765625
124490
0.686870500153
124510
1.0
124530
0.983652630974
124550
0.902452416513
124570
0.8956088197
124590
0.902473479626
124610
0.964187442555
124630
0.938249176624
124650
0.916148705576
124670
0.908096852022
124690
0.920851045496
124710
0.885371668199
124730
0.905957509957
124750
0.849558153339
124770
0.853359566483
124790
0.808252910539
124810
0.953798540901
124830
0.900765931373
124850
0.874605066636
124870
0.937784352022
124890
0.919450348499
124910
0.875490674786
124930
0.871659581801
124950
0.923406384038
124970
0.918576708027
124990
0.863487572763
125010
0.93742723652
125030
0.93511651731
125050
0.913353056066
125070
0.967683919271
125090
0.917619293811
125110
0.895619351256
125130
0.898000919118
125150
0.915558938419
125170
0.885698625153
125190
0.890749463848
125210
0.916443110447
125230
0.884057617187
125250
0.891280828738
125270
0.937532073376
125290
0.937686695772
125310
0.903444297641
125330
0.887878657322
125350
0.882706705729
125370
0.834158624387
125390
0.944052542892
125410
0.92322064568
125430
0.894024299173
125450
0.925868374694
125470
0.896953507966
125490
0.854939778646
125510
0.859832165288
125530
0.933891984528
125550
0.931516639859
125570
0.912220435049
125590
0.859667011336
125610
0.857838828891
125630
0.819080786612
125650
0.871279967065
125670
0.905973785999
125690
0.872545189951
125710
0.907209807751
125730
0.861009784773
125750
0.8041958678
125770
0.847542317708
125790
0.897693589154
125810
0.896217256434
125830
0.874434646906
125850
0.901362879136
125870
0.896741440717
125890
0.85937835095
125910
0.908382161458
125930
0.886568435968
125950
0.850217811734
125970
0.858690448836
125990
0.912050494026
126010
0.910931276808
126030
0.873756797641
126050
0.827667834712
126070
0.82561896829
126090
0.79025256587
126110
0.904044596354
126130
0.898172774969
126150
0.857625325521
126170
0.926260435815
126190
0.855759803922
126210
0.812846105239
126230
0.804280120251
126250
0.868412990196
126270
0.860822610294
126290
0.782352941176
126310
0.898655311734
126330
0.893884516697
126350
0.863977768842
126370
0.934855143229
126390
0.929985255821
126410
0.910619159773
126430
0.955194929534
126450
1.0
126470
0.981435259651
126490
0.978462488511
126510
0.977256146599
126530
0.977095301011
126550
0.977092428768
126570
0.977092428768
126590
0.977092428768
126610
0.977092428768
126630
0.977771714154
126650
0.977771714154
126670
0.977438534007
126690
0.979614257812
126710
0.982406077665
126730
1.0
126750
1.0
126770
1.0
126790
0.998898494945
126810
0.998987534467
126830
0.994960650276
126850
0.991353113511
126870
0.986605296415
126890
0.980475930607
126910
0.975380572151
126930
0.971192842371
126950
0.967375631893
126970
0.964108455882
126990
0.961473173254
127010
0.953165211397
127030
0.944358915441
127050
0.938308536305
127070
0.938390395221
127090
0.940567555147
127110
0.944512580423
127130
0.949210133272
127150
0.948571059283
127170
0.94790613511
127190
0.950472483915
127210
0.950505514706
127230
0.949260397518
127250
0.951034007353
127270
0.949192899816
127290
0.954417509191
127310
0.956617647059
127330
0.960374540441
127350
0.956199735754
127370
0.95309196921
127390
0.948866900276
127410
0.94812298943
127430
0.942731789982
127450
0.943375172335
127470
0.942094152114
127490
0.946129653033
127510
0.945948701746
127530
0.948522231158
127550
0.946640912224
127570
0.941031422335
127590
0.936254882813
127610
0.933280675551
127630
0.938232421875
127650
0.939665670956
127670
0.93548224954
127690
0.936434397978
127710
0.934632065717
127730
0.935243853401
127750
0.935298426011
127770
0.933727309283
127790
0.930125517004
127810
0.931367761949
127830
0.932724896599
127850
0.93726160386
127870
0.942198988971
127890
0.944473805147
127910
0.9400390625
127930
0.944380457261
127950
0.942457490809
127970
0.94345703125
127990
0.946283318015
128010
0.94631060432
128030
0.94645134421
128050
0.946248851103
128070
0.947985121783
128090
0.950415039063
128110
0.951955997243
128130
0.951252297794
128150
0.946752929688
128170
0.944499655331
128190
0.945114315257
128210
0.941027113971
128230
0.942618336397
128250
0.943247357537
128270
0.941941923254
128290
0.942569508272
128310
0.943438361673
128330
0.940432559743
128350
0.940790153952
128370
0.942865349265
128390
0.940281767004
128410
0.943487189798
128430
0.945003733915
128450
0.944489602482
128470
0.943974034926
128490
0.941166417739
128510
0.943828986673
128530
0.942497702206
128550
0.944551355699
128570
0.945446059283
128590
0.947960707721
128610
0.945153090533
128630
0.945506376379
128650
0.943492934283
128670
0.943887867647
128690
0.940973977482
128710
0.942194680607
128730
0.944219611673
128750
0.94671271829
128770
0.949863568474
128790
0.948796530331
128810
0.950242704504
128830
0.948965992647
128850
0.94615837546
128870
0.949076573989
128890
0.949264705882
128910
0.950399241728
128930
0.954136029412
128950
0.95236529182
128970
0.956017348346
128990
0.956027401195
129010
0.957618623621
129030
0.954472081801
129050
0.953794232537
129070
0.953133616728
129090
0.955589384191
129110
0.954615693934
129130
0.957006835938
129150
0.95491584329
129170
0.952625229779
129190
0.955076688879
129210
0.953662109375
129230
0.951532341452
129250
0.952190085018
129270
0.949829101562
129290
0.94478113511
129310
0.946326401654
129330
0.941479492188
129350
0.942852424173
129370
0.941468003217
129390
0.942894071691
129410
0.943971162684
129430
0.944548483456
129450
0.944380457261
129470
0.947041590074
129490
0.948137350643
129510
0.944492474724
129530
0.943742819393
129550
0.942578125
129570
0.943129595588
129590
0.94567009421
129610
0.944995117187
129630
0.94341394761
129650
0.943162626379
129670
0.943850528493
129690
0.942196116728
129710
0.939802102482
129730
0.939231962316
129750
0.941215245864
129770
0.940800206801
129790
0.945888384651
129810
0.948605526195
129830
0.95447064568
129850
0.955391199449
129870
0.955126953125
129890
0.957503733915
129910
0.958435776654
129930
0.957275390625
129950
0.957082950368
129970
0.960908777574
129990
0.960205078125
130010
0.960206514246
130030
0.958656939338
130050
0.958799115349
130070
0.955745921415
130090
0.953316004136
130110
0.95042365579
130130
0.951295381434
130150
0.951993336397
130170
0.950367647059
130190
0.951229319853
130210
0.950804227941
130230
0.94945714614
130250
0.950247012868
130270
0.950191004136
130290
0.950894703585
130310
0.94988080193
130330
0.949827665441
130350
0.952085248162
130370
0.955712890625
130390
0.958208869485
130410
0.955679859835
130430
0.958205997243
130450
0.958542049632
130470
0.95894129136
130490
0.957446289062
130510
0.955053710938
130530
0.955724379596
130550
0.953397863051
130570
0.952873678768
130590
0.954991957721
130610
0.952165670956
130630
0.94644129136
130650
0.944460880055
130670
0.94263269761
130690
0.942194680607
130710
0.94016974954
130730
0.943149701287
130750
0.94264275046
130770
0.941021369485
130790
0.945480526195
130810
0.94646283318
130830
0.947034409467
130850
0.945731847426
130870
0.94488884421
130890
0.947765395221
130910
0.951708984375
130930
0.954523782169
130950
0.952147001379
130970
0.95368939568
130990
0.955406996783
131010
0.954090073529
131030
0.952230296415
131050
0.951770737592
131070
0.950094784007
131090
0.949455710018
131110
0.951242244945
131130
0.95279900046
131150
0.959011661305
131170
0.957597081801
131190
0.954595588235
131210
0.954680319393
131230
0.953532379749
131250
0.954843558517
131270
0.958552102482
131290
0.957792394301
131310
0.958330939798
131330
0.955480238971
131350
0.957312729779
131370
0.953751148897
131390
0.952944048713
131410
0.951453354779
131430
0.949639533548
131450
0.946439855239
131470
0.947969324449
131490
0.948315429688
131510
0.951743451287
131530
0.953166647518
131550
0.953524241728
131570
0.952428481158
131590
0.951762120864
131610
0.953519933364
131630
0.950834386489
131650
0.953357651654
131670
0.951737706801
131690
0.952961282169
131710
0.956785673254
131730
0.960941808364
131750
0.94951171875
131770
0.943231560202
131790
0.936135684743
131810
0.923038258272
131830
0.919416360294
131850
0.923117244945
131870
0.92376349954
131890
0.923832433364
131910
0.92595502068
131930
0.930619064032
131950
0.93166551777
131970
0.928316004136
131990
0.924269971661
132010
0.929120232077
132030
0.942548923866
132050
0.951352826287
132070
0.962264476103
132090
0.972422640931
132110
0.969834750306
132130
0.969154028799
132150
0.968832337623
132170
0.970594458487
132190
0.9683660769
132210
0.965407188266
132230
0.964046223958
132250
0.962487074908
132270
0.964628810509
132290
0.96462354473
132310
0.961963369332
132330
0.961734547335
132350
0.959953756893
132370
0.959199314491
132390
0.960562193627
132410
0.95685412837
132430
0.960440123315
132450
0.958912568934
132470
0.95804084329
132490
0.949201995251
132510
0.941808363971
132530
0.929661171109
132550
0.934610523897
132570
0.939283662684
132590
0.940601543352
132610
0.941965379902
132630
0.949044021906
132650
0.951878925398
132670
0.956259095435
132690
0.959043255974
132710
0.959416647518
132730
0.961318072151
132750
0.973058363971
132770
0.975970818015
132790
0.991096047794
132810
0.997136374081
132830
0.997147863051
132850
0.997160788143
132870
1.0
132890
1.0
132910
1.0
132930
1.0
