111322
0.113169849537
111342
0.17591760706
111362
0.115373987269
111382
0.103942780671
111402
0.104505570023
111422
0.10318431713
111442
0.117881221065
111462
0.124385489005
111482
0.106965060764
111502
0.112899667245
111522
0.115810908565
111542
0.10835901331
111562
0.105053891782
111582
0.108208550347
111602
0.109385127315
111622
0.114600694444
111642
0.120105613426
111662
0.117517361111
111682
0.12189416956
111702
0.114485315394
111722
0.108570963542
111742
0.100275607639
111762
0.100444878472
111782
0.100524450231
111802
0.10111328125
111822
0.106998697917
111842
0.10419849537
111862
0.101028284144
111882
0.0995569299769
111902
0.103383608218
111922
0.101776258681
111942
0.0975104890046
111962
0.111268084491
111982
0.1068359375
112002
0.105804759838
112022
0.102044632523
112042
0.097021484375
112062
0.0948524305556
112082
0.109801793981
112102
0.100483579282
112122
0.122381365741
112142
0.146274233218
112162
0.118210720486
112182
0.146599030671
112202
0.115776186343
112222
0.116319444444
112242
0.109280237269
112262
0.109379340278
112282
0.111087239583
112302
0.114096860532
112322
0.101461588542
112342
0.112261646412
112362
0.112604528356
112382
0.113627748843
112402
0.115517578125
112422
0.109034649884
112442
0.106661603009
112462
0.149108434606
112482
0.135364583333
112502
0.163382161458
112522
0.129095052083
112542
0.128349609375
112562
0.133269675926
112582
0.175131293403
112602
0.201479311343
112622
0.148653790509
112642
0.148186487269
112662
0.135031467014
112682
0.121005859375
112702
0.120681785301
112722
0.125639105903
112742
0.124849537037
112762
0.126603009259
112782
0.129399956597
112802
0.125602213542
112822
0.127548104745
112842
0.151243127894
112862
0.102734375
112882
0.105006148727
112902
0.102847583912
112922
0.124522569444
112942
0.131264467593
112962
0.126372612847
112982
0.131136067708
113002
0.139250940394
113022
0.377750289352
113042
0.278579282407
113062
0.241881510417
113082
0.266821108218
113102
0.266181278935
113122
0.26048900463
113142
0.260593532986
113162
0.250130931713
113182
0.219212962963
113202
0.213181061921
113222
0.132023654514
113242
0.128974971065
113262
0.116589988426
113282
0.112049334491
113302
0.10791087963
113322
0.126873553241
113342
0.153135127315
113362
0.14109302662
113382
0.179816984954
113402
0.143302228009
113422
0.14404224537
113442
0.252603443287
113462
0.28673864294
113482
0.345930266204
113502
0.203042534722
113522
0.252374855324
113542
0.326846064815
113562
0.283114510995
113582
0.330910734954
113602
0.332497106481
113622
0.401099537037
113642
0.394158347801
113662
0.286515842014
113682
0.346351273148
113702
0.326105685764
113722
0.190077039931
113742
0.141064453125
113762
0.151270978009
113782
0.147042462384
113802
0.136443142361
113822
0.14068359375
113842
0.254929470486
113862
0.164682074653
113882
0.122020037616
113902
0.0984244791667
113922
0.0950473813657
113942
0.122552445023
113962
0.135864076968
113982
0.153098596644
114002
0.149465784144
114022
0.138556857639
114042
0.236332465278
114062
0.110483579282
114082
0.11181568287
114102
0.103650535301
114122
0.109327256944
114142
0.107057653356
114162
0.182019675926
114182
0.113912398727
114202
0.134699797454
114222
0.118627748843
114242
0.101240596065
114262
0.0915020978009
114282
0.101023582176
114302
0.104289641204
114322
0.100161675347
114342
0.123429904514
114362
0.101557798032
114382
0.102333622685
114402
0.10310619213
114422
0.118197699653
114442
0.0984107349537
114462
0.100890480324
114482
0.0969650607639
114502
0.107300708912
114522
0.11058521412
114542
0.119976851852
114562
0.131393229167
114582
0.132052589699
114602
0.118372395833
114622
0.141036603009
114642
0.121229021991
114662
0.108599537037
114682
0.114957682292
114702
0.128602792245
114722
0.135503472222
114742
0.0987521701389
114762
0.120033275463
114782
0.103040002894
114802
0.657982494213
114822
0.150359157986
114842
0.106212384259
114862
0.100500217014
114882
0.0981561053241
114902
0.0972486255787
114922
0.0930895543981
114942
0.0991474971065
114962
0.085962818287
114982
0.0877788628472
115002
0.135266203704
115022
0.132381004051
115042
0.109694372106
115062
0.160600766782
115082
0.173212528935
115102
0.160024956597
115122
0.0974602141204
115142
0.10728479456
115162
0.0746853298611
115182
0.0920551215278
115202
0.109135199653
115222
0.0930255353009
115242
0.108619791667
115262
0.132451171875
115282
0.0929148582176
115302
0.183591579861
115322
0.138285951968
115342
0.376533926505
115362
0.172327835648
115382
0.112378110532
115402
0.13634693287
115422
0.376878255208
115442
0.515536747685
115462
0.559135199653
115482
0.614149305556
115502
0.617216435185
115522
0.501383463542
115542
0.526533926505
115562
0.530384476273
115582
0.574426721644
115602
0.20144603588
115622
0.199503399884
115642
0.200588831019
115662
0.202181351273
115682
0.199623119213
115702
0.191264467593
115722
0.188253399884
115742
0.173645471644
115762
0.165836226852
115782
0.155758825231
115802
0.149799623843
115822
0.149044415509
115842
0.149722583912
115862
0.148529007523
115882
0.148755425347
115902
0.150352647569
115922
0.223492838542
115942
0.996055772569
115962
0.992042100694
115982
0.987592230903
116002
0.982568359375
116022
0.980900607639
116042
0.979493272569
116062
0.977116970486
116082
0.972541232639
116102
0.968530815972
116122
0.962263454861
116142
0.956112196181
116162
0.954408637153
116182
0.947502170139
116202
0.939508463542
116222
0.933617621528
116242
0.930107421875
116262
0.925210503472
116282
0.918095703125
116302
0.913594835069
116322
0.915967881944
116342
0.919421657986
116362
0.917479383681
116382
0.917026909722
116402
0.918236762153
116422
0.916571180556
116442
0.910810546875
116462
0.911189236111
116482
0.910427517361
116502
0.912297092014
116522
0.913360460069
116542
0.912264539931
116562
0.911603370949
116582
0.913232783565
116602
0.913117766204
116622
0.910697699653
116642
0.915159505208
116662
0.914111328125
116682
0.915412326389
116702
0.909434678819
116722
0.904679904514
116742
0.905206163194
116762
0.907546657986
116782
0.905086805556
116802
0.901784939236
116822
0.905277777778
116842
0.908971354167
116862
0.912173394097
116882
0.915059678819
116902
0.911841362847
116922
0.912457682292
116942
0.911948784722
116962
0.909398871528
116982
0.907281901042
117002
0.910467664931
117022
0.908350694444
117042
0.908575665509
117062
0.903385778356
117082
0.902450086806
117102
0.902805266204
117122
0.908031684028
117142
0.904810112847
117162
0.905896267361
117182
0.908947482639
117202
0.907447916667
117222
0.900900607639
117242
0.897671440972
117262
0.897202690972
117282
0.898729383681
117302
0.897728949653
117322
0.890658637153
117342
0.898901909722
117362
0.908822699653
117382
0.906451822917
117402
0.910466579861
117422
0.91480541088
117442
0.916927445023
117462
0.923460286458
117482
0.925074869792
117502
0.926184895833
117522
0.929755859375
117542
0.932120225694
117562
0.934555121528
117582
0.934644097222
117602
0.941078559028
117622
0.943245442708
117642
0.947560763889
117662
0.945894097222
117682
0.943502604167
117702
0.951431206597
117722
0.947918836806
117742
0.943531901042
117762
0.941480034722
117782
0.938975694444
117802
0.936444227431
117822
0.935341073495
117842
0.932141927083
117862
0.930834056713
117882
0.928779658565
117902
0.925341073495
117922
0.924910662616
117942
0.920868417245
117962
0.91966869213
117982
0.920599320023
118002
0.915553747106
118022
0.912509765625
118042
0.913544198495
118062
0.916812789352
118082
0.918866102431
118102
0.918465711806
118122
0.917524956597
118142
0.917798394097
118162
0.921385633681
118182
0.924055627894
118202
0.924819878472
118222
0.929636501736
118242
0.927756076389
118262
0.930521195023
118282
0.931931061921
118302
0.930571108218
118322
0.93191442419
118342
0.932686631944
118362
0.930260416667
118382
0.92888599537
118402
0.931000795718
118422
0.932189308449
118442
0.932366536458
118462
0.933026258681
118482
0.934622757523
118502
0.936735749421
118522
0.936156684028
118542
0.936710069444
118562
0.935251736111
118582
0.935645616319
118602
0.93156177662
118622
0.931841001157
118642
0.930837311921
118662
0.933201678241
118682
0.932884476273
118702
0.938850549769
118722
0.939288556134
118742
0.941246744792
118762
0.940096209491
118782
0.937260923032
118802
0.940971137153
118822
0.939966362847
118842
0.937915943287
118862
0.937720269097
118882
0.935809461806
118902
0.933709852431
118922
0.93261791088
118942
0.933279441551
118962
0.935152271412
118982
0.93677806713
119002
0.937711226852
119022
0.936427951389
119042
0.93701244213
119062
0.937215711806
119082
0.932367621528
119102
0.929083116319
119122
0.925737485532
119142
0.928121021412
119162
0.928512731481
119182
0.928911675347
119202
0.927291304977
119222
0.925294415509
119242
0.927141565394
119262
0.922235243056
119282
0.922982494213
119302
0.921511863426
119322
0.919838686343
119342
0.91824254919
119362
0.917826244213
119382
0.915013382523
119402
0.914480251736
119422
0.918532986111
119442
0.920498770255
119462
0.924698712384
119482
0.928329716435
119502
0.930906394676
119522
0.930266565394
119542
0.92712818287
119562
0.927013527199
119582
0.926576967593
119602
0.924095052083
119622
0.923884186921
119642
0.927547019676
119662
0.929789134838
119682
0.932842158565
119702
0.93630859375
119722
0.936635923032
119742
0.934705222801
119762
0.939631076389
119782
0.938876953125
119802
0.937663845486
119822
0.93316442419
119842
0.928407118056
119862
0.924575737847
119882
0.921990740741
119902
0.920108145255
119922
0.922619357639
119942
0.924002097801
119962
0.929215856481
119982
0.933087384259
120002
0.938609664352
120022
0.939678819444
120042
0.942618995949
120062
0.944535590278
120082
0.943438585069
120102
0.938350694444
120122
0.941629774306
120142
0.944083478009
120162
0.944181857639
120182
0.945390625
120202
0.938145978009
120222
0.944326171875
120242
0.950055700231
120262
0.95554651331
120282
0.960086082176
120302
0.9605859375
120322
0.95556676794
120342
0.95423864294
120362
0.949109881366
120382
0.949108434606
120402
0.949040075231
120422
0.948530815972
120442
0.948341290509
120462
0.950176866319
120482
0.954368127894
120502
0.957685908565
120522
0.957423321759
120542
0.958644386574
120562
0.961945891204
120582
0.972795500579
120602
0.973143446181
120622
0.973115596065
120642
0.972849754051
120662
0.973116319444
120682
0.974658203125
120702
0.98363208912
120722
0.984977575231
120742
0.991498119213
120762
0.991388527199
120782
0.995479239005
120802
0.996842086227
120822
1.0
120842
1.0
120862
1.0
120882
1.0
120902
1.0
