110737
0.26366891572
110757
0.202007871686
110777
0.2064453125
110797
0.210635653409
110817
0.188697028883
110837
0.195984256629
110857
0.201121567235
110877
0.277007871686
110897
0.279280598958
110917
0.427573094223
110937
0.407556522254
110957
0.439173473011
110977
0.251787405303
110997
0.22421875
111017
0.216952237216
111037
0.180319306345
111057
0.17881155303
111077
0.130622632576
111097
0.220716441761
111117
0.144361091383
111137
0.324166962595
111157
0.201907256155
111177
0.243394886364
111197
0.282997455019
111217
0.207195490057
111237
0.179758522727
111257
0.206679095644
111277
0.187534031723
111297
0.178864820076
111317
0.154239169034
111337
0.176186671402
111357
0.192008463542
111377
0.176547703598
111397
0.197598544034
111417
0.336965849905
111437
0.344103633996
111457
0.195053562973
111477
0.316943359375
111497
0.196124822443
111517
0.311940696023
111537
0.188785807292
111557
0.314102450284
111577
0.198659446023
111597
0.287320963542
111617
1.0
111637
1.0
111657
1.0
111677
0.461650686553
111697
0.169852331913
111717
0.16464399858
111737
0.164022549716
111757
0.171462180398
111777
0.226489997633
111797
0.28925929214
111817
0.34385061553
111837
0.364174952652
111857
0.40410304214
111877
0.401667554451
111897
0.369707327178
111917
0.364968039773
111937
0.373514441288
111957
0.365120442708
111977
0.955692175663
111997
0.946216560133
112017
0.932407078598
112037
0.919676254735
112057
0.915025745739
112077
0.905689216383
112097
0.900622928504
112117
0.894443951231
112137
0.874474727746
112157
0.875562263258
112177
0.871611624053
112197
0.866481711648
112217
0.864719460227
112237
0.87109818892
112257
0.868340139678
112277
0.874733664773
112297
0.88397993608
112317
0.875139086174
112337
0.88115678267
112357
0.885363399621
112377
0.882754794034
112397
0.883143939394
112417
0.886400627367
112437
0.891027462121
112457
0.890416370739
112477
0.895490056818
112497
0.888732540246
112517
0.880751361269
112537
0.874274976326
112557
0.867320667614
112577
0.847237511837
112597
0.833756510417
112617
0.787677556818
112637
0.75507960464
112657
0.715400094697
112677
0.670493016098
112697
0.603494910038
112717
0.555448035038
112737
0.499097419508
112757
0.425482362689
112777
0.443893525095
112797
0.474002722538
112817
0.48818359375
112837
0.584243312027
112857
0.586431699811
112877
0.617656545928
112897
0.612298768939
112917
0.589723899148
112937
0.581504498106
112957
0.588898259943
112977
0.570873283617
112997
0.549792850379
113017
0.610916785038
113037
0.54199366714
113057
0.54150242661
113077
0.552371863163
113097
0.56250443892
113117
0.567203776042
113137
0.590258049242
113157
0.622517163826
113177
0.557454427083
113197
0.534206321023
113217
0.530550130208
113237
0.53720999053
113257
0.549242424242
113277
0.563204308712
113297
0.561348839962
113317
0.54111328125
113337
0.283561197917
113357
0.282846531723
113377
0.288324159564
113397
0.272916666667
113417
0.281412760417
113437
0.287655362216
113457
0.280618193655
113477
0.600406901042
113497
0.573458214962
113517
0.575812322443
113537
0.594810901989
113557
0.587766335227
113577
0.56533203125
113597
0.571690044981
113617
0.569293027936
113637
0.569840494792
113657
0.57441258286
113677
0.576118607955
113697
0.57568063447
113717
0.582680812027
113737
0.571540601326
113757
0.577179509943
113777
0.563979640152
113797
0.564682469223
113817
0.575535629735
113837
0.57001657197
113857
0.575904060133
113877
0.611557469223
113897
0.620250355114
113917
0.635637133049
113937
0.676310961174
113957
0.728546697443
113977
0.839336233428
113997
1.0
114017
0.993732244318
114037
0.991526100852
114057
0.990218098958
114077
0.981911399148
114097
0.982040127841
114117
0.980122514205
114137
0.971843927557
114157
0.970978338068
114177
0.973064630682
114197
0.97274946733
114217
0.97119584517
114237
0.973153409091
114257
0.971737393466
114277
0.974653764205
114297
0.971315696023
114317
0.957870205966
114337
0.959659090909
114357
0.957097833807
114377
0.945822975852
114397
0.946719637784
114417
0.94521928267
114437
0.934201882102
114457
0.921426669034
114477
0.918519176136
114497
0.905304509943
114517
0.89618696733
114537
0.892986505682
114557
0.890398615057
114577
0.884419389205
114597
0.891246448864
114617
0.888267933239
114637
0.88515625
114657
0.89023881392
114677
0.887686434659
114697
0.884339488636
114717
0.890806995739
114737
0.888458806818
114757
0.886439098011
114777
0.894393643466
114797
0.886834161932
114817
0.876331676136
114837
0.88096147017
114857
0.879576526989
114877
0.882297585227
114897
0.885085227273
114917
0.875665838068
114937
0.877654474432
114957
0.879026100852
114977
0.87802290483
114997
0.883225319602
115017
0.890007990057
115037
0.890198863636
115057
0.897336647727
115077
0.905615234375
115097
0.899960049716
115117
0.899658203125
115137
0.904634232955
115157
0.890274325284
115177
0.900053267045
115197
0.905344460227
115217
0.901162997159
115237
0.894122869318
115257
0.892356178977
115277
0.887513316761
115297
0.877086292614
115317
0.87294921875
115337
0.867720170455
115357
0.86982421875
115377
0.881800426136
115397
0.874786931818
115417
0.87079634233
115437
0.878946200284
115457
0.871373401989
115477
0.875115411932
115497
0.877552379261
115517
0.871311257102
115537
0.87187056108
115557
0.878604403409
115577
0.864737215909
115597
0.869566761364
115617
0.869025213068
115637
0.863796164773
115657
0.862322443182
115677
0.861004083807
115697
0.864133522727
115717
0.853679865057
115737
0.867786754261
115757
0.85742631392
115777
0.855513139205
115797
0.868195134943
115817
0.862562144886
115837
0.865252130682
115857
0.875563742898
115877
0.877570134943
115897
0.86680131392
115917
0.877871981534
115937
0.869309303977
115957
0.862060546875
115977
0.866832386364
115997
0.85459428267
116017
0.859738991477
116037
0.86532759233
116057
0.857302024148
116077
0.852370383523
116097
0.850901100852
116117
0.846457741477
116137
0.840664950284
116157
0.850279651989
116177
0.847003728693
116197
0.841947798295
116217
0.862038352273
116237
0.851811079545
116257
0.848362038352
116277
0.854110440341
116297
0.85332475142
116317
0.851154119318
116337
0.863023792614
116357
0.861585582386
116377
0.856578480114
116397
0.86914506392
116417
0.860533558239
116437
0.85966352983
116457
0.865016867898
116477
0.855135830966
116497
0.853271484375
116517
0.861314808239
116537
0.852059659091
116557
0.851402698864
116577
0.865846946023
116597
0.854678622159
116617
0.853795276989
116637
0.855677379261
116657
0.848317649148
116677
0.853005149148
116697
0.856760475852
116717
0.85429243608
116737
0.847962535511
116757
0.86543412642
116777
0.851091974432
116797
0.853635475852
116817
0.863596413352
116837
0.858180930398
116857
0.854234730114
116877
0.855042613636
116897
0.861257102273
116917
0.864533025568
116937
0.869864169034
116957
0.854798473011
116977
0.863037109375
116997
0.873428622159
117017
0.863512073864
117037
0.871231356534
117057
0.871941583807
117077
0.872523082386
117097
0.869691051136
117117
0.872185724432
117137
0.866028941761
117157
0.86855912642
117177
0.865953480114
117197
0.859033203125
117217
0.866299715909
117237
0.879856178977
117257
0.872278941761
117277
0.86532759233
117297
0.87030806108
117317
0.870494495739
117337
0.860830965909
117357
0.874773615057
117377
0.87050337358
117397
0.870587713068
117417
0.867107599432
117437
0.860360440341
117457
0.860702237216
117477
0.858966619318
117497
0.844384765625
117517
0.850186434659
117537
0.860808771307
117557
0.85429243608
117577
0.840549538352
117597
0.856414240057
117617
0.846764026989
117637
0.84492631392
117657
0.852130681818
117677
0.854993785511
117697
0.854598721591
117717
0.86923384233
117737
0.865864701705
117757
0.865691583807
117777
0.866166548295
117797
0.854865056818
117817
0.85605912642
117837
0.862531072443
117857
0.850945490057
117877
0.85010209517
117897
0.858904474432
117917
0.854656427557
117937
0.851766690341
117957
0.863951526989
117977
0.851970880682
117997
0.8578125
118017
0.863094815341
118037
0.870911754261
118057
0.871524325284
118077
0.880934836648
118097
0.878524502841
118117
0.880317826705
118137
0.890283203125
118157
0.883367365057
118177
0.875350674716
118197
0.883482776989
118217
0.881112393466
118237
0.881392045455
118257
0.888818359375
118277
0.88174272017
118297
0.87411665483
118317
0.880535333807
118337
0.874272017045
118357
0.870188210227
118377
0.880690696023
118397
0.873939098011
118417
0.866450639205
118437
0.878564453125
118457
0.871222478693
118477
0.864408735795
118497
0.876935369318
118517
0.868621271307
118537
0.862486683239
118557
0.878493430398
118577
0.876034268466
118597
0.873521839489
118617
0.885728870739
118637
0.873876953125
118657
0.8775390625
118677
0.882040127841
118697
0.876473721591
118717
0.888560901989
118737
0.89873490767
118757
0.888214666193
118777
0.872296697443
118797
0.881680575284
118817
0.876109730114
118837
0.869309303977
118857
0.867262961648
118877
0.857186612216
118897
0.86826171875
118917
0.857892400568
118937
0.850186434659
118957
0.860591264205
118977
0.848566228693
118997
0.834002130682
119017
0.84315962358
119037
0.85663618608
119057
0.84130859375
119077
0.852215021307
119097
0.859011008523
119117
0.855135830966
119137
0.857781427557
119157
0.867205255682
119177
0.862739701705
119197
0.863436612216
119217
0.872496448864
119237
0.867347301136
119257
0.868243963068
119277
0.866095525568
119297
0.867840021307
119317
0.871262428977
119337
0.873912464489
119357
0.865509588068
119377
0.850523792614
119397
0.86806196733
119417
0.853750887784
119437
0.864133522727
119457
0.875932173295
119477
0.873286576705
119497
0.877938565341
119517
0.887935014205
119537
0.896484375
119557
0.90205522017
119577
0.898819247159
119597
0.891060014205
119617
0.899112215909
119637
0.911567826705
119657
0.902232776989
119677
0.900710227273
119697
0.903142755682
119717
0.880033735795
119737
0.877579012784
119757
0.876500355114
119777
0.859463778409
119797
0.856081321023
119817
0.861004083807
119837
0.862575461648
119857
0.857883522727
119877
0.880095880682
119897
0.876313920455
119917
0.895481178977
119937
0.9072265625
119957
0.905526455966
119977
0.933096590909
119997
0.94032759233
120017
0.95273881392
120037
0.968931995739
120057
0.975825639205
120077
0.981489701705
120097
0.991623757102
120117
1.0
120137
1.0
120157
1.0
120177
0.54970999053
120197
0.0870857007576
120217
0.0854137073864
120237
0.0842211174242
120257
0.0813979640152
120277
1.0
120297
1.0
120317
1.0
