190639
0.173429115372
190659
0.280122020991
190679
0.270264658302
190699
0.278772589173
190719
0.294359611742
190739
0.305523003472
190759
0.294085385101
190779
0.312205058396
190799
0.350008384628
190819
0.33014668166
190839
0.292050879893
190859
0.301178779987
190879
0.375853752367
190899
0.375558317551
190919
0.383490668403
190939
0.381390565814
190959
0.390714764836
190979
0.386253156566
190999
0.385871409407
191019
0.383105961963
191039
0.383449731692
191059
0.38584280303
191079
0.196637764362
191099
0.187592230903
191119
0.149681877367
191139
0.16002653488
191159
0.138295059975
191179
0.136911596433
191199
0.167377880366
191219
0.162772747001
191239
0.205486012468
191259
0.224520596591
191279
0.358574021465
191299
0.361190025253
191319
0.362485203598
191339
0.360341698232
191359
0.357883029514
191379
0.199477193813
191399
0.246924321338
191419
0.253683317551
191439
0.252526238952
191459
0.399328736585
191479
0.441232638889
191499
0.42447522096
191519
0.443770221749
191539
0.477164713542
191559
0.426797269571
191579
0.389981849747
191599
0.429775291982
191619
0.432705965909
191639
0.182000177557
191659
0.201441662721
191679
0.209057863794
191699
0.211878551136
191719
0.201782966383
191739
0.164011205808
191759
0.173359079072
191779
0.182801156092
191799
0.217246685606
191819
0.194865648674
191839
0.192912523674
191859
0.199558574021
191879
0.257628531408
191899
0.239698252052
191919
0.229740273832
191939
0.247164023043
191959
0.25481869476
191979
0.215574692235
191999
0.25487985322
192019
0.311088423295
192039
0.300670276989
192059
0.29993440262
192079
0.272788431187
192099
0.222745028409
192119
0.223541074811
192139
0.286341441761
192159
0.218621271307
192179
0.21172170928
192199
0.189974451547
192219
0.197212357955
192239
0.261967822759
192259
0.275304312658
192279
0.325085325915
192299
0.376309974747
192319
0.425624901357
192339
0.387577927715
192359
0.357516078756
192379
0.279975043403
192399
0.338597399779
192419
0.306409307923
192439
0.322885594223
192459
0.251939808239
192479
0.331337298769
192499
0.316346571181
192519
0.249878669508
192539
0.299624664615
192559
0.310600142045
192579
0.354777758049
192599
0.532613735006
192619
1.0
192639
1.0
192659
1.0
192679
1.0
192699
1.0
192719
1.0
192739
1.0
192759
1.0
192779
0.999585700758
192799
0.985793974905
192819
0.967501183712
192839
0.95029148911
192859
0.934786339962
192879
0.918427438447
192899
0.905681818182
192919
0.888205788352
192939
0.866836825284
192959
0.851621685606
192979
0.847931463068
192999
0.85195756392
193019
0.850827118845
193039
0.851223662405
193059
0.842079486269
193079
0.838636363636
193099
0.829839902936
193119
0.831726444129
193139
0.830424360795
193159
0.830002663352
193179
0.822315932765
193199
0.817902166193
193219
0.820074277936
193239
0.821401515152
193259
0.822025923295
193279
0.853836706913
193299
0.862032433712
193319
0.881559244792
193339
0.902903053977
193359
0.904751124527
193379
0.903130918561
193399
0.886951053504
193419
0.894578598485
193439
0.893784031723
193459
0.893775153883
193479
0.903666548295
193499
0.903956557765
193519
0.897687322443
193539
0.914544862689
193559
0.935635653409
193579
0.972932942708
193599
0.983155776515
193619
0.983117305871
193639
0.967390210701
193659
0.966388494318
193679
0.965857303504
193699
0.978367660985
193719
0.978499348958
193739
0.962637606534
193759
0.95263227983
193779
0.944182054924
193799
0.948665364583
193819
0.954940518466
193839
0.94658647017
193859
0.945679450758
193879
0.945126065341
193899
0.951455965909
193919
0.959926905777
193939
0.950319602273
193959
0.956613991477
193979
0.957233960701
193999
0.957208806818
194019
0.958192767519
194039
0.958806818182
194059
0.942061730587
194079
0.935428503788
194099
0.933823094223
194119
0.918510298295
194139
0.900464607008
194159
0.888654119318
194179
0.878011067708
194199
0.858971058239
194219
0.84170217803
194239
0.839527107008
194259
0.830054450758
194279
0.827762488163
194299
0.839685428504
194319
0.838361150568
194339
0.840346827652
194359
0.839663233902
194379
0.834841086648
194399
0.838371508049
194419
0.84111032197
194439
0.845044685133
194459
0.843371212121
194479
0.837159682765
194499
0.830282315341
194519
0.824132930871
194539
0.825624408144
194559
0.824166962595
194579
0.81865086411
194599
0.814312559186
194619
0.808873401989
194639
0.802291962595
194659
0.792277758049
194679
0.798616536458
194699
0.802867542614
194719
0.809336529356
194739
0.801550662879
194759
0.808744673295
194779
0.797619258996
194799
0.794412878788
194819
0.802426609848
194839
0.809009528883
194859
0.810197679924
194879
0.807491418087
194899
0.813396661932
194919
0.816780598958
194939
0.831785629735
194959
0.824912701231
194979
0.829480350379
194999
0.82881007339
195019
0.830832741477
195039
0.812174479167
195059
0.812195194129
195079
0.807365648674
195099
0.818277994792
195119
0.803665068655
195139
0.803628077652
195159
0.815747810133
195179
0.810992246686
195199
0.816342625473
195219
0.826084576231
195239
0.812738222064
195259
0.804033499053
195279
0.807694128788
195299
0.81034860322
195319
0.813071141098
195339
0.812538470644
195359
0.82079782197
195379
0.835284978693
195399
0.852799479167
195419
0.87704782197
195439
0.874203953598
195459
0.875800485322
195479
0.880810546875
195499
0.874341560133
195519
0.869152462121
195539
0.870457504735
195559
0.853872218277
195579
0.839531545928
195599
0.825439453125
195619
0.825892223011
195639
0.812668678977
195659
0.804819187973
195679
0.800010357481
195699
0.795003255208
195719
0.785067471591
195739
0.794443951231
195759
0.791156190814
195779
0.797940340909
195799
0.804802911932
195819
0.80360884233
195839
0.820806699811
195859
0.830437677557
195879
0.83750295928
195899
0.840240293561
195919
0.846145537405
195939
0.853249289773
195959
0.871022727273
195979
0.891434363163
195999
0.910196200284
196019
0.923231830019
196039
0.928261126894
196059
0.945834812973
196079
0.96123490767
196099
0.980116595644
196119
0.9830078125
196139
0.983180930398
196159
0.971366003788
196179
0.955446555398
196199
0.936499763258
196219
0.929169625947
196239
0.906650982481
196259
0.882827296402
196279
0.857698567708
196299
0.832344933712
196319
0.819318181818
196339
0.805544211648
196359
0.801155598958
196379
0.794281190814
196399
0.794149502841
196419
0.79404000947
196439
0.796962298769
196459
0.808586351799
196479
0.802428089489
196499
0.814685428504
196519
0.826222182765
196539
0.844316702178
196559
0.861464251894
196579
0.879674183239
196599
0.891719933712
196619
0.902182469223
196639
0.921860203598
196659
0.948356119792
196679
0.95810102983
196699
0.957143702652
196719
0.942877012311
196739
0.924292732008
196759
0.905292672822
196779
0.899715909091
196799
0.87431788589
196819
0.85176225142
196839
0.829696377841
196859
0.80713186553
196879
0.778005149148
196899
0.769077000473
196919
0.754576526989
196939
0.747506806345
196959
0.743677497633
196979
0.755634469697
196999
0.760989287405
197019
0.754891690341
197039
0.741616358902
197059
0.75537405303
197079
0.765127840909
197099
0.780529415246
197119
0.78281397964
197139
0.770836292614
197159
0.766685901989
197179
0.772841205019
197199
0.783897076231
197219
0.795305101799
197239
0.792976148201
197259
0.799860913826
197279
0.803648792614
197299
0.818405243845
197319
0.81894679214
197339
0.83271040483
197359
0.821752189867
197379
0.821249112216
197399
0.8296875
197419
0.818758877841
197439
0.826306522254
197459
0.814633641098
197479
0.817172703598
197499
0.824572383996
197519
0.82001509233
197539
0.822355883049
197559
0.821265388258
197579
0.822381036932
197599
0.831844815341
197619
0.821431107955
197639
0.823468572443
197659
0.822567471591
197679
0.82040719697
197699
0.822042199337
197719
0.827306758996
197739
0.830396247633
197759
0.828533380682
197779
0.82676077178
197799
0.827769886364
197819
0.831825580019
197839
0.826245857008
197859
0.829536576705
197879
0.829190340909
197899
0.828595525568
197919
0.822924064867
197939
0.830698094223
197959
0.841780598958
197979
0.841722892992
197999
0.843480705492
198019
0.851199988163
198039
0.842993903883
198059
0.844059244792
198079
0.848120857008
198099
0.848678681345
198119
0.847409150095
198139
0.846414831913
198159
0.851879142992
198179
0.851373106061
198199
0.847020004735
198219
0.849741062973
198239
0.850279651989
198259
0.851837713068
198279
0.848876953125
198299
0.85869288589
198319
0.863626006155
198339
0.874455492424
198359
0.889442767519
198379
0.90449070786
198399
0.91826467803
198419
0.932953065814
198439
0.953187144886
198459
0.968220288826
198479
0.971712239583
198499
0.977546460701
198519
0.981359493371
198539
0.982449988163
198559
0.993322383996
198579
0.992160866477
198599
0.96211233428
198619
0.935796934186
198639
0.910358960701
198659
0.905616714015
198679
0.869443951231
198699
0.843059008049
198719
0.815988991477
198739
0.789280007102
198759
0.773106060606
198779
0.780192057292
198799
0.775255977746
198819
0.762184836648
198839
0.756221886837
198859
0.771428148674
198879
0.767021780303
198899
0.772342566288
198919
0.769161339962
198939
0.777877900095
198959
0.785749585701
198979
0.783055160985
198999
0.774822443182
199019
0.764559659091
199039
0.769889322917
199059
0.78535452178
199079
0.802719578598
199099
0.828090968277
199119
0.825383226799
199139
0.82900390625
199159
0.848478929924
199179
0.872675485322
199199
0.889192708333
199219
0.911248224432
199239
0.915747810133
199259
0.909990530303
199279
0.903391335227
199299
0.893246922348
199319
0.895926550663
199339
0.914928089489
199359
0.920587713068
199379
0.915191465436
199399
0.908371803977
199419
0.910583866004
199439
0.922517163826
199459
0.923490767045
199479
0.934262547348
199499
0.91972804214
199519
0.922736150568
199539
0.925834517045
199559
0.932787346117
199579
0.939287405303
199599
0.915164831913
199619
0.891786517519
199639
0.910027521307
199659
0.920712002841
199679
0.948626893939
199699
0.948656486742
199719
0.925108013731
199739
0.921490293561
199759
0.897210878314
199779
0.909389796402
199799
0.923888790246
199819
0.923619495739
199839
0.924280894886
199859
0.924394827178
199879
0.932359730114
199899
0.941033380682
199919
0.926405658144
199939
0.95478071733
199959
0.958161695076
199979
0.946589429451
199999
0.946426669034
200019
0.946033084754
200039
0.948316169508
200059
0.948311730587
200079
0.952873461174
200099
0.953212298769
200119
0.953209339489
200139
0.951568418561
200159
1.0
200179
1.0
200199
1.0
200219
1.0
