199658
0.163505497685
199678
0.169389829282
199698
0.164341001157
199718
0.164375
199738
0.164663266782
199758
0.166443504051
199778
0.16029260706
199798
0.163283058449
199818
0.162845052083
199838
0.160073423032
199858
0.162006655093
199878
0.119276258681
199898
0.149429615162
199918
0.161491247106
199938
0.149010778356
199958
0.140367476852
199978
0.143192274306
199998
0.140597873264
200018
0.245322265625
200038
0.254619502315
200058
0.259331597222
200078
0.257208839699
200098
0.249750795718
200118
0.19005787037
200138
0.217126736111
200158
0.305753038194
200178
0.309467954282
200198
0.316587456597
200218
0.302692780671
200238
0.273032769097
200258
0.266040581597
200278
0.287042824074
200298
0.315873842593
200318
0.326492332176
200338
0.329083478009
200358
0.292515914352
200378
0.264617693866
200398
0.202977068866
200418
0.174440827546
200438
0.151430121528
200458
0.164216941551
200478
0.134313874421
200498
0.143406394676
200518
0.0661733217593
200538
0.0614322916667
200558
0.0559787326389
200578
0.0511031539352
200598
0.0476273148148
200618
0.062925708912
200638
0.0786961082176
200658
0.0603891782407
200678
0.0586921296296
200698
0.0553562644676
200718
0.0719017650463
200738
0.0937091290509
200758
0.102302879051
200778
0.139002097801
200798
0.116145471644
200818
0.080537109375
200838
0.0931166811343
200858
0.0957020399306
200878
0.0982671440972
200898
0.372484447338
200918
0.317372685185
200938
0.292693142361
200958
0.292473234954
200978
0.299408998843
200998
0.292125289352
201018
0.296685836227
201038
0.300182653356
201058
0.308770616319
201078
0.308198784722
201098
0.310485749421
201118
0.298790870949
201138
0.14650354456
201158
0.229552228009
201178
0.29638599537
201198
0.329274811921
201218
0.295159505208
201238
0.366682581019
201258
0.390576895255
201278
0.341851128472
201298
1.0
201318
0.999996744792
201338
1.0
201358
0.9302734375
201378
0.920493344907
201398
0.918868995949
201418
0.918841869213
201438
0.918205656829
201458
0.918621961806
201478
0.917769458912
201498
0.9178125
201518
0.917928602431
201538
0.921125578704
201558
1.0
201578
0.977464192708
201598
0.972425130208
201618
0.972004123264
201638
0.972060546875
201658
0.971735026042
201678
0.972229817708
201698
0.971875
201718
1.0
201738
1.0
201758
1.0
201778
0.964652777778
201798
0.963989800347
201818
0.964172092014
201838
0.963402777778
201858
0.963206380208
201878
0.963426649306
201898
0.963158637153
201918
0.968467881944
201938
1.0
201958
1.0
201978
0.930283203125
201998
0.9284765625
202018
0.927022569444
202038
0.926167534722
202058
0.925453559028
202078
0.926452907986
202098
0.926730685764
202118
0.926305338542
202138
0.92654296875
202158
0.926833767361
202178
1.0
202198
0.999995659722
202218
1.0
202238
0.970025318287
202258
0.968987268519
202278
0.968768084491
202298
0.968419777199
202318
0.96837890625
202338
0.981802662037
202358
0.981834852431
202378
0.981714771412
202398
0.981801215278
202418
0.981733579282
202438
0.969795645255
202458
0.96931604456
202478
0.969253472222
202498
0.968963396991
202518
0.969189091435
202538
0.98386646412
202558
0.983601345486
202578
0.983511284722
202598
0.983377097801
202618
0.983432436343
202638
0.979139539931
202658
0.978989438657
202678
0.978956524884
202698
0.932455512153
202718
0.931967592593
202738
0.931607711227
202758
0.931005135995
202778
0.930401114005
202798
0.930710720486
202818
0.930512152778
202838
0.976916956019
202858
0.976889829282
202878
0.976793258102
202898
0.978563729745
202918
0.978364076968
202938
0.978175998264
202958
0.97882740162
202978
0.978626663773
202998
0.978717447917
203018
0.986216724537
203038
0.999995659722
203058
1.0
203078
0.956040943287
203098
0.955169994213
203118
0.954718243634
203138
0.954474464699
203158
0.954380787037
203178
0.954672309028
203198
0.941623263889
203218
0.940383029514
203238
0.939229600694
203258
0.938740957755
203278
0.938661024306
203298
0.938510561343
203318
0.937749927662
203338
0.92369176794
203358
0.921959997106
203378
0.920099464699
203398
0.92023509838
203418
0.919887876157
203438
0.919605758102
203458
0.919176432292
203478
0.921225766782
203498
0.919909215856
203518
0.918614366319
203538
0.917490596065
203558
0.916303891782
203578
0.91601634838
203598
0.915418836806
203618
0.916094835069
203638
0.908791594329
203658
0.907077907986
203678
0.905419921875
203698
0.904889322917
203718
0.903293185764
203738
0.902898220486
203758
0.9057421875
203778
0.903374565972
203798
0.924024884259
203818
0.923107638889
203838
0.922565104167
203858
0.921309678819
203878
0.921295934606
203898
0.919990596065
203918
0.920382667824
203938
0.92054615162
203958
0.893825593171
203978
0.890229311343
203998
0.890486834491
204018
0.888755425347
204038
0.888688512731
204058
0.887215350116
204078
0.886514395255
204098
0.793556857639
204118
0.787146267361
204138
0.780975477431
204158
0.775543619792
204178
0.771061197917
204198
0.771404079861
204218
0.773365885417
204238
0.773284505208
204258
0.772807074653
204278
0.775852864583
204298
0.772586805556
204318
0.776307508681
204338
0.774782986111
204358
0.783154296875
204378
0.782221137153
204398
0.781763237847
204418
0.777520616319
204438
0.775284288194
204458
0.771021050347
204478
0.770633680556
204498
0.820894097222
204518
0.813226996528
204538
0.810718315972
204558
0.812669270833
204578
0.805838758681
204598
0.805834418403
204618
0.807132161458
204638
0.804956597222
204658
0.803655598958
204678
0.802809244792
204698
0.801653645833
204718
0.801684027778
204738
0.814402126736
204758
0.810405815972
204778
0.811842447917
204798
0.809000651042
204818
0.803895399306
204838
0.805808376736
204858
0.801519097222
204878
0.805269097222
204898
0.777493489583
204918
0.770848524306
204938
0.763827039931
204958
0.764815538194
204978
0.756447482639
204998
0.757390407986
205018
0.759297960069
205038
0.7562109375
205058
0.755677083333
205078
0.756371527778
205098
0.755466579861
205118
0.757743055556
205138
0.774756944444
205158
0.766411675347
205178
0.760762803819
205198
0.760886501736
205218
0.763079427083
205238
0.758626302083
205258
0.756051432292
205278
0.754900173611
205298
0.887182436343
205318
0.886217447917
205338
0.882709056713
205358
0.881948423032
205378
0.878674406829
205398
0.878667896412
205418
0.878852358218
205438
0.876994719329
205458
0.876758897569
205478
0.877307942708
205498
0.876987847222
205518
0.875381221065
205538
0.878969907407
205558
0.882848307292
205578
0.880635489005
205598
0.885125144676
205618
0.883777850116
205638
0.882486617477
205658
0.882140118634
205678
0.880688295718
205698
0.882007378472
205718
0.882623697917
205738
0.88195348669
205758
0.880674551505
205778
0.883733000579
205798
0.887067057292
205818
0.886221788194
205838
0.88474573206
205858
0.885209056713
205878
0.882442491319
205898
0.88281322338
205918
0.881496310764
205938
0.879031032986
205958
0.876838469329
205978
0.877829499421
205998
0.876180193866
206018
0.876046368634
206038
0.876038049769
206058
0.877258391204
206078
0.876407335069
206098
0.875835865162
206118
0.877411747685
206138
0.883617259838
206158
0.878274739583
206178
0.877416087963
206198
0.847346643519
206218
0.846848234954
206238
0.846031539352
206258
0.842527126736
206278
0.846644965278
206298
0.845187355324
206318
0.846707537616
206338
0.843973885995
206358
0.843770978009
206378
0.843585792824
206398
0.851637731481
206418
0.846910807292
206438
0.84828197338
206458
0.845826099537
206478
0.844066840278
206498
0.911736472801
206518
0.911705367477
206538
0.911492693866
206558
0.911371527778
206578
0.90951135706
206598
0.909853153935
206618
0.910674189815
206638
0.910139973958
206658
0.913742042824
206678
0.912390046296
206698
0.921571542245
206718
0.920433304398
206738
0.920206524884
206758
0.921065176505
206778
0.920852864583
206798
0.920490451389
206818
0.919428168403
206838
0.919665436921
206858
0.920902777778
206878
0.921176215278
206898
0.84328161169
206918
0.842729311343
206938
0.839866174769
206958
0.838802806713
206978
0.83724681713
206998
0.837844690394
207018
0.839962745949
207038
0.837667100694
207058
0.839275535301
207078
0.808530815972
207098
0.802421875
207118
0.800541449653
207138
0.800321180556
207158
0.799028862847
207178
0.800656467014
207198
0.795796440972
207218
0.798987630208
207238
0.79748119213
207258
0.796911168981
207278
0.827710503472
207298
0.824705946181
207318
0.822880859375
207338
0.822710503472
207358
0.818493923611
207378
0.816844618056
207398
0.81646484375
207418
0.820860460069
207438
0.821183810764
207458
0.818629557292
207478
0.817781032986
207498
0.815486111111
207518
0.812928602431
207538
0.809442274306
207558
0.811069878472
207578
0.811802300347
207598
0.808478732639
207618
0.807722439236
207638
0.807198350694
207658
0.810048828125
207678
0.821296657986
207698
0.814548611111
207718
0.813324652778
207738
0.812522786458
207758
0.812282986111
207778
0.811740451389
207798
0.810987413194
207818
0.811846788194
207838
0.810790292245
207858
0.830146122685
207878
0.826153428819
207898
0.822494936343
207918
0.820672381366
207938
0.818990523727
207958
0.821615668403
207978
0.81697301794
207998
0.817696759259
208018
0.816834490741
208038
0.816748046875
208058
0.831626519097
208078
0.830772207755
208098
0.82589771412
208118
0.82613208912
208138
0.826634837963
208158
0.823056640625
208178
0.825782335069
208198
0.822687717014
208218
0.826732855903
208238
0.825325159144
208258
0.827010633681
208278
0.915928819444
208298
0.914554759838
208318
0.91416051794
208338
0.913186487269
208358
0.913658854167
208378
0.914948640046
208398
0.912752459491
208418
0.913446180556
208438
0.913924334491
208458
0.823742042824
208478
0.820574363426
208498
0.81679759838
208518
0.817211371528
208538
0.816485821759
208558
0.816774811921
208578
0.817474681713
208598
0.816762152778
208618
0.814942853009
208638
0.816707175926
208658
0.816170428241
208678
0.814934534144
208698
0.817892795139
208718
0.816013454861
208738
0.816614945023
208758
0.814737051505
208778
0.817554615162
208798
0.817065610532
208818
0.81724573206
208838
0.818521773727
208858
0.816340784144
208878
0.815208333333
208898
0.869021990741
208918
0.999997829861
208938
1.0
208958
1.0
208978
1.0
208998
0.999996744792
209018
1.0
209038
1.0
209058
1.0
209078
0.99999963831
209098
0.0628620515046
209118
0.0553501157407
209138
0.0551927806713
209158
0.0551869936343
209178
0.0548498987269
209198
0.484839048032
209218
1.0
209238
1.0
