142015
0.0768995098039
142035
0.0797928155637
142055
0.0741115196078
142075
0.123381969975
142095
0.117848115809
142115
0.104070925245
142135
0.106389782475
142155
0.114016544118
142175
0.107542509191
142195
0.0756587009804
142215
0.0691884957108
142235
0.0661094515931
142255
0.0653377757353
142275
0.0698663449755
142295
0.061607689951
142315
0.0577359068627
142335
0.0587871476716
142355
0.062375536152
142375
0.0621112898284
142395
0.229961320466
142415
0.223052619485
142435
0.237352558211
142455
0.137005974265
142475
0.134903492647
142495
0.0623429840686
142515
0.06689453125
142535
0.0646331188725
142555
0.0674594056373
142575
0.187494255515
142595
0.173592601103
142615
0.0658490349265
142635
0.0902822457108
142655
0.0939759497549
142675
0.112218520221
142695
0.0712967218137
142715
0.0669998468137
142735
0.0460018382353
142755
0.0587967218137
142775
0.106600413603
142795
0.121901807598
142815
0.141065410539
142835
0.120590150123
142855
0.124842984069
142875
0.117120481005
142895
0.110736443015
142915
0.112528722426
142935
0.23967333027
142955
0.276141237745
142975
0.333308440564
142995
0.365908394608
143015
0.414075903799
143035
0.0562212775735
143055
0.0630208333333
143075
0.0660443474265
143095
0.0629212622549
143115
0.14709520527
143135
0.139569929534
143155
0.125696997549
143175
0.0640414368873
143195
0.0651654411765
143215
0.0605621936275
143235
0.0589077818627
143255
0.065904564951
143275
0.0413468903186
143295
0.0757123161765
143315
0.0570331648284
143335
0.0739334405637
143355
0.0688840379902
143375
0.0728573069853
143395
0.0853745404412
143415
0.0950827205882
143435
0.0907858455882
143455
0.310573682598
143475
0.322698376225
143495
0.290734145221
143515
0.146055453431
143535
0.14423828125
143555
0.148977481618
143575
0.149693627451
143595
0.276746323529
143615
0.270946308211
143635
0.251210171569
143655
0.0929706648284
143675
0.077720971201
143695
0.0631472120098
143715
0.0609183517157
143735
0.283076746324
143755
0.277613740809
143775
0.12453661152
143795
0.113011259191
143815
0.0642578125
143835
0.112521063113
143855
0.113752297794
143875
0.107615272672
143895
0.100034466912
143915
0.113601026348
143935
0.128121170343
143955
0.0717658547794
143975
0.0607383578431
143995
0.277031632966
144015
0.303373927696
144035
0.0457682291667
144055
0.0674421721814
144075
0.0761757046569
144095
0.0431985294118
144115
0.0579503676471
144135
0.053586473652
144155
0.054700903799
144175
0.0506912530637
144195
0.0759114583333
144215
0.0776884191176
144235
0.0791494332108
144255
0.0800608915441
144275
0.0797602634804
144295
0.0801011029412
144315
0.0809340533088
144335
0.0801413143382
144355
0.0809340533088
144375
0.0834195006127
144395
0.082115502451
144415
0.0841854319853
144435
0.0957835477941
144455
0.0567191329657
144475
0.0565602022059
144495
0.05361328125
144515
0.128640088848
144535
0.14431104473
144555
0.148221124387
144575
0.127632889093
144595
0.100961243873
144615
0.0959463082108
144635
0.101395909926
144655
0.0922334558824
144675
0.112919347426
144695
0.0691023284314
144715
0.070676317402
144735
0.046945848652
144755
0.0716835171569
144775
0.104168581495
144795
0.14212622549
144815
0.103362438725
144835
0.111492800245
144855
0.101591222426
144875
0.100019148284
144895
0.103180530025
144915
0.0986787683824
144935
0.110047104779
144955
0.0959558823529
144975
0.110054764093
144995
0.0990808823529
145015
0.0973843443627
145035
0.101658241422
145055
0.0950367647059
145075
0.0944852941176
145095
0.0996495863971
145115
0.110232843137
145135
0.112568933824
145155
0.102315027574
145175
0.585929840686
145195
0.556962316176
145215
0.586218979779
145235
0.606939338235
145255
0.517995557598
145275
0.510108379289
145295
0.460818780637
145315
0.422317325368
145335
0.451286764706
145355
0.314271216299
145375
0.278406479779
145395
0.292691099877
145415
0.138133808211
145435
0.139345894608
145455
0.13646216299
145475
0.136061963848
145495
0.136586626838
145515
0.136092601103
145535
0.132335707721
145555
0.131661688113
145575
0.129249004289
145595
0.135014552696
145615
0.158563112745
145635
0.173552389706
145655
0.232613357843
145675
0.277621400123
145695
0.573736213235
145715
0.928015854779
145735
1.0
145755
0.98655981924
145775
0.986540670956
145795
0.986540670956
145815
0.986540670956
145835
0.990215226716
145855
0.986259191176
145875
0.986263020833
145895
0.986263020833
145915
1.0
145935
0.959405637255
145955
0.990234375
145975
0.990171185662
145995
0.991693474265
146015
0.992601102941
146035
0.992032398897
146055
0.991664751838
146075
0.990194163603
146095
0.988683363971
146115
0.98837890625
146135
0.973305376838
146155
0.977579273897
146175
0.992601102941
146195
0.991067325368
146215
0.991716452206
146235
0.989125689338
146255
0.988453584559
146275
0.989556525735
146295
0.977619485294
146315
0.998718979779
146335
0.973489200368
146355
0.969272748162
146375
0.987930836397
146395
0.988344439338
146415
0.999770220588
146435
0.977602251838
146455
0.999913832721
146475
0.973569623162
146495
0.970318244485
146515
0.987930836397
146535
0.988918887868
146555
0.985242417279
146575
0.967227711397
146595
0.966136259191
146615
0.999948299632
146635
0.955583639706
146655
0.951200597426
146675
0.98525390625
146695
0.999362362132
146715
0.966032858456
146735
0.966624540441
146755
0.955526194853
146775
0.951780790441
146795
0.990780101103
146815
0.990831801471
146835
0.981284466912
146855
0.983306525735
146875
0.982927389706
146895
0.981950827206
146915
0.949052159926
146935
0.95556640625
146955
0.991371783088
146975
0.9908203125
146995
0.996771599265
147015
0.983312270221
147035
0.984018841912
147055
0.982628676471
147075
0.973293887868
147095
0.972616038603
147115
0.998644301471
147135
0.986552159926
147155
0.977251838235
147175
0.982582720588
147195
0.985230928309
147215
0.972593060662
147235
0.970863970588
147255
0.986690027574
147275
0.988855698529
147295
0.977470128676
147315
0.999954044118
147335
0.957737821691
147355
0.95810546875
147375
0.965590533088
147395
0.968267463235
147415
0.988855698529
147435
0.977470128676
147455
0.999954044118
147475
0.957737821691
147495
0.95810546875
147515
0.965590533088
147535
0.968267463235
147555
0.971800321691
147575
0.990044806985
147595
0.989820772059
147615
0.966366038603
147635
0.964883961397
147655
0.981186810662
147675
0.963821231618
147695
0.96826171875
147715
0.991078814338
147735
0.990056295956
147755
0.999735753676
147775
0.966366038603
147795
0.96748046875
147815
0.981278722426
147835
0.980250459559
147855
0.998920036765
147875
0.991337316176
147895
0.982651654412
147915
0.995634191176
147935
0.981330422794
147955
1.0
147975
0.996691176471
147995
0.988562729779
148015
0.978733915441
148035
0.969002757353
148055
0.957163373162
148075
0.9486328125
148095
0.936402803309
148115
0.923351332721
148135
0.902056525735
148155
0.885426240809
148175
0.943388097426
148195
0.932197840074
148215
0.913855698529
148235
0.897581571691
148255
0.8794921875
148275
0.876895680147
148295
0.868474264706
148315
0.863522518382
148335
0.858898207721
148355
0.856485523897
148375
0.853722426471
148395
0.849661075368
148415
0.849207261029
148435
0.844489123775
148455
0.854061351103
148475
0.855805759804
148495
0.852588848039
148515
0.850040211397
148535
0.858316099877
148555
0.87008080576
148575
0.8740234375
148595
0.881747855392
148615
0.895339307598
148635
0.914186963848
148655
0.930633425245
148675
0.943801700368
148695
0.956805300245
148715
0.9646484375
148735
0.968351715686
148755
0.964342064951
148775
0.957194010417
148795
0.955099188113
148815
0.946174172794
148835
0.933997778799
148855
0.917367493873
148875
0.905729166667
148895
0.893753829657
148915
0.891253063725
148935
0.893051087623
148955
0.891591988358
148975
0.887222349877
148995
0.88443627451
149015
0.881569776348
149035
0.877609911152
149055
0.882077205882
149075
0.882666973039
149095
0.881663602941
149115
0.87575635723
149135
0.87542700674
149155
0.87945580576
149175
0.8865234375
149195
0.89140625
149215
0.893577665441
149235
0.879798560049
149255
0.878437117034
149275
0.875279564951
149295
0.869483379289
149315
0.859083946078
149335
0.855539598652
149355
0.840123314951
149375
0.845128676471
149395
0.841593903186
149415
0.852602251838
149435
0.855652573529
149455
0.864809283088
149475
0.865647977941
149495
0.874092371324
149515
0.883036534926
149535
0.893491498162
149555
0.904951746324
149575
0.907433363971
149595
0.919600183824
149615
0.919021905637
149635
0.921932444853
149655
0.91413526348
149675
0.918723192402
149695
0.917955346201
149715
0.917493872549
149735
0.915213311887
149755
0.913566559436
149775
0.920521216299
149795
0.91500268076
149815
0.91589307598
149835
0.907553998162
149855
0.916038602941
149875
0.918391927083
149895
0.907395067402
149915
0.904643458946
149935
0.915496706495
149955
0.912800628064
149975
0.916232000613
149995
0.916166896446
150015
0.907638250613
150035
0.920241651348
150055
0.926476332721
150075
0.926847809436
150095
0.92839307598
150115
0.911720664828
150135
0.905905330882
150155
0.909457337623
150175
0.902033547794
150195
0.890370327819
150215
0.882421875
150235
0.875017233456
150255
0.863725490196
150275
0.869351256127
150295
0.86578393076
150315
0.864056755515
150335
0.848276654412
150355
0.843575750613
150375
0.865420113358
150395
0.880972349877
150415
0.880147058824
150435
0.882852711397
150455
0.893150658701
150475
0.894734221814
150495
0.904316023284
150515
0.917026654412
150535
0.928762637868
150555
0.915613511029
150575
0.899770220588
150595
0.906841681985
150615
0.907938878676
150635
0.912643612132
150655
0.906422334559
150675
0.895835248162
150695
0.892084099265
150715
0.891741344975
150735
0.891492417279
150755
0.891314338235
150775
0.904480698529
150795
0.899034926471
150815
0.900394454657
150835
0.901759727328
150855
0.905394071691
150875
0.912733609069
150895
0.917955346201
150915
0.922024356618
150935
0.926596966912
150955
0.927826286765
150975
0.924752987132
150995
0.928756893382
151015
0.927676930147
151035
0.927177159926
151055
0.929900045956
151075
0.932209329044
151095
0.935811121324
151115
0.935615808824
151135
0.933714384191
151155
0.931106387868
151175
0.937482766544
151195
0.938625919118
151215
0.938154871324
151235
0.933404181985
151255
0.938493795956
151275
0.935299862132
151295
0.935104549632
151315
0.941906020221
151335
0.944399126838
151355
0.916810278799
151375
0.911866191789
151395
0.914118030025
151415
0.89654564951
151435
0.877127374387
151455
0.864056755515
151475
0.872372855392
151495
0.867493872549
151515
0.863482306985
151535
0.880440027574
151555
0.897125842525
151575
0.884062882966
151595
0.878841145833
151615
0.886182598039
151635
0.88908739277
151655
0.871622242647
151675
0.860294117647
151695
0.855949371936
151715
0.859750306373
151735
0.861592371324
151755
0.87060546875
151775
0.897669653799
151795
0.915012254902
151815
0.946894148284
151835
0.963518688725
151855
0.991603477328
151875
0.911749387255
151895
0.893474264706
151915
0.894536994485
151935
0.909995404412
