142899
0.0756941229424
142919
0.0771450617284
142939
0.0771121077675
142959
0.0825983796296
142979
0.0797104873971
142999
0.0771209490741
143019
0.0786101466049
143039
0.0943690522119
143059
0.102965856481
143079
0.1370000643
143099
0.112577803498
143119
0.0646604938272
143139
0.0658600180041
143159
0.0644314236111
143179
0.107545653292
143199
0.0726351916152
143219
0.0767351466049
143239
0.070675475823
143259
0.175115901492
143279
0.191788515947
143299
0.215819187243
143319
0.28958590535
143339
0.303135448817
143359
0.112745145319
143379
0.110689943416
143399
0.251918563529
143419
0.259113779578
143439
0.234726080247
143459
0.134233699846
143479
0.137001832562
143499
0.135413451646
143519
0.132042502572
143539
0.0773623971193
143559
0.0589764981996
143579
0.0604166666667
143599
0.0602060828189
143619
0.0660215727881
143639
0.0639178240741
143659
0.169555201903
143679
0.175402681327
143699
0.170951646091
143719
0.169252025463
143739
0.171301440329
143759
0.17180314429
143779
0.169658886317
143799
0.172775366512
143819
0.176593846451
143839
0.186121559928
143859
0.188549061214
143879
0.185907921811
143899
0.167268840021
143919
0.164605356224
143939
0.178958333333
143959
0.194152520576
143979
0.204434477881
143999
0.212938689558
144019
0.19181712963
144039
0.151888181584
144059
0.16077658822
144079
0.174776395319
144099
0.175867573302
144119
0.176775495113
144139
0.180188560957
144159
0.211704925412
144179
0.175108828447
144199
0.164142071759
144219
0.168158918467
144239
0.161212384259
144259
0.15694846322
144279
0.153880690586
144299
0.163041087963
144319
0.176243569959
144339
0.222407728909
144359
0.219868505658
144379
0.209203800154
144399
0.238782150206
144419
0.209213927469
144439
0.161450778035
144459
0.196567804784
144479
0.225793949331
144499
0.231311406893
144519
0.18210632073
144539
0.154880883488
144559
0.139816261574
144579
0.122958622685
144599
0.105856802984
144619
0.0945195151749
144639
0.0935005144033
144659
0.0938155864198
144679
0.0957564943416
144699
0.0965036651235
144719
0.0985535622428
144739
0.111594007202
144759
0.162516075103
144779
0.217009227109
144799
0.253630079733
144819
0.35782503858
144839
1.0
144859
1.0
144879
1.0
144899
1.0
144919
1.0
144939
1.0
144959
1.0
144979
0.988558706276
144999
0.979940361368
145019
0.970171199846
145039
0.970221514918
145059
0.970139210391
145079
0.971071405607
145099
0.970981706533
145119
0.971428755144
145139
0.971958429784
145159
0.966054365998
145179
0.950140496399
145199
0.943068254887
145219
0.94080311214
145239
0.936625353652
145259
0.926363811728
145279
0.917558513374
145299
0.902558513374
145319
0.892334747942
145339
0.88131880144
145359
0.872512860082
145379
0.857770704733
145399
0.859069573045
145419
0.856489679784
145439
0.853565457819
145459
0.847062274949
145479
0.847088155864
145499
0.847818447788
145519
0.852041055813
145539
0.853760770319
145559
0.85806873714
145579
0.865523083848
145599
0.865060281636
145619
0.853983088992
145639
0.842924382716
145659
0.844638792438
145679
0.836324909979
145699
0.82423900463
145719
0.822981127829
145739
0.809840856481
145759
0.802607220936
145779
0.799871238426
145799
0.783663355195
145819
0.779098990484
145839
0.777639853395
145859
0.775834137088
145879
0.780188400206
145899
0.780022987397
145919
0.785636574074
145939
0.782166763117
145959
0.76963445216
145979
0.779298000257
145999
0.772163548097
146019
0.772909272119
146039
0.771289223251
146059
0.777853652263
146079
0.769018132716
146099
0.772109857253
146119
0.773122910237
146139
0.779686696245
146159
0.78222190072
146179
0.780057548868
146199
0.780847157922
146219
0.77890319573
146239
0.80144836677
146259
0.813679108796
146279
0.818988393776
146299
0.826386959877
146319
0.839775270062
146339
0.851522955247
146359
0.85667502572
146379
0.856524080504
146399
0.861502218364
146419
0.867012924383
146439
0.876839634774
146459
0.872546778549
146479
0.863004597479
146499
0.863654996142
146519
0.847273823302
146539
0.845112204218
146559
0.838100244342
146579
0.836848154578
146599
0.837627314815
146619
0.84211869856
146639
0.843141557356
146659
0.844127764918
146679
0.837045556842
146699
0.84707658179
146719
0.847765882202
146739
0.852536168981
146759
0.860380497685
146779
0.863764949846
146799
0.865574363426
146819
0.866297582305
146839
0.875453800154
146859
0.872769900977
146879
0.869322595165
146899
0.870223926183
146919
0.869295588992
146939
0.873170492541
146959
0.873143004115
146979
0.874765625
146999
0.861530992798
147019
0.86105774177
147039
0.864397987397
147059
0.855867412551
147079
0.856835615998
147099
0.850397055041
147119
0.854954185957
147139
0.856181037809
147159
0.857638245885
147179
0.856083140432
147199
0.859774466307
147219
0.862640817901
147239
0.865809702932
147259
0.865366673097
147279
0.86606722608
147299
0.864446051955
147319
0.859143518519
147339
0.863550990226
147359
0.852876961163
147379
0.853266139403
147399
0.851487911523
147419
0.851803305041
147439
0.846117862654
147459
0.847367058899
147479
0.84557034465
147499
0.854362139918
147519
0.850859214249
147539
0.857157439558
147559
0.858650655864
147579
0.86217190715
147599
0.862409818673
147619
0.861210776749
147639
0.861850726595
147659
0.866296135545
147679
0.859827835648
147699
0.860405896348
147719
0.848414191101
147739
0.849309735082
147759
0.842632298097
147779
0.837394547325
147799
0.829645865484
147819
0.82775318287
147839
0.828244759516
147859
0.832281860854
147879
0.829449266975
147899
0.827898180298
147919
0.830698623971
147939
0.836455439815
147959
0.839297357253
147979
0.823747106481
147999
0.831846707819
148019
0.835518904321
148039
0.830292888374
148059
0.824061053241
148079
0.826354970422
148099
0.819392682613
148119
0.830970453961
148139
0.834007040895
148159
0.828097350823
148179
0.83747026106
148199
0.836469746656
148219
0.838720904064
148239
0.840658114712
148259
0.843603395062
148279
0.855788805298
148299
0.856811503344
148319
0.861084104938
148339
0.853833590535
148359
0.862825520833
148379
0.871153388632
148399
0.870305266204
148419
0.864178722994
148439
0.872329282407
148459
0.868485082305
148479
0.86629067001
148499
0.858944347994
148519
0.860513438786
148539
0.855507651749
148559
0.864467592593
148579
0.84600163966
148599
0.838276909722
148619
0.839398308899
148639
0.848469328704
148659
0.838640046296
148679
0.837404192387
148699
0.845376157407
148719
0.844834747942
148739
0.833397312243
148759
0.836109664352
148779
0.840160590278
148799
0.840229552469
148819
0.83873440715
148839
0.836386477623
148859
0.83674221965
148879
0.840936856996
148899
0.844247845936
148919
0.855724183385
148939
0.873146540638
148959
0.889154128086
148979
0.89890785751
148999
0.911627764918
149019
0.926681616512
149039
0.936300958076
149059
0.940304140947
149079
0.939569508745
149099
0.952738393776
149119
0.965842335391
149139
0.97491255144
149159
0.974284979424
149179
0.975461194702
149199
0.974635738169
149219
0.965657632459
149239
0.943304880401
149259
0.920315393519
149279
0.919822209362
149299
0.91229214892
149319
0.901987204218
149339
0.885549607767
149359
0.873724601337
149379
0.864171489198
149399
0.854138213735
149419
0.847956532922
149439
0.843982285237
149459
0.84648132073
149479
0.860131333591
149499
0.861667631173
149519
0.866051954733
149539
0.867329282407
149559
0.875468267747
149579
0.87535783179
149599
0.872640496399
149619
0.874306359311
149639
0.870748135288
149659
0.873163740998
149679
0.869228395062
149699
0.867874067644
149719
0.864111207562
149739
0.865030381944
149759
0.862703832305
149779
0.853438625257
149799
0.850482896091
149819
0.847434895833
149839
0.84049527392
149859
0.843398759002
149879
0.841758134002
149899
0.832573945473
149919
0.830790895062
149939
0.836669238683
149959
0.832793370628
149979
0.835678530093
149999
0.840577096193
150019
0.839662744342
150039
0.855933641975
150059
0.857829539609
150079
0.857307420267
150099
0.856483571245
150119
0.861263824588
150139
0.867317708333
150159
0.863829250257
150179
0.864405703447
150199
0.864331114969
150219
0.867184927984
150239
0.861175733025
150259
0.854728491512
150279
0.855489486883
150299
0.854994212963
150319
0.858475919496
150339
0.863753858025
150359
0.858251993313
150379
0.862446469907
150399
0.857507555298
150419
0.861161586934
150439
0.853599858539
150459
0.85818126286
150479
0.867861850566
150499
0.88096402392
150519
0.884836355453
150539
0.884763213735
150559
0.89364535108
150579
0.890063657407
150599
0.89553433642
150619
0.892432323817
150639
0.895590277778
150659
0.900396251286
150679
0.90150945216
150699
0.899113618827
150719
0.889786522634
150739
0.880694926698
150759
0.875619855967
150779
0.865491737397
150799
0.86805314429
150819
0.861416859568
150839
0.8671014982
150859
0.884926215278
150879
0.893117605453
150899
0.904083719136
150919
0.913430587706
150939
0.924537037037
150959
0.940475180041
150979
0.94014065715
150999
0.955029578189
151019
0.964591210134
151039
0.986563143004
151059
0.986531153549
151079
0.986643357767
151099
0.986798964763
151119
0.986332465278
151139
0.980854230967
151159
0.963697755916
151179
0.946280542695
151199
0.943074202675
151219
0.932821341307
151239
0.910241448045
151259
0.909741673097
151279
0.903039319702
151299
0.89682195216
151319
0.880243537809
151339
0.874569990998
151359
0.864131783693
151379
0.875054173097
151399
0.886403356481
151419
0.891444508745
151439
0.887380561986
151459
0.891444508745
151479
0.884465342078
151499
0.881685635288
151519
0.885336773405
151539
0.880978330761
151559
0.875010448817
151579
0.881144386574
151599
0.878344103652
151619
0.87658757716
151639
0.874233217593
151659
0.881334876543
151679
0.892060345936
151699
0.883978266461
151719
0.8873046875
151739
0.884707593879
151759
0.890688175154
151779
0.906214634774
151799
0.901498842593
151819
0.901993312757
151839
0.877703993056
151859
0.856961644805
151879
0.847313689558
151899
0.824973797582
151919
0.834446534208
151939
0.82947193287
151959
0.832625707305
151979
0.839602784208
151999
0.838448752572
152019
0.848890496399
152039
0.85644997428
152059
0.880618409208
152079
0.910654899691
152099
0.933658371914
152119
0.952736143261
152139
0.963723636831
152159
0.991128632973
152179
1.0
152199
0.267303240741
152219
0.29002507716
152239
0.287638406636
152259
0.263722511574
152279
0.257927436986
152299
0.24545621142
152319
1.0
152339
0.0685960005144
152359
0.063387024177
152379
0.0633958654835
152399
0.0633609825103
152419
0.0633849344136
152439
1.0
152459
1.0
152479
1.0
