120538
0.12440962358
120558
0.115173709754
120578
0.11386866714
120598
0.120034327652
120618
0.141471354167
120638
0.138858309659
120658
0.107558001894
120678
0.091845703125
120698
0.0973351680871
120718
0.0815252130682
120738
0.0788633404356
120758
0.101890980114
120778
0.104356060606
120798
0.11122750947
120818
0.108684008049
120838
0.112739701705
120858
0.103051017992
120878
0.109952059659
120898
0.113444010417
120918
0.144868607955
120938
0.127463600852
120958
0.172102864583
120978
0.0805382930871
120998
0.0767075047348
121018
0.0782137784091
121038
0.0493178858902
121058
0.0490959398674
121078
0.0458377722538
121098
0.0539683948864
121118
0.0569765033144
121138
0.996821732955
121158
0.985098544034
121178
0.977117365057
121198
0.979043856534
121218
0.972998046875
121238
0.969367009943
121258
0.962291370739
121278
0.958389559659
121298
0.959330610795
121318
0.95713334517
121338
0.947567471591
121358
0.943252840909
121378
0.94082475142
121398
0.932137784091
121418
0.937069424716
121438
0.940540660511
121458
0.925861150568
121478
0.923899147727
121498
0.926384943182
121518
0.921457741477
121538
0.914280007102
121558
0.910289417614
121578
0.898876953125
121598
0.901384943182
121618
0.903662109375
121638
0.895348011364
121658
0.899960049716
121678
0.90469193892
121698
0.897674005682
121718
0.898206676136
121738
0.905051491477
121758
0.895530007102
121778
0.894873046875
121798
0.901633522727
121818
0.895268110795
121838
0.892147549716
121858
0.89824662642
121878
0.886292613636
121898
0.889706143466
121918
0.112924656723
121938
0.108428030303
121958
0.107260594223
121978
0.105579723011
121998
0.105214251894
122018
0.756622869318
122038
0.102718098958
122058
0.104595762311
122078
0.108617424242
122098
0.110795454545
122118
0.896604225852
122138
0.90107421875
122158
0.908149857955
122178
0.115576171875
122198
0.12206735322
122218
0.121948982008
122238
0.90830078125
122258
0.908744673295
122278
0.900208629261
122298
0.909463778409
122318
0.11669773911
122338
0.115811434659
122358
0.115909090909
122378
0.115981593277
122398
0.114871863163
122418
0.113853870739
122438
0.115453361742
122458
0.114237097538
122478
0.115275804924
122498
0.113128847064
122518
0.113507634943
122538
0.907142223011
122558
0.91484375
122578
0.905965909091
122598
0.905308948864
122618
0.10097212358
122638
0.0938106652462
122658
0.0992646188447
122678
0.0988355232008
122698
0.11523585464
122718
0.11162405303
122738
0.114154237689
122758
0.188583096591
122778
0.248483368845
122798
0.22118992661
122818
0.200905539773
122838
0.201380504261
122858
0.196181048769
122878
0.187828480114
122898
0.196503610322
122918
0.194670336174
122938
0.40351414536
122958
0.411962890625
122978
0.414386541193
122998
0.434706439394
123018
0.45322413589
123038
0.47860884233
123058
0.43847508286
123078
0.419393643466
123098
0.432784386837
123118
0.435134055398
123138
0.43857421875
123158
0.439171993371
123178
0.424548709754
123198
0.411510120739
123218
0.419014855587
123238
0.415715258049
123258
0.415610203598
123278
0.415552497633
123298
0.409369081439
123318
0.41474165483
123338
0.417834102746
123358
0.415706380208
123378
0.413131806345
123398
0.430646306818
123418
0.427325994318
123438
0.476717862216
123458
0.480524976326
123478
0.408957741477
123498
0.423382753314
123518
0.413898259943
123538
0.395145300663
123558
0.422776100852
123578
0.41562943892
123598
0.392017341383
123618
0.426220703125
123638
0.409138257576
123658
0.124545750473
123678
0.118869850852
123698
0.119420276989
123718
0.117974668561
123738
0.115617601799
123758
0.116853101326
123778
0.118320904356
123798
0.115737452652
123818
0.118758877841
123838
0.121519886364
123858
0.126584694602
123878
0.133842329545
123898
0.10517430161
123918
0.108234197443
123938
0.106128669508
123958
0.914533025568
123978
0.91171875
123998
0.90586381392
124018
0.906312144886
124038
0.899644886364
124058
0.89833984375
124078
0.90635209517
124098
0.904580965909
124118
0.901447088068
124138
0.911563387784
124158
0.904696377841
124178
0.913032670455
124198
0.910418146307
124218
0.903204900568
124238
0.904421164773
124258
0.915758167614
124278
0.910768821023
124298
0.90595703125
124318
0.907395241477
124338
0.893204012784
124358
0.890549538352
124378
0.899493963068
124398
0.892076526989
124418
0.895778586648
124438
0.89727006392
124458
0.901429332386
124478
0.9025390625
124498
0.907102272727
124518
0.897110262784
124538
0.894584517045
124558
0.90390181108
124578
0.90009765625
124598
0.905166903409
124618
0.916051136364
124638
0.914484197443
124658
0.913884943182
124678
0.916144353693
124698
0.909721235795
124718
0.90947265625
124738
0.916237571023
124758
0.910262784091
124778
0.913707386364
124798
0.921364524148
124818
0.918128551136
124838
0.916938920455
124858
0.923077947443
124878
0.916566051136
124898
0.91279740767
124918
0.920565518466
124938
0.911736505682
124958
0.915931285511
124978
0.921630859375
124998
0.911274857955
125018
0.912628728693
125038
0.913458806818
125058
0.904598721591
125078
0.90488725142
125098
0.913201349432
125118
0.905459872159
125138
0.907643821023
125158
0.914315518466
125178
0.906396484375
125198
0.908633700284
125218
0.9138671875
125238
0.910076349432
125258
0.913884943182
125278
0.914865944602
125298
0.906321022727
125318
0.906454190341
125338
0.91826171875
125358
0.912464488636
125378
0.909512606534
125398
0.915380859375
125418
0.907106711648
125438
0.910555752841
125458
0.91649946733
125478
0.907941228693
125498
0.901336115057
125518
0.910915305398
125538
0.905433238636
125558
0.916432883523
125578
0.92128462358
125598
0.905748401989
125618
0.901571377841
125638
0.909503728693
125658
0.90703125
125678
0.905317826705
125698
0.911803089489
125718
0.902299360795
125738
0.905655184659
125758
0.911474609375
125778
0.906618430398
125798
0.905011541193
125818
0.908096590909
125838
0.897904829545
125858
0.907639382102
125878
0.913907137784
125898
0.901886541193
125918
0.903267045455
125938
0.904936079545
125958
0.901052024148
125978
0.894522372159
125998
0.901828835227
126018
0.893039772727
126038
0.888170276989
126058
0.904070490057
126078
0.889657315341
126098
0.899551669034
126118
0.900621448864
126138
0.898188920455
126158
0.89940962358
126178
0.914089133523
126198
0.91044921875
126218
0.91191850142
126238
0.923122336648
126258
0.92040571733
126278
0.915855823864
126298
0.922602982955
126318
0.912566583807
126338
0.910440340909
126358
0.91865234375
126378
0.913219105114
126398
0.914897017045
126418
0.919202769886
126438
0.906898082386
126458
0.911359197443
126478
0.916663707386
126498
0.91084428267
126518
0.906063565341
126538
0.917697975852
126558
0.90732865767
126578
0.902507990057
126598
0.908664772727
126618
0.899596058239
126638
0.902618963068
126658
0.905992542614
126678
0.904900568182
126698
0.902880859375
126718
0.904563210227
126738
0.893732244318
126758
0.890562855114
126778
0.899769176136
126798
0.886301491477
126818
0.889475319602
126838
0.90409712358
126858
0.901602450284
126878
0.896954900568
126898
0.899094460227
126918
0.891614879261
126938
0.891881214489
126958
0.901234019886
126978
0.899533913352
126998
0.907830255682
127018
0.910276100852
127038
0.906427556818
127058
0.912628728693
127078
0.920791903409
127098
0.908132102273
127118
0.911314808239
127138
0.92069868608
127158
0.917644708807
127178
0.915389737216
127198
0.92118696733
127218
0.917449396307
127238
0.912140447443
127258
0.922678444602
127278
0.929327947443
127298
0.92754350142
127318
0.924733664773
127338
0.918736683239
127358
0.926997514205
127378
0.932213245739
127398
0.923135653409
127418
0.92100053267
127438
0.918785511364
127458
0.905841619318
127478
0.91201171875
127498
0.91435102983
127518
0.897034801136
127538
0.893217329545
127558
0.901003196023
127578
0.902064098011
127598
0.910169566761
127618
0.902352627841
127638
0.901620205966
127658
0.902849786932
127678
0.909681285511
127698
0.907484019886
127718
0.916561612216
127738
0.91552734375
127758
0.909406072443
127778
0.911754261364
127798
0.918310546875
127818
0.912056107955
127838
0.916352982955
127858
0.910613458807
127878
0.907683771307
127898
0.909259588068
127918
0.913858309659
127938
0.909583629261
127958
0.915882457386
127978
0.923885830966
127998
0.912070904356
128018
0.918727805398
128038
0.916487630208
128058
0.909187085701
128078
0.90702829072
128098
0.911631451231
128118
0.914285925663
128138
0.916493548769
128158
0.915213660038
128178
0.910477331913
128198
0.914558179451
128218
0.916060014205
128238
0.905704012784
128258
0.904425603693
128278
0.905575284091
128298
0.907599431818
128318
0.898308771307
128338
0.905331143466
128358
0.892098721591
128378
0.888645241477
128398
0.892928799716
128418
0.88427734375
128438
0.884166370739
128458
0.885653409091
128478
0.880011541193
128498
0.884303977273
128518
0.8875
128538
0.883416193182
128558
0.875656960227
128578
0.897190163352
128598
0.897682883523
128618
0.902787642045
128638
0.908127663352
128658
0.912610973011
128678
0.911692116477
128698
0.924240944602
128718
0.916628196023
128738
0.923548473011
128758
0.927769886364
128778
0.92900834517
128798
0.931818181818
128818
0.940549538352
128838
0.931685014205
128858
0.927303799716
128878
0.933753551136
128898
0.924955610795
128918
0.920916193182
128938
0.925066583807
128958
0.913552024148
128978
0.91934037642
128998
0.91855024858
129018
0.909055397727
129038
0.918013139205
129058
0.920822975852
129078
0.914071377841
129098
0.911159446023
129118
0.918730764678
129138
0.915475556345
129158
0.920237038352
129178
0.92646188447
129198
0.92177438447
129218
0.93125443892
129238
0.928170868845
129258
0.929431522254
129278
0.937369791667
129298
0.928767163826
129318
0.926473721591
129338
0.926632043087
129358
0.936076586174
129378
0.927703302557
129398
0.92538618608
129418
0.924834280303
129438
0.917422762784
129458
0.920401278409
129478
0.919593394886
129498
0.927691465436
129518
0.911897786458
129538
0.91103219697
129558
0.897077710701
129578
0.872542317708
129598
0.88749556108
129618
0.86689601089
129638
0.870640980114
129658
0.883448745265
129678
0.882158499053
129698
0.878968394886
129718
0.879020182292
129738
0.874057469223
129758
0.874300130208
129778
0.892248165246
129798
0.887652402936
129818
0.904040897254
129838
0.933812736742
129858
0.930812026515
129878
0.944689571496
129898
0.948959812973
129918
0.946997810133
129938
0.952518347538
129958
0.966480232008
129978
0.975640684186
129998
0.977774325284
130018
0.98164358428
130038
0.988631924716
130058
0.997909268466
130078
1.0
130098
1.0
130118
1.0
