135657
0.0719633246528
135677
0.0993253038194
135697
0.0869344618056
135717
0.0871004774306
135737
0.0845314670139
135757
0.0706304253472
135777
0.0654748263889
135797
0.0658804253472
135817
0.0665974392361
135837
0.0670338541667
135857
0.0686664496528
135877
0.0696974826389
135897
0.0829184027778
135917
0.289554904514
135937
0.262730034722
135957
0.0800279947917
135977
0.0761976996528
135997
0.0778415798611
136017
0.0828435329861
136037
0.0834670138889
136057
0.0827664930556
136077
0.0922506510417
136097
0.0585086805556
136117
0.0526714409722
136137
0.05102734375
136157
0.0599917534722
136177
0.0931990017361
136197
0.0833760850694
136217
0.0925349392361
136237
0.0741236979167
136257
0.0511807725694
136277
0.0518005642361
136297
0.098341796875
136317
0.0627217881944
136337
0.0888752170139
136357
0.0801486545139
136377
0.0935887586806
136397
0.055935546875
136417
0.0599943576389
136437
0.0538430989583
136457
0.0982204861111
136477
0.0882126736111
136497
0.0655219184028
136517
0.137358940972
136537
0.0834424913194
136557
0.107854600694
136577
0.101284939236
136597
0.0887204861111
136617
0.119097873264
136637
0.137321180556
136657
0.129692925347
136677
0.104004557292
136697
0.0546807725694
136717
0.0492836371528
136737
0.0716946614583
136757
0.102679904514
136777
0.101312282986
136797
0.130138888889
136817
0.152688151042
136837
0.130379123264
136857
0.139127604167
136877
0.0535182291667
136897
0.0539485677083
136917
0.0538530815972
136937
0.0503565538194
136957
0.05516015625
136977
0.0601438802083
136997
0.0960620659722
137017
0.131671657986
137037
0.159507595486
137057
0.165494357639
137077
0.0916527777778
137097
0.0898198784722
137117
0.0602100694444
137137
0.0758274739583
137157
0.0760944010417
137177
0.0957862413194
137197
0.728179036458
137217
0.926688585069
137237
0.899603732639
137257
0.739424045139
137277
0.384597222222
137297
0.386010633681
137317
0.385384765625
137337
0.392842230903
137357
0.409477213542
137377
0.433161241319
137397
0.474511067708
137417
0.500524088542
137437
0.526195529514
137457
0.574733506944
137477
0.625564019097
137497
0.664349609375
137517
0.708006944444
137537
0.762474609375
137557
0.802061631944
137577
0.799814670139
137597
0.811323567708
137617
0.819685763889
137637
0.814709635417
137657
0.812294487847
137677
0.809317925347
137697
0.815246527778
137717
0.816215494792
137737
0.818938368056
137757
0.818847005208
137777
0.817779513889
137797
0.815385416667
137817
0.82573046875
137837
0.830042751736
137857
0.823725477431
137877
0.822364366319
137897
0.818715494792
137917
0.814140625
137937
0.810865668403
137957
0.810298394097
137977
0.790383029514
137997
0.7920078125
138017
0.785849609375
138037
0.786215494792
138057
0.784015842014
138077
0.784614149306
138097
0.784932942708
138117
0.783315755208
138137
0.789545355903
138157
0.788464192708
138177
0.797500868056
138197
0.795724609375
138217
0.800139973958
138237
0.811213975694
138257
0.813551215278
138277
0.825006510417
138297
0.826640842014
138317
0.840493272569
138337
0.830456163194
138357
0.830085720486
138377
0.826755642361
138397
0.824946831597
138417
0.828457899306
138437
0.826975477431
138457
0.809344401042
138477
0.8129375
138497
0.80836328125
138517
0.804902994792
138537
0.816830512153
138557
0.820154296875
138577
0.815859157986
138597
0.822418402778
138617
0.818981770833
138637
0.819635416667
138657
0.820286458333
138677
0.831593315972
138697
0.830271701389
138717
0.828931640625
138737
0.826367404514
138757
0.82122265625
138777
0.827343967014
138797
0.832016493056
138817
0.827470486111
138837
0.821811631944
138857
0.821951605903
138877
0.818480251736
138897
0.822391493056
138917
0.821518229167
138937
0.809272135417
138957
0.803131293403
138977
0.805328125
138997
0.807456163194
139017
0.805145616319
139037
0.799776692708
139057
0.79933984375
139077
0.802359375
139097
0.820943359375
139117
0.822586588542
139137
0.818529947917
139157
0.825293402778
139177
0.822155598958
139197
0.825974609375
139217
0.826493489583
139237
0.83158984375
139257
0.829479817708
139277
0.837041232639
139297
0.841162543403
139317
0.830742838542
139337
0.829130859375
139357
0.833895616319
139377
0.830557725694
139397
0.836029079861
139417
0.828866319444
139437
0.824492404514
139457
0.816658637153
139477
0.828728515625
139497
0.82828515625
139517
0.830181857639
139537
0.832641493056
139557
0.827155164931
139577
0.828028645833
139597
0.831369574653
139617
0.836022135417
139637
0.835905598958
139657
0.835600694444
139677
0.834400607639
139697
0.820375651042
139717
0.820808810764
139737
0.813988715278
139757
0.809056206597
139777
0.795900390625
139797
0.796433810764
139817
0.794934678819
139837
0.796467881944
139857
0.798151258681
139877
0.814222873264
139897
0.820835720486
139917
0.819830946181
139937
0.839546440972
139957
0.834856553819
139977
0.83405078125
139997
0.832343315972
140017
0.825081814236
140037
0.812739149306
140057
0.802674045139
140077
0.820515842014
140097
0.832129123264
140117
0.838930772569
140137
0.856126953125
140157
0.865430121528
140177
0.876722873264
140197
0.899908854167
140217
0.930192708333
140237
0.936421006944
140257
0.924875868056
140277
0.901678819444
140297
0.882723090278
140317
0.888937282986
140337
0.879000651042
140357
0.865613715278
140377
0.8551875
140397
0.836225477431
140417
0.825594835069
140437
0.826245008681
140457
0.829320963542
140477
0.823575520833
140497
0.818093098958
140517
0.814960286458
140537
0.818800998264
140557
0.814405815972
140577
0.812621961806
140597
0.809785807292
140617
0.8169609375
140637
0.820849826389
140657
0.827637803819
140677
0.828546875
140697
0.831562717014
140717
0.828520616319
140737
0.831981119792
140757
0.827964626736
140777
0.817307291667
140797
0.819345052083
140817
0.820425564236
140837
0.813711588542
140857
0.81660546875
140877
0.792102430556
140897
0.81560546875
140917
0.829911892361
140937
0.848887369792
140957
0.872412543403
140977
0.868591579861
140997
0.871504340278
141017
0.882498697917
141037
0.898108723958
141057
0.911335286458
141077
0.91636328125
141097
0.904598090278
141117
0.907422960069
141137
0.907512369792
141157
0.919010416667
141177
0.927548394097
141197
0.915579861111
141217
0.912598958333
141237
0.911654947917
141257
0.923389105903
141277
0.928077039931
141297
0.910998480903
141317
0.896059027778
141337
0.875546440972
141357
0.866967230903
141377
0.854751302083
141397
0.839886501736
141417
0.820422309028
141437
0.803875217014
141457
0.792388237847
141477
0.796909505208
141497
0.795873697917
141517
0.791098307292
141537
0.791046657986
141557
0.793571180556
141577
0.794534288194
141597
0.804646267361
141617
0.802360894097
141637
0.798055989583
141657
0.798646484375
141677
0.812493706597
141697
0.816470920139
141717
0.808645833333
141737
0.81022265625
141757
0.809258897569
141777
0.802975477431
141797
0.804356770833
141817
0.802959201389
141837
0.79907421875
141857
0.782870659722
141877
0.788346137153
141897
0.785376736111
141917
0.779519097222
141937
0.783423177083
141957
0.780077256944
141977
0.781743055556
141997
0.791534939236
142017
0.79698828125
142037
0.797506293403
142057
0.801297743056
142077
0.80615234375
142097
0.804993489583
142117
0.815353081597
142137
0.821301432292
142157
0.815811631944
142177
0.817075520833
142197
0.806934678819
142217
0.820477430556
142237
0.822875434028
142257
0.819387803819
142277
0.817274522569
142297
0.813094401042
142317
0.810889973958
142337
0.826321397569
142357
0.839194010417
142377
0.833825954861
142397
0.828926215278
142417
0.839876519097
142437
0.843735460069
142457
0.858093532986
142477
0.862759331597
142497
0.855661241319
142517
0.85548828125
142537
0.856190104167
142557
0.861898871528
142577
0.850690321181
142597
0.851664279514
142617
0.835765190972
142637
0.836746961806
142657
0.834769748264
142677
0.843092447917
142697
0.836940538194
142717
0.832224392361
142737
0.836244574653
142757
0.836508680556
142777
0.842064019097
142797
0.831456380208
142817
0.839292751736
142837
0.837724609375
142857
0.839090928819
142877
0.845911675347
142897
0.845219618056
142917
0.85634765625
142937
0.851355251736
142957
0.854738498264
142977
0.854611979167
142997
0.850329210069
143017
0.843440321181
143037
0.834449435764
143057
0.837201171875
143077
0.856888888889
143097
0.858070529514
143117
0.869962456597
143137
0.881788194444
143157
0.893672960069
143177
0.903138671875
143197
0.920608506944
143217
0.931842881944
143237
0.934193359375
143257
0.915524739583
143277
0.890766927083
143297
0.885123046875
143317
0.875258246528
143337
0.854973958333
143357
0.834263888889
143377
0.827850477431
143397
0.809293185764
143417
0.809334418403
143437
0.805338758681
143457
0.794819444444
143477
0.789921006944
143497
0.790872395833
143517
0.813203342014
143537
0.807927951389
143557
0.800231336806
143577
0.797580078125
143597
0.815711154514
143617
0.802864149306
143637
0.819920355903
143657
0.812038628472
143677
0.803051215278
143697
0.798748046875
143717
0.784171875
143737
0.776425347222
143757
0.756561197917
143777
0.758265407986
143797
0.757163845486
143817
0.764179253472
143837
0.764605251736
143857
0.768689670139
143877
0.784176215278
143897
0.791180555556
143917
0.814899088542
143937
0.814149305556
143957
0.806530381944
143977
0.814186631944
143997
0.81086328125
144017
0.813159288194
144037
0.809484375
144057
0.815935763889
144077
0.808774305556
144097
0.815744357639
144117
0.815933159722
144137
0.809522352431
144157
0.810115017361
144177
0.799757161458
144197
0.8140703125
144217
0.826108289931
144237
0.844772135417
144257
0.854270399306
144277
0.867564453125
144297
0.867832465278
144317
0.869136501736
144337
0.892173394097
144357
0.902657552083
144377
0.899146267361
144397
0.896133246528
144417
0.895877821181
144437
0.889280164931
144457
0.88215625
144477
0.885996527778
144497
0.881796657986
144517
0.876810112847
144537
0.877962022569
144557
0.885131076389
144577
0.879237847222
144597
0.882003689236
144617
0.881583116319
144637
0.894419921875
144657
0.887844835069
144677
0.889041666667
144697
0.889442491319
144717
0.8960859375
144737
0.889252821181
144757
0.877805989583
144777
0.892414930556
144797
0.894932074653
144817
0.908712456597
144837
0.909534505208
144857
0.892849392361
144877
0.886429036458
144897
0.873065538194
144917
0.871236545139
144937
0.874178602431
144957
0.877174913194
144977
0.875050347222
144997
0.871903428819
145017
0.871848090278
145037
0.857978081597
145057
0.882504340278
145077
0.896514322917
145097
0.895078993056
145117
0.894109592014
145137
0.895962456597
145157
0.893217230903
145177
0.939272352431
145197
1.0
145217
1.0
145237
1.0
