167644
0.0615841689988
167664
0.057912099658
167684
0.0575005830224
167704
0.0575428521455
167724
0.0565512282338
167744
0.056689696051
167764
0.0479783698694
167784
0.0487129780784
167804
0.053856693097
167824
0.053952891791
167844
0.0538975046642
167864
0.0548658076803
167884
0.0555294814988
167904
0.0553589474502
167924
0.0887986823694
167944
0.0930323966107
167964
0.0607183807525
167984
0.058251224347
168004
0.0628556436567
168024
0.0584800606343
168044
0.0553914995336
168064
0.0542410020211
168084
0.0783980488184
168104
0.111799887282
168124
0.115874727923
168144
0.0694462259017
168164
0.0533319729478
168184
0.0861201803483
168204
0.0948655161692
168224
0.0962317319652
168244
0.0580942941542
168264
0.089894278607
168284
0.108185148476
168304
0.113727262127
168324
0.107672088775
168344
0.064601309857
168364
0.0665359724813
168384
0.0700277907338
168404
0.06552734375
168424
0.0765168299129
168444
0.068358403296
168464
0.0693223336443
168484
0.242601445896
168504
0.084327872357
168524
0.065038090796
168544
0.0633113728234
168564
0.0643583838619
168584
0.0612081195585
168604
0.0562257074005
168624
0.0440206195585
168644
0.0682165345149
168664
0.0677671214241
168684
0.205678152208
168704
0.159652907338
168724
0.148927724658
168744
0.0760358364428
168764
0.0721009211754
168784
0.0901741293532
168804
0.061620122046
168824
0.0748935984142
168844
0.0867226368159
168864
0.133272115983
168884
0.0733583061256
168904
0.0775327464241
168924
0.0803502021144
168944
0.0727111512749
168964
0.0674071050995
168984
0.0724176966729
169004
0.0675718089241
169024
0.0677204796331
169044
0.0836539956468
169064
0.0817688899254
169084
0.062840582245
169104
0.0585898631841
169124
0.060545903296
169144
0.0566663751555
169164
0.931463774876
169184
0.97420903296
169204
0.975801169932
169224
0.976292366294
169244
0.997940959266
169264
0.0578994675062
169284
0.056886951959
169304
0.0589085820896
169324
0.0638832206157
169344
0.052297108209
169364
0.0588969216418
169384
0.0517855060634
169404
0.055322022699
169424
0.0421253109453
169444
0.0915393734453
169464
0.113397854478
169484
0.0492605332711
169504
0.0465397621269
169524
0.0990273243159
169544
0.0960398204291
169564
0.126870530162
169584
0.106013390081
169604
0.0830121851679
169624
0.0551510027985
169644
0.0555829252177
169664
0.0560882112873
169684
0.0514716456779
169704
0.0401435206779
169724
0.0559667482898
169744
0.0580457089552
169764
0.0648199432525
169784
0.0621001438122
169804
0.0610074626866
169824
0.0636111435012
169844
0.0605211248445
169864
0.0601713114117
169884
0.0607839707711
169904
0.0507695895522
169924
0.0498761077425
169944
0.0577707167289
169964
0.045606440454
169984
0.0502094022077
170004
0.0512515547264
170024
0.0492921136505
170044
0.0511966534515
170064
0.0546933302239
170084
0.0554060750933
170104
0.0794188238495
170124
0.0792390586132
170144
0.0542735541045
170164
0.0806820390236
170184
0.0812057874689
170204
0.0736056047886
170224
0.0767335199005
170244
0.0536672108209
170264
0.0545261971393
170284
0.0540869869403
170304
0.03896727301
170324
0.0402630402674
170344
0.0643642140858
170364
0.0527470071517
170384
0.0522737873134
170404
0.0448519123134
170424
0.0446327930659
170444
0.0629052005597
170464
0.0635164023632
170484
0.0623872823383
170504
0.0507253770211
170524
0.0504567008706
170544
0.0528247434701
170564
0.0529500932836
170584
0.0534578086132
170604
0.0962842039801
170624
0.0950088425062
170644
0.0978107509328
170664
0.0969624533582
170684
1.0
170704
1.0
170724
0.984198149876
170744
0.984197178172
170764
0.984576142724
170784
1.0
170804
1.0
170824
0.995139536692
170844
0.992346859453
170864
0.989737834266
170884
0.989397252021
170904
0.989612970305
170924
0.989364699938
170944
0.989627545864
170964
0.988275905628
170984
0.985130013993
171004
0.979798274254
171024
0.979217195274
171044
0.979718594527
171064
0.9790894162
171084
0.985866565609
171104
0.986848472481
171124
0.989682932991
171144
0.985774253731
171164
0.979136543843
171184
0.975755499845
171204
0.969755227767
171224
0.965716826026
171244
0.965166355721
171264
0.965362639925
171284
0.960485171797
171304
0.955591670553
171324
0.950831778607
171344
0.945581662002
171364
0.93845469916
171384
0.933175431437
171404
0.928781386039
171424
0.931112989739
171444
0.928580243315
171464
0.930055775808
171484
0.92751962842
171504
0.92676024176
171524
0.927736318408
171544
0.925824976679
171564
0.929572353078
171584
0.927721256996
171604
0.923773709577
171624
0.925161788713
171644
0.926739835976
171664
0.931589610541
171684
0.93083994092
171704
0.931201900653
171724
0.933055911847
171744
0.93780511505
171764
0.939440492848
171784
0.936197916667
171804
0.93720946051
171824
0.926918629509
171844
0.933155997357
171864
0.931759172886
171884
0.92559079602
171904
0.924195429104
171924
0.91798575482
171944
0.917691328514
171964
0.911027382618
171984
0.913149098259
172004
0.905165578358
172024
0.903932971859
172044
0.908788090796
172064
0.908873114894
172084
0.914316600591
172104
0.91007316931
172124
0.912646727301
172144
0.911738669932
172164
0.914356926306
172184
0.91230711676
172204
0.914630460976
172224
0.915227573072
172244
0.912148729011
172264
0.912547613495
172284
0.909075229322
172304
0.911379625311
172324
0.90470207556
172344
0.909076201026
172364
0.904461092973
172384
0.908332361629
172404
0.911915034204
172424
0.911655589241
172444
0.914588677705
172464
0.918269492382
172484
0.918947255908
172504
0.91355478467
172524
0.918507074005
172544
0.916014167444
172564
0.919408815299
172584
0.920095810012
172604
0.915135747046
172624
0.916990729944
172644
0.912698227612
172664
0.908501923974
172684
0.897800548041
172704
0.901424032183
172724
0.895091437345
172744
0.895065201337
172764
0.899285797575
172784
0.899510261194
172804
0.897434215641
172824
0.890820798352
172844
0.895647737873
172864
0.889675159359
172884
0.893072722326
172904
0.885534242848
172924
0.886796486318
172944
0.889571187034
172964
0.892311392257
172984
0.892303618626
173004
0.889202425373
173024
0.889314657183
173044
0.882815900964
173064
0.890987445585
173084
0.897918610075
173104
0.898475882307
173124
0.903725998912
173144
0.907915500622
173164
0.911475338153
173184
0.910149933924
173204
0.912174965019
173224
0.908561683769
173244
0.909425042755
173264
0.903337803172
173284
0.905437169621
173304
0.900837608831
173324
0.902831059546
173344
0.903261524409
173364
0.897356479322
173384
0.900504314366
173404
0.886329096704
173424
0.883369286381
173444
0.876348725124
173464
0.878517082556
173484
0.883883317786
173504
0.887961073539
173524
0.889888934235
173544
0.891843030939
173564
0.898964649409
173584
0.895347967195
173604
0.894911186256
173624
0.896188005286
173644
0.892399331468
173664
0.898621637904
173684
0.904391130286
173704
0.917361920864
173724
0.918398729011
173744
0.915723627954
173764
0.906022621269
173784
0.909601407027
173804
0.915471956623
173824
0.914867070896
173844
0.917873037158
173864
0.917772951648
173884
0.915389847637
173904
0.916374183769
173924
0.918532338308
173944
0.919011388371
173964
0.916115224658
173984
0.913213230721
174004
0.910263137438
174024
0.912360560479
174044
0.912012690454
174064
0.910823324782
174084
0.911023495802
174104
0.909840446206
174124
0.910023612407
174144
0.911270308613
174164
0.905448830068
174184
0.906892782183
174204
0.903843575093
174224
0.906194612873
174244
0.901390508396
174264
0.904210879198
174284
0.904129741915
174304
0.903495219216
174324
0.901679104478
174344
0.900541239117
174364
0.902773243159
174384
0.897629528141
174404
0.900334752021
174424
0.896343477923
174444
0.899651158271
174464
0.894721218128
174484
0.895462142413
174504
0.895611298974
174524
0.896071400808
174544
0.894365574471
174564
0.894323305348
174584
0.902177102767
174604
0.89414548352
174624
0.894575462531
174644
0.894610443874
174664
0.892414878731
174684
0.89558117615
174704
0.899924692942
174724
0.905116993159
174744
0.898189715485
174764
0.905569321362
174784
0.907801811256
174804
0.914985618781
174824
0.921445992693
174844
0.922012981965
174864
0.931779578669
174884
0.930088813744
174904
0.9295043338
174924
0.927218400187
174944
0.919879605877
174964
0.912975163246
174984
0.908309040734
175004
0.912276508085
175024
0.904110793688
175044
0.898173196517
175064
0.892627681903
175084
0.89083731732
175104
0.878154151119
175124
0.870688063588
175144
0.86667978467
175164
0.866144861629
175184
0.860543474036
175204
0.869785836443
175224
0.866497104322
175244
0.869495296953
175264
0.868975921175
175284
0.866980527052
175304
0.87393549829
175324
0.875195798352
175344
0.874647271455
175364
0.879989214086
175384
0.87549071051
175404
0.879305620336
175424
0.88093516791
175444
0.884193291356
175464
0.881700384795
175484
0.881111046331
175504
0.88156240283
175524
0.882173118781
175544
0.881226679104
175564
0.875713230721
175584
0.876597967195
175604
0.878175042755
175624
0.873495316387
175644
0.870831389925
175664
0.871639361785
175684
0.872573655162
175704
0.869955398787
175724
0.866363495025
175744
0.873983597637
175764
0.871631588153
175784
0.867108306126
175804
0.871619927705
175824
0.87911613806
175844
0.89296389148
175864
0.892088872046
175884
0.895340679415
175904
0.905803016169
175924
0.908191950404
175944
0.906778121113
175964
0.913851154384
175984
0.914466728856
176004
0.911779481499
176024
0.922229671953
176044
0.933085062966
176064
0.93467282727
176084
0.941304706934
176104
0.9367430426
176124
0.938946381374
176144
0.944714902052
176164
0.936665306281
176184
0.933703066698
176204
0.938187966418
176224
0.942431883551
176244
0.950098627954
176264
0.957195953825
176284
0.958816756063
176304
0.957873231499
176324
0.959457594838
176344
0.962425178794
176364
0.965012826493
176384
0.964576045553
176404
0.960834013526
176424
0.959087861474
176444
0.969741623912
176464
0.973607548197
176484
0.969256743626
176504
0.966974210976
176524
0.965181417133
176544
0.955118450715
176564
0.946878400964
176584
0.945077833489
176604
0.943442941542
176624
0.937044270833
176644
0.937801228234
176664
0.93729497046
176684
0.936826609142
176704
0.9333984375
176724
0.921324529695
176744
0.918822877799
176764
0.915346120958
176784
0.902740205224
176804
0.903038032494
176824
0.914176189366
176844
0.922239388993
176864
0.923748931126
176884
0.927557039024
176904
0.927516713308
176924
0.933963969216
176944
0.9396727301
176964
0.946328902363
176984
0.956507501555
177004
0.969453513682
177024
0.97596198694
177044
0.992206448228
177064
0.718667891014
177084
0.787879936256
177104
0.814368586754
177124
0.822203921797
177144
0.825925062189
177164
0.825529092817
177184
0.820390236318
177204
1.0
177224
1.0
