129079
0.0881591796875
129099
0.0672085631127
129119
0.0501517501532
129139
0.0506251914828
129159
0.052232689951
129179
0.130153760723
129199
0.128420840993
129219
0.309050436581
129239
0.27648303462
129259
0.124657724418
129279
0.124723785999
129299
0.11775189568
129319
0.119352692249
129339
0.112682387408
129359
0.309473613664
129379
0.142625995711
129399
0.143729415594
129419
0.147796032475
129439
0.140703507966
129459
0.150078507966
129479
0.146267041973
129499
0.14756529565
129519
0.141041953891
129539
0.222387695312
129559
0.226206820619
129579
0.241279392616
129599
0.170823759191
129619
0.12025457644
129639
0.084539196538
129659
0.278775084252
129679
0.0951588350184
129699
0.12261651731
129719
0.0852826286765
129739
0.0836497587316
129759
0.0888102213542
129779
0.0683560240502
129799
0.18576708027
129819
0.0516678155637
129839
0.245015222886
129859
0.206191119026
129879
0.196673943015
129899
0.0468232996324
129919
0.139696786918
129939
0.124851122089
129959
0.0454508463542
129979
0.0545529833027
129999
0.125794653799
130019
0.0821202895221
130039
0.0750478707108
130059
0.16659821155
130079
0.0409514782475
130099
0.041024720435
130119
0.0360116996017
130139
0.0325908586091
130159
0.0365827971814
130179
0.0329776539522
130199
0.0479353362439
130219
0.0519109987745
130239
0.0365579044118
130259
0.0285213694853
130279
0.0762479894301
130299
0.0686542585784
130319
0.199471507353
130339
0.0452009612439
130359
0.0478113511029
130379
0.0477237477022
130399
0.0477223115809
130419
0.0415642233456
130439
0.0363271675858
130459
0.0342160692402
130479
0.0415613511029
130499
0.0451382506127
130519
0.0537583295037
130539
0.0703742532169
130559
0.0398729511336
130579
0.0377747778799
130599
0.0645167930453
130619
0.0544605928309
130639
0.0805448644301
130659
0.0956064261642
130679
0.0722670611213
130699
0.0580145143995
130719
0.052978515625
130739
0.056196863511
130759
0.0717558019301
130779
0.0648298674939
130799
0.0551839192708
130819
0.0669160730699
130839
0.066499597886
130859
0.0866340188419
130879
0.085577990962
130899
0.0937193627451
130919
0.0888035194547
130939
0.0868738511029
130959
0.0875674977022
130979
0.0756218405331
130999
0.0620083678002
131019
0.0799641927083
131039
0.0835343903186
131059
0.0761455461091
131079
0.0792738970588
131099
0.0795817057292
131119
0.0686518650429
131139
0.0442373238358
131159
0.0650371476716
131179
0.0715394263174
131199
0.076704676011
131219
0.0767956303615
131239
0.0758104511336
131259
0.0805625765931
131279
0.0705542470895
131299
0.065310010723
131319
0.0733082490809
131339
0.0808004940257
131359
0.0702880859375
131379
0.069602098652
131399
0.069841930913
131419
0.0699716605392
131439
0.069247376685
131459
0.083305089614
131479
0.0768071193321
131499
0.0784323299632
131519
0.0908155254289
131539
0.0884928385417
131559
0.100714231005
131579
0.0848862591912
131599
0.103564453125
131619
0.102316942402
131639
0.0843812231924
131659
0.0823213465074
131679
0.0624928193934
131699
0.0647805606618
131719
0.0633860868566
131739
0.0802705652574
131759
0.0882745481005
131779
0.0860677083333
131799
0.092986462163
131819
0.0838785807292
131839
0.0886240042892
131859
0.0930510876225
131879
0.100921511183
131899
0.0807373046875
131919
0.084006395527
131939
0.0884712967218
131959
0.0876608455882
131979
0.0876689836091
131999
0.0670769186581
132019
0.0633233762255
132039
0.0624722349877
132059
0.0927384918811
132079
0.0992345473346
132099
0.0971986060049
132119
0.101078048407
132139
0.0945910883885
132159
0.0908064299939
132179
0.108430510876
132199
0.112038047641
132219
0.0850155101103
132239
0.0907815372243
132259
0.0578618068321
132279
0.067861998315
132299
0.0707907284007
132319
0.0668308632047
132339
0.0658485562194
132359
0.0623200061275
132379
0.0612050972733
132399
0.0707050398284
132419
0.0851327933517
132439
0.0946284275429
132459
0.0871376187194
132479
0.152721449908
132499
0.237172564338
132519
0.212099800858
132539
0.176652018229
132559
0.10530981924
132579
0.0650562959559
132599
0.0777755438113
132619
0.0805142271752
132639
0.0874712775735
132659
0.0946107153799
132679
0.10812365962
132699
0.141836128983
132719
0.135458792892
132739
0.106010646446
132759
0.0848996629902
132779
0.081658337163
132799
0.100064146752
132819
0.094154028799
132839
0.0873482498468
132859
0.0872879327512
132879
0.0898724724265
132899
0.0728175742953
132919
0.0679122625613
132939
0.0722842945772
132959
0.0856244255515
132979
0.0940080231311
132999
0.0959352979473
133019
0.0766089345895
133039
0.0759325214461
133059
0.0785457835478
133079
0.0836985868566
133099
0.327172372855
133119
0.143531230852
133139
0.0923406862745
133159
0.0686331954657
133179
0.060049498315
133199
0.0715049594056
133219
0.0869260301777
133239
0.0961851830576
133259
0.0959534888174
133279
0.0954743030025
133299
0.0954216452206
133319
0.0951310700061
133339
0.0955322265625
133359
0.0942641314338
133379
0.0933000153186
133399
0.0946083218444
133419
0.0952186734069
133439
0.0955063763787
133459
0.0956112132353
133479
0.0964944278493
133499
0.097061217065
133519
0.0958486519608
133539
0.0925000957414
133559
0.0876139322917
133579
0.0863688151042
133599
0.0856876148897
133619
0.0870007084865
133639
0.0877039292279
133659
0.0921602136949
133679
0.117848594516
133699
0.14015155867
133719
0.168852922028
133739
0.204842122396
133759
0.241187480852
133779
0.325904756434
133799
0.499332203585
133819
0.738639322917
133839
0.834283088235
133859
0.945250746783
133879
0.951939721201
133899
0.964588599112
133919
0.976429898131
133939
0.982059493719
133959
0.98578527114
133979
0.984912109375
133999
0.978889016544
134019
0.9790005553
134039
0.978473498775
134059
0.978693704044
134079
0.979120232077
134099
0.978925876991
134119
0.978739659926
134139
0.979914885876
134159
0.976708505668
134179
0.982525754442
134199
0.980834960938
134219
0.973412128523
134239
0.967764342065
134259
0.960866651348
134279
0.95595703125
134299
0.950060795803
134319
0.948930568321
134339
0.945906096814
134359
0.943050130208
134379
0.941940487132
134399
0.937737917433
134419
0.932927389706
134439
0.934074850643
134459
0.931357230392
134479
0.927757831648
134499
0.926523246017
134519
0.92203728171
134539
0.926874617034
134559
0.929542930453
134579
0.934507123162
134599
0.934441540288
134619
0.936010742188
134639
0.930538162531
134659
0.938926068474
134679
0.944420668658
134699
0.941616881127
134719
0.944837143842
134739
0.94197064568
134759
0.940577607996
134779
0.937564146752
134799
0.938874368107
134819
0.941026635263
134839
0.940904564951
134859
0.934727807138
134879
0.936463120404
134899
0.933356789982
134919
0.932046568627
134939
0.926706112132
134959
0.927842084099
134979
0.929239430147
134999
0.929969937194
135019
0.926303519455
135039
0.921185183058
135059
0.928211167279
135079
0.931260531556
135099
0.925985657935
135119
0.93013269761
135139
0.934476964614
135159
0.930880438113
135179
0.932288794424
135199
0.935654105392
135219
0.937202722886
135239
0.936860926011
135259
0.931813916973
135279
0.92945245481
135299
0.937580422794
135319
0.93035625383
135339
0.935761335784
135359
0.933671300551
135379
0.928663545496
135399
0.927702780331
135419
0.937154852175
135439
0.936035634957
135459
0.927071365656
135479
0.930504653033
135499
0.925775505515
135519
0.918162626379
135539
0.916080729167
135559
0.920820408241
135579
0.917921836703
135599
0.921518841912
135619
0.917747587316
135639
0.923695044424
135659
0.921430281097
135679
0.924747242647
135699
0.930668849571
135719
0.932601390165
135739
0.931063304228
135759
0.939369351256
135779
0.937579944087
135799
0.935992551317
135819
0.935499961703
135839
0.934266333487
135859
0.933548272825
135879
0.935777611826
135899
0.938752776501
135919
0.939826516544
135939
0.93480870864
135959
0.933988204657
135979
0.942734662224
135999
0.945589671415
136019
0.946290498621
136039
0.945902267157
136059
0.947086109835
136079
0.944668160233
136099
0.943263633578
136119
0.942003197763
136139
0.946726600797
136159
0.941396675858
136179
0.934150007659
136199
0.931417068781
136219
0.932530541513
136239
0.925982306985
136259
0.928375363817
136279
0.934292662377
136299
0.932554955576
136319
0.930422315411
136339
0.933271101409
136359
0.933291685815
136379
0.93336540671
136399
0.935216567096
136419
0.931566425398
136439
0.936182598039
136459
0.936719228707
136479
0.935502833946
136499
0.936352539063
136519
0.939450252757
136539
0.932074812347
136559
0.938161573223
136579
0.942060642616
136599
0.938391352635
136619
0.930689912684
136639
0.927211148131
136659
0.924332682292
136679
0.927324123009
136699
0.926588828891
136719
0.929157571232
136739
0.935900639553
136759
0.932711971507
136779
0.928016333487
136799
0.936069623162
136819
0.94209654565
136839
0.941606828278
136859
0.943136297488
136879
0.943168849571
136899
0.940262140012
136919
0.933372587316
136939
0.936706303615
136959
0.937522499234
136979
0.941447418811
136999
0.933463541667
137019
0.935916436887
137039
0.939026596967
137059
0.941306678922
137079
0.940065870098
137099
0.940357402727
137119
0.944263652727
137139
0.942310527727
137159
0.944140625
137179
0.946139227175
137199
0.94474140242
137219
0.950369561887
137239
0.947507850797
137259
0.946044443168
137279
0.942505840227
137299
0.941130035999
137319
0.936082069547
137339
0.939176432292
137359
0.935692401961
137379
0.937530637255
137399
0.939152496936
137419
0.933173445159
137439
0.934813017004
137459
0.932177255668
137479
0.935892980239
137499
0.937927964154
137519
0.942004633885
137539
0.935153856464
137559
0.933315142463
137579
0.93513135723
137599
0.936791992187
137619
0.941376091452
137639
0.941856234681
137659
0.940771963082
137679
0.93858092065
137699
0.925148399203
137719
0.929773667279
137739
0.928502221201
137759
0.929155656403
137779
0.920165536918
137799
0.917138671875
137819
0.916902669271
137839
0.918140127145
137859
0.919027650123
137879
0.925161324295
137899
0.929979990043
137919
0.916213809743
137939
0.920168887868
137959
0.924559110754
137979
0.91607354856
137999
0.919194240196
138019
0.915417719822
138039
0.908111213235
138059
0.896935317096
138079
0.905976179534
138099
0.904375861673
138119
0.90745825674
138139
0.899210133272
138159
0.897888422947
138179
0.896041570925
138199
0.898283356311
138219
0.904501761642
138239
0.908540134804
138259
0.917945293352
138279
0.917398609835
138299
0.923469094669
138319
0.939758061428
138339
0.942423981311
138359
0.947798904718
138379
0.95931037454
138399
0.960525811887
138419
0.952848785999
138439
0.962768554688
138459
0.956704771752
138479
0.962640261183
138499
0.965586224724
138519
0.965426815257
138539
0.979038373162
138559
0.981303136489
138579
0.983877623315
138599
0.98990837546
138619
0.994712201287
138639
0.994850068934
138659
1.0
