156663
0.252204924939
156683
0.05308526731
156703
0.0622347962623
156723
0.0631462545956
156743
0.0660888671875
156763
0.0661946614583
156783
0.0669294768689
156803
0.0650117761949
156823
0.0617967792586
156843
0.0612649356618
156863
0.0987448299632
156883
0.0969051585478
156903
0.09599609375
156923
0.0730502259498
156943
0.112201286765
156963
0.121656230852
156983
0.121874521293
157003
0.109540153952
157023
0.11066607307
157043
0.11295525046
157063
0.0994581035539
157083
0.112615368413
157103
0.0651620902267
157123
0.0791886871936
157143
0.0736974379596
157163
0.0942153033088
157183
0.0816329656863
157203
0.165703507966
157223
0.2014614928
157243
0.179769358915
157263
0.14718280867
157283
0.153180530025
157303
0.24142108992
157323
0.541614008885
157343
0.889835133272
157363
0.800114889706
157383
0.991360772825
157403
0.995975030637
157423
0.998419787837
157443
0.651397824755
157463
0.395065487132
157483
0.298879825368
157503
0.233538219975
157523
0.207289751838
157543
0.193112362132
157563
0.205224609375
157583
0.201680740656
157603
0.197595454197
157623
0.165876321232
157643
0.14597455193
157663
0.112684302237
157683
0.0968893612132
157703
0.0814314299939
157723
0.0774576822917
157743
0.0771364698223
157763
0.0763614430147
157783
0.0755509918811
157803
0.134536803002
157823
0.136690984988
157843
0.116843309589
157863
0.0875990923713
157883
0.108051374847
157903
0.128004365809
157923
0.102978036918
157943
0.110108379289
157963
0.108525773591
157983
0.110044232537
158003
0.0994504442402
158023
0.0538976332721
158043
0.0728003408395
158063
0.0732661228554
158083
0.0731167662377
158103
0.0730339499081
158123
0.071861596201
158143
0.0738640280331
158163
0.07191473269
158183
0.0775902841605
158203
0.0791791130515
158223
0.0753202550551
158243
0.0634502336091
158263
0.0628963694853
158283
0.0645512599571
158303
0.0713761871936
158323
0.072247912837
158343
0.0729822495404
158363
0.0496706495098
158383
0.10015893076
158403
0.112458831189
158423
0.111976773131
158443
0.10545055913
158463
0.10677131204
158483
0.107032207414
158503
0.101169960172
158523
0.101314529718
158543
0.0461172066483
158563
0.0574386297488
158583
0.0738037109375
158603
0.0744327320772
158623
0.0893061619179
158643
0.090509631587
158663
0.0895479090074
158683
0.209370691636
158703
0.209901577819
158723
0.197829063266
158743
0.0663023705576
158763
0.065549364277
158783
0.0645076976103
158803
0.0594295726103
158823
0.0591926125919
158843
0.0559532015931
158863
0.0561619178922
158883
0.0557195925245
158903
0.0551034964767
158923
0.0569005629596
158943
0.0567885454963
158963
0.111589977788
158983
0.115420592065
159003
0.117313878676
159023
0.0921133003983
159043
0.0927490234375
159063
0.106401750153
159083
0.106688495711
159103
0.106650677849
159123
0.105042700674
159143
0.103796147365
159163
0.105653052237
159183
0.0713891122855
159203
0.0723977481618
159223
0.071484375
159243
0.0695839077819
159263
0.071102845435
159283
0.0724274280025
159303
0.0706456801471
159323
0.071830480239
159343
0.0923966950061
159363
0.0890203737745
159383
0.0864253025429
159403
0.0663430606618
159423
0.0835511450674
159443
0.0739755667892
159463
0.0860519109988
159483
0.0814113242953
159503
0.0812155330882
159523
0.0880596086091
159543
0.0764289407169
159563
0.0789143880208
159583
0.0808531518076
159603
0.0807899624694
159623
0.0814970128676
159643
0.0789498123468
159663
0.0786061006434
159683
0.0913684321385
159703
0.079234643076
159723
0.091876819087
159743
0.149905215993
159763
0.153274356618
159783
0.153788488051
159803
0.152785596661
159823
0.15330547258
159843
0.152708046109
159863
0.151798981311
159883
0.153105373009
159903
0.154891907935
159923
0.0728956035539
159943
0.0726859298407
159963
0.0736246744792
159983
0.0746548521752
160003
0.0746572457108
160023
0.0769986021752
160043
0.0821949678309
160063
0.0834817325368
160083
0.0815147250306
160103
0.290694891238
160123
0.294766773897
160143
0.138787243413
160163
0.142182234222
160183
0.139998851103
160203
0.149824793199
160223
0.35068359375
160243
0.289059627757
160263
0.274874578738
160283
0.238192210478
160303
0.208548751532
160323
0.206610945159
160343
0.201659198836
160363
0.252515605852
160383
0.300124463848
160403
0.328327971814
160423
0.325149356618
160443
0.721258425245
160463
0.372108609069
160483
0.310791973039
160503
0.331309838388
160523
0.221344592525
160543
0.282897709865
160563
0.270332605699
160583
0.289854760263
160603
0.275227864583
160623
0.185512886795
160643
0.148394895067
160663
0.149273801317
160683
0.157440544577
160703
0.202574486826
160723
0.209814453125
160743
0.157215552237
160763
0.503658758425
160783
0.376245117187
160803
0.404168102788
160823
0.393893612132
160843
0.277096258425
160863
0.277664483762
160883
0.298313993566
160903
0.354610428156
160923
0.285715858609
160943
0.180188227635
160963
0.28938036152
160983
0.31548426011
161003
0.178601313572
161023
0.180198759191
161043
0.290630744485
161063
0.310610064338
161083
0.288265931373
161103
0.384105009191
161123
0.265298043045
161143
0.26735791973
161163
0.260361615349
161183
0.258513805913
161203
0.248216337316
161223
0.268469956342
161243
0.451310221354
161263
0.453041226256
161283
0.46193560432
161303
0.27318091299
161323
0.274170400582
161343
0.270888384651
161363
0.272355143229
161383
0.272580614277
161403
0.272878370098
161423
0.238974417892
161443
0.516062538297
161463
0.505562097886
161483
0.499252738205
161503
0.0875660615809
161523
0.0881323720895
161543
0.0877613740809
161563
0.340122836244
161583
0.363326248468
161603
0.415410060509
161623
0.123759669884
161643
0.111330997243
161663
0.197401099112
161683
0.0836521522672
161703
0.102959367341
161723
0.0817899816176
161743
0.101366230086
161763
0.0871031518076
161783
0.0852941176471
161803
0.085493738511
161823
0.0851725260417
161843
0.0971674900429
161863
0.0950999540441
161883
0.0975360945159
161903
0.29765289905
161923
0.308766084559
161943
0.312892539828
161963
0.310684742647
161983
0.383383118873
162003
0.408933153339
162023
0.464005055147
162043
0.549046415441
162063
0.57754241345
162083
0.191733685662
162103
0.190081667433
162123
0.209647384344
162143
0.207593252145
162163
0.112140490962
162183
0.0741617838542
162203
0.078742053462
162223
0.0789718328738
162243
0.0861849915748
162263
0.0893085554534
162283
0.089293236826
162303
0.0903066597733
162323
0.0915402879902
162343
0.136098824295
162363
0.140814568015
162383
0.141776769301
162403
0.144049191942
162423
0.142897901348
162443
0.0893387140012
162463
0.0877235562194
162483
0.088400926777
162503
0.0882022633272
162523
0.0869729434743
162543
0.0854860791973
162563
0.0490018956801
162583
0.0701056985294
162603
0.0687629250919
162623
0.0998544730392
162643
0.100051700368
162663
0.0998171338848
162683
0.102672621783
162703
0.0985116996017
162723
0.0784122242647
162743
0.0831025965074
162763
0.0737046185662
162783
0.0759306066176
162803
0.143159275429
162823
0.146120078891
162843
0.147622261795
162863
0.148850624234
162883
0.0749545228248
162903
0.0746122472426
162923
0.0766118068321
162943
0.0761924594056
162963
0.0760048062194
162983
0.0764265471814
163003
0.0754198261336
163023
0.0746744791667
163043
1.0
163063
1.0
163083
1.0
163103
0.993844784007
163123
0.993863932292
163143
0.993863932292
163163
0.993750957414
163183
0.998706533395
163203
1.0
163223
0.990396178002
163243
0.990167834712
163263
0.99015490962
163283
0.990219056373
163303
0.996816597733
163323
1.0
163343
0.990530215993
163363
0.990289426317
163383
0.990432081036
163403
0.999794634651
163423
1.0
163443
0.995306755515
163463
0.994503006281
163483
0.994511623009
163503
0.994520239737
163523
1.0
163543
1.0
163563
0.990016563266
163583
0.98984375
163603
0.989855717678
163623
0.989997893689
163643
0.98991651348
163663
1.0
163683
0.996985102635
163703
0.986093558517
163723
0.98616584329
163743
0.986158662684
163763
0.986158662684
163783
0.986160577512
163803
0.987927964154
163823
1.0
163843
0.993076937806
163863
0.991988357843
163883
0.992204733456
163903
0.992206169577
163923
1.0
163943
0.995041551777
163963
0.992752853094
163983
0.992695886949
164003
0.992491957721
164023
0.992445523131
164043
0.999796070772
164063
0.995285213695
164083
0.991971124387
164103
0.991951976103
164123
0.99215446921
164143
0.991800704657
164163
0.999810431985
164183
0.999782188266
164203
0.997547583487
164223
0.997578220741
164243
0.997578220741
164263
0.999537568934
164283
0.999810431985
164303
0.995459463082
164323
0.995255533854
164343
0.995261757047
164363
0.995243087469
164383
0.996379538143
164403
0.999803251379
164423
0.995694508272
164443
0.995707912071
164463
0.995711263021
164483
0.995800302543
164503
0.997065046722
164523
0.999803251379
164543
0.9966796875
164563
0.996462354473
164583
0.996459003523
164603
0.996459003523
164623
0.999807559743
164643
0.995161707261
164663
0.994864430147
164683
0.994847675398
164703
0.994857728248
164723
0.995090379902
164743
0.999807559743
164763
0.99204676011
164783
0.991255457261
164803
0.99128370098
164823
0.991283222273
164843
0.991580978094
164863
0.999807081036
164883
0.994007544424
164903
0.992713120404
164923
0.992678174786
164943
0.992692535999
164963
0.99269397212
164983
0.993539368873
165003
0.999798943015
165023
0.995433612898
165043
0.994484815411
165063
0.994489123775
165083
0.994491996017
165103
0.999798943015
165123
0.995956839767
165143
0.994209080116
165163
0.994213867188
165183
0.994212909773
165203
0.994425934436
165223
0.9998046875
165243
0.995556161918
165263
0.993633195466
165283
0.993649950214
165303
0.993658566942
165323
0.9998046875
165343
0.9998046875
165363
0.992825137868
165383
0.992744715074
165403
0.992745672488
165423
0.992798808977
165443
0.995480526195
165463
0.999814740349
165483
0.996174172794
165503
0.995861577053
165523
0.995861577053
165543
0.995884076287
165563
0.996935795803
165583
0.999814740349
165603
0.999814740349
165623
0.999823357077
165643
0.992592007506
165663
0.98636115579
165683
0.97904028799
165703
0.978632908241
165723
0.978326535692
165743
0.978716203278
165763
0.978122606464
165783
0.97724609375
165803
0.971168907016
165823
0.966375612745
165843
0.959908758425
165863
0.95659754136
165883
0.958095894608
165903
0.95838359758
165923
0.952390184589
165943
0.944968309589
165963
0.937031345741
165983
0.933840284161
166003
0.925116325827
166023
0.926955518536
166043
0.92525993796
166063
0.926148897059
166083
0.921489162071
166103
0.923926738664
166123
0.919649011949
166143
0.921011412377
166163
0.918926164216
166183
0.915324850643
166203
0.919835229013
166223
0.921158854167
166243
0.91979932598
