148063
0.0729669744318
148083
0.0566154711174
148103
0.143384528883
148123
0.174356356534
148143
0.100923295455
148163
0.106650982481
148183
0.105422881155
148203
0.107818418561
148223
0.105773555871
148243
0.107861328125
148263
0.114238577178
148283
0.113109611742
148303
0.167538174716
148323
0.225066583807
148343
0.108099550189
148363
0.0959635416667
148383
0.133661813447
148403
0.170948745265
148423
0.160394472064
148443
0.166545336174
148463
0.170263671875
148483
0.122036280777
148503
0.131495620265
148523
0.132981178977
148543
0.208214962121
148563
0.211316287879
148583
0.220697206439
148603
0.223493726326
148623
0.133140980114
148643
0.132750355114
148663
0.211070667614
148683
0.156852213542
148703
0.159398674242
148723
0.138556463068
148743
0.203767163826
148763
0.196149976326
148783
0.149001242898
148803
0.215553977273
148823
0.220040246212
148843
0.133133581913
148863
0.203462357955
148883
0.199131451231
148903
0.200408380682
148923
0.156180456913
148943
0.151373106061
148963
0.141947798295
148983
0.155823863636
149003
0.168495501894
149023
0.155640388258
149043
0.152275686553
149063
0.159781901042
149083
0.151525508996
149103
0.168872810133
149123
0.211789772727
149143
0.229842862216
149163
0.220100911458
149183
0.142181581439
149203
0.144355172822
149223
0.141234611742
149243
0.228934363163
149263
0.123465613163
149283
0.130101799242
149303
0.131695371686
149323
0.151689749053
149343
0.153895892519
149363
0.160314571496
149383
0.160498046875
149403
0.144298946496
149423
0.158846768466
149443
0.161433179451
149463
0.173328006629
149483
0.172888553504
149503
0.107003136837
149523
0.109265506629
149543
0.111371034564
149563
0.0958836410985
149583
0.101470762311
149603
0.0968010179924
149623
0.0905865293561
149643
0.0957889441288
149663
0.161872632576
149683
0.158518288352
149703
0.170862926136
149723
0.167689098011
149743
0.170475260417
149763
0.169652580492
149783
0.167063210227
149803
0.161699514678
149823
0.164336233428
149843
0.155430279356
149863
0.127334872159
149883
0.118890565814
149903
0.120930989583
149923
0.110472892992
149943
0.0958821614583
149963
0.213688151042
149983
0.201112689394
150003
0.208482776989
150023
0.113716264205
150043
0.201349431818
150063
0.197589666193
150083
0.156849254261
150103
0.154450757576
150123
0.215203302557
150143
0.20605912642
150163
0.202808357008
150183
0.213299005682
150203
0.230230527936
150223
0.205279356061
150243
0.200131687973
150263
0.231952829072
150283
0.22461233428
150303
0.247455018939
150323
0.321688565341
150343
0.343989701705
150363
0.372539358428
150383
0.44443803267
150403
0.383254912405
150423
0.169550485322
150443
0.181315104167
150463
0.234968335701
150483
0.254842862216
150503
0.177317116477
150523
0.177305279356
150543
0.175831557765
150563
0.171185487689
150583
0.166909327652
150603
0.148188920455
150623
0.148428622159
150643
0.0721265388258
150663
0.0806611032197
150683
0.0638657078598
150703
0.0639026988636
150723
0.0742956912879
150743
0.118241003788
150763
0.113776929451
150783
0.116827947443
150803
0.110626775568
150823
0.15400686553
150843
0.102675189394
150863
0.0620709043561
150883
0.0679554332386
150903
0.0719504616477
150923
0.0726340553977
150943
0.0692930279356
150963
0.0824884588068
150983
0.0713600852273
151003
0.0659209280303
151023
0.0707090435606
151043
0.0694972182765
151063
0.0706705729167
151083
0.0801713423295
151103
0.074140329072
151123
0.0658188328598
151143
0.0681226325758
151163
0.0970954663826
151183
0.103176787405
151203
0.10420217803
151223
0.101241418087
151243
0.101960523201
151263
0.107745916193
151283
0.0812085700758
151303
0.0748697916667
151323
0.43271336411
151343
0.981600674716
151363
0.99755859375
151383
0.99755859375
151403
0.995750473485
151423
0.78241743608
151443
0.501713423295
151463
0.114049183239
151483
0.158954782197
151503
0.150418738163
151523
0.161449455492
151543
0.146756628788
151563
0.163174715909
151583
0.16737985322
151603
0.183762428977
151623
0.178996508049
151643
0.172866358902
151663
0.171367483428
151683
0.150667317708
151703
0.151512192235
151723
0.164250414299
151743
0.174249822443
151763
0.17236624053
151783
0.158359966856
151803
0.162381628788
151823
0.163680752841
151843
0.118955669981
151863
0.0886644767992
151883
0.0776234019886
151903
0.0588008996212
151923
0.0483783143939
151943
0.0767237807765
151963
0.0900183475379
151983
0.0800559303977
152003
0.0791607481061
152023
0.0802675189394
152043
0.093408203125
152063
0.0898718631629
152083
0.0910925662879
152103
0.0989716500947
152123
0.103699100379
152143
0.111672881155
152163
0.112918738163
152183
0.11464399858
152203
0.111976207386
152223
0.111307410038
152243
0.111998401989
152263
0.111664003314
152283
0.115383818655
152303
0.119949988163
152323
0.116372218277
152343
0.116974431818
152363
0.11924272017
152383
0.119328539299
152403
0.119871567235
152423
1.0
152443
1.0
152463
0.995346531723
152483
0.985145892519
152503
0.968494022254
152523
0.958713600852
152543
0.943103397254
152563
0.932399680398
152583
0.91767430161
152603
0.908177971117
152623
0.898597301136
152643
0.88036961411
152663
0.876677911932
152683
0.87109522964
152703
0.875324041193
152723
0.878662109375
152743
0.873709753788
152763
0.8740234375
152783
0.8740234375
152803
0.865669389205
152823
0.858775745739
152843
0.862273615057
152863
0.85947413589
152883
0.860030480587
152903
0.858066998106
152923
0.844648141572
152943
0.849871271307
152963
0.84833688447
152983
0.857824337121
153003
0.861335523201
153023
0.85849165483
153043
0.860030480587
153063
0.865266927083
153083
0.864497514205
153103
0.865477035985
153123
0.870614346591
153143
0.866326349432
153163
0.855252722538
153183
0.842763080019
153203
0.838809481534
153223
0.830129912405
153243
0.823187440814
153263
0.811353278883
153283
0.808531605114
153303
0.819982540246
153323
0.810900508996
153343
0.802969637784
153363
0.814399857955
153383
0.81318063447
153403
0.814982836174
153423
0.824933416193
153443
0.829709694602
153463
0.834591027462
153483
0.842294034091
153503
0.833041844223
153523
0.846843927557
153543
0.848615056818
153563
0.858676609848
153583
0.864673591383
153603
0.864385061553
153623
0.860323449337
153643
0.854381214489
153663
0.852425130208
153683
0.849140329072
153703
0.844763553504
153723
0.84199366714
153743
0.847428385417
153763
0.850057705966
153783
0.84287553267
153803
0.844646661932
153823
0.855578243371
153843
0.858191287879
153863
0.849200994318
153883
0.850457208807
153903
0.853009588068
153923
0.846738873106
153943
0.85390477036
153963
0.852670750473
153983
0.857115589489
154003
0.859752308239
154023
0.849832800663
154043
0.856426077178
154063
0.855087002841
154083
0.847388435133
154103
0.843403764205
154123
0.852265329072
154143
0.839926609848
154163
0.847875236742
154183
0.837415660511
154203
0.831853693182
154223
0.832956025095
154243
0.824372632576
154263
0.821602746212
154283
0.837476325758
154303
0.837252900095
154323
0.827910452178
154343
0.839170513731
154363
0.832775508996
154383
0.821894235322
154403
0.828795276989
154423
0.831998697917
154443
0.822935901989
154463
0.833133581913
154483
0.817157907197
154503
0.809338008996
154523
0.825702829072
154543
0.806729403409
154563
0.802370383523
154583
0.811120975379
154603
0.801497395833
154623
0.803119081439
154643
0.812423058712
154663
0.807944187973
154683
0.820251834754
154703
0.820688328598
154723
0.818406723485
154743
0.821160333807
154763
0.837798887311
154783
0.843587239583
154803
0.859999408144
154823
0.845821496212
154843
0.849465849905
154863
0.848376834754
154883
0.851595052083
154903
0.850597774621
154923
0.842974668561
154943
0.833043323864
154963
0.822579308712
154983
0.824757339015
155003
0.814777166193
155023
0.824098899148
155043
0.826543264678
155063
0.821926787405
155083
0.82597508286
155103
0.822159090909
155123
0.831723484848
155143
0.837019116951
155163
0.835995205966
155183
0.835882753314
155203
0.845087594697
155223
0.835700757576
155243
0.83066702178
155263
0.827586410985
155283
0.825507516572
155303
0.826732658617
155323
0.825651041667
155343
0.83105912642
155363
0.833197206439
155383
0.84043412642
155403
0.826630563447
155423
0.837085700758
155443
0.83329930161
155463
0.849717388731
155483
0.862329841383
155503
0.855977746212
155523
0.848415305398
155543
0.838296046402
155563
0.835295336174
155583
0.835113340436
155603
0.839176432292
155623
0.830229048295
155643
0.836220111269
155663
0.816802793561
155683
0.813970762311
155703
0.818288352273
155723
0.818184777462
155743
0.82891068892
155763
0.827469519413
155783
0.824933416193
155803
0.834829249527
155823
0.848514441288
155843
0.854745205966
155863
0.857828776042
155883
0.852405894886
155903
0.842249644886
155923
0.837686434659
155943
0.818394886364
155963
0.817178622159
155983
0.809065755208
156003
0.798774857955
156023
0.782725201231
156043
0.773165246212
156063
0.758827533144
156083
0.757293146307
156103
0.765090849905
156123
0.773137133049
156143
0.777192826705
156163
0.781855172822
156183
0.772250828598
156203
0.782254675663
156223
0.775412819602
156243
0.758546401515
156263
0.758627781723
156283
0.76327977036
156303
0.742835582386
156323
0.746352687027
156343
0.735398910985
156363
0.72665867661
156383
0.743951231061
156403
0.745623224432
156423
0.754415246212
156443
0.787915778883
156463
0.806319543087
156483
0.817779356061
156503
0.821426669034
156523
0.829225852273
156543
0.834351325758
156563
0.856766394413
156583
0.86503462358
156603
0.869353693182
156623
0.881239642519
156643
0.861338482481
156663
0.857528409091
156683
0.872568951231
156703
0.889828953598
156723
0.891907848011
156743
0.906223366477
156763
0.898572147254
156783
0.894090317235
156803
0.901831794508
156823
0.905652225379
156843
0.918823982008
156863
0.922315932765
156883
0.921170691288
156903
0.903506747159
156923
0.909623579545
156943
0.902021188447
156963
0.899190636837
156983
0.906662819602
157003
0.892887369792
157023
0.89638523911
157043
0.88798532197
157063
0.890688624527
157083
0.86377249053
157103
0.880069247159
157123
0.870883641098
157143
0.864948804451
157163
0.87714695786
157183
0.849812085701
157203
0.842363577178
157223
0.830017459754
157243
0.842446437027
157263
0.849726266572
157283
0.877877900095
157303
0.890086410985
157323
0.90751509233
157343
0.925884824811
157363
0.936869673295
157383
0.959119022254
157403
0.984065755208
157423
1.0
157443
1.0
157463
1.0
157483
1.0
157503
1.0
157523
0.471363044508
157543
0.44530806108
157563
0.434873638731
157583
0.456372810133
157603
0.45478663589
157623
0.457745916193
157643
0.458605587121
