127218
0.0756268742109
127238
0.0749425406408
127258
0.0753827335859
127278
0.0747514204545
127298
0.0752853239426
127318
0.0753839666193
127338
0.0774110736269
127358
0.0760633680556
127378
0.076126252762
127398
0.076155845565
127418
0.0764554726957
127438
0.39918595131
127458
0.391151505287
127478
0.390179874921
127498
0.403469509549
127518
0.408644550979
127538
0.413750542535
127558
0.419362077809
127578
0.413977420691
127598
0.418083422112
127618
0.420844184028
127638
0.409171056266
127658
0.379612778172
127678
0.449000503078
127698
0.652476917614
127718
0.616616605508
127738
0.601768416588
127758
0.573760061553
127778
0.543023003472
127798
0.514597883128
127818
0.471257990057
127838
0.409666735717
127858
0.370542584044
127878
0.345683396465
127898
0.356006352588
127918
0.356952089252
127938
0.354921283144
127958
0.354108714094
127978
0.184678819444
127998
0.18216096512
128018
0.179846561316
128038
0.177887271149
128058
0.178613527857
128078
0.187095565025
128098
0.176254734848
128118
0.188607264047
128138
0.195527047822
128158
0.186284229009
128178
0.191212663747
128198
0.18209684738
128218
0.189005533854
128238
0.192012902462
128258
0.186276830808
128278
0.195364287405
128298
0.188136245265
128318
0.195046164773
128338
0.192823005445
128358
0.188557942708
128378
0.189699731692
128398
0.187305180713
128418
0.186422328756
128438
0.186950067077
128458
0.184627032039
128478
0.185000641177
128498
0.187416153725
128518
0.186504941998
128538
0.182303997001
128558
0.188678779987
128578
0.1813163372
128598
0.185037632181
128618
0.189326122554
128638
0.187010485717
128658
0.184447009154
128678
0.186194217566
128698
0.184726907749
128718
0.181361959438
128738
0.178858901515
128758
0.181786122948
128778
0.182810773753
128798
0.184228762232
128818
0.184582642835
128838
0.169270833333
128858
0.169802270754
128878
0.175579032513
128898
0.192892055319
128918
0.177915630919
128938
0.179465553977
128958
0.207351838699
128978
0.197672526042
128998
0.199644146544
129018
0.203878383444
129038
0.211430713384
129058
0.209013967803
129078
0.198861170297
129098
0.195927783696
129118
0.186419862689
129138
0.181976010101
129158
0.194488833649
129178
0.187074603456
129198
0.189215149542
129218
0.193358141967
129238
0.230669734454
129258
0.230527935606
129278
0.229785649463
129298
0.224343039773
129318
0.215259282276
129338
0.220916439789
129358
0.182723228378
129378
0.179041390467
129398
0.177567915483
129418
0.184430979719
129438
0.23345885614
129458
0.236735026042
129478
0.239455097854
129498
0.246737393466
129518
0.207822857481
129538
0.202406141493
129558
0.206448025174
129578
0.208960947364
129598
0.210988054372
129618
0.205916587753
129638
0.192745324337
129658
0.207472675979
129678
0.336986811474
129698
0.346102627841
129718
0.217586016414
129738
0.202988133286
129758
0.349211105193
129778
0.348759814946
129798
0.34518648398
129818
0.204592309817
129838
0.196273033065
129858
0.197994347775
129878
0.202863596907
129898
0.19476010101
129918
0.201113922427
129938
0.216018830887
129958
0.195715701941
129978
0.198853772096
129998
0.193232372554
130018
0.203427093198
130038
0.205483793008
130058
0.204131155303
130078
0.198811848958
130098
0.193575155855
130118
0.219404740767
130138
0.198898161301
130158
0.210520734691
130178
0.208105222143
130198
0.244535195707
130218
0.252642390704
130238
0.180317580098
130258
0.188741664694
130278
0.25768426452
130298
0.253945707071
130318
0.244732481061
130338
0.242340396149
130358
0.212546608665
130378
0.211784593987
130398
0.211661290641
130418
0.222638987532
130438
0.320970939867
130458
0.328550396544
130478
0.328850023674
130498
0.34908533578
130518
0.336216165562
130538
0.346688318734
130558
0.34892874053
130578
0.340096521859
130598
0.344946042456
130618
0.355398467093
130638
0.346738873106
130658
0.246840968277
130678
0.264571989426
130698
0.257837160669
130718
0.253880356297
130738
0.315040048927
130758
0.319205235953
130778
0.316130050505
130798
0.327687273122
130818
0.321684866241
130838
0.249636255129
130858
0.248108526673
130878
0.260219381313
130898
0.250479650016
130918
0.252072729246
130938
0.280830768624
130958
0.258943191682
130978
0.217045947759
130998
0.247873017282
131018
0.243425465593
131038
0.288565587516
131058
0.244939630682
131078
0.237906407828
131098
0.235696811869
131118
0.240874319366
131138
0.240117236821
131158
0.23902970131
131178
0.245170207939
131198
0.247799035275
131218
0.249493223248
131238
0.251785432449
131258
0.246636284722
131278
0.23971773398
131298
0.240559895833
131318
0.240881717566
131338
0.237990254104
131358
0.239494554924
131378
0.235366358902
131398
0.23199401239
131418
0.232019906092
131438
0.225145744555
131458
0.221499664615
131478
0.225857204861
131498
0.222315932765
131518
0.223029859138
131538
0.229137073864
131558
0.226304796007
131578
0.228571111506
131598
0.23532320273
131618
0.235181403883
131638
0.232626558554
131658
0.236601858428
131678
0.231657394255
131698
0.227186414931
131718
0.228902797506
131738
0.226667307844
131758
0.225216027462
131778
0.229874427872
131798
0.227097636521
131818
0.223800505051
131838
0.22887197167
131858
0.24648215554
131878
0.32382664536
131898
0.47808776239
131918
0.691061000631
131938
0.909263533775
131958
0.946073281645
131978
0.939049923059
131998
0.935673877446
132018
0.938924153646
132038
0.934484000158
132058
0.934623332939
132078
0.942329792061
132098
0.934105458886
132118
0.937384094855
132138
0.939856326941
132158
0.941158410275
132178
0.943032621133
132198
0.944508562184
132218
0.936633177478
132238
0.937084467724
132258
0.940134992503
132278
0.935702237216
132298
0.936572758838
132318
0.940286655619
132338
0.932865027225
132358
0.936061049953
132378
0.94169847893
132398
0.938781121765
132418
0.937643031881
132438
0.943297723327
132458
0.933936533302
132478
0.93870467369
132498
0.944779829545
132518
0.93402161261
132538
0.935755257655
132558
0.938963610717
132578
0.932492651121
132598
0.933487709122
132618
0.938967309817
132638
0.932343454072
132658
0.936733053188
132678
0.938225023674
132698
0.930241132023
132718
0.932654178504
132738
0.9391251381
132758
0.930643100931
132778
0.928495156645
132798
0.935416173453
132818
0.930502535117
132838
0.933829259391
132858
0.943766276042
132878
0.933278093434
132898
0.93753205887
132918
0.943084408539
132938
0.937994446417
132958
0.93395009667
132978
0.93948888297
132998
0.936500009864
133018
0.934174508759
133038
0.93854068024
133058
0.931773792614
133078
0.933752811316
133098
0.938434639362
133118
0.932401406645
133138
0.931762695312
133158
0.935596196338
133178
0.932368114741
133198
0.935733063052
133218
0.935615924874
133238
0.934893367266
133258
0.936144896228
133278
0.940226236979
133298
0.930414989741
133318
0.931427310211
133338
0.940331044823
133358
0.935586332071
133378
0.929111673374
133398
0.938422309028
133418
0.93167638297
133438
0.932103012547
133458
0.940151021938
133478
0.927512428977
133498
0.92373194839
133518
0.934045040246
133538
0.91706000434
133558
0.917571713226
133578
0.929588857323
133598
0.920092033617
133618
0.926513671875
133638
0.933906940499
133658
0.921739366319
133678
0.927036478062
133698
0.931979709201
133718
0.92333614465
133738
0.922736890388
133758
0.932766384549
133778
0.932861328125
133798
0.9394494259
133818
0.94094632852
133838
0.938296539615
133858
0.939331054688
133878
0.938989504419
133898
0.927024147727
133918
0.926952631787
133938
0.927026613794
133958
0.914364593198
133978
0.912971265388
133998
0.922257240372
134018
0.910655628551
134038
0.909326418482
134058
0.910496567235
134078
0.89804909446
134098
0.89397885101
134118
0.904850507023
134138
0.890308110401
134158
0.8961563881
134178
0.908790048927
134198
0.899460917771
134218
0.898190893308
134238
0.911786320234
134258
0.902488014915
134278
0.903389362374
134298
0.923746744792
134318
0.917785028015
134338
0.92262715041
134358
0.936158459596
134378
0.931691179372
134398
0.933012991241
134418
0.940238567314
134438
0.941411182134
134458
0.94449623185
134478
0.952777284564
134498
0.945966007734
134518
0.950086805556
134538
0.957145922112
134558
0.959073153409
134578
0.957364169034
134598
0.956857392282
134618
0.952547940341
134638
0.949856228299
134658
0.950573853772
134678
0.946529504025
134698
0.946958599669
134718
0.954673690025
134738
0.947928997001
134758
0.950089271622
134778
0.956906713621
134798
0.954332139757
134818
0.957568852588
134838
0.964460276594
134858
0.957267992424
134878
0.960080541746
134898
0.96800524779
134918
0.965778389362
134938
0.965447936395
134958
0.970393633602
134978
0.967149522569
134998
0.967325846354
135018
0.9697265625
135038
0.965981839883
135058
0.963573725537
135078
0.968715475063
135098
0.964841283933
135118
0.959591027462
135138
0.962082988084
135158
0.957764904908
135178
0.956455423374
135198
0.95895601523
135218
0.950921569208
135238
0.952533143939
135258
0.956280332623
135278
0.951552882339
135298
0.951171875
135318
0.95706700797
135338
0.949361781881
135358
0.947234799164
135378
0.951181739268
135398
0.942869860717
135418
0.939471620502
135438
0.945597330729
135458
0.93827681108
135478
0.936319986979
135498
0.944995610401
135518
0.934654158775
135538
0.931389086174
135558
0.940814393939
135578
0.929634479561
135598
0.92503649779
135618
0.932612255366
135638
0.924720841225
135658
0.929945203993
135678
0.940290354719
135698
0.931390319208
135718
0.928042633365
135738
0.938181867503
135758
0.929693665167
135778
0.928879863084
135798
0.936906910906
135818
0.924307775016
135838
0.924429845328
135858
0.93187243529
135878
0.926214044744
135898
0.933819395123
135918
0.943091806739
135938
0.929233743687
135958
0.925565469145
135978
0.936313821812
135998
0.93515477036
136018
0.943588719223
136038
0.951944986979
136058
0.93707583649
136078
0.940310083254
136098
0.950852519334
136118
0.942878491951
136138
0.947358102509
136158
0.954478870739
136178
0.946572660196
136198
0.939994426689
136218
0.950957327178
136238
0.953705758759
136258
0.957589814157
136278
0.950550426136
136298
0.937025282118
136318
0.925548206676
136338
0.933407561948
136358
0.930059876105
136378
0.929112906408
136398
0.936128866793
136418
0.938625759549
136438
0.937556719539
136458
0.945370452573
136478
0.946097942314
136498
0.952261876578
136518
0.956524473248
136538
0.951398753157
136558
0.952086785827
136578
0.966234611742
136598
0.975206163194
136618
0.986175228851
136638
0.990901446102
136658
0.995335434422
136678
0.998102361506
136698
1.0
136718
1.0
136738
1.0
136758
1.0
136778
1.0
136798
1.0
