122228
0.863316276803
122248
0.838224902534
122268
0.827939205653
122288
0.83598166423
122308
0.840574744152
122328
0.834478557505
122348
0.870041423002
122368
0.849703033626
122388
0.872248111598
122408
0.885643579435
122428
0.904725572612
122448
0.545612512183
122468
0.557507919103
122488
0.575362451267
122508
0.556627680312
122528
0.539778265107
122548
0.522278569688
122568
0.510372502437
122588
0.477322429337
122608
0.477821942008
122628
0.477040692008
122648
0.474920808967
122668
0.486214668616
122688
0.464412768031
122708
0.465408747563
122728
0.528415874756
122748
0.534338450292
122768
0.319953094542
122788
0.369727704678
122808
0.337076632554
122828
0.340483369883
122848
0.353225511696
122868
0.444732273392
122888
0.48494913499
122908
0.482906920078
122928
0.551991959064
122948
0.60094420078
122968
0.336420260721
122988
0.3311479654
123008
0.308231298733
123028
0.464456932261
123048
0.428872746101
123068
0.67096125731
123088
0.698914169103
123108
0.630488547758
123128
0.700488852339
123148
0.643890107212
123168
0.699407590156
123188
0.579107273392
123208
0.646282590156
123228
0.584100877193
123248
0.67209582115
123268
0.641016386452
123288
0.672251157407
123308
0.753562073587
123328
0.68117537768
123348
0.648365923489
123368
0.655820540936
123388
0.559751157407
123408
0.606422088207
123428
0.596672453704
123448
0.619980506823
123468
0.620543981481
123488
0.584111537524
123508
0.608377497563
123528
0.612350755361
123548
0.592916971248
123568
0.585486720273
123588
0.569109405458
123608
0.624077119883
123628
0.492559088694
123648
0.526137609649
123668
0.593798732943
123688
0.496750121832
123708
0.525412707115
123728
0.545499817251
123748
0.471366349903
123768
0.618845942982
123788
0.67396747076
123808
0.6438520346
123828
0.667065667641
123848
0.630564692982
123868
0.617236232943
123888
0.613054337232
123908
0.618160635965
123928
0.638541666667
123948
0.57796204922
123968
0.495808966862
123988
0.488127436647
124008
0.328866654483
124028
0.218949500487
124048
0.476507675439
124068
0.308950109649
124088
0.291595090156
124108
0.434431347466
124128
0.328255969786
124148
0.565425499513
124168
0.631915509259
124188
0.543230689571
124208
0.621917641326
124228
0.52922910575
124248
0.603682383041
124268
0.660961866472
124288
0.546102887427
124308
0.536507066277
124328
0.576667580409
124348
0.609364339669
124368
0.597697368421
124388
0.568425621345
124408
0.645875974659
124428
0.676591435185
124448
0.908054641813
124468
0.889149305556
124488
0.875890899123
124508
0.896022173489
124528
0.873279117934
124548
0.863343689084
124568
0.849584247076
124588
0.851009685673
124608
0.824521807992
124628
0.929786488791
124648
0.928642787524
124668
0.924672575536
124688
0.931550012183
124708
0.926433053119
124728
0.928878837719
124748
0.923544103314
124768
0.924235501949
124788
0.930243360136
124808
0.921112024854
124828
0.918803301657
124848
0.820737390351
124868
0.836366959064
124888
0.819846491228
124908
0.829801717836
124928
0.844124634503
124948
0.840399610136
124968
0.756353557505
124988
0.760370979532
125008
0.776221369396
125028
0.770218079922
125048
0.764070114522
125068
0.768259624756
125088
0.770757188109
125108
0.765896076998
125128
0.7636208577
125148
1.0
125168
0.174252253899
125188
0.101200048733
125208
0.0940378289474
125228
0.0965795565302
125248
0.0990725511696
125268
0.09600542154
125288
0.0946485136452
125308
0.11488791423
125328
0.111551230507
125348
0.129457541423
125368
0.212757370858
125388
0.176975207115
125408
0.0909600389864
125428
0.0861994395712
125448
0.0866989522417
125468
0.0812180190058
125488
0.0785986232943
125508
0.0996893274854
125528
1.0
125548
1.0
125568
0.997062317251
125588
0.994657651072
125608
0.994692677875
125628
0.99475207115
125648
0.997146076998
125668
1.0
125688
0.996180555556
125708
0.984175499513
125728
0.984894310429
125748
0.984764863548
125768
0.987641630117
125788
1.0
125808
1.0
125828
0.989249817251
125848
0.986903021442
125868
0.986878654971
125888
0.987005056043
125908
0.997395833333
125928
1.0
125948
0.991098623294
125968
0.984749634503
125988
0.984841008772
126008
0.984824256823
126028
0.992032163743
126048
1.0
126068
0.995904909844
126088
0.985419712476
126108
0.985476059942
126128
0.98539077729
126148
0.989406676413
126168
1.0
126188
0.990695053606
126208
0.964249817251
126228
0.965894554094
126248
0.965880847953
126268
0.965192495127
126288
0.965786427875
126308
0.970138888889
126328
1.0
126348
1.0
126368
0.985558296784
126388
0.983015046296
126408
0.983438413743
126428
0.984231846979
126448
1.0
126468
1.0
126488
0.994403326023
126508
0.992227095517
126528
0.992274305556
126548
0.992301717836
126568
0.998367446394
126588
1.0
126608
0.988215765107
126628
0.984078033626
126648
0.984425255848
126668
0.984160270468
126688
0.994260173002
126708
1.0
126728
0.995422149123
126748
0.990289961014
126768
0.990331079435
126788
0.990347831384
126808
0.993561159844
126828
1.0
126848
1.0
126868
0.994764254386
126888
0.994570845517
126908
0.994624147173
126928
0.99563535575
126948
1.0
126968
1.0
126988
0.995641447368
127008
0.995084064327
127028
0.99506122076
127048
0.995402351365
127068
1.0
127088
1.0
127108
0.996969420078
127128
0.995483065302
127148
0.995480019493
127168
0.99540082846
127188
0.998524305556
127208
1.0
127228
0.996395285088
127248
0.994710952729
127268
0.994682017544
127288
0.994767300195
127308
0.998242568226
127328
1.0
127348
0.995894249513
127368
0.994439875731
127388
0.994528204191
127408
0.994569322612
127428
0.998519736842
127448
1.0
127468
0.996862816764
127488
0.995441946881
127508
0.995495248538
127528
0.995484588207
127548
0.9984375
127568
1.0
127588
0.995822673002
127608
0.994363730507
127628
0.994450536062
127648
0.994452058967
127668
0.998751218324
127688
1.0
127708
0.996913072612
127728
0.995405397173
127748
0.995385599415
127768
0.995419103314
127788
0.998317190546
127808
1.0
127828
0.996952668129
127848
0.995728252924
127868
0.995769371345
127888
0.995735867446
127908
0.998489278752
127928
1.0
127948
0.995559210526
127968
0.993813961988
127988
0.99383832846
128008
0.993800255848
128028
0.998382675439
128048
1.0
128068
1.0
128088
0.995915570175
128108
0.990748355263
128128
0.981062682749
128148
0.971801900585
128168
0.961225328947
128188
0.953316885965
128208
0.948766447368
128228
0.941040752924
128248
0.935494334795
128268
0.926361476608
128288
0.922245065789
128308
0.923067434211
128328
0.921303910819
128348
0.928833150585
128368
0.917863669591
128388
0.921436403509
128408
0.925328947368
128428
0.918663194444
128448
0.922651681287
128468
0.917324561404
128488
0.917676352339
128508
0.920659722222
128528
0.917799707602
128548
0.919901315789
128568
0.919289108187
128588
0.922382127193
128608
0.926288377193
128628
0.926069078947
128648
0.925922880117
128668
0.934215095029
128688
0.929591557018
128708
0.926667580409
128728
0.921806469298
128748
0.924250730994
128768
0.930130665205
128788
0.927375730994
128808
0.927704678363
128828
0.928855994152
128848
0.934443530702
128868
0.93501005117
128888
0.935900950292
128908
0.938463998538
128928
0.939884868421
128948
0.937755847953
128968
0.938505116959
128988
0.931409904971
129008
0.931821089181
129028
0.928581871345
129048
0.931478435673
129068
0.929116410819
129088
0.926169590643
129108
0.929267178363
129128
0.92592744883
129148
0.931606359649
129168
0.923638523392
129188
0.93188505117
129208
0.928577302632
129228
0.929125548246
129248
0.935014619883
129268
0.933762792398
129288
0.930313413743
129308
0.937125365497
129328
0.933863304094
129348
0.934448099415
129368
0.933730811404
129388
0.940209247076
129408
0.940908260234
129428
0.937710160819
129448
0.938203581871
129468
0.937824378655
129488
0.939505665205
129508
0.940538194444
129528
0.935905519006
129548
0.938432017544
129568
0.936038011696
129588
0.938509685673
129608
0.940565606725
129628
0.934900402047
129648
0.944225146199
129668
0.945403874269
129688
0.943864217836
129708
0.944120065789
129728
0.943745431287
129748
0.945837902047
129768
0.944078947368
129788
0.93748629386
129808
0.935476059942
129828
0.933771929825
129848
0.938527960526
129868
0.936663925439
129888
0.937084247076
129908
0.941159539474
129928
0.938326937135
129948
0.93959247076
129968
0.939144736842
129988
0.943809393275
130008
0.947870979532
130028
0.948871527778
130048
0.956044407895
130068
0.951069078947
130088
0.952444261696
130108
0.953179824561
130128
0.951484831871
130148
0.954888523392
130168
0.957250548246
130188
0.961165935673
130208
0.961691337719
130228
0.971582602339
130248
0.968110380117
130268
0.95610380117
130288
0.945952119883
130308
0.952540204678
130328
0.958246527778
130348
0.943987573099
130368
0.927567616959
130388
0.924744152047
130408
0.927005665205
130428
0.92290752924
130448
0.907118055556
130468
0.904331140351
130488
0.920860745614
130508
0.929500182749
130528
0.914053362573
130548
0.90558753655
130568
0.919321089181
130588
0.934576023392
130608
0.928412828947
130628
0.911659356725
130648
0.912344663743
130668
0.92695997807
130688
0.927311769006
130708
0.919627192982
130728
0.916282894737
130748
0.934713084795
130768
0.940734649123
130788
0.92464668616
130808
0.920420626218
130828
0.934074987817
130848
0.932874939084
130868
0.920260721248
130888
0.921232334308
130908
0.925103557505
130928
0.928676291423
130948
0.929766691033
130968
0.923333942495
130988
0.929178849903
131008
0.94868877924
131028
0.947852704678
131048
0.946025219298
131068
0.953860562865
131088
0.950196454678
131108
0.940021929825
131128
0.939300073099
131148
0.934932383041
131168
0.924780701754
131188
0.915286915205
131208
0.912399488304
131228
0.903362573099
131248
0.897190241228
131268
0.898748172515
131288
0.896043494152
131308
0.902279788012
131328
0.904605263158
131348
0.905902777778
131368
0.901224415205
131388
0.899004020468
131408
0.907616045322
131428
0.906866776316
131448
0.917000182749
131468
0.916529605263
131488
0.911869517544
131508
0.919389619883
131528
0.916931652047
131548
0.923780153509
131568
0.932223135965
131588
0.941255482456
131608
0.952256944444
131628
0.961047149123
131648
0.963802083333
131668
0.965099597953
131688
0.975219298246
131708
0.982821637427
131728
0.995426717836
131748
1.0
131768
1.0
131788
1.0
131808
0.99765625
131828
0.997034904971
131848
0.997062317251
131868
0.997071454678
131888
0.997066885965
131908
0.997080592105
131928
0.997080592105
131948
1.0
131968
1.0
131988
1.0
132008
0.997902960526
132028
0.997893823099
132048
0.997902960526
132068
0.997884685673
132088
0.997889254386
132108
0.997880116959
132128
0.998346125731
132148
1.0
132168
1.0
132188
1.0
132208
1.0
