123677
0.311536820023
123697
0.311306785301
123717
0.310658998843
123737
0.310123336227
123757
0.311235894097
123777
0.311860532407
123797
0.311471715856
123817
0.310274522569
123837
0.310361689815
123857
0.310318648727
123877
0.309128689236
123897
0.310717592593
123917
0.310360243056
123937
0.30966760706
123957
0.309866898148
123977
0.309150752315
123997
0.309816984954
124017
0.309034649884
124037
0.308011791088
124057
0.309327618634
124077
0.310025679977
124097
0.309891493056
124117
0.30951099537
124137
0.30798864294
124157
0.309475188079
124177
0.309915726273
124197
0.307585720486
124217
0.307638165509
124237
0.309601056134
124257
0.308969907407
124277
0.308019748264
124297
0.307923900463
124317
0.307708695023
124337
0.306215639468
124357
0.306498842593
124377
0.307489872685
124397
0.309265046296
124417
0.308102213542
124437
0.306716579861
124457
0.30830005787
124477
0.309530164931
124497
0.31064416956
124517
0.309849898727
124537
0.309104817708
124557
0.308985821759
124577
0.309445891204
124597
0.309839409722
124617
0.309005353009
124637
0.309343171296
124657
0.309674117477
124677
0.311193214699
124697
0.306692346644
124717
0.309467954282
124737
0.311276403356
124757
0.308171657986
124777
0.307892795139
124797
0.309012225116
124817
0.310865523727
124837
0.31015588831
124857
0.312395833333
124877
0.313013237847
124897
0.312133608218
124917
0.308854890046
124937
0.30958912037
124957
0.316165364583
124977
0.316178747106
124997
0.314950810185
125017
0.312287688079
125037
0.316742621528
125057
0.317080439815
125077
0.316137514468
125097
0.314696180556
125117
0.31763708044
125137
0.31625
125157
0.314987340856
125177
0.315001808449
125197
0.315230034722
125217
0.314208260995
125237
0.315451027199
125257
0.316742983218
125277
0.314480613426
125297
0.313624855324
125317
0.315339988426
125337
0.315542173032
125357
0.316349826389
125377
0.314381510417
125397
0.316136067708
125417
0.317274667245
125437
0.316672453704
125457
0.317307219329
125477
0.318110532407
125497
0.319617332176
125517
0.31912073206
125537
0.318601707176
125557
0.315930266204
125577
0.319854962384
125597
0.320067997685
125617
0.320845992477
125637
0.318773871528
125657
0.321882957176
125677
0.319448784722
125697
0.31912145544
125717
0.320087167245
125737
0.319337022569
125757
0.320524088542
125777
0.319021267361
125797
0.320940755208
125817
0.32246021412
125837
0.32453125
125857
0.323954716435
125877
0.323580005787
125897
0.32195240162
125917
0.322234157986
125937
0.321637008102
125957
0.321990740741
125977
0.321102792245
125997
0.318416521991
126017
0.319666160301
126037
0.321711877894
126057
0.322644314236
126077
0.323968822338
126097
0.32462926794
126117
0.323607494213
126137
0.324443721065
126157
0.324408637153
126177
0.324307364005
126197
0.323041811343
126217
0.322868561921
126237
0.322918113426
126257
0.325243055556
126277
0.323255931713
126297
0.324195963542
126317
0.325426070602
126337
0.323693938079
126357
0.32433557581
126377
0.322208478009
126397
0.324620949074
126417
0.325008680556
126437
0.324507740162
126457
0.324788049769
126477
0.325419921875
126497
0.325880353009
126517
0.32406213831
126537
0.325787760417
126557
0.323182146991
126577
0.325376157407
126597
0.327185329861
126617
0.326842809606
126637
0.325695167824
126657
0.326879340278
126677
0.326687644676
126697
0.326116536458
126717
0.324266854745
126737
0.325929542824
126757
0.326864510995
126777
0.325765697338
126797
0.327034505208
126817
0.326749131944
126837
0.328055555556
126857
0.325968967014
126877
0.327218605324
126897
0.328757957176
126917
0.328302589699
126937
0.327407407407
126957
0.328545645255
126977
0.330177589699
126997
0.328021918403
127017
0.331208767361
127037
0.328569155093
127057
0.330069806134
127077
0.330855396412
127097
0.331756004051
127117
0.330281394676
127137
0.330938946759
127157
0.328348524306
127177
0.330792462384
127197
0.332684823495
127217
0.330828631366
127237
0.332562210648
127257
0.332335792824
127277
0.333960141782
127297
0.334629991319
127317
0.332775969329
127337
0.334048032407
127357
0.335316478588
127377
0.335169632523
127397
0.335128038194
127417
0.334732349537
127437
0.33490270544
127457
0.336730685764
127477
0.336398654514
127497
0.338190465856
127517
0.338413266782
127537
0.338579282407
127557
0.339651331019
127577
0.339318576389
127597
0.337853732639
127617
0.338962311921
127637
0.337843967014
127657
0.337398003472
127677
0.339657479745
127697
0.340696252894
127717
0.340764612269
127737
0.342662760417
127757
0.342879050926
127777
0.343485243056
127797
0.343498987269
127817
0.344296875
127837
0.347511212384
127857
0.348721426505
127877
0.349065393519
127897
0.349514973958
127917
0.350933159722
127937
0.352834924769
127957
0.352312282986
127977
0.351830512153
127997
0.353644386574
128017
0.353366970486
128037
0.35445384838
128057
0.354290726273
128077
0.354435402199
128097
0.354412615741
128117
0.353968822338
128137
0.353974971065
128157
0.353140914352
128177
0.355953052662
128197
0.35794958044
128217
0.359683159722
128237
0.365655743634
128257
0.365728443287
128277
0.367252965856
128297
0.36933666088
128317
0.368859230324
128337
0.373415075231
128357
0.371560329861
128377
0.37218786169
128397
0.374544632523
128417
0.375894820602
128437
0.375618127894
128457
0.374177155671
128477
0.376029730903
128497
0.375319372106
128517
0.375283203125
128537
0.378012152778
128557
0.378884910301
128577
0.378787977431
128597
0.380503110532
128617
0.379565972222
128637
0.381955295139
128657
0.383838252315
128677
0.385490089699
128697
0.388495008681
128717
0.388285951968
128737
0.387369068287
128757
0.388883101852
128777
0.391260127315
128797
0.391653645833
128817
0.394500506366
128837
0.397322771991
128857
0.396764322917
128877
0.397923538773
128897
0.397592230903
128917
0.398640407986
128937
0.399564163773
128957
0.40070384838
128977
0.403225549769
128997
0.404713179977
129017
0.406201895255
129037
0.404369574653
129057
0.407314091435
129077
0.408460648148
129097
0.407213903356
129117
0.408005280671
129137
0.411421440972
129157
0.414049479167
129177
0.412199074074
129197
0.419406105324
129217
0.419143880208
129237
0.419292173032
129257
0.418484519676
129277
0.417184968171
129297
0.420235460069
129317
0.418042896412
129337
0.422522786458
129357
0.4267578125
129377
0.426707537616
129397
0.426077835648
129417
0.430799334491
129437
0.433795211227
129457
0.43505823206
129477
0.43361328125
129497
0.431951678241
129517
0.435880353009
129537
0.438195167824
129557
0.435641637731
129577
0.438651258681
129597
0.440954499421
129617
0.440866970486
129637
0.441652560764
129657
0.445091507523
129677
0.447454427083
129697
0.448994140625
129717
0.451048177083
129737
0.44867151331
129757
0.447286603009
129777
0.453501157407
129797
0.454251663773
129817
0.455598596644
129837
0.45523365162
129857
0.460060402199
129877
0.458286313657
129897
0.459568865741
129917
0.462000868056
129937
0.464622757523
129957
0.463897569444
129977
0.462672164352
129997
0.462498191551
130017
0.465576895255
130037
0.469383318866
130057
0.470433666088
130077
0.470248842593
130097
0.472782841435
130117
0.472513020833
130137
0.478206741898
130157
0.479242621528
130177
0.479464699074
130197
0.480110677083
130217
0.479507378472
130237
0.488344907407
130257
0.485274884259
130277
0.482086226852
130297
0.482479021991
130317
0.48144603588
130337
0.48091724537
130357
0.476321252894
130377
0.475661168981
130397
0.479543185764
130417
0.478213252315
130437
0.48070276331
130457
0.475599681713
130477
0.472510489005
130497
0.464652777778
130517
0.466920934606
130537
0.467190755208
130557
0.467609230324
130577
0.471241681134
130597
0.470320457176
130617
0.473568793403
130637
0.476024667245
130657
0.471092303241
130677
0.470710358796
130697
0.474285662616
130717
0.477056929977
130737
0.471435908565
130757
0.473952184606
130777
0.472508318866
130797
0.475383752894
130817
0.479524377894
130837
0.483096064815
130857
0.483707682292
130877
0.488701171875
130897
0.493079427083
130917
0.492223668981
130937
0.494578993056
130957
0.496795428241
130977
0.509142071759
130997
0.514480251736
131017
0.513569516782
131037
0.514818070023
131057
0.506863064236
131077
0.504948278356
131097
0.501872106481
131117
0.507162181713
131137
0.500834056713
131157
0.50084020544
131177
0.501330656829
131197
0.500218098958
131217
0.497663845486
131237
0.490770037616
131257
0.493182508681
131277
0.492361111111
131297
0.495837673611
131317
0.49566478588
131337
0.498150679977
131357
0.507828414352
131377
0.500942925347
131397
0.505158420139
131417
0.507360387731
131437
0.511630859375
131457
0.510172526042
131477
0.513472583912
131497
0.517239583333
131517
0.515501663773
131537
0.518498625579
131557
0.514241898148
131577
0.528585792824
131597
0.513361183449
131617
0.5110546875
131637
0.510376157407
131657
0.50125072338
131677
0.508170572917
131697
0.50859447338
131717
0.507697844329
131737
0.509055266204
131757
0.511127748843
131777
0.514962022569
131797
0.517992983218
131817
0.513814380787
131837
0.520299479167
131857
0.510251736111
131877
0.511735749421
131897
0.510247395833
131917
0.508939887153
131937
0.502171947338
131957
0.50025462963
131977
0.489929108796
131997
0.490530598958
132017
0.488932653356
132037
0.49128942419
132057
0.498953631366
132077
0.490428602431
132097
0.491103877315
132117
0.482314814815
132137
0.476536458333
132157
0.473439308449
132177
0.475398943866
132197
0.474497612847
132217
0.470699508102
132237
0.47378978588
132257
0.479124348958
132277
0.479131582755
132297
0.480551576968
132317
0.486373336227
132337
0.481525245949
132357
0.473508752894
132377
0.478876591435
132397
0.475128038194
132417
0.476999782986
132437
0.472380642361
132457
0.467840711806
132477
0.467095269097
132497
0.465426070602
132517
0.465149739583
132537
0.46630823206
132557
0.464701967593
132577
0.461106770833
132597
0.459818431713
132617
0.427008463542
132637
0.391889105903
132657
0.368128616898
132677
0.351253978588
132697
0.350322989005
132717
0.363361545139
132737
0.497688078704
132757
0.476161385995
132777
0.464267578125
132797
0.452581741898
132817
0.45249927662
132837
0.448655960648
132857
0.443165147569
132877
0.440903862847
132897
0.437734375
132917
0.432426215278
132937
0.431984592014
132957
0.443434968171
132977
0.452702907986
132997
0.46011754919
133017
0.498395905671
133037
0.503919994213
133057
0.515011212384
133077
0.53404333044
133097
0.565270905671
133117
0.674295428241
133137
1.0
133157
1.0
133177
1.0
133197
1.0
133217
1.0
133237
1.0
133257
1.0
