155904
0.518715533088
155924
0.965569469975
155944
0.964559876685
155964
0.962512925092
155984
0.720802217371
156004
0.708226102941
156024
0.7023504519
156044
0.35304888557
156064
0.348410692402
156084
0.81888403799
156104
0.836326210172
156124
0.859264418658
156144
0.86138269761
156164
0.85540747549
156184
0.592325367647
156204
0.737826956955
156224
0.79453125
156244
0.847249348958
156264
0.829424211091
156284
0.504158528646
156304
0.461936083027
156324
0.549120615043
156344
0.88591260723
156364
0.238272154565
156384
0.218142041973
156404
0.244179400276
156424
0.188514859069
156444
0.147622261795
156464
0.150246534161
156484
0.168030503217
156504
0.183209348192
156524
0.283399394914
156544
0.299537090227
156564
0.3223599303
156584
0.332523360907
156604
0.347203871783
156624
0.0598623238358
156644
0.075572533701
156664
0.0900898054534
156684
0.111641199449
156704
0.162551700368
156724
0.975706092984
156744
0.973636642157
156764
0.973094745711
156784
0.972526041667
156804
0.971079388787
156824
0.97298224954
156844
0.975638595282
156864
0.974996170343
156884
0.976005763634
156904
0.978390682445
156924
0.904124540441
156944
0.595097081801
156964
0.474320235907
156984
0.348435585172
157004
0.322953048407
157024
0.321996591605
157044
0.31562835095
157064
0.298590207567
157084
0.271098058364
157104
0.298610313266
157124
0.311563648897
157144
0.30952722886
157164
0.31078527114
157184
0.310352519914
157204
0.238992130055
157224
0.251313572304
157244
0.341784907322
157264
0.549072744332
157284
0.440056774663
157304
0.321329752604
157324
0.38411506204
157344
0.443238262102
157364
0.281328029259
157384
0.351902860754
157404
0.392204733456
157424
0.51933928845
157444
0.461081112132
157464
0.0945336435355
157484
0.258085841759
157504
0.219064031863
157524
0.202603209252
157544
0.187367398131
157564
0.165624521293
157584
0.147156479779
157604
0.127313112745
157624
0.114601524203
157644
0.0941176470588
157664
0.189293715533
157684
0.244416839001
157704
0.245664349724
157724
0.237932751225
157744
0.232014495251
157764
0.237974877451
157784
0.081924498315
157804
0.0806798598346
157824
0.0814974915748
157844
0.0685049019608
157864
0.072634229473
157884
0.0844779220282
157904
0.177306889553
157924
0.174793677237
157944
0.199068435968
157964
0.135993987439
157984
0.123713235294
158004
0.140612553615
158024
0.198414522059
158044
0.24118939568
158064
0.255787568934
158084
0.238215188419
158104
0.136315678615
158124
0.219681085325
158144
0.217822265625
158164
0.240235332414
158184
0.275607000613
158204
0.258554496017
158224
0.260030828738
158244
0.422089939491
158264
0.472908528646
158284
0.487640261183
158304
0.372029143689
158324
0.201789407169
158344
0.22740167356
158364
0.178911994485
158384
0.182728247549
158404
0.185711071538
158424
0.0993159275429
158444
0.115688189338
158464
0.102887082567
158484
0.20045189951
158504
0.210175398284
158524
0.230027382047
158544
0.21770881204
158564
0.209758444393
158584
0.11058660769
158604
0.143757659314
158624
0.249712297028
158644
0.209742647059
158664
0.154859834559
158684
0.105508961397
158704
0.115229109222
158724
0.146182310815
158744
0.129491708793
158764
0.13193359375
158784
0.262486117494
158804
0.232575061275
158824
0.166838043811
158844
0.157370174632
158864
0.203089575674
158884
0.386385569853
158904
0.421737132353
158924
0.259151443781
158944
0.264758061428
158964
0.273211550245
158984
0.283604281556
159004
0.288388480392
159024
0.291665709252
159044
0.0813916973039
159064
0.0590150122549
159084
0.0464891620711
159104
0.126075176164
159124
0.113807349112
159144
0.191438323376
159164
0.188353534773
159184
0.183369715074
159204
0.171796013327
159224
0.163332471661
159244
0.165586224724
159264
0.217416800705
159284
0.174013863358
159304
0.172711780025
159324
0.200380572151
159344
0.177909581801
159364
0.204025926777
159384
0.202251838235
159404
0.271245021446
159424
0.10587756587
159444
0.095707433364
159464
0.0794021905637
159484
0.0852371515012
159504
0.0838412415748
159524
0.0868417777267
159544
0.0759468826593
159564
0.0860365923713
159584
0.0885632084865
159604
0.0875593596814
159624
0.0984801049326
159644
0.0801432291667
159664
0.103565889246
159684
0.088836071538
159704
0.0938782935049
159724
0.0780268650429
159744
0.0986332912071
159764
0.0697323069853
159784
0.0705504174326
159804
0.0880088656556
159824
1.0
159844
1.0
159864
1.0
159884
1.0
159904
0.994063553156
159924
0.994585343903
159944
0.993555644914
159964
0.990399050245
159984
1.0
160004
0.994120998009
160024
0.995273246017
160044
0.995023839614
160064
0.994165039062
160084
1.0
160104
0.996876436121
160124
1.0
160144
0.996535117953
160164
0.996642827053
160184
0.998273303462
160204
0.99670122932
160224
1.0
160244
0.995897001379
160264
0.996340284161
160284
0.996733302696
160304
0.995901309743
160324
1.0
160344
0.996789790135
160364
1.0
160384
0.993378523284
160404
0.993345013787
160424
1.0
160444
0.988290824142
160464
1.0
160484
0.992213350184
160504
0.99269397212
160524
0.995787377451
160544
0.989234355852
160564
1.0
160584
0.989784390319
160604
0.990149165135
160624
0.996877872243
160644
0.989368872549
160664
1.0
160684
0.994832835478
160704
0.995595415901
160724
0.996172257966
160744
0.995174153646
160764
1.0
160784
0.991859585631
160804
0.994559972426
160824
0.994565238205
160844
0.99384095435
160864
1.0
160884
0.995298138787
160904
0.998751053156
160924
0.993360811121
160944
0.99310948989
160964
1.0
160984
0.994848154105
161004
1.0
161024
0.992164522059
161044
0.99216260723
161064
0.995394837623
161084
0.993386182598
161104
1.0
161124
0.993937174479
161144
0.995215801164
161164
1.0
161184
0.999406881893
161204
0.990818876379
161224
0.977134554994
161244
0.965580001532
161264
0.951865042892
161284
0.94146752451
161304
0.924050723805
161324
0.912372185202
161344
0.905290192249
161364
0.898968386183
161384
0.892189414828
161404
0.885397997089
161424
0.88215044807
161444
0.88282733992
161464
0.878479721967
161484
0.876785577512
161504
0.880652573529
161524
0.884383616728
161544
0.893687768076
161564
0.892542221967
161584
0.899152688419
161604
0.898231177237
161624
0.89703728171
161644
0.89605401731
161664
0.909711531097
161684
0.912053844975
161704
0.914640299479
161724
0.910465016085
161744
0.910527726716
161764
0.897538009344
161784
0.892985983456
161804
0.880914426317
161824
0.872001378676
161844
0.856696633732
161864
0.859571748621
161884
0.853368661918
161904
0.852782245711
161924
0.858101639093
161944
0.861422909007
161964
0.853600834865
161984
0.85543236826
162004
0.851121610754
162024
0.854091988358
162044
0.847011431526
162064
0.854184857537
162084
0.849071786918
162104
0.847923847273
162124
0.844828527114
162144
0.83812231924
162164
0.840782015931
162184
0.846013805913
162204
0.852223594516
162224
0.858296951593
162244
0.863043332567
162264
0.879167145374
162284
0.888616344975
162304
0.88442957261
162324
0.869345990349
162344
0.877079503676
162364
0.872332165288
162384
0.874887025123
162404
0.877759746477
162424
0.879909620098
162444
0.882751704197
162464
0.88847321155
162484
0.890854779412
162504
0.88292499617
162524
0.881649720435
162544
0.898482498468
162564
0.898215858609
162584
0.900884172028
162604
0.904166666667
162624
0.901162300858
162644
0.89593146829
162664
0.881773226869
162684
0.877183861826
162704
0.876958869485
162724
0.888643631281
162744
0.895035807292
162764
0.877042643229
162784
0.873539943321
162804
0.874053596048
162824
0.884290268842
162844
0.892216222426
162864
0.898423617494
162884
0.891537894455
162904
0.881967581955
162924
0.871190448836
162944
0.862202244179
162964
0.876345166973
162984
0.86843548943
163004
0.867042451746
163024
0.857474054075
163044
0.860739315257
163064
0.859518133425
163084
0.8537042356
163104
0.859012140012
163124
0.870828546262
163144
0.866874425551
163164
0.86892041973
163184
0.874081839767
163204
0.877160883885
163224
0.878113032322
163244
0.884389361213
163264
0.884723020067
163284
0.879052734375
163304
0.890446920956
163324
0.89855334712
163344
0.908258176317
163364
0.904968501072
163384
0.899725700827
163404
0.894087488511
163424
0.897852041207
163444
0.904730104933
163464
0.907724417892
163484
0.903088139553
163504
0.904438572304
163524
0.896485332414
163544
0.88538459329
163564
0.876579733456
163584
0.870164579504
163604
0.88058124617
163624
0.898128255208
163644
0.896468098958
163664
0.886142865349
163684
0.878550570619
163704
0.870930510876
163724
0.859502814798
163744
0.866134344363
163764
0.862046664369
163784
0.860258693321
163804
0.865890682445
163824
0.875058402267
163844
0.864120902267
163864
0.870148782169
163884
0.861902573529
163904
0.868939568015
163924
0.893641333487
163944
0.896434110754
163964
0.90006462546
163984
0.917326325061
164004
0.918028109681
164024
0.923003312653
164044
0.917451267616
164064
0.904367244945
164084
0.897257486979
164104
0.894452263327
164124
0.894615023744
164144
0.886159141391
164164
0.8921807981
164184
0.88273973652
164204
0.876079484528
164224
0.878294941023
164244
0.871314912684
164264
0.861551681219
164284
0.872813265931
164304
0.87022154565
164324
0.86712622549
164344
0.87677600337
164364
0.885016467525
164384
0.876316444547
164404
0.884351064645
164424
0.875897575827
164444
0.878467275582
164464
0.866719803156
164484
0.867491479013
164504
0.856471162684
164524
0.86304620481
164544
0.874050723805
164564
0.872492532169
164584
0.860610543045
164604
0.87191138174
164624
0.880764112286
164644
0.875744389553
164664
0.869000842525
164684
0.879828718597
164704
0.882530541513
164724
0.896808459712
164744
0.893578622855
164764
0.877449065564
164784
0.892830403646
164804
0.902594592525
164824
0.907588465074
164844
0.907297411152
164864
0.912465054381
164884
0.923622759651
164904
0.919016161152
164924
0.922913794424
164944
0.921791704963
164964
0.924633310355
164984
0.933678959865
165004
0.916834214154
165024
0.892971622243
165044
0.888309972426
165064
0.894434551164
165084
0.883793370864
165104
0.877654430913
165124
0.88469286152
165144
0.882763671875
165164
0.877638633578
165184
0.882234700521
165204
0.882571710325
165224
0.884408509498
165244
0.906061868107
165264
0.913702512255
165284
0.914879174326
165304
0.92781048943
165324
0.940073050705
165344
0.943517827053
165364
0.957456341912
165384
0.969989851409
165404
0.974297736673
165424
0.978469669118
165444
0.994446040135
165464
1.0
165484
1.0
