137745
0.207380079733
137765
0.180262345679
137785
0.0603047839506
137805
0.0586074138374
137825
0.0538487011317
137845
0.0553813014403
137865
0.181922743056
137885
0.217120949074
137905
0.086707658179
137925
0.139954507459
137945
0.164810474537
137965
0.174487364969
137985
0.162963123714
138005
0.149761927726
138025
0.154498135288
138045
0.166306423611
138065
0.150014789095
138085
0.148789705504
138105
0.154969618056
138125
0.148047357253
138145
0.123975855195
138165
0.148229005916
138185
0.155535140175
138205
0.167563175154
138225
0.171310120885
138245
0.165789609053
138265
0.187597254372
138285
0.177162583591
138305
0.174577707047
138325
0.175815972222
138345
0.184018293467
138365
0.178091724537
138385
0.166033468364
138405
0.180104166667
138425
0.179326292438
138445
0.178790830761
138465
0.155451388889
138485
0.168808995628
138505
0.168814621914
138525
0.151604295267
138545
0.141983506944
138565
0.147649016204
138585
0.159864969136
138605
0.157798836163
138625
0.402178980195
138645
0.393911715535
138665
0.406047614455
138685
0.282552404835
138705
0.276585487397
138725
0.276814718364
138745
0.273860435957
138765
0.271132008745
138785
0.275497524434
138805
0.272891750257
138825
0.276894450874
138845
0.270884130658
138865
0.113582979681
138885
0.113496495628
138905
0.111532118056
138925
0.112155510545
138945
0.11356722608
138965
0.112682934671
138985
0.11329684285
139005
0.10965309928
139025
0.109061053241
139045
0.106502379115
139065
0.105881558642
139085
0.103220003858
139105
0.0976713605967
139125
0.0957110018004
139145
0.089023598251
139165
0.0845227301955
139185
0.0826961162551
139205
0.072678594393
139225
0.0741692386831
139245
0.0756259645062
139265
0.075909690072
139285
0.0749842463992
139305
0.0722183641975
139325
0.181615387088
139345
0.0746391139403
139365
0.0799419688786
139385
0.0794960455247
139405
0.0789604230967
139425
0.0748734889403
139445
0.0758534272119
139465
0.0744907407407
139485
0.077293595679
139505
0.0791272826646
139525
0.07942499357
139545
0.0778838734568
139565
0.125258166152
139585
0.147479584619
139605
0.0764105902778
139625
0.0785220550412
139645
0.09165155607
139665
0.0942848186728
139685
0.0909817065329
139705
0.141583719136
139725
0.185392071759
139745
0.0596812307099
139765
0.0611287937243
139785
0.130705697016
139805
0.141611529064
139825
0.144343010545
139845
0.19557034465
139865
0.208948206019
139885
0.191720518261
139905
0.164681873714
139925
0.114448945473
139945
0.126915187757
139965
0.134042566872
139985
0.117541795267
140005
0.145972382973
140025
0.19644370499
140045
0.094693126286
140065
0.136701388889
140085
0.0882642103909
140105
0.0887900270062
140125
0.0938421103395
140145
0.112903967335
140165
0.11114535108
140185
0.110151266718
140205
0.109100758745
140225
0.111020929784
140245
0.0579402970679
140265
0.0574365033436
140285
0.0571154835391
140305
0.057355163323
140325
0.0575131815844
140345
0.0574782986111
140365
0.0574572402263
140385
0.0575935570988
140405
0.0578931970165
140425
0.0575194508745
140445
0.0578660300926
140465
0.0587004886831
140485
0.0582844650206
140505
0.0579115226337
140525
0.0580473572531
140545
0.0582904128086
140565
0.0580219585905
140585
0.0580846514918
140605
0.0580291923868
140625
0.0589208783436
140645
0.0583177404835
140665
0.058565779321
140685
0.058872974537
140705
0.0584326774691
140725
0.0583072916667
140745
0.0584108153292
140765
0.0583413708848
140785
0.0587572337963
140805
0.0581970164609
140825
0.0583714313272
140845
0.0589965920782
140865
0.379677694187
140885
0.37622813786
140905
0.36822659465
140925
0.377008101852
140945
0.378770415381
140965
0.381023662551
140985
0.376709747942
141005
0.38155944573
141025
0.382199074074
141045
0.377161940586
141065
0.365554591049
141085
0.37465776106
141105
0.394677051183
141125
0.380032471708
141145
0.373182548868
141165
0.381478266461
141185
0.391561696245
141205
0.376565072016
141225
0.383083365484
141245
0.379973636831
141265
0.389864326132
141285
0.381862943673
141305
0.37907343107
141325
0.381047453704
141345
0.371925315072
141365
0.359831050669
141385
0.369549254115
141405
0.367521379887
141425
0.358136091821
141445
0.353689879115
141465
0.367469618056
141485
0.368122910237
141505
0.363770736883
141525
0.372019032922
141545
0.362702224794
141565
0.36715149177
141585
0.3527031893
141605
0.367045717593
141625
0.370590760031
141645
0.372719264403
141665
0.370236143261
141685
0.353753215021
141705
0.350368441358
141725
0.352624903549
141745
0.356545460391
141765
0.354182259516
141785
0.35729070216
141805
0.350024273405
141825
0.349385127315
141845
0.35275784465
141865
0.36533436214
141885
0.347268840021
141905
0.325779160237
141925
0.377407246656
141945
0.385332111626
141965
0.384737815072
141985
0.375663580247
142005
0.379952096193
142025
0.376969682356
142045
0.383140753601
142065
0.387947370113
142085
0.392581018519
142105
0.395872878086
142125
0.388483957047
142145
0.391047132202
142165
0.389099151235
142185
0.37800942001
142205
0.382039287551
142225
0.392066936728
142245
0.382047164352
142265
0.383027745628
142285
0.382078993056
142305
0.377027391975
142325
0.38777809928
142345
0.381402552726
142365
0.38568431713
142385
0.376387924383
142405
0.388882619599
142425
0.38179382073
142445
0.396245177469
142465
0.393291216564
142485
0.391541602366
142505
0.39291248714
142525
0.392575231481
142545
0.378331404321
142565
0.388622685185
142585
0.203574459877
142605
0.214751157407
142625
0.22266091178
142645
0.247256622942
142665
0.308884066358
142685
0.118915252058
142705
0.129109278549
142725
0.133365001286
142745
0.133065200617
142765
0.130232445988
142785
0.131343074846
142805
0.127622170782
142825
0.122615419239
142845
0.0910873199588
142865
0.100829957562
142885
0.0858436213992
142905
0.09659063143
142925
0.103752572016
142945
0.104864486883
142965
0.0838351980453
142985
0.160414737654
143005
0.191134259259
143025
0.106036683385
143045
0.141127025463
143065
0.139127443416
143085
0.249597318673
143105
0.263193479938
143125
0.225960005144
143145
0.239388020833
143165
0.230574845679
143185
0.226045685442
143205
0.204864486883
143225
0.0794024884259
143245
0.159038548097
143265
0.17575938786
143285
0.0970418595679
143305
0.0947077546296
143325
0.121525205761
143345
0.181783532665
143365
0.152491962449
143385
0.148665444959
143405
0.181110468107
143425
0.191011927726
143445
0.338406153549
143465
0.294399273405
143485
0.195966113683
143505
0.383026459619
143525
0.416909079218
143545
0.436979327418
143565
0.328700488683
143585
0.307095711163
143605
0.2247265625
143625
0.209608410494
143645
0.231739165381
143665
0.231447402263
143685
0.273095904064
143705
0.252384580761
143725
0.23873906893
143745
0.22148132073
143765
0.243346514918
143785
0.237273823302
143805
0.0815388695988
143825
0.0852205504115
143845
0.095842656893
143865
0.10107654964
143885
0.0638438786008
143905
0.0630616640947
143925
0.0628777649177
143945
0.0626856674383
143965
0.0632138953189
143985
0.0632502250514
144005
0.0634649884259
144025
0.0634395897634
144045
0.0626464441872
144065
0.0633280285494
144085
0.063130787037
144105
0.0637098122428
144125
0.0626179912551
144145
0.0623709169239
144165
0.0629198816872
144185
0.0626945087449
144205
0.0623040444959
144225
0.0627891911008
144245
0.0636212384259
144265
0.0623070987654
144285
0.0624241255144
144305
0.0631857638889
144325
0.0624281442901
144345
0.0618153613683
144365
0.0617357896091
144385
0.0622228652263
144405
0.0620693479938
144425
0.0623906893004
144445
0.0626925797325
144465
0.0616110468107
144485
0.0613798868313
144505
0.0618161651235
144525
0.0629811278292
144545
0.062561567644
144565
0.0632563335905
144585
0.0633789866255
144605
0.0631849601337
144625
0.0621412037037
144645
0.0625363297325
144665
0.0627904771091
144685
0.0621524562757
144705
0.0632998971193
144725
0.0630507330247
144745
0.0634964956276
144765
0.0633637152778
144785
0.0635259130658
144805
0.0628666730967
144825
0.446641911008
144845
0.516248231739
144865
0.511470228909
144885
0.51946405607
144905
0.500183416924
144925
0.47695007073
144945
0.452612364969
144965
0.453771540638
144985
0.442310796039
145005
0.428836644805
145025
0.443252636317
145045
0.434281925154
145065
0.419693608539
145085
0.435726112397
145105
0.44476401749
145125
0.429041120113
145145
0.481284561471
145165
0.472998167438
145185
0.460808416924
145205
0.492568962191
145225
0.486466531636
145245
0.473688593107
145265
0.478155221193
145285
0.494723347479
145305
0.471705246914
145325
0.448255047582
145345
0.443256976595
145365
0.451459619342
145385
0.430077481996
145405
0.42127973894
145425
0.423055394805
145445
0.433582658179
145465
0.42940007716
145485
0.445680137603
145505
0.452994309414
145525
0.475604423868
145545
0.466116255144
145565
0.451641589506
145585
0.479305555556
145605
0.48992026749
145625
0.458590374228
145645
0.445707304527
145665
0.490893614969
145685
0.499530124743
145705
0.499719810957
145725
0.492753504372
145745
0.501803948045
145765
0.460472447274
145785
0.458677340535
145805
0.512987879372
145825
0.487418981481
145845
0.469804848251
145865
0.489437210648
145885
0.481965985082
145905
0.468083526235
145925
0.47984214249
145945
0.434799382716
145965
0.425451871142
145985
0.450545106739
146005
0.462698527521
146025
0.448453414352
146045
0.441799447016
146065
0.43836869856
146085
0.438033532665
146105
0.458857703189
146125
0.418124839249
146145
0.416204346708
146165
0.442874067644
146185
0.457988683128
146205
0.425302533436
146225
0.431495627572
146245
0.415687853652
146265
0.440656667953
146285
0.455675797325
146305
0.430837673611
146325
0.417377829218
146345
0.406000675154
146365
0.412130594136
146385
0.432288612397
146405
0.426410268776
146425
0.40864840535
146445
0.418778774434
146465
0.433278838735
146485
0.472786136831
146505
0.493990162037
146525
0.48522344393
146545
0.487890785751
146565
0.516569412294
146585
0.53329218107
146605
0.520286619084
146625
0.518621238426
146645
0.503833108282
146665
0.501861657665
146685
0.506907150206
146705
0.477397601595
146725
0.400772247942
146745
0.44103121785
146765
0.458239293981
146785
0.425358796296
146805
0.423244759516
146825
0.406390174897
146845
0.405070087449
146865
0.408770093879
146885
0.413831018519
146905
0.42256092464
146925
0.419010255916
146945
0.410991351595
146965
0.408836484053
146985
0.398412744342
147005
0.397826163837
147025
0.403673321759
147045
0.433027745628
147065
0.412879050926
147085
0.389308288323
147105
0.37727961034
147125
0.386451260288
147145
0.388158918467
147165
0.393247170782
147185
0.408059252829
147205
0.418925700874
147225
0.414352816358
147245
0.406645126029
147265
0.407736143261
147285
0.440147730195
147305
1.0
147325
1.0
