190162
0.200925925926
190182
0.190236659357
190202
0.190690484893
190222
0.180246405945
190242
0.184134381092
190262
0.206878959552
190282
0.210523269981
190302
0.22813870614
190322
0.0788026924951
190342
0.34759837963
190362
0.0732166788499
190382
0.406358126218
190402
0.388917824074
190422
0.290427022417
190442
0.117974841618
190462
0.373652229532
190482
0.376749817251
190502
0.550414230019
190522
0.562681225634
190542
0.457491167154
190562
0.344142909357
190582
0.385221734893
190602
0.355106298733
190622
0.374360380117
190642
0.542355019493
190662
0.362793920565
190682
0.613116776316
190702
0.595486111111
190722
0.494106359649
190742
0.652406189084
190762
0.676972161306
190782
0.571733369883
190802
0.350513218811
190822
0.433843506335
190842
0.361322794834
190862
0.474812682749
190882
0.45545504386
190902
0.39298245614
190922
0.682148513645
190942
0.575336561891
190962
0.625006091618
190982
0.444922636452
191002
0.419088084795
191022
0.270830287524
191042
0.267665692008
191062
0.127957480507
191082
0.40411336501
191102
0.297595333821
191122
0.189219359162
191142
0.297542032164
191162
0.285692312378
191182
0.271980080409
191202
0.111607577973
191222
0.0959841008772
191242
0.0874482212476
191262
0.101451327973
191282
0.128467653509
191302
0.344156615497
191322
0.19839333577
191342
0.196011513158
191362
0.220368847466
191382
0.353252923977
191402
0.431458637914
191422
0.356947490253
191442
0.369657651072
191462
0.720716069688
191482
0.627870674951
191502
0.48382827729
191522
0.472624269006
191542
0.49161336501
191562
0.308013523392
191582
0.344269310429
191602
0.383823708577
191622
0.288040631092
191642
0.176632553606
191662
0.171625243665
191682
0.36758497807
191702
0.353004690546
191722
0.374719785575
191742
0.424238547758
191762
0.392904788012
191782
0.394363730507
191802
0.53117537768
191822
0.379047880117
191842
0.138150280214
191862
0.271783625731
191882
0.50820997807
191902
0.554053971735
191922
0.455550986842
191942
0.469062195419
191962
0.354110319201
191982
0.911376096491
192002
0.37840369152
192022
0.268393640351
192042
0.256257614522
192062
0.242073282164
192082
0.413081749513
192102
0.50150462963
192122
0.301516812865
192142
0.344094176413
192162
0.583944018031
192182
0.557111963938
192202
0.36580165692
192222
0.475796479045
192242
0.523157285575
192262
0.555694139864
192282
0.736872563353
192302
0.477316337719
192322
0.403248355263
192342
0.678003167641
192362
0.279882431774
192382
0.242781432749
192402
0.302532590156
192422
0.306428179825
192442
0.365615862573
192462
0.339001583821
192482
0.404159052144
192502
0.388907163743
192522
0.31686464425
192542
0.265818408869
192562
0.301203094542
192582
0.340366106238
192602
0.260032894737
192622
0.439714303119
192642
0.341062073587
192662
0.448911123294
192682
0.447724780702
192702
0.470417580409
192722
0.547001401072
192742
0.547319688109
192762
0.53894371345
192782
0.457634320175
192802
0.463220333821
192822
0.575392909357
192842
0.523898940058
192862
0.430286001462
192882
0.434865375244
192902
0.3672895346
192922
0.311839059454
192942
0.467554519981
192962
0.473509076511
192982
0.488884320175
193002
0.454573282164
193022
0.0986750730994
193042
0.144869334795
193062
0.0745812012671
193082
0.0982791179337
193102
0.166779361598
193122
0.179682931287
193142
0.14501705653
193162
0.0383132309942
193182
0.174907102827
193202
0.17062164961
193222
0.159283625731
193242
0.253851425439
193262
0.320719115497
193282
0.315987451267
193302
0.349951267057
193322
0.405515960039
193342
0.203319931774
193362
0.303361050195
193382
0.275286306043
193402
0.277104653996
193422
0.166080348441
193442
0.761042580409
193462
0.260307017544
193482
0.369689632066
193502
0.049770041423
193522
0.318411915205
193542
0.202397051657
193562
0.172679093567
193582
0.35207876462
193602
0.270636878655
193622
0.30636878655
193642
0.132099780702
193662
0.531783016569
193682
0.431286549708
193702
0.692697673002
193722
0.537401011209
193742
0.186231420565
193762
0.381292641326
193782
0.216595090156
193802
0.205946942008
193822
0.215600633528
193842
0.133578520955
193862
0.521465338694
193882
0.671660270468
193902
0.543299220273
193922
0.468759137427
193942
0.571724232456
193962
0.514810246101
193982
0.394933296784
194002
0.694005847953
194022
0.690257980019
194042
0.514706688596
194062
0.617327607212
194082
0.628700657895
194102
0.498478618421
194122
0.252087902047
194142
0.0681743421053
194162
0.181758650097
194182
0.281493664717
194202
0.239630543372
194222
0.281265229045
194242
0.365317373294
194262
0.357344968324
194282
0.346422697368
194302
0.522768944932
194322
0.462999512671
194342
0.636249695419
194362
0.67268670809
194382
0.576539656433
194402
0.568570297271
194422
0.566238730507
194442
0.543891630117
194462
0.519053057992
194482
0.495556164717
194502
0.456006335283
194522
0.434149610136
194542
0.40483369883
194562
0.380439814815
194582
0.470612512183
194602
0.46995918616
194622
0.429328094542
194642
0.385453216374
194662
0.361883223684
194682
0.343844420078
194702
0.319602826511
194722
0.324331444932
194742
0.313495979532
194762
0.308170382554
194782
0.311089790448
194802
0.330968262671
194822
0.377579800195
194842
0.366756518031
194862
0.459166362086
194882
0.487492385478
194902
0.431228679337
194922
0.56507827729
194942
0.429778874269
194962
0.492674829435
194982
0.558159722222
195002
0.506082480507
195022
0.423711622807
195042
0.473719237329
195062
0.484343019006
195082
0.535843079922
195102
0.417542336745
195122
0.661596917641
195142
0.392391569201
195162
0.361013645224
195182
0.39851212232
195202
0.394682017544
195222
0.330914961014
195242
0.551880787037
195262
0.373091800682
195282
0.570441946881
195302
0.406001766569
195322
0.570778508772
195342
0.6282270346
195362
0.39638919347
195382
0.497200901559
195402
0.564516325536
195422
0.52101912768
195442
0.61640625
195462
0.46611080653
195482
0.475973135965
195502
0.547976059942
195522
0.392196637427
195542
0.494168798733
195562
0.457967836257
195582
0.314476730019
195602
0.362979714912
195622
0.482337353801
195642
0.362224354288
195662
0.42433753655
195682
0.561963937622
195702
0.46101212232
195722
0.461095882066
195742
0.499582724172
195762
0.381055068226
195782
0.444308905945
195802
0.647851181774
195822
0.609671966374
195842
0.580211379142
195862
0.607704373782
195882
0.635247624269
195902
0.421751644737
195922
0.740762061404
195942
0.524526376706
195962
0.579142300195
195982
0.373612634016
196002
0.408790204678
196022
0.486767482943
196042
0.48711622807
196062
0.462390350877
196082
0.443302266082
196102
0.382609953704
196122
0.339144736842
196142
0.403164595517
196162
0.395275950292
196182
0.334049098441
196202
0.358246527778
196222
0.383220638402
196242
0.574026864035
196262
0.586433966862
196282
0.427549342105
196302
0.490119395712
196322
0.425175134016
196342
0.477928545322
196362
0.400843689084
196382
0.480750487329
196402
0.442976364522
196422
0.363537097953
196442
0.287003533138
196462
0.79578460039
196482
0.494814510234
196502
0.802448830409
196522
0.675082236842
196542
0.522950170565
196562
0.52663712232
196582
0.465705713938
196602
0.305790082846
196622
0.425884807505
196642
0.326174159357
196662
0.444538864522
196682
0.474830957602
196702
0.421203399123
196722
0.430094115497
196742
0.44710952729
196762
0.474689327485
196782
0.475036549708
196802
0.597468932749
196822
0.535218689084
196842
0.545112999513
196862
0.551984344542
196882
0.515553423489
196902
0.533021137914
196922
0.480694139864
196942
0.480983491715
196962
0.475287828947
196982
0.456193652534
197002
0.543702789961
197022
0.494560185185
197042
0.647765899123
197062
0.632174403021
197082
0.601751340156
197102
0.581991654483
197122
0.541928606238
197142
0.615498598928
197162
0.503192007797
197182
0.458351608187
197202
0.51245583577
197222
0.451081262183
197242
0.41222130848
197262
0.371527777778
197282
0.382209429825
197302
0.437946211014
197322
0.670042945906
197342
0.693664717349
197362
0.623679641813
197382
0.636808601365
197402
0.632076937135
197422
0.674503533138
197442
0.713683296784
197462
0.778915387427
197482
0.80549920809
197502
0.756738852339
197522
0.748067434211
197542
0.687446698343
197562
0.555680433723
197582
0.521241471735
197602
0.533030275341
197622
0.437297453704
197642
0.417738791423
197662
0.41108369883
197682
0.42871588694
197702
0.407454617446
197722
0.269190119396
197742
0.0961942616959
197762
0.101586866472
197782
0.2897417154
197802
0.506239339669
197822
0.300452302632
197842
0.502834125244
197862
0.454721003899
197882
0.428953460039
197902
0.434282102827
197922
0.431979471248
197942
0.193093628168
197962
0.183686647173
197982
0.192268213938
198002
0.125382249025
198022
0.304608308967
198042
0.331658138402
198062
0.269771868908
198082
0.228190484893
198102
0.256391630117
198122
0.20048580653
198142
0.167406798246
198162
0.19382462232
198182
0.186368481969
198202
0.182192677875
198222
0.168684515107
198242
0.149272051657
198262
0.13385873538
198282
0.143552022417
198302
0.472222222222
198322
0.554737755848
198342
0.570478496589
198362
0.515993542885
198382
0.468197185673
198402
0.446323708577
198422
0.52264254386
198442
0.527633101852
198462
0.533264802632
198482
0.420505908869
198502
0.410607029727
198522
0.407387609649
198542
0.406387061404
198562
0.449051230507
198582
0.443718019006
198602
0.445540935673
198622
0.444417032164
198642
0.409510538499
198662
0.428965643275
198682
0.407293189571
198702
0.395132797271
198722
0.394525158382
198742
0.398248659844
198762
0.321279544347
198782
0.325120309454
198802
0.42141660575
198822
0.404978374756
198842
0.416564632066
198862
0.417167702242
198882
0.396879568713
198902
0.434927814327
198922
0.467382431774
198942
0.463416788499
198962
0.476891447368
198982
0.403589485867
199002
0.403725024366
199022
0.386746162281
199042
0.391107760721
199062
0.395181530214
199082
0.392907833821
199102
0.406387061404
199122
0.421098318713
199142
0.401466557018
199162
0.546194261696
199182
0.548812134503
199202
0.547633406433
199222
0.549153265107
199242
0.53724872076
199262
0.386462902047
199282
0.404626583821
199302
0.398439022904
199322
0.47273087232
199342
0.499036001462
199362
0.613036062378
199382
0.604800194932
199402
0.604373781676
199422
0.606816520468
199442
0.425621345029
199462
0.426136086745
199482
0.429448403996
199502
0.436304519981
199522
0.420501340156
199542
0.425045687135
199562
0.42871588694
199582
0.429475816277
199602
0.424339059454
199622
0.426216800682
199642
0.547115618908
199662
0.539935124269
199682
0.530811403509
199702
0.576580774854
199722
0.470065789474
199742
0.437819809942
199762
0.456371832359
199782
0.433213023879
199802
0.418382980019
199822
0.408471917641
199842
0.434540996589
199862
0.433039412768
199882
0.413352826511
199902
0.268652534113
199922
0.229242811891
199942
0.29712627924
199962
0.24898422271
199982
0.381894188596
200002
0.389523940058
200022
0.345942982456
200042
0.449902534113
200062
0.381557626706
200082
0.358774975634
200102
0.459621710526
200122
0.231438840156
200142
0.44149457846
200162
0.455738304094
200182
0.436398940058
200202
0.432992202729
200222
0.426640168129
200242
0.445309454191
200262
0.27728587963
200282
0.274007066277
200302
0.340125487329
200322
0.503338206628
200342
0.522624269006
200362
0.456741898148
200382
0.425155336257
200402
0.368686038012
200422
0.375519310429
200442
0.348073525828
200462
0.337659904971
200482
0.302355933236
200502
0.554666179337
200522
0.562233491715
200542
0.565267117446
200562
0.427724476121
200582
0.423710099903
200602
0.424643640351
200622
0.429296113548
200642
0.42050286306
200662
0.421444018031
200682
0.555019493177
200702
0.571313048246
200722
0.566747380604
200742
0.56770376462
200762
0.406233248051
200782
0.36159996345
200802
0.439872685185
200822
0.386345638402
200842
0.361517726608
200862
0.321172941033
200882
0.302104653996
200902
0.269947002924
200922
0.285674037524
200942
0.264738669591
200962
0.262288316277
200982
0.433005908869
201002
0.428746345029
201022
0.688063474659
201042
0.659961318226
201062
0.439922941033
201082
0.450647234405
201102
0.481373355263
201122
0.483191703216
201142
0.479893092105
201162
0.465615862573
201182
0.341546357212
201202
0.331001766569
201222
0.326873172515
201242
0.490280823587
201262
0.503636695906
201282
0.492237755848
201302
0.315742263645
201322
0.485366410819
201342
0.481458637914
201362
0.509043006823
201382
0.458027229532
201402
0.472988243177
201422
0.47625335039
201442
0.405432200292
201462
0.415113304094
201482
0.283360745614
201502
0.543638827973
201522
0.574590338694
201542
0.554191033138
201562
0.564790448343
201582
0.561811647173
201602
0.55439205653
201622
0.552875243665
201642
0.302301108674
201662
0.274288803606
201682
0.194717044347
201702
0.484390229045
201722
0.484807504873
201742
0.475377680312
201762
0.480924098441
201782
0.479523026316
201802
0.560731907895
201822
0.529366167154
201842
0.564542214912
201862
0.59005086501
201882
0.62650462963
201902
0.548244091131
201922
0.871017604776
201942
0.961296905458
201962
0.964495004873
201982
0.965605202242
202002
0.963419834308
202022
0.950197977583
202042
0.956006335283
202062
0.943806347466
202082
0.946229288499
202102
0.95498294347
202122
0.947651681287
202142
0.951107151559
