135487
0.0442674187791
135507
0.0491365730624
135527
0.0457789281031
135547
0.164037459936
135567
0.216279000947
135587
0.2396379662
135607
0.0722963559878
135627
0.0583308293269
135647
0.0854253168706
135667
0.0521345516463
135687
0.0647058020105
135707
0.0665405557984
135727
0.0671768010635
135747
0.0553988654575
135767
0.0505035329254
135787
0.0465893156323
135807
0.0399776005245
135827
0.0995240111451
135847
0.0700723430216
135867
0.0663834863054
135887
0.078205811116
135907
0.0767614546911
135927
0.0823078288899
135947
0.0821439302885
135967
0.0805254315997
135987
0.081275495338
136007
0.0786815723339
136027
0.0798095134033
136047
0.0750837703963
136067
0.0465813483392
136087
0.0672963104604
136107
0.0800223539481
136127
0.0777733009178
136147
0.0864576504225
136167
0.0836668214598
136187
0.0835917012675
136207
0.08629830456
136227
0.0957179214015
136247
0.0766521889569
136267
0.0566337958916
136287
0.0675671984266
136307
0.0829679760344
136327
0.07373046875
136347
0.0735642937791
136367
0.070376238345
136387
0.201475770323
136407
0.196591819639
136427
0.200189621576
136447
0.204604640152
136467
0.210552793561
136487
0.199714998543
136507
0.19391025641
136527
0.198556326486
136547
0.198395842439
136567
0.208633814103
136587
0.170249672203
136607
0.169567899548
136627
0.186532542978
136647
0.136085919289
136667
0.0529142081876
136687
0.152571386946
136707
0.264652990239
136727
0.269795308858
136747
0.281772426792
136767
0.301345789627
136787
0.306813629079
136807
0.288758604677
136827
0.185023310023
136847
0.073917131046
136867
0.0495861560315
136887
0.0595475488054
136907
0.0586597647145
136927
0.0446817180216
136947
0.229527471227
136967
0.239194074155
136987
0.206506546839
137007
0.179422302957
137027
0.0835006464889
137047
0.0706573699738
137067
0.120975378788
137087
0.170502349213
137107
0.126006155303
137127
0.0992030430507
137147
0.0629108846882
137167
0.116880190122
137187
0.274134069056
137207
0.334015105988
137227
0.294067098266
137247
0.276549297057
137267
0.138616103948
137287
0.0467805306672
137307
0.0920654865967
137327
0.0933960245484
137347
0.0960901078089
137367
0.0466166320659
137387
0.0426967238491
137407
0.0436414171766
137427
0.0473849067599
137447
0.0444711538462
137467
0.0826583897873
137487
0.0760113909528
137507
0.0409598539481
137527
0.0410053813374
137547
0.0377433438957
137567
0.0366939375728
137587
0.0353247013403
137607
0.0357264805507
137627
0.0361601289336
137647
0.0971816269668
137667
0.0942701504225
137687
0.0921941014714
137707
0.0871428376311
137727
0.086548705201
137747
0.0890208424388
137767
0.0847298859994
137787
0.0827073317308
137807
0.0683457167832
137827
0.0699448663316
137847
0.0834653627622
137867
0.088901333042
137887
0.0762230933129
137907
0.0601029829545
137927
0.050921246722
137947
0.0455660875583
137967
0.0414492733829
137987
0.0883242733829
138007
0.222465034965
138027
0.245343686262
138047
0.244320458188
138067
0.248901651734
138087
0.236350888695
138107
0.23409842111
138127
0.234876939467
138147
0.242354813156
138167
0.242062299679
138187
1.0
138207
0.98966186808
138227
0.987393465909
138247
0.987403709572
138267
1.0
138287
0.990266244172
138307
0.990195676719
138327
1.0
138347
0.98618129917
138367
0.986192681017
138387
0.986214306527
138407
0.976922166375
138427
0.976933548223
138447
0.976935824592
138467
1.0
138487
0.994788252112
138507
0.994758659309
138527
0.994758659309
138547
0.993489583333
138567
0.993456575976
138587
0.993456575976
138607
0.991497760052
138627
0.991629789481
138647
0.991629789481
138667
0.991567189321
138687
0.991792549898
138707
0.991792549898
138727
0.990984438738
138747
0.99080915829
138767
0.99080915829
138787
0.991756127987
138807
0.991753851617
138827
0.991753851617
138847
0.976114055216
138867
0.976073080565
138887
0.976125437063
138907
0.979694784382
138927
0.981214260999
138947
0.981199464598
138967
0.981199464598
138987
1.0
139007
0.986946159309
139027
0.986940468386
139047
0.987110057911
139067
0.992332049461
139087
0.992269449301
139107
0.992272863855
139127
1.0
139147
0.987690532124
139167
0.987696223048
139187
0.987696223048
139207
0.987074774184
139227
0.986981443036
139247
0.98696550845
139267
0.987395742279
139287
0.986291703089
139307
0.98626324847
139327
0.98626324847
139347
0.985419853584
139367
0.984870110358
139387
0.984974823354
139407
0.986113008086
139427
0.988438319493
139447
0.988436043124
139467
0.988335882867
139487
0.986356579618
139507
0.980492651879
139527
0.980354931527
139547
0.980364037005
139567
0.989649348048
139587
0.989390980114
139607
0.989523009543
139627
0.990683957969
139647
1.0
139667
1.0
139687
1.0
139707
0.99766444493
139727
0.993735431235
139747
0.989188383231
139767
0.984916775932
139787
0.978402944712
139807
0.973877522217
139827
0.968365293561
139847
0.963969624126
139867
0.960969369172
139887
0.956516790501
139907
0.95167950539
139927
0.946917340472
139947
0.943330920382
139967
0.939506619682
139987
0.936830747378
140007
0.930805197407
140027
0.928503787879
140047
0.920758440778
140067
0.913777953817
140087
0.907688665501
140107
0.90236309914
140127
0.902878696824
140147
0.905042385999
140167
0.903537705784
140187
0.902802438447
140207
0.900974513767
140227
0.906372923951
140247
0.905183520906
140267
0.903881437573
140287
0.90631487653
140307
0.905380426865
140327
0.902334644522
140347
0.90586756993
140367
0.904476708188
140387
0.903656076996
140407
0.905283681163
140427
0.905524976326
140447
0.909472200976
140467
0.910556891026
140487
0.913139432182
140507
0.910024220571
140527
0.909623579545
140547
0.907599887092
140567
0.910340635927
140587
0.916810077943
140607
0.919267418779
140627
0.920319101471
140647
0.921387856935
140667
0.921029328744
140687
0.919853583916
140707
0.918247605259
140727
0.919451804706
140747
0.916386673223
140767
0.914161522072
140787
0.917557865312
140807
0.915474987252
140827
0.917306326486
140847
0.914087540064
140867
0.914526879371
140887
0.914492733829
140907
0.917009260271
140927
0.918960108902
140947
0.924324373543
140967
0.920875673805
140987
0.917959644522
141007
0.915940504808
141027
0.91425485322
141047
0.91242692854
141067
0.91431517701
141087
0.915529620119
141107
0.919209371358
141127
0.921102172567
141147
0.925261099578
141167
0.926020268794
141187
0.926415218896
141207
0.924139987617
141227
0.922940340909
141247
0.923968121722
141267
0.923105377695
141287
0.924940131483
141307
0.928122495994
141327
0.927660392992
141347
0.927474868881
141367
0.929357426428
141387
0.929446204837
141407
0.927173249927
141427
0.927322352127
141447
0.927069675117
141467
0.927689985795
141487
0.927429341492
141507
0.928223794435
141527
0.928502649694
141547
0.930773328234
141567
0.928517446096
141587
0.927269995629
141607
0.929089953016
141627
0.926799925335
141647
0.924030721882
141667
0.923874790574
141687
0.922614820076
141707
0.91675885963
141727
0.91234497924
141747
0.910866477273
141767
0.905281404793
141787
0.906730313957
141807
0.909107981862
141827
0.908644740676
141847
0.912836675044
141867
0.908247514205
141887
0.907413224796
141907
0.907186726034
141927
0.902524721372
141947
0.901364911131
141967
0.901350114729
141987
0.903216737689
142007
0.904376547931
142027
0.904664508668
142047
0.904710036058
142067
0.904805643575
142087
0.906111141463
142107
0.905445303395
142127
0.909037414409
142147
0.907764923878
142167
0.911304678395
142187
0.913741531906
142207
0.913882666812
142227
0.912944802593
142247
0.912606761728
142267
0.915146051865
142287
0.909873980186
142307
0.910044707896
142327
0.909510899257
142347
0.908873515807
142367
0.911074765079
142387
0.912354084717
142407
0.907598748907
142427
0.904540446533
142447
0.901372878424
142467
0.902287978948
142487
0.901383122086
142507
0.900480541594
142527
0.899906896489
142547
0.899068054341
142567
0.900002504006
142587
0.899309349505
142607
0.894651897582
142627
0.896990867206
142647
0.896129261364
142667
0.896336410985
142687
0.895907315341
142707
0.893068682619
142727
0.896038206585
142747
0.895350743007
142767
0.894755472392
142787
0.891734730114
142807
0.895988126457
142827
0.89707850743
142847
0.903974768721
142867
0.902501957678
142887
0.902805853001
142907
0.906979576413
142927
0.900974513767
142947
0.898638958698
142967
0.901313692818
142987
0.896212348849
143007
0.892358455347
143027
0.887696450685
143047
0.888468139933
143067
0.886694848121
143087
0.885949337121
143107
0.888008313301
143127
0.89068987653
143147
0.89539968495
143167
0.890306308275
143187
0.889509578963
143207
0.89283080201
143227
0.881676591638
143247
0.876857517483
143267
0.876115421037
143287
0.871989501384
143307
0.872824928977
143327
0.874823581367
143347
0.877236532998
143367
0.87406441215
143387
0.877424333479
143407
0.880698890953
143427
0.88440482044
143447
0.884630181017
143467
0.882713477928
143487
0.883989383013
143507
0.886925899621
143527
0.887820512821
143547
0.883999626675
143567
0.885562354312
143587
0.89109165574
143607
0.886527534965
143627
0.888815286276
143647
0.895684231133
143667
0.899770314321
143687
0.9026419544
143707
0.90520856097
143727
0.905776515152
143747
0.906611942745
143767
0.907720534674
143787
0.901427511291
143807
0.890134442381
143827
0.884357016681
143847
0.879938583552
143867
0.879946550845
143887
0.874608464452
143907
0.879322825612
143927
0.872131774476
143947
0.86678572079
143967
0.86296369646
143987
0.854784700976
144007
0.845194356425
144027
0.843299278846
144047
0.841926628059
144067
0.831001192818
144087
0.829971135635
144107
0.823541530084
144127
0.825222628934
144147
0.827019822625
144167
0.832269130609
144187
0.842982863491
144207
0.858077469406
144227
0.864483173077
144247
0.864412605624
144267
0.858934522509
144287
0.871184804779
144307
0.87635899257
144327
0.878474877987
144347
0.89083670236
144367
0.896623233537
144387
0.907612407124
144407
0.921024776005
144427
0.928226070804
144447
0.939601089015
144467
0.952611678686
144487
0.954914226399
144507
0.962005117279
144527
0.969006091565
144547
0.968715854458
144567
0.963745401734
144587
0.965108947043
144607
0.965049761436
144627
0.966128760562
144647
0.974644658727
144667
0.984924743226
144687
0.990705583479
144707
0.990204782197
144727
0.99044607736
144747
0.990384615385
144767
0.990220716783
144787
0.991060697115
144807
0.992319529429
144827
0.992791876093
144847
0.993069593167
144867
0.993492997888
144887
0.992705374053
144907
0.993001302083
144927
0.993059349505
144947
0.993059349505
144967
0.993059349505
144987
0.993032033071
145007
1.0
145027
1.0
145047
1.0
145067
1.0
