130959
0.220359519676
130979
0.248145978009
130999
0.254638310185
131019
0.257360026042
131039
0.218523220486
131059
0.208258463542
131079
0.203662832755
131099
0.232537977431
131119
0.237761501736
131139
0.181128472222
131159
0.137255859375
131179
0.112277560764
131199
0.123101851852
131219
0.11638744213
131239
0.116476056134
131259
0.0701967592593
131279
0.0709411168981
131299
0.26105541088
131319
0.270129846644
131339
0.258245081019
131359
0.244175708912
131379
0.204522931134
131399
0.207904007523
131419
0.205941116898
131439
0.265368200231
131459
0.256111472801
131479
0.443741319444
131499
0.304683521412
131519
0.145502025463
131539
0.132291666667
131559
0.16000072338
131579
0.184633608218
131599
0.198661024306
131619
0.207957537616
131639
0.213429542824
131659
0.206004412616
131679
0.215549045139
131699
0.209819155093
131719
0.207594762731
131739
0.156812427662
131759
0.157670717593
131779
0.162770543981
131799
0.160184461806
131819
0.161080367477
131839
0.170376880787
131859
0.15554723669
131879
0.139712818287
131899
0.135619212963
131919
0.132251157407
131939
0.207701099537
131959
0.137532552083
131979
0.0730338541667
131999
0.0586715133102
132019
0.0686302806713
132039
0.0747262008102
132059
0.0953993055556
132079
0.131716941551
132099
0.110694444444
132119
0.13687427662
132139
0.132621889468
132159
0.145234375
132179
0.14740234375
132199
0.107391131366
132219
0.106605902778
132239
0.101202256944
132259
0.0983940972222
132279
0.100810546875
132299
0.0974475549769
132319
0.174810836227
132339
0.222371238426
132359
0.224157624421
132379
0.226843894676
132399
0.381285445602
132419
0.175386646412
132439
0.255653211806
132459
0.20888599537
132479
0.316170428241
132499
0.28556676794
132519
0.270598596644
132539
0.332525318287
132559
0.322474320023
132579
0.330289351852
132599
0.311947699653
132619
0.270793547454
132639
0.26833912037
132659
0.316735026042
132679
0.33451099537
132699
0.31078052662
132719
0.324942853009
132739
0.282452256944
132759
0.263465711806
132779
0.223139105903
132799
0.281421079282
132819
0.271864510995
132839
0.275656828704
132859
0.330165653935
132879
0.345691550926
132899
0.321906828704
132919
0.362408854167
132939
0.383587239583
132959
0.369455295139
132979
0.49021484375
132999
0.547811053241
133019
0.258266059028
133039
0.236775896991
133059
0.224585865162
133079
0.213939887153
133099
0.242197627315
133119
0.217212818287
133139
0.135627170139
133159
0.108017578125
133179
0.102684461806
133199
0.10359302662
133219
0.104929108796
133239
0.107510127315
133259
0.109695095486
133279
0.113372757523
133299
0.118232783565
133319
0.203843677662
133339
0.141668475116
133359
0.495030020255
133379
0.249952980324
133399
0.100575448495
133419
0.126047815394
133439
0.11904296875
133459
0.116400101273
133479
0.126940104167
133499
0.139128327546
133519
0.111429759838
133539
0.114986979167
133559
0.118058810764
133579
0.116555989583
133599
0.116775896991
133619
0.106756727431
133639
0.10955150463
133659
0.112703993056
133679
0.116869212963
133699
0.11931604456
133719
0.107413917824
133739
0.114773220486
133759
0.108743127894
133779
0.106986762153
133799
0.108622323495
133819
0.110704571759
133839
0.108388671875
133859
0.117885561343
133879
0.113315248843
133899
0.118440031829
133919
0.117048249421
133939
0.117497829861
133959
0.11853443287
133979
0.117269241898
133999
0.142331090856
134019
0.141884042245
134039
0.147201967593
134059
0.147443576389
134079
0.151235532407
134099
0.148427372685
134119
0.149017288773
134139
0.147472873264
134159
0.147902199074
134179
0.114546802662
134199
0.116256148727
134219
0.114739583333
134239
0.149215494792
134259
0.157213179977
134279
0.160980902778
134299
0.157583550347
134319
0.138225188079
134339
0.132062717014
134359
0.131558521412
134379
0.138991608796
134399
0.146889105903
134419
0.148206741898
134439
0.142296730324
134459
0.11833948206
134479
0.11457103588
134499
0.10658203125
134519
0.116873553241
134539
0.118096064815
134559
0.120559172454
134579
0.121593967014
134599
0.116512586806
134619
0.118425925926
134639
0.11568431713
134659
0.11421838831
134679
0.115719401042
134699
0.119729817708
134719
0.119498697917
134739
0.144357638889
134759
0.142813585069
134779
0.141922743056
134799
0.142537615741
134819
0.130079210069
134839
0.112590060764
134859
0.114519314236
134879
0.115202546296
134899
0.140588831019
134919
0.144040436921
134939
0.144391637731
134959
0.145168547454
134979
0.141170428241
134999
0.143220847801
135019
0.144339554398
135039
0.147075014468
135059
0.145173611111
135079
0.108557942708
135099
0.108460286458
135119
0.111514033565
135139
0.112283347801
135159
0.115296585648
135179
0.114907045718
135199
0.110715784144
135219
0.104573567708
135239
0.0894704861111
135259
0.0858257378472
135279
0.0934523292824
135299
0.108371672454
135319
0.101083622685
135339
0.100417751736
135359
0.115345052083
135379
0.100631148727
135399
0.132289496528
135419
0.0931532118056
135439
0.161375868056
135459
0.156458333333
135479
0.15921947338
135499
0.158401331019
135519
0.110883969907
135539
0.0956155960648
135559
0.0704705584491
135579
0.143345630787
135599
0.167544126157
135619
0.179280960648
135639
0.188395543981
135659
0.192251157407
135679
0.163735532407
135699
0.277653718171
135719
0.357256582755
135739
0.398752531829
135759
0.357249710648
135779
0.347257667824
135799
0.328834635417
135819
0.186613859954
135839
0.111517650463
135859
0.118100043403
135879
0.117081886574
135899
0.108831380208
135919
0.0827687355324
135939
0.0438299334491
135959
0.0411903211806
135979
0.0368822337963
135999
0.0377387152778
136019
0.0400900607639
136039
0.0385387731481
136059
0.0376790364583
136079
0.0378313078704
136099
0.0374927662037
136119
0.0374811921296
136139
0.0374330873843
136159
0.0478779658565
136179
0.0754586226852
136199
0.277545211227
136219
0.999856770833
136239
0.9983203125
136259
0.994963107639
136279
0.992077907986
136299
0.988997395833
136319
0.986004774306
136339
0.982880859375
136359
0.979333767361
136379
0.976295572917
136399
0.973353949653
136419
0.970370008681
136439
0.966868489583
136459
0.963753255208
136479
0.962284071181
136499
0.960525173611
136519
0.961976996528
136539
0.956659071181
136559
0.9544140625
136579
0.953011067708
136599
0.948821614583
136619
0.944835069444
136639
0.943926866319
136659
0.947476128472
136679
0.949725477431
136699
0.949193793403
136719
0.948972439236
136739
0.950702039931
136759
0.955163845486
136779
0.953778211806
136799
0.950601128472
136819
0.946924913194
136839
0.946414930556
136859
0.946357421875
136879
0.947087673611
136899
0.943630642361
136919
0.942847222222
136939
0.940414496528
136959
0.941968315972
136979
0.941127387153
136999
0.942456597222
137019
0.942108289931
137039
0.941251085069
137059
0.941075303819
137079
0.937931857639
137099
0.940233289931
137119
0.938572048611
137139
0.938830295139
137159
0.934898003472
137179
0.938393012153
137199
0.942190755208
137219
0.944507378472
137239
0.945251736111
137259
0.944695095486
137279
0.945567491319
137299
0.946475694444
137319
0.948070746528
137339
0.948401692708
137359
0.948565538194
137379
0.950988498264
137399
0.949660373264
137419
0.951474609375
137439
0.949583333333
137459
0.953271484375
137479
0.949665798611
137499
0.949243706597
137519
0.948364800347
137539
0.949066840278
137559
0.948550347222
137579
0.947468532986
137599
0.946263020833
137619
0.948659939236
137639
0.948051215278
137659
0.948397352431
137679
0.948677300347
137699
0.949136284722
137719
0.949074435764
137739
0.946050347222
137759
0.945445963542
137779
0.948424479167
137799
0.949407552083
137819
0.947216796875
137839
0.943812934028
137859
0.945737847222
137879
0.948364800347
137899
0.95044921875
137919
0.950221354167
137939
0.9471875
137959
0.949222005208
137979
0.956125217014
137999
0.954800347222
138019
0.956327039931
138039
0.959134114583
138059
0.959544270833
138079
0.960537109375
138099
0.961231915509
138119
0.961496310764
138139
0.964453125
138159
0.959846281829
138179
0.960610894097
138199
0.956391420718
138219
0.956338252315
138239
0.958558666088
138259
0.955706018519
138279
0.952308666088
138299
0.951960358796
138319
0.950867693866
138339
0.95162073206
138359
0.947804904514
138379
0.946614945023
138399
0.945880353009
138419
0.94380895544
138439
0.947627314815
138459
0.943855975116
138479
0.94619140625
138499
0.949344618056
138519
0.947734375
138539
0.954232855903
138559
0.955604383681
138579
0.958874782986
138599
0.962052951389
138619
0.961587456597
138639
0.965964626736
138659
0.966472439236
138679
0.970448133681
138699
0.974425998264
138719
0.975768229167
138739
0.979288194444
138759
0.979715711806
138779
0.978703342014
138799
0.976834852431
138819
0.977323133681
138839
0.976584201389
138859
0.977119140625
138879
0.976943359375
138899
0.975782335069
138919
0.973382161458
138939
0.971257957176
138959
0.970061848958
138979
0.970627170139
138999
0.972428023727
139019
0.972141927083
139039
0.974363064236
139059
0.974206814236
139079
0.973957971644
139099
0.975686848958
139119
0.97595703125
139139
0.977056568287
139159
0.979229239005
139179
0.975776548032
139199
0.97560619213
139219
0.977281539352
139239
0.977436342593
139259
0.976354528356
139279
0.977250434028
139299
0.978471137153
139319
0.9834375
139339
0.986639539931
139359
0.985593532986
139379
0.984239366319
139399
0.984951171875
139419
0.980625
139439
0.978387586806
139459
0.976201171875
139479
0.974519314236
139499
0.971692708333
139519
0.971066623264
139539
0.971915147569
139559
0.973597005208
139579
0.973534071181
139599
0.973927951389
139619
0.971223958333
139639
0.972823350694
139659
0.970516854745
139679
0.968194082755
139699
0.967280815972
139719
0.967417173032
139739
0.968348162616
139759
0.969457465278
139779
0.969048755787
139799
0.967690248843
139819
0.968275824653
139839
0.970913628472
139859
0.970325520833
139879
0.969439380787
139899
0.968231336806
139919
0.958898292824
139939
0.951475694444
139959
0.952098885995
139979
0.951844618056
139999
0.952369429977
140019
0.954905598958
140039
0.955556278935
140059
0.956930338542
140079
0.958914568866
140099
0.957699652778
140119
0.95976526331
140139
0.962236689815
140159
0.963135127315
140179
0.964812282986
140199
0.967405598958
140219
0.969155815972
140239
0.970711805556
140259
0.974411892361
140279
0.975998263889
140299
0.983311631944
140319
0.993336588542
140339
0.996638454861
140359
0.99884765625
140379
0.998896484375
140399
0.998857421875
140419
0.878157913773
140439
0.855991753472
140459
0.856301359954
140479
0.856331741898
140499
0.8563671875
140519
0.856378761574
140539
1.0
