133015
0.453673245614
133035
0.439352042215
133055
0.482697711075
133075
0.467094983553
133095
0.474823533443
133115
0.475721285636
133135
0.468724300987
133155
0.46835252193
133175
0.471215391996
133195
0.471122875548
133215
0.458302494518
133235
0.463824355811
133255
0.466736910636
133275
0.16104886239
133295
0.182588061952
133315
0.239158442982
133335
0.381868489583
133355
0.256871916118
133375
0.218311403509
133395
0.188812362939
133415
0.120048656798
133435
0.153231222588
133455
0.126876027961
133475
0.120199424342
133495
0.139663856908
133515
0.151605331689
133535
0.151288377193
133555
0.125656181469
133575
0.143558114035
133595
0.138858621162
133615
0.130122669956
133635
0.123622532895
133655
0.13017578125
133675
0.136636513158
133695
0.139523368969
133715
0.14287109375
133735
0.142891652961
133755
0.133905564693
133775
0.132154605263
133795
0.130222039474
133815
0.135870682566
133835
0.135623972039
133855
0.152874862939
133875
0.150366639254
133895
0.146845874452
133915
0.138635896382
133935
0.138313802083
133955
0.143129797149
133975
0.139626165022
133995
0.141937362939
134015
0.146592310855
134035
0.145749383224
134055
0.146381578947
134075
0.146064624452
134095
0.138022546601
134115
0.139098478618
134135
0.141539884868
134155
0.15634080318
134175
0.142057291667
134195
0.139247532895
134215
0.156614925987
134235
0.128928522478
134255
0.127715529057
134275
0.131284265351
134295
0.557147752193
134315
0.532425301535
134335
0.540893983004
134355
0.538509114583
134375
0.542161800987
134395
0.530662349232
134415
0.517764871162
134435
0.528666392544
134455
0.529409950658
134475
0.519457579496
134495
0.545242256031
134515
0.523028029057
134535
0.512450315241
134555
0.529451069079
134575
0.556584087171
134595
0.54756544682
134615
0.543253152412
134635
0.546138294956
134655
0.567562705592
134675
0.515063048246
134695
0.522793311404
134715
0.545070929276
134735
0.543904194079
134755
0.74386136239
134775
0.751063939145
134795
0.721085183662
134815
0.703448807566
134835
0.703148985746
134855
0.718362801535
134875
0.682761101974
134895
0.676173588268
134915
0.736669065241
134935
0.618391927083
134955
0.504358552632
134975
0.556520696272
134995
0.559837582237
135015
0.530122669956
135035
0.548194216009
135055
0.572157689145
135075
0.554548725329
135095
0.561259594298
135115
0.577235814145
135135
0.548504317434
135155
0.52208401864
135175
0.526971970943
135195
0.557075794956
135215
0.501129043311
135235
0.50587308114
135255
0.918474163925
135275
0.705907346491
135295
0.51299513432
135315
0.452025082237
135335
0.450318667763
135355
0.405537280702
135375
0.378832579496
135395
0.382137472588
135415
0.353402549342
135435
0.332146038925
135455
0.324061129386
135475
0.327307771382
135495
0.351523094846
135515
0.550496847588
135535
0.825066817434
135555
0.547152549342
135575
0.516997327303
135595
0.51504591557
135615
0.546806469298
135635
0.529845120614
135655
0.510916940789
135675
0.54833299068
135695
0.544843064693
135715
0.521480948465
135735
0.543409059759
135755
0.538553659539
135775
0.515287486294
135795
0.519435307018
135815
0.58866502193
135835
0.556596080044
135855
0.55517578125
135875
0.564141310307
135895
0.861141378838
135915
0.586597108004
135935
0.57285841557
135955
0.576190720943
135975
0.567213199013
135995
0.572659676535
136015
0.576026247259
136035
0.565549616228
136055
0.565746641996
136075
0.569598067434
136095
0.572366707785
136115
0.560097998904
136135
0.553793174342
136155
0.573691063596
136175
0.561890076754
136195
0.554480194627
136215
0.615285773026
136235
0.598524876645
136255
0.60926363761
136275
0.622015487939
136295
0.607581208882
136315
0.513901452851
136335
0.510387541118
136355
0.568789405154
136375
0.543475877193
136395
0.607151178728
136415
0.650094229715
136435
0.64785841557
136455
0.517817982456
136475
0.81602247807
136495
0.541858552632
136515
0.498509457237
136535
0.514823190789
136555
0.531416186952
136575
0.516053316886
136595
0.510887815241
136615
0.497630550987
136635
0.507065515351
136655
0.516505619518
136675
0.513461143092
136695
0.586312705592
136715
0.562159059759
136735
0.558208264803
136755
0.566346285636
136775
0.517418791118
136795
0.514610745614
136815
0.558838747259
136835
0.753789747807
136855
0.533326480263
136875
0.521170847039
136895
0.532380756579
136915
0.789814624452
136935
0.441870545504
136955
0.456059827303
136975
0.443328536184
136995
0.443516995614
137015
0.447800164474
137035
0.453637266996
137055
0.450853207237
137075
0.448281592654
137095
0.434220805921
137115
0.43748629386
137135
0.424494586075
137155
0.442189213268
137175
0.440551329496
137195
0.470274808114
137215
0.528856565241
137235
0.577249520285
137255
0.669940720943
137275
0.574112527412
137295
0.590253220943
137315
0.584071751645
137335
0.592501027961
137355
0.580739446272
137375
0.522414679276
137395
0.610942639803
137415
0.623809279057
137435
0.548615679825
137455
0.47919921875
137475
0.514999657346
137495
0.525884046053
137515
0.523927494518
137535
0.537561677632
137555
0.546355879934
137575
0.570420435855
137595
0.535995751096
137615
0.575418037281
137635
0.567840254934
137655
0.558451548794
137675
0.539864309211
137695
0.557634320175
137715
0.520163445724
137735
0.454807428728
137755
0.462870065789
137775
0.461931195175
137795
0.399078262061
137815
0.395238829496
137835
0.427139871162
137855
0.310942639803
137875
0.352216968202
137895
0.405251165022
137915
0.348793859649
137935
0.346136581689
137955
0.23917386239
137975
0.295324492873
137995
0.351632743969
138015
0.403284333882
138035
0.371208538925
138055
0.357375616776
138075
0.449343818531
138095
0.540515350877
138115
0.476260964912
138135
0.441193804825
138155
0.517519873904
138175
0.614098478618
138195
0.676459703947
138215
0.577283785636
138235
0.546767064145
138255
0.497789884868
138275
0.472229646382
138295
0.498300438596
138315
0.475779536732
138335
0.448906935307
138355
0.485572574013
138375
0.564290364583
138395
0.546669407895
138415
0.545516378838
138435
0.512152206689
138455
0.536101973684
138475
0.610831277412
138495
0.658663993969
138515
0.548780153509
138535
0.579586417215
138555
0.613306949013
138575
0.605537280702
138595
0.614929413377
138615
0.776768092105
138635
0.761352110746
138655
0.834885553728
138675
0.740071614583
138695
0.664795778509
138715
0.54923245614
138735
0.516644394189
138755
0.472207373904
138775
0.444145764803
138795
0.437234443531
138815
0.470572916667
138835
0.474073122259
138855
0.484532620614
138875
0.460940926535
138895
0.460587993421
138915
0.43563767818
138935
0.416702645285
138955
0.43035738761
138975
1.0
138995
0.977153577303
139015
0.977208401864
139035
0.976908580044
139055
0.966730057566
139075
0.966190378289
139095
0.965892269737
139115
0.90927049068
139135
0.908703399123
139155
0.908621162281
139175
0.907190583882
139195
0.911833538925
139215
0.907195723684
139235
0.905379660088
139255
0.905081551535
139275
0.906227727522
139295
0.998675644189
139315
0.915357730263
139335
0.914583333333
139355
0.914393160636
139375
0.913690720943
139395
0.937563390899
139415
0.933699972588
139435
0.93484957511
139455
0.934572025768
139475
0.934481222588
139495
0.910291598136
139515
0.903232935855
139535
0.9044921875
139555
0.904404810855
139575
0.905350534539
139595
0.916664953399
139615
0.917456483004
139635
0.917459909539
139655
0.916173245614
139675
0.871539199561
139695
0.863260690789
139715
0.860699355811
139735
0.858143160636
139755
0.858266515899
139775
0.855885074013
139795
0.988569078947
139815
0.881381921601
139835
0.880446477522
139855
0.882474986294
139875
0.881428179825
139895
0.880703467654
139915
0.890822025768
139935
0.891829427083
139955
0.890373149671
139975
0.887056263706
139995
0.890577028509
140015
0.906719435307
140035
0.905729166667
140055
0.905929618969
140075
0.904334566886
140095
0.906515556469
140115
0.894594640899
140135
0.893618078399
140155
0.895961828399
140175
0.895314213268
140195
0.896131441886
140215
0.912511992873
140235
0.909296189693
140255
0.907420161732
140275
0.908864446272
140295
0.911081414474
140315
0.824691611842
140335
0.820828193531
140355
0.817775150768
140375
0.817214912281
140395
0.818003015351
140415
0.814689555921
140435
0.81220703125
140455
0.815623286732
140475
0.868220600329
140495
0.866351425439
140515
0.864338336075
140535
0.863875753838
140555
0.864737527412
140575
0.864944832785
140595
0.995829906798
140615
0.893133223684
140635
0.894358209978
140655
0.894082373904
140675
0.893965871711
140695
0.892855674342
140715
0.893851082785
140735
0.884470942982
140755
0.884948944627
140775
0.88175198739
140795
0.884441817434
140815
0.885157963268
140835
0.883655427632
140855
0.894389048794
140875
0.891005345395
140895
0.890619860197
140915
0.892016173246
140935
0.890577028509
140955
0.8927734375
140975
0.885319010417
140995
0.884157415022
141015
0.883703399123
141035
0.88203125
141055
0.882613760965
141075
0.88270799068
141095
0.883520079496
141115
0.906885622259
141135
0.905746299342
141155
0.905501302083
141175
0.906608072917
141195
0.904622395833
141215
0.906095805921
141235
0.929804002193
141255
0.929481907895
141275
0.928859991776
141295
0.928957648026
141315
0.927437979715
141335
0.933833607456
141355
0.931736567982
141375
0.930588678728
141395
0.931590940241
141415
0.931584087171
141435
0.768919613487
141455
0.757168311404
141475
0.750632195724
141495
0.756563527961
141515
0.753933662281
141535
0.751348341557
141555
0.748790433114
141575
0.788774671053
141595
0.787827234101
141615
0.782190583882
141635
0.782382469846
141655
0.781786252741
141675
0.781465871711
141695
0.781644051535
141715
0.850632195724
141735
0.847582579496
141755
0.841353138706
141775
0.845112047697
141795
0.839835183662
141815
0.843775699013
141835
0.842153234649
141855
0.993023574561
141875
0.825909745066
141895
0.825186746162
141915
0.82383497807
141935
0.826027960526
141955
0.821633429276
141975
0.897282757675
141995
0.893532415022
142015
0.894461006031
142035
0.895093201754
142055
0.891616981908
142075
0.864749520285
142095
0.854600123355
142115
0.849641927083
142135
0.853709224232
142155
0.853894257127
142175
0.856280838816
142195
0.852866296601
142215
1.0
142235
0.8431640625
142255
0.842036732456
142275
0.843426192434
142295
0.845036663925
142315
0.84306640625
142335
0.841969915022
142355
0.886588541667
142375
0.884152275219
142395
0.883413856908
142415
0.880535567434
142435
0.880211759868
142455
0.880821683114
142475
0.728133566338
142495
0.718318256579
142515
0.713120202851
142535
0.714958538925
142555
0.771403851425
142575
0.998908648575
142595
0.998908648575
