152983
0.902857185133
153003
0.884066741635
153023
0.864453618213
153043
0.83616487137
153063
0.815841027462
153083
0.82603772096
153103
0.83280806108
153123
0.840943122633
153143
0.83788766572
153163
0.83583688447
153183
0.840706380208
153203
0.852954841383
153223
0.85849905303
153243
0.862319483902
153263
0.835108901515
153283
0.8470703125
153303
0.86972952178
153323
0.864898496686
153343
0.863500236742
153363
0.858428030303
153383
0.864203065814
153403
0.867422762784
153423
0.882843572443
153443
0.868640506629
153463
0.863077059659
153483
0.860292376894
153503
0.863291607481
153523
0.867758641098
153543
0.866830906723
153563
0.865058297822
153583
0.877003432765
153603
0.863066702178
153623
0.876717862216
153643
0.871901633523
153663
0.874424419981
153683
0.873891749527
153703
0.872987689394
153723
0.87216500947
153743
0.873356119792
153763
0.885462535511
153783
0.865937204072
153803
0.865028705019
153823
0.866256806345
153843
0.859305456913
153863
0.857895359848
153883
0.845812618371
153903
0.840965317235
153923
0.84306936553
153943
0.84326023911
153963
0.844970703125
153983
0.860656368371
154003
0.860046756629
154023
0.871166252367
154043
0.872703598485
154063
0.861115056818
154083
0.86337446733
154103
0.865010949337
154123
0.866705137311
154143
0.859971294981
154163
0.860570549242
154183
0.86913618608
154203
0.859218158144
154223
0.881368371212
154243
0.849594578598
154263
0.81806640625
154283
0.813982599432
154303
0.81054539536
154323
0.801032788826
154343
0.809990530303
154363
0.773953894413
154383
0.736996922348
154403
0.73916015625
154423
0.765879498106
154443
0.775128728693
154463
0.767424242424
154483
0.773165246212
154503
0.758553799716
154523
0.796352687027
154543
0.827170632102
154563
0.85605764678
154583
0.843994140625
154603
0.816413648201
154623
0.803373579545
154643
0.81298828125
154663
0.804332386364
154683
0.801895419034
154703
0.807464784564
154723
0.80898733428
154743
0.813600852273
154763
0.849195075758
154783
0.855220170455
154803
0.852382220644
154823
0.852953361742
154843
0.852923768939
154863
0.845037286932
154883
0.855850497159
154903
0.852360026042
154923
0.858030007102
154943
0.860981889205
154963
0.844652580492
154983
0.838731060606
155003
0.836991003788
155023
0.842069128788
155043
0.841258285985
155063
0.838636363636
155083
0.83672170928
155103
0.834367601799
155123
0.851713423295
155143
0.858939985795
155163
0.863725142045
155183
0.861983605587
155203
0.847301136364
155223
0.83867631392
155243
0.84882960464
155263
0.854468513258
155283
0.850149443655
155303
0.839931048769
155323
0.825571141098
155343
0.853033262311
155363
0.84511866714
155383
0.823002485795
155403
0.772347005208
155423
0.74667820786
155443
0.739314038826
155463
0.744588955966
155483
0.745356889205
155503
0.732790305398
155523
0.761069187973
155543
0.772000769413
155563
0.785008285985
155583
0.78397993608
155603
0.810341205019
155623
0.803444602273
155643
0.783235677083
155663
0.775318122633
155683
0.743705610795
155703
0.747548236269
155723
0.7693359375
155743
0.790645714962
155763
0.777682587595
155783
0.782708925189
155803
0.814442767519
155823
0.836316287879
155843
0.835956735322
155863
0.844929273201
155883
0.850560783617
155903
0.853898851799
155923
0.861936257102
155943
0.846259469697
155963
0.844291548295
155983
0.861668442235
156003
0.869871567235
156023
0.876032788826
156043
0.877408854167
156063
0.882072679924
156083
0.878969874527
156103
0.906312144886
156123
0.918508818655
156143
0.928132398201
156163
0.94023881392
156183
0.941659268466
156203
0.953326231061
156223
0.9685546875
156243
0.979810310133
156263
0.969892282197
156283
0.964913293087
156303
0.955844578598
156323
0.953483072917
156343
0.96220407197
156363
0.961742424242
156383
0.962393465909
156403
0.953718335701
156423
0.961115056818
156443
0.963121448864
156463
0.979761482008
156483
0.987423058712
156503
0.970811138731
156523
0.950110973011
156543
0.938683712121
156563
0.932652698864
156583
0.919140625
156603
0.908210523201
156623
0.880425840436
156643
0.862118252841
156663
0.859323212595
156683
0.851932410038
156703
0.853733132102
156723
0.847702118845
156743
0.852525745739
156763
0.839925130208
156783
0.844583037405
156803
0.843678977273
156823
0.84716352983
156843
0.851654237689
156863
0.846123342803
156883
0.840493312027
156903
0.845495975379
156923
0.851241418087
156943
0.848218513258
156963
0.854896129261
156983
0.854671223958
157003
0.84765625
157023
0.866669625947
157043
0.871207682292
157063
0.86533055161
157083
0.864657315341
157103
0.869371448864
157123
0.833966619318
157143
0.806963186553
157163
0.795577355587
157183
0.807145182292
157203
0.792798591383
157223
0.806165660511
157243
0.823973129735
157263
0.828558534564
157283
0.848780776515
157303
0.887750059186
157323
0.857929391572
157343
0.833685487689
157363
0.84140772964
157383
0.831257398201
157403
0.820867365057
157423
0.803042140152
157443
0.809946141098
157463
0.813615648674
157483
0.832312381629
157503
0.841048177083
157523
0.818961588542
157543
0.823773378314
157563
0.830197975852
157583
0.838927852746
157603
0.827753610322
157623
0.830548650568
157643
0.852104048295
157663
0.863547585227
157683
0.891276041667
157703
0.89892726089
157723
0.899051550663
157743
0.893425958807
157763
0.894399562027
157783
0.880513139205
157803
0.883747632576
157823
0.870127544981
157843
0.830337062027
157863
0.797120620265
157883
0.792550011837
157903
0.787997159091
157923
0.795131983902
157943
0.802555338542
157963
0.761993963068
157983
0.789478278883
158003
0.805292672822
158023
0.832563920455
158043
0.830924479167
158063
0.825069543087
158083
0.822194602273
158103
0.827746212121
158123
0.837843276515
158143
0.834679805871
158163
0.837619850852
158183
0.820827414773
158203
0.840997869318
158223
0.838599372633
158243
0.845886600379
158263
0.858056640625
158283
0.86406545928
158303
0.875924775095
158323
0.889602568655
158343
0.9025390625
158363
0.902074455492
158383
0.913395182292
158403
0.896867601799
158423
0.88466796875
158443
0.877846827652
158463
0.855476148201
158483
0.852286044034
158503
0.841148792614
158523
0.830779474432
158543
0.819981060606
158563
0.839195667614
158583
0.846112985322
158603
0.862141927083
158623
0.875220466383
158643
0.870910274621
158663
0.872043678977
158683
0.867595880682
158703
0.865756687973
158723
0.87217092803
158743
0.859588068182
158763
0.856103515625
158783
0.867729048295
158803
0.854345703125
158823
0.867217092803
158843
0.883139500473
158863
0.881174538352
158883
0.883530125473
158903
0.88076467803
158923
0.872348484848
158943
0.861869673295
158963
0.872224195076
158983
0.870126065341
159003
0.863757694129
159023
0.856124230587
159043
0.860702237216
159063
0.87929243608
159083
0.882889441288
159103
0.887932054924
159123
0.886610736269
159143
0.884747869318
159163
0.89277491714
159183
0.89853219697
159203
0.885398910985
159223
0.880184659091
159243
0.877009351326
159263
0.868541370739
159283
0.852015269886
159303
0.856927675189
159323
0.850328480114
159343
0.853852982955
159363
0.855868252841
159383
0.853053977273
159403
0.85303178267
159423
0.861076586174
159443
0.88476414536
159463
0.872718394886
159483
0.871031605114
159503
0.867837062027
159523
0.859715317235
159543
0.86094045928
159563
0.879344223485
159583
0.886897786458
159603
0.874190636837
159623
0.88476414536
159643
0.878191583807
159663
0.893776633523
159683
0.893437795928
159703
0.884462298769
159723
0.874273496686
159743
0.874106297348
159763
0.875710227273
159783
0.871363044508
159803
0.870905835701
159823
0.860860558712
159843
0.878878136837
159863
0.884107185133
159883
0.881815222538
159903
0.881667258523
159923
0.876981238163
159943
0.873768939394
159963
0.879123757102
159983
0.877278645833
160003
0.860150331439
160023
0.874066347064
160043
0.856816702178
160063
0.845029888731
160083
0.85976266572
160103
0.865056818182
160123
0.860714074337
160143
0.857723721591
160163
0.859206321023
160183
0.863796164773
160203
0.873662405303
160223
0.870862926136
160243
0.859292140152
160263
0.840518465909
160283
0.850115411932
160303
0.862510357481
160323
0.872971413352
160343
0.875177556818
160363
0.871888316761
160383
0.887319483902
160403
0.902025627367
160423
0.905783913352
160443
0.917908084754
160463
0.914723899148
160483
0.925073982008
160503
0.924689275568
160523
0.928703539299
160543
0.926862866951
160563
0.933284505208
160583
0.940974195076
160603
0.924067826705
160623
0.9091796875
160643
0.886054391572
160663
0.883127663352
160683
0.889099491004
160703
0.868209931345
160723
0.84882960464
160743
0.84453125
160763
0.846075994318
160783
0.852462121212
160803
0.862390506629
160823
0.875073982008
160843
0.867335464015
160863
0.903650272254
160883
0.898591382576
160903
0.917530776515
160923
0.913910097064
160943
0.91288914536
160963
0.902080374053
160983
0.884707919034
161003
0.887248461174
161023
0.873174124053
161043
0.871039003314
161063
0.855229048295
161083
0.853298117898
161103
0.856161221591
161123
0.854728929924
161143
0.861439098011
161163
0.854947916667
161183
0.857759232955
161203
0.860594223485
161223
0.880396247633
161243
0.874406664299
161263
0.881824100379
161283
0.87382664536
161303
0.885264263731
161323
0.874001242898
161343
0.877349668561
161363
0.873391631155
161383
0.855021898674
161403
0.862275094697
161423
0.872830847538
161443
0.880097360322
161463
0.898373875473
161483
0.887800366951
161503
0.881517814867
161523
0.898039476799
161543
0.902210582386
161563
0.916150272254
161583
0.906202651515
161603
0.903959517045
161623
0.903206380208
161643
0.912532552083
161663
0.907500295928
161683
0.894661458333
161703
0.888818359375
161723
0.884540719697
161743
0.894949988163
161763
0.890949041193
161783
0.894374408144
161803
0.905504261364
161823
0.917307350852
161843
0.92197117661
161863
0.939870383523
161883
0.923918383049
161903
0.931026574337
161923
0.934702000473
161943
0.917652107008
161963
0.913623046875
161983
0.902966678504
162003
0.915700461648
162023
0.891872336648
162043
0.901093454072
162063
0.904184422348
162083
0.881794507576
162103
0.892046934186
162123
0.872607421875
162143
0.833408794981
162163
0.834848484848
162183
0.847904829545
162203
0.85956883286
162223
0.87422022964
162243
0.881103515625
162263
0.883808297822
162283
0.926864346591
162303
0.977006392045
162323
0.977519827178
162343
0.976084576231
162363
0.976861387311
162383
0.977608605587
162403
0.982584635417
162423
0.966341145833
162443
0.954906486742
162463
0.9544921875
162483
0.953361742424
162503
0.955121034564
162523
0.957660097064
162543
1.0
162563
1.0
