124479
0.28584039099
124499
0.37825839077
124519
0.434897462635
124539
0.202316734064
124559
0.191622158922
124579
0.200858363641
124599
0.204953288063
124619
0.184491382453
124639
0.249293598515
124659
0.221046652594
124679
0.102599676153
124699
0.454338657307
124719
0.400710004493
124739
0.386627966123
124759
0.263706901668
124779
0.275604669498
124799
0.423115202998
124819
0.299070423968
124839
0.336933585968
124859
0.378485804149
124879
0.298326084929
124899
0.303440448638
124919
0.302927761812
124939
0.266728341684
124959
0.177619598667
124979
0.089879150877
124999
0.0712096357147
125019
0.07951478081
125039
0.0990958569648
125059
0.18559220733
125079
0.171132277016
125099
0.187036377663
125119
0.226003967547
125139
0.204820612596
125159
0.066283476182
125179
0.0643838432649
125199
0.188651161016
125219
0.184754613969
125239
0.18774426274
125259
0.188167510194
125279
0.203786761277
125299
0.208481904423
125319
0.0623896843765
125339
0.0544295802708
125359
0.0492083979755
125379
0.0480645489458
125399
0.184864399739
125419
0.119562849174
125439
0.130759726002
125459
0.123668582619
125479
0.125049594344
125499
0.138807573946
125519
0.142379002518
125539
0.15067079529
125559
0.140240723314
125579
0.0818895868834
125599
0.080871419246
125619
0.0802288121943
125639
0.0798651203405
125659
0.0820279847741
125679
0.0887817170664
125699
0.088094814212
125719
0.0917917122341
125739
0.0905641462567
125759
0.0906709648431
125779
0.092501292844
125799
0.0952597132853
125819
0.0937879905389
125839
0.0911872546776
125859
0.0919095517858
125879
0.0919330773078
125899
0.0923925667828
125919
0.0922804496554
125939
0.0945541595666
125959
0.0747668641963
125979
0.0788662393923
125999
0.0841242995329
126019
0.085706231932
126039
0.0769399018286
126059
0.0866678111515
126079
0.0800935934281
126099
0.0730100799444
126119
0.119865713777
126139
0.120968234187
126159
0.123048441381
126179
0.0776524496215
126199
0.0771757928737
126219
0.0738968437651
126239
0.110917749688
126259
0.103958010122
126279
0.105649516349
126299
0.107700051714
126319
0.229899454886
126339
0.272321269615
126359
0.185602804412
126379
0.370685080156
126399
0.105037428894
126419
0.10458980815
126439
0.107947175666
126459
0.0805369753385
126479
0.0780299176819
126499
0.0786740083251
126519
0.0776891155251
126539
0.112787286893
126559
0.0818298193409
126579
0.0764986393347
126599
0.0764100477293
126619
0.0786684978424
126639
0.080527861848
126659
0.0823628525649
126679
0.0842171299711
126699
0.134755461736
126719
0.141310816654
126739
0.127629983808
126759
0.129371720203
126779
0.131994497995
126799
0.0707338267335
126819
0.0685137380571
126839
0.0753424976898
126859
0.0761160846749
126879
0.0787479759573
126899
0.0753766202938
126919
0.0717085463347
126939
0.0786025839925
126959
0.0714461625847
126979
0.0665969378672
126999
0.0629280161415
127019
0.0609164780386
127039
0.100119535085
127059
0.096002992616
127079
0.112869520249
127099
0.111217435167
127119
0.104714641776
127139
0.0848281577185
127159
0.07330679824
127179
0.0718641114983
127199
0.138640987818
127219
0.132632018447
127239
0.0912968285053
127259
0.075821909679
127279
0.085913298914
127299
0.0700380223302
127319
0.118544045712
127339
0.118225073544
127359
0.0968721652806
127379
0.0795495392389
127399
0.0822348398145
127419
0.0819754232475
127439
0.0908040641929
127459
0.0841109472096
127479
0.0900821909679
127499
0.0735761760642
127519
0.0696908619243
127539
0.0714944852785
127559
0.0746532634774
127579
0.0880897276126
127599
0.0898958942666
127619
0.0909609010063
127639
0.0874121501903
127659
0.084204837356
127679
0.0838939189705
127699
0.0889095178752
127719
0.085031409751
127739
0.0815992268369
127759
0.0830071551498
127779
0.110653246522
127799
0.112284773265
127819
0.112499894029
127839
0.124052408929
127859
0.141077892791
127879
0.153245886213
127899
0.177669404953
127919
0.0956291275634
127939
0.0968770399383
127959
0.0981416957027
127979
0.0829041515128
127999
0.0797053163441
128019
0.0930222453945
128039
0.0969086192426
128059
0.0997719507956
128079
0.113178743101
128099
0.131661325737
128119
0.113586094933
128139
0.122392482006
128159
0.0989335096688
128179
0.0976082385954
128199
0.098049713031
128219
0.118556974152
128239
0.113963986877
128259
0.143595759472
128279
0.145724077418
128299
0.0834604983172
128319
0.0901016895988
128339
0.0893264070805
128359
0.0888079978297
128379
0.111758734115
128399
0.111247106997
128419
0.0985587968497
128439
0.0987681951898
128459
0.0885138228337
128479
0.0881263935163
128499
0.092984307841
128519
0.095052858245
128539
0.0863185313292
128559
0.0937307662962
128579
0.0993766796375
128599
0.0999807133108
128619
0.102748883068
128639
0.142864772756
128659
0.113391320566
128679
0.10592885543
128699
0.144115440372
128719
0.11575192655
128739
0.131760302483
128759
0.129218486398
128779
0.128251608637
128799
0.12425290572
128819
0.134171562519
128839
0.0992253533067
128859
0.09973761625
128879
0.100303288486
128899
0.101229049569
128919
0.127257602347
128939
0.129323185568
128959
0.127559831125
128979
0.252020439652
128999
0.0865408581093
129019
0.0765300066974
129039
0.102697381249
129059
0.0831976906839
129079
0.0921655772866
129099
0.0983852166467
129119
0.124121289962
129139
0.118483642344
129159
0.116843214053
129179
0.0999342980917
129199
0.0926587654823
129219
0.0916600964758
129239
0.123260594963
129259
0.0909757369211
129279
0.0908712496927
129299
0.0903265596785
129319
0.0877807167018
129339
0.0873322481921
129359
0.0860069771188
129379
0.0738105835177
129399
0.0910054087506
129419
0.0687937129632
129439
0.113758403486
129459
0.056044363624
129479
0.0561183312563
129499
0.0553116813754
129519
0.054543604873
129539
0.0546925998457
129559
0.0535824495367
129579
0.0537996897174
129599
0.0528391702061
129619
0.0889035835092
129639
0.0905537611163
129659
0.0911173139364
129679
0.08975029036
129699
0.082501674339
129719
0.139280415745
129739
0.081291487576
129759
0.107214493417
129779
0.0846675059556
129799
0.0779286095781
129819
0.0797441016642
129839
0.102706282798
129859
0.0987679832481
129879
0.111223793416
129899
0.122181600075
129919
0.120661130751
129939
0.117358444179
129959
0.100552319913
129979
0.0963637172868
129999
0.0992467594123
130019
0.101772467933
130039
0.10841302339
130059
0.104845409768
130079
0.109013454055
130099
0.094430385649
130119
0.0823736615885
130139
0.142105173919
130159
0.18281979874
130179
0.204107217037
130199
0.212596115534
130219
0.240513280263
130239
0.237820349788
130259
0.205772654442
130279
0.221442771518
130299
0.209737658638
130319
0.201555015811
130339
0.192097332079
130359
0.210019329078
130379
0.19821757081
130399
0.208514967319
130419
0.253684393465
130439
0.5363484151
130459
0.999949769831
130479
0.999947862357
130499
0.999947862357
130519
0.999947862357
130539
0.922161465619
130559
0.92067914579
130579
0.919071356511
130599
0.918366650559
130619
0.919710360555
130639
0.918231855676
130659
0.91822719296
130679
0.918490636418
130699
0.999944683232
130719
0.910380053748
130739
0.908554600405
130759
0.90532524564
130779
0.905465339064
130799
0.904865756165
130819
0.904916410217
130839
0.904875505481
130859
0.903809862916
130879
0.928685665115
130899
0.91928181456
130919
0.917710479242
130939
0.915285443
130959
0.916570021279
130979
0.915721195012
130999
0.916302762871
131019
0.914291860593
131039
0.913439007435
131059
0.902916105021
131079
0.899854184152
131099
0.895929660809
131119
0.894618377883
131139
0.8946876828
131159
0.894490153191
131179
0.895911645769
131199
0.893396958214
131219
0.963344905347
131239
0.901748306586
131259
0.898973990522
131279
0.896324508083
131299
0.89531460617
131319
0.895519341794
131339
0.894172876557
131359
0.893471137787
131379
0.893324474173
131399
0.999949769831
131419
0.900306679553
131439
0.897166976101
131459
0.895421636698
131479
0.894354722484
131499
0.893573081716
131519
0.892995964631
131539
0.893929355613
131559
0.893369617742
131579
0.999944683232
131599
0.87307408632
131619
0.870220716024
131639
0.870604966217
131659
0.870692710055
131679
0.868380002882
131699
0.86876616055
131719
0.866344303433
131739
0.865855989895
131759
0.866333070526
131779
0.859442635876
131799
0.86093216172
131819
0.859844477225
131839
0.859980543757
131859
0.862327161593
131879
0.859570012801
131899
0.861350746458
131919
0.858921895267
131939
0.867106233628
131959
0.862458353468
131979
0.861064625245
131999
0.8564987665
132019
0.856444085557
132039
0.856181489865
132059
0.858906423527
132079
0.858316166061
132099
0.852994099545
132119
0.869311274447
132139
0.862991810575
132159
0.860197571997
132179
0.861009308477
132199
0.859987749773
132219
0.861157879566
132239
0.86036479395
132259
0.859104165077
132279
0.919157616759
132299
0.88450388701
132319
0.880441601601
132339
0.879743677781
132359
0.879525589834
132379
0.878736107226
132399
0.879375323211
132419
0.879097679663
132439
0.878429427673
132459
0.999947862357
132479
0.874535211984
132499
0.872170367168
132519
0.873206125961
132539
0.873759293641
132559
0.873092525242
132579
0.872180328425
132599
0.87054858974
132619
0.870131912477
132639
0.912861466467
132659
0.898848733013
132679
0.898176666073
132699
0.896527760116
132719
0.895598607967
132739
0.896791627457
132759
0.895375009537
132779
0.897151080478
132799
0.895880914231
132819
0.886152581025
132839
0.886399069152
132859
0.882936578584
132879
0.882133955594
132899
0.88194342006
132919
0.882029256424
132939
0.882494680265
132959
0.884455352374
132979
0.941330103343
132999
0.891183439728
133019
0.890081767085
133039
0.888326890307
133059
0.88979946082
133079
0.886801758268
133099
0.888440067143
133119
0.888138262248
133139
0.887882236747
133159
0.999943199641
133179
0.919387785379
133199
0.915684105225
133219
0.914207931704
133239
0.914907551057
133259
0.914827861
133279
0.913863102656
133299
0.915934832185
133319
0.913315021576
133339
0.985877480777
133359
0.91362191307
133379
0.913666632756
133399
0.913750773587
133419
0.91262409183
133439
0.911962410031
133459
0.91288774723
133479
0.913164543011
133499
0.910691184076
133519
0.986138380935
133539
0.935748408318
133559
0.934305297693
133579
0.934343871072
133599
0.932680553083
133619
0.933694481887
133639
0.934248921217
133659
0.932993802826
133679
0.933814864739
133699
0.986001890519
133719
0.924943411582
133739
0.924659197843
133759
0.924297201523
133779
0.925076510932
133799
0.923820120892
133819
0.924410378358
133839
0.922473231771
133859
0.922809583153
133879
0.999947862357
133899
0.742780631925
133919
0.728096679298
133939
0.730261027324
133959
0.729575608061
133979
0.729603796299
133999
0.813175775918
134019
0.999947862357
134039
0.999947862357
134059
0.999947862357
