151640
0.178563724347
151660
0.180848686256
151680
0.181913187966
151700
0.270277032805
151720
0.269908756996
151740
0.269392782183
151760
0.269818388526
151780
0.267927452581
151800
0.271253595305
151820
0.269103214397
151840
0.267918221393
151860
0.272342875466
151880
0.271608267257
151900
0.272798118781
151920
0.270456798041
151940
0.269256743626
151960
0.277535661536
151980
0.269634250622
152000
0.275921175373
152020
0.274203202736
152040
0.275927491449
152060
0.272822411381
152080
0.270090465641
152100
0.271171000466
152120
0.271067513993
152140
0.269278121113
152160
0.267374067164
152180
0.267162235697
152200
0.266810964708
152220
0.269159087376
152240
0.267239972015
152260
0.267115593905
152280
0.269348569652
152300
0.264574587998
152320
0.149269278607
152340
0.147371540734
152360
0.146545592351
152380
0.146672885572
152400
0.144234394434
152420
0.142975066076
152440
0.14442144745
152460
0.142812305659
152480
0.145431533738
152500
0.142805503731
152520
0.144208644279
152540
0.142052918999
152560
0.139497337531
152580
0.146019414646
152600
0.275269647854
152620
0.272384172886
152640
0.270169173663
152660
0.274942669465
152680
0.274452930659
152700
0.275270619558
152720
0.276388564988
152740
0.275917288557
152760
0.27498056592
152780
0.271114641636
152800
0.278572469683
152820
0.27609365283
152840
0.125829835199
152860
0.121345907183
152880
0.112405258862
152900
0.10429444574
152920
0.113709285603
152940
0.141450462531
152960
0.164915656095
152980
0.160823810634
153000
0.118141227456
153020
0.134258881374
153040
0.27500485852
153060
0.211673565765
153080
0.19715096393
153100
0.153590932058
153120
0.150593711132
153140
0.17724123523
153160
0.179702561412
153180
0.166029228856
153200
0.168300586909
153220
0.169082808613
153240
0.139219916045
153260
0.16824471393
153280
0.138463444496
153300
0.138632520989
153320
0.137622434701
153340
0.129506277208
153360
0.140657552083
153380
0.140167327425
153400
0.234889031405
153420
0.216398476368
153440
0.188563530006
153460
0.131402071673
153480
0.132032707556
153500
0.110379741915
153520
0.10195555426
153540
0.101333663713
153560
0.0980847714552
153580
0.0881923390858
153600
0.0729846859453
153620
0.0769370918843
153640
0.0692173896144
153660
0.0658310012438
153680
0.062355216107
153700
0.0579990671642
153720
0.0571031560945
153740
0.0545325132152
153760
0.0536502060012
153780
0.0648860191231
153800
0.0749237212376
153820
0.072508065143
153840
0.0653038518346
153860
0.0623144045398
153880
0.057374261505
153900
0.0655992498445
153920
0.039454582556
153940
0.0326871501866
153960
0.0327269900498
153980
0.0376501282649
154000
0.044969488495
154020
0.0548662935323
154040
0.0794785836443
154060
0.149727437034
154080
0.266991215796
154100
0.811194515703
154120
0.991661808147
154140
0.994439423974
154160
0.994196012127
154180
0.994196012127
154200
0.994196012127
154220
0.994196012127
154240
0.994196012127
154260
0.994196012127
154280
0.994196012127
154300
0.994196012127
154320
0.988786050218
154340
0.988786050218
154360
0.988786050218
154380
0.982665286847
154400
0.982665286847
154420
0.95713133551
154440
0.957161944185
154460
0.9886597287
154480
0.9886597287
154500
0.97501700482
154520
0.975034009639
154540
1.0
154560
1.0
154580
0.989989991449
154600
0.989989991449
154620
0.990005052861
154640
1.0
154660
0.992281269434
154680
0.99226815143
154700
0.99226815143
154720
0.993109161225
154740
0.993135883085
154760
0.993135883085
154780
0.993489097481
154800
0.993506102301
154820
0.993506102301
154840
1.0
154860
0.985136330068
154880
0.985138759328
154900
1.0
154920
0.975023806748
154940
0.975025750155
154960
0.975029151119
154980
1.0
155000
0.986124067164
155020
0.986139128576
155040
1.0
155060
0.975496054882
155080
0.975552413713
155100
1.0
155120
0.965992789956
155140
0.966023884484
155160
1.0
155180
0.9730225824
155200
0.972997318097
155220
1.0
155240
0.976600396455
155260
0.97657950482
155280
0.976621288091
155300
0.9781371463
155320
0.978163868159
155340
0.978163868159
155360
0.978497162624
155380
0.978516596704
155400
0.978516596704
155420
1.0
155440
0.978302335976
155460
0.978302335976
155480
1.0
155500
0.993339455068
155520
0.993339455068
155540
1.0
155560
0.985483714241
155580
0.985493917133
155600
1.0
155620
0.987262418377
155640
0.987266791045
155660
1.0
155680
0.984600435323
155700
0.984603350435
155720
0.984619869403
155740
0.989137321206
155760
0.989143637282
155780
0.989151410914
155800
1.0
155820
0.997362309546
155840
0.980812733209
155860
0.980853058924
155880
0.980377409826
155900
0.980321536847
155920
0.966420339708
155940
0.959013526119
155960
0.95908931903
155980
0.958721043221
156000
0.95066901819
156020
0.946923585199
156040
0.953213910914
156060
0.955388584422
156080
0.955357975746
156100
0.955300159359
156120
0.953099735697
156140
0.965392276897
156160
0.965469527363
156180
0.965595363029
156200
0.96788566931
156220
0.97322032416
156240
0.972005208333
156260
0.966737601057
156280
0.954618994869
156300
0.94287109375
156320
0.935404520367
156340
0.929013137438
156360
0.919370918843
156380
0.904548060479
156400
0.89208012671
156420
0.881468147544
156440
0.869142082556
156460
0.869185323383
156480
0.868146085976
156500
0.871041763837
156520
0.866972267568
156540
0.868912760417
156560
0.869125563588
156580
0.866073927239
156600
0.87616215796
156620
0.877506510417
156640
0.880391985386
156660
0.884937616604
156680
0.890748892257
156700
0.893379294932
156720
0.895127876244
156740
0.898628925684
156760
0.890768812189
156780
0.889100882307
156800
0.883927530317
156820
0.874265391791
156840
0.866927083333
156860
0.868413304571
156880
0.859264711598
156900
0.861458819185
156920
0.862361532183
156940
0.860333585976
156960
0.86580087842
156980
0.870964999223
157000
0.874158990205
157020
0.880731595927
157040
0.885631413246
157060
0.887370277519
157080
0.890654151119
157100
0.877648379198
157120
0.875550956157
157140
0.873490457867
157160
0.876750038868
157180
0.872173798974
157200
0.87313481421
157220
0.863597539646
157240
0.865799906716
157260
0.861934468284
157280
0.864040150808
157300
0.86838123834
157320
0.860665422886
157340
0.860532785292
157360
0.86942387671
157380
0.860267510106
157400
0.867841942631
157420
0.874205146144
157440
0.880340485075
157460
0.877628945118
157480
0.869898554104
157500
0.862262904229
157520
0.869042482898
157540
0.867802102767
157560
0.871007754198
157580
0.870301325404
157600
0.872761679882
157620
0.870385377799
157640
0.867670436878
157660
0.866447547419
157680
0.877061955846
157700
0.883257540423
157720
0.883417385728
157740
0.886359705379
157760
0.892115593905
157780
0.892376010572
157800
0.889111571051
157820
0.87986823694
157840
0.879542230255
157860
0.886537527208
157880
0.883206525964
157900
0.877504081157
157920
0.878086131841
157940
0.874946070429
157960
0.880504217195
157980
0.875335237873
158000
0.863410486629
158020
0.871931358831
158040
0.877492420709
158060
0.874456331623
158080
0.873375796797
158100
0.881522562966
158120
0.874282882463
158140
0.872269025964
158160
0.863638837065
158180
0.862894997668
158200
0.861504975124
158220
0.866711850902
158240
0.87351572217
158260
0.876399253731
158280
0.877513798197
158300
0.878346548507
158320
0.875565045864
158340
0.883899350902
158360
0.886967020367
158380
0.883563141325
158400
0.895969371891
158420
0.895547166511
158440
0.886729924596
158460
0.879823538557
158480
0.880915733831
158500
0.880426966729
158520
0.880511019123
158540
0.88253410681
158560
0.884666025342
158580
0.882269803327
158600
0.879856576493
158620
0.883111298974
158640
0.883934332245
158660
0.895072974969
158680
0.888299712376
158700
0.890708566542
158720
0.89266849347
158740
0.895632676461
158760
0.89826162158
158780
0.907012301772
158800
0.911017179726
158820
0.904334285603
158840
0.905501787935
158860
0.899299887282
158880
0.899058418843
158900
0.897501263215
158920
0.891143889925
158940
0.895928560323
158960
0.891223569652
158980
0.880148573539
159000
0.878057466573
159020
0.870337278451
159040
0.874513662158
159060
0.87429697217
159080
0.872894317475
159100
0.878747862251
159120
0.882410700404
159140
0.881183924129
159160
0.884703435945
159180
0.890779015081
159200
0.887942611163
159220
0.896252137749
159240
0.905423079913
159260
0.897787430037
159280
0.912674906716
159300
0.918165520056
159320
0.903693446828
159340
0.889505597015
159360
0.888941522854
159380
0.875892510106
159400
0.870297438588
159420
0.861090543377
159440
0.845177433147
159460
0.845370802239
159480
0.829876496424
159500
0.825186081312
159520
0.826799109919
159540
0.840683788091
159560
0.837635552705
159580
0.84763924518
159600
0.859994461287
159620
0.854686042444
159640
0.866632171175
159660
0.868958916356
159680
0.876900652985
159700
0.886900944496
159720
0.886418979322
159740
0.892716592817
159760
0.882867401275
159780
0.887438296797
159800
0.891372240361
159820
0.880007190609
159840
0.880236998601
159860
0.882471431903
159880
0.871769570118
159900
0.85818854944
159920
0.862029695274
159940
0.85772213153
159960
0.862220635106
159980
0.871769084266
160000
0.861014750466
160020
0.867272038246
160040
0.872390003109
160060
0.875028665267
160080
0.878075443097
160100
0.888141810479
160120
0.875729749689
160140
0.87852534204
160160
0.880423565765
160180
0.874866390703
160200
0.872718439055
160220
0.881265061412
160240
0.867043687811
160260
0.857604555348
160280
0.860671738961
160300
0.849542327425
160320
0.856636252332
160340
0.863644181437
160360
0.868504158893
160380
0.872273398632
160400
0.883225960044
160420
0.88435556592
160440
0.890847520211
160460
0.90812004431
160480
0.911717292444
160500
0.914893792755
160520
0.919315531716
160540
0.912162332867
160560
0.91700676306
160580
0.918697042133
160600
0.919110502177
160620
0.918770405784
160640
0.917448888371
160660
0.917086928638
160680
0.922412352301
160700
0.924777965641
160720
0.930360405006
160740
0.936102689677
160760
0.942425567475
160780
0.920978603078
160800
0.907523418066
160820
0.902634775342
160840
0.902615827114
160860
0.907518073694
160880
0.905903587531
160900
0.900184137904
160920
0.897040189677
160940
0.908170087065
160960
0.911349016636
160980
0.924511232898
161000
0.941363980877
161020
0.961218808302
161040
0.964569729478
161060
0.971874514148
161080
0.981900555815
161100
0.987338697139
161120
0.992075754042
161140
1.0
161160
1.0
161180
1.0
161200
1.0
161220
1.0
