170263
0.0968682981005
170283
0.210226619945
170303
0.241053921569
170323
0.239473709406
170343
0.500799919577
170363
0.494734221814
170383
0.276195810355
170403
0.266468003217
170423
0.266444067862
170443
0.252359547335
170463
0.248582069547
170483
0.585439644608
170503
0.571497300092
170523
0.594264131434
170543
0.745081284467
170563
0.67415747549
170583
0.575680721507
170603
0.561656996783
170623
0.859228036918
170643
0.856797162224
170663
0.856345741422
170683
0.856892903646
170703
0.929451976103
170723
0.928529986213
170743
0.928738702512
170763
0.618287568934
170783
0.619036745558
170803
0.512127087163
170823
0.71876819087
170843
0.813034715839
170863
0.809026501225
170883
0.823815199908
170903
0.674849685968
170923
0.731719611673
170943
0.74840446921
170963
0.75523705576
170983
0.75713560815
171003
0.469374712776
171023
0.399470071232
171043
0.450697476256
171063
0.817641793045
171083
0.813160615809
171103
0.82200568704
171123
0.648443723192
171143
0.554410328585
171163
0.476830097273
171183
0.670240693934
171203
0.667054898131
171223
0.679141773897
171243
0.419154028799
171263
0.323893707874
171283
0.3313510072
171303
0.323128255208
171323
0.31924498315
171343
0.319318704044
171363
0.349169443168
171383
0.345759612439
171403
0.346968826593
171423
0.402785596661
171443
0.406838331036
171463
0.410953776042
171483
0.584521484375
171503
0.584959980086
171523
0.540940467984
171543
0.198000919118
171563
0.259534409467
171583
0.250429878983
171603
0.234611002604
171623
0.245453718597
171643
0.250340360754
171663
0.252141256893
171683
0.167974015778
171703
0.233975758272
171723
0.246281403186
171743
0.244080307904
171763
0.199649586397
171783
0.210522460937
171803
0.208052332261
171823
0.174622778799
171843
0.18348939185
171863
0.186769492953
171883
0.0535869523591
171903
0.234769933364
171923
0.22424029182
171943
0.824613204657
171963
0.787405215993
171983
0.711966720282
172003
0.710660807292
172023
0.709387925092
172043
0.700385359222
172063
0.723173732384
172083
0.716394282322
172103
0.705997721354
172123
0.708816348805
172143
0.703835880055
172163
0.704131721048
172183
0.557601390165
172203
0.526809034161
172223
0.688808785233
172243
0.409477443321
172263
0.407498468137
172283
0.414186485141
172303
0.406599456189
172323
0.406462545956
172343
0.407245710784
172363
0.405791398591
172383
0.4098599303
172403
0.41030847886
172423
0.404834463082
172443
0.405049402574
172463
0.40761383655
172483
0.404575482537
172503
0.406999655331
172523
0.411550245098
172543
0.405859375
172563
0.407475011489
172583
0.407710056679
172603
0.413593845741
172623
0.410224226409
172643
0.409803921569
172663
0.40941808364
172683
0.409114104626
172703
0.410271618413
172723
0.413881070006
172743
0.411561734069
172763
0.405951765472
172783
0.406970932904
172803
0.407216988358
172823
0.412943282782
172843
0.411155790441
172863
0.406890988817
172883
0.407956112132
172903
0.412567018995
172923
0.41223192402
172943
0.412707280178
172963
0.406732536765
172983
0.411846564798
173003
0.412011240043
173023
0.413485179228
173043
0.409007831648
173063
0.412676164216
173083
0.413580441942
173103
0.407632984835
173123
0.410085401348
173143
0.408051853554
173163
0.408213656556
173183
0.413273111979
173203
0.413080671722
173223
0.40935345818
173243
0.409170113358
173263
0.415483302696
173283
0.416505821078
173303
0.411442057292
173323
0.409677542892
173343
0.41044251685
173363
0.410001148897
173383
0.410445389093
173403
0.40988482307
173423
0.40906384038
173443
0.409206973805
173463
0.412952378217
173483
0.408814912684
173503
0.411605775123
173523
0.411209884344
173543
0.411587105545
173563
0.407045611213
173583
0.411509076287
173603
0.411214192708
173623
0.41106818704
173643
0.410461186428
173663
0.411161534926
173683
0.407919730392
173703
0.41087957644
173723
0.411101696538
173743
0.410855162377
173763
0.411274509804
173783
0.407547774969
173803
0.407767980239
173823
0.413096469056
173843
0.412440161612
173863
0.412812595741
173883
0.412529679841
173903
0.995864928002
173923
0.992041973039
173943
0.987432981005
173963
0.986308019301
173983
0.98699687883
174003
0.987126608456
174023
0.986456418505
174043
0.986739813113
174063
0.981332337623
174083
0.982430013021
174103
0.981713867187
174123
0.986611998315
174143
0.990205652574
174163
0.99505926394
174183
0.991794481464
174203
0.98665412454
174223
0.980633903952
174243
0.97698950674
174263
0.975165632659
174283
0.971721813725
174303
0.969217218137
174323
0.962365004596
174343
0.956852213542
174363
0.951725739124
174383
0.949522250306
174403
0.947169883578
174423
0.948970779718
174443
0.946048272825
174463
0.943806487439
174483
0.945222503064
174503
0.945301968444
174523
0.940522077972
174543
0.94006395527
174563
0.941402420343
174583
0.939752316942
174603
0.939270737592
174623
0.942249731924
174643
0.944587737439
174663
0.945457548254
174683
0.942461799173
174703
0.933650237439
174723
0.930933095895
174743
0.931580786612
174763
0.937563189338
174783
0.939094094669
174803
0.935692401961
174823
0.937226658241
174843
0.93034955193
174863
0.922906613817
174883
0.92659888174
174903
0.926927274816
174923
0.935851332721
174943
0.931688974418
174963
0.923161285999
174983
0.927869849112
175003
0.925636680453
175023
0.922836243873
175043
0.922160788143
175063
0.926730526195
175083
0.925829120711
175103
0.929059914982
175123
0.928797104779
175143
0.929710956648
175163
0.93343817019
175183
0.929601811428
175203
0.930069508272
175223
0.928754978554
175243
0.932982441023
175263
0.934469784007
175283
0.936843692555
175303
0.940648456648
175323
0.944924747243
175343
0.938768095129
175363
0.942061121324
175383
0.941807885263
175403
0.941462258732
175423
0.93884564568
175443
0.9348666322
175463
0.938062959559
175483
0.932825425092
175503
0.94129040288
175523
0.93002355239
175543
0.928169041054
175563
0.930616191789
175583
0.926679304534
175603
0.931904871324
175623
0.931199735754
175643
0.929265759038
175663
0.933081533395
175683
0.929831112132
175703
0.921660060509
175723
0.926691750919
175743
0.927012963388
175763
0.926287243413
175783
0.931318933824
175803
0.926055070466
175823
0.926103419884
175843
0.932625804228
175863
0.929127412684
175883
0.93043236826
175903
0.93316674326
175923
0.930321786918
175943
0.925375306373
175963
0.924247472426
175983
0.930168600643
176003
0.93000201057
176023
0.923753925398
176043
0.923848230699
176063
0.925248927696
176083
0.927161362592
176103
0.925384401808
176123
0.917318665748
176143
0.924189548866
176163
0.929461071538
176183
0.926017731311
176203
0.927804266238
176223
0.925562002145
176243
0.933304610907
176263
0.925451420803
176283
0.931465896906
176303
0.928279622396
176323
0.932376876532
176343
0.932522403493
176363
0.925559129902
176383
0.932100662531
176403
0.926324582567
176423
0.923032513787
176443
0.928621419271
176463
0.930605181526
176483
0.92702588848
176503
0.93009631587
176523
0.925169941023
176543
0.924164656097
176563
0.930103975184
176583
0.925550513174
176603
0.929463943781
176623
0.932819680607
176643
0.926148897059
176663
0.926544787837
176683
0.925314031863
176703
0.92898571538
176723
0.929479262408
176743
0.935138537837
176763
0.930996285233
176783
0.939386584712
176803
0.933243336397
176823
0.931202607996
176843
0.933283547794
176863
0.933840284161
176883
0.930632467831
176903
0.925800398284
176923
0.924021043964
176943
0.919914694393
176963
0.914472273284
176983
0.91783471201
177003
0.916592467065
177023
0.919930491728
177043
0.923258942249
177063
0.923044481464
177083
0.929630055147
177103
0.924702244179
177123
0.926901903339
177143
0.93602845435
177163
0.928143669577
177183
0.918873985141
177203
0.92450501685
177223
0.917996993719
177243
0.905379710478
177263
0.906158088235
177283
0.905236098346
177303
0.916004614737
177323
0.91475279565
177343
0.910377891391
177363
0.914116593903
177383
0.920176547181
177403
0.921095186121
177423
0.918204752604
177443
0.931042719822
177463
0.932056621477
177483
0.938232900582
177503
0.932693780637
177523
0.926799938725
177543
0.930868949142
177563
0.929258578431
177583
0.930227002911
177603
0.92923560049
177623
0.92859173943
177643
0.927244657629
177663
0.925965073529
177683
0.923950195312
177703
0.919358915441
177723
0.929594152114
177743
0.928009631587
177763
0.924275237439
177783
0.930767941942
177803
0.929100126379
177823
0.925629499847
177843
0.93148169424
177863
0.928148456648
177883
0.928404564951
177903
0.931383559283
177923
0.934208888634
177943
0.931585573683
177963
0.926543830423
177983
0.928621419271
178003
0.92390759038
178023
0.920955882353
178043
0.922951133578
178063
0.928699448529
178083
0.927354760263
178103
0.917633176317
178123
0.912904028799
178143
0.910752240349
178163
0.90895134421
178183
0.90305223652
178203
0.903395469516
178223
0.901656326593
178243
0.897307751225
178263
0.883288334865
178283
0.871182310815
178303
0.866271733303
178323
0.8721646178
178343
0.858136584712
178363
0.868126723346
178383
0.864463656556
178403
0.861944221048
178423
0.861738376991
178443
0.871444163603
178463
0.864579982384
178483
0.868980258119
178503
0.877397843903
178523
0.861543543199
178543
0.870240215227
178563
0.86575568704
178583
0.867591050092
178603
0.8833041322
178623
0.876924881281
178643
0.874145029105
178663
0.886380782782
178683
0.882793351716
178703
0.890136240043
178723
0.88435680913
178743
0.894988893995
178763
0.902509382659
178783
0.905617149203
178803
0.905332797181
178823
0.912436810662
178843
0.912648877911
178863
0.909363032322
178883
0.897678270527
178903
0.89693292356
178923
0.893654258578
178943
0.908173923866
178963
0.907346717984
178983
0.919224398744
179003
0.910182578891
179023
0.913097905178
179043
0.909990617341
179063
0.916722675398
179083
0.926584520527
179103
0.938430127911
179123
0.948582548254
179143
0.956209788603
179163
0.956971890319
179183
0.955781345741
179203
0.955358647365
179223
0.948888920803
179243
0.951684091605
179263
0.949567248775
179283
0.945803653493
179303
0.950224034926
179323
0.942423502604
179343
0.923510742187
179363
0.918751914828
179383
0.905355775123
179403
0.899699371936
179423
0.910219918045
179443
0.903078565411
179463
0.904099647672
179483
0.903684129902
179503
0.900355679381
179523
0.911951401654
179543
0.927549594056
179563
0.938493317249
179583
0.949812346814
179603
0.953904813879
179623
0.966504863664
179643
0.971233053768
179663
1.0
179683
0.958037971048
179703
0.958043715533
179723
0.958037013634
179743
0.958042758119
179763
0.958036056219
179783
0.958049460018
179803
0.958043715533
179823
1.0
179843
1.0
