14044
0.0734757965686
14064
0.066321997549
14084
0.370930351307
14104
0.0820516748366
14124
0.0945542279412
14144
0.0491191789216
14164
0.0749974468954
14184
0.079026245915
14204
0.0968264910131
14224
0.0775428921569
14244
0.0884523080065
14264
0.0919321895425
14284
0.0862923815359
14304
0.0813291462418
14324
0.0861672794118
14344
0.0977022058824
14364
0.0698810253268
14384
0.0737413194444
14404
0.0737668504902
14424
0.0544092116013
14444
0.0592116013072
14464
0.105808312908
14484
0.114501633987
14504
0.114172283497
14524
0.106898488562
14544
0.115668402778
14564
0.109957107843
14584
0.0966835171569
14604
0.0871885212418
14624
0.108287377451
14644
0.107276348039
14664
0.120833333333
14684
0.136274509804
14704
0.105371732026
14724
0.0997344771242
14744
0.165494791667
14764
0.121507352941
14784
0.0455193014706
14804
0.140663296569
14824
0.117373876634
14844
0.0428972630719
14864
0.133943525327
14884
0.0598141339869
14904
0.0677006740196
14924
0.157301879085
14944
0.0626710580065
14964
0.0595843545752
14984
0.0621144812092
15004
0.0630438112745
15024
0.0682240604575
15044
0.141817299837
15064
0.271599264706
15084
0.079230494281
15104
0.171520118464
15124
0.0571103962418
15144
0.0661203022876
15164
0.0780305351307
15184
0.0678104575163
15204
0.072878370098
15224
0.0830984477124
15244
0.0515625
15264
0.0512484681373
15284
0.048371119281
15304
0.0458282271242
15324
0.0592933006536
15344
0.0678947099673
15364
0.0612847222222
15384
0.0493106617647
15404
0.17506127451
15424
0.0416896446078
15444
0.0372421364379
15464
0.0519148284314
15484
0.0670138888889
15504
0.0385595383987
15524
0.167718545752
15544
0.120361008987
15564
0.148442606209
15584
0.162688929739
15604
0.16271190768
15624
0.212086397059
15644
0.203770935458
15664
0.837686376634
15684
0.81145067402
15704
0.112640420752
15724
0.0991064133987
15744
0.113835273693
15764
0.0877348856209
15784
0.0974647671569
15804
0.11532373366
15824
0.0914930555556
15844
0.088059129902
15864
0.092391748366
15884
0.065167994281
15904
0.0856515522876
15924
0.0788117851307
15944
0.0788373161765
15964
0.168262357026
15984
0.161999591503
16004
0.165275224673
16024
0.164856515523
16044
0.0638046364379
16064
0.066779003268
16084
0.0661254084967
16104
0.065047998366
16124
0.159972426471
16144
0.11857128268
16164
0.124530228758
16184
0.0991089665033
16204
0.0915824142157
16224
0.0867442810458
16244
0.12502808415
16264
0.0696052900327
16284
0.0707516339869
16304
0.0640497344771
16324
0.0609451593137
16344
0.0713618259804
16364
0.0639348447712
16384
0.0668658088235
16404
0.116490502451
16424
0.109870302288
16444
0.119102328431
16464
0.104976000817
16484
0.0495378880719
16504
0.0847605187908
16524
0.0495608660131
16544
0.120034211601
16564
0.0932955473856
16584
0.10636744281
16604
0.113832720588
16624
0.108560559641
16644
0.0972298815359
16664
0.106724877451
16684
0.12175755719
16704
0.103510518791
16724
0.129036458333
16744
0.137357026144
16764
0.0867136437908
16784
0.133049938725
16804
0.145404411765
16824
0.118433415033
16844
0.0536713643791
16864
0.057932495915
16884
0.168221507353
16904
0.0493642769608
16924
0.0612234477124
16944
0.0612055759804
16964
0.0467652165033
16984
0.0444623161765
17004
0.145754187092
17024
0.197998366013
17044
0.0575469771242
17064
0.0659262663399
17084
0.0599137050654
17104
0.145743974673
17124
0.145138888889
17144
0.0519658905229
17164
0.0961014093137
17184
0.0974188112745
17204
0.377892667484
17224
0.100176164216
17244
0.109512867647
17264
0.228022875817
17284
0.149177900327
17304
0.124091094771
17324
0.130226205065
17344
0.05
17364
0.140242034314
17384
0.120006127451
17404
0.161884701797
17424
0.171982230392
17444
0.13010620915
17464
0.183752042484
17484
0.128234783497
17504
0.105333435458
17524
0.06328125
17544
0.0858940972222
17564
0.0941636029412
17584
0.0755565767974
17604
0.0394505718954
17624
0.086700878268
17644
0.0912300857843
17664
0.0921798406863
17684
0.0384344362745
17704
0.0408394607843
17724
0.0440129697712
17744
0.0444342320261
17764
0.0438648897059
17784
0.0474724264706
17804
0.0437091503268
17824
0.0443142361111
17844
0.0459865196078
17864
0.0455652573529
17884
0.044597630719
17904
0.0478273080065
17924
0.0436887254902
17944
0.0489430147059
17964
0.0438955269608
17984
0.0418224060458
18004
0.0408496732026
18024
0.0494791666667
18044
0.0526067197712
18064
0.0417815563725
18084
0.0546083537582
18104
0.0341273488562
18124
0.0335171568627
18144
0.031707005719
18164
0.0336371527778
18184
0.034188623366
18204
0.0339486315359
18224
0.0375153186275
18244
0.0414394403595
18264
0.043341503268
18284
0.0677542892157
18304
0.0394786560458
18324
0.0422309027778
18344
0.0383910334967
18364
0.0606924019608
18384
0.0581265318627
18404
0.0593392565359
18424
0.0560840482026
18444
0.0507965686275
18464
0.0687091503268
18484
0.0547972834967
18504
0.0502093545752
18524
0.0562704248366
18544
0.0512688929739
18564
0.0489098243464
18584
0.0511003880719
18604
0.0480724060458
18624
0.0465992647059
18644
0.0447457107843
18664
0.046075878268
18684
0.0445899714052
18704
0.0432087418301
18724
0.0436580882353
18744
0.0436504289216
18764
0.0485013276144
18784
0.0489328022876
18804
0.0471864787582
18824
0.0499234068627
18844
0.0504136029412
18864
0.0466120302288
18884
0.0528645833333
18904
0.0473830678105
18924
0.0536713643791
18944
0.0505514705882
18964
0.0519684436275
18984
0.0391876021242
19004
0.0374846813725
19024
0.0376914828431
19044
0.0719618055556
19064
0.0649994893791
19084
0.0366038602941
19104
0.0405969158497
19124
0.038449754902
19144
0.0476996527778
19164
0.0979779411765
19184
0.143908292484
19204
0.153607536765
19224
0.180356413399
19244
0.176404207516
19264
0.182230392157
19284
0.175668913399
19304
0.170879289216
19324
0.174032373366
19344
0.180149611928
19364
0.176268892974
19384
0.172523488562
19404
0.169725285948
19424
0.171006944444
19444
0.17133374183
19464
0.136764705882
19484
0.166600285948
19504
0.979439848856
19524
0.198746425654
19544
0.10555810866
19564
0.102918198529
19584
0.0975464665033
19604
0.0577333537582
19624
0.0582439746732
19644
0.0660411560458
19664
0.0544755923203
19684
0.104074754902
19704
0.119980596405
19724
0.111083026961
19744
0.0939236111111
19764
0.13644556781
19784
0.0653084150327
19804
0.133379289216
19824
0.146425653595
19844
0.117899816176
19864
0.133568218954
19884
0.129276450163
19904
0.450556576797
19924
0.568121936275
19944
0.0597426470588
19964
0.038587622549
19984
0.0722783905229
20004
0.0401731004902
20024
0.0415696486928
20044
0.159630310458
20064
0.116321997549
20084
0.170243566176
20104
0.0860523897059
20124
0.084765625
20144
0.0849928513072
20164
0.156727430556
20184
0.150763378268
20204
0.0807444852941
20224
0.0852481617647
20244
0.234627757353
20264
0.35574193219
20284
0.301256127451
20304
0.0724009395425
20324
0.139333129085
20344
0.122480085784
20364
0.132240604575
20384
0.126825469771
20404
0.214279513889
20424
0.237890625
20444
0.112757863562
20464
0.098708129085
20484
0.0912300857843
20504
0.109071180556
20524
0.0779947916667
20544
0.0866472630719
20564
0.12643995098
20584
0.0684691584967
20604
0.248092830882
20624
0.0574346405229
20644
0.0642029207516
20664
0.0838924632353
20684
0.169697201797
20704
0.0928972630719
20724
0.0709941789216
20744
0.12791309232
20764
0.12434129902
20784
0.122063929739
20804
0.14762816585
20824
0.156196384804
20844
0.10495557598
20864
0.107850796569
20884
0.118834252451
20904
0.127943729575
20924
0.154271343954
20944
0.108129084967
20964
0.207626123366
20984
0.179462826797
21004
0.20390625
21024
0.198046875
21044
0.190870098039
21064
0.195593341503
21084
0.187645526961
21104
0.173496221405
21124
0.201536968954
21144
0.102308006536
21164
0.104227941176
21184
0.102172691993
21204
0.106265318627
21224
0.0815895629085
21244
0.0731924019608
21264
0.0820414624183
21284
0.0594235089869
21304
0.168645322712
21324
0.148445159314
21344
0.134653288399
21364
0.181911254085
21384
0.169184027778
21404
0.175794015523
21424
0.25561938317
21444
0.181076388889
21464
0.269043607026
21484
0.150834865196
21504
0.149808517157
21524
0.130103656046
21544
0.130205780229
21564
0.173685151144
21584
0.134609885621
21604
0.186565563725
21624
0.165430964052
21644
0.161128982843
21664
0.152961601307
21684
0.177780330882
21704
0.220057189542
21724
0.202244178922
21744
0.184671160131
21764
0.27476000817
21784
0.301812704248
21804
0.29624438317
21824
0.29068627451
21844
0.305264501634
21864
0.321892871732
21884
0.255609170752
21904
0.273868974673
21924
0.258803104575
21944
0.258938419118
21964
0.261800449346
21984
0.290178206699
22004
0.257023590686
22024
0.147949857026
22044
0.105034722222
22064
0.087806372549
22084
0.0850311478758
22104
0.0985421772876
22124
0.0698835784314
22144
0.0705627042484
22164
0.058797998366
22184
0.0474826388889
22204
0.0452997344771
22224
0.0562091503268
22244
0.0616779003268
22264
0.0696716707516
22284
0.0800730187908
22304
0.0631101919935
22324
0.0632174223856
22344
0.163151041667
22364
0.227517361111
22384
0.193913398693
22404
0.182710375817
22424
0.175071486928
22444
0.200924223856
22464
0.165765420752
22484
0.172840073529
22504
0.171180555556
22524
0.181786151961
22544
0.15640063317
22564
0.166784109477
22584
0.145710784314
22604
0.154873876634
22624
0.151381229575
22644
0.154258578431
22664
0.166738153595
22684
0.190594362745
22704
0.115767973856
22724
0.114639501634
22744
0.100648488562
22764
0.128390522876
22784
0.294495506536
22804
0.31955933415
22824
0.348205167484
22844
0.329485804739
22864
0.344873366013
22884
0.380221098856
22904
0.202088439542
22924
0.157687397876
22944
0.129590482026
22964
0.144232536765
22984
0.333757148693
23004
0.528490093954
23024
0.460511131536
23044
0.50378880719
23064
0.522010314542
23084
0.369406147876
23104
0.119909109477
23124
0.107123161765
23144
0.130284926471
23164
0.190785845588
23184
0.295343137255
23204
0.222990706699
23224
0.263122957516
23244
0.20369434232
23264
0.223360906863
23284
0.173072406046
23304
0.251764195261
23324
0.216978145425
23344
0.264236111111
23364
0.190701593137
23384
0.231359783497
23404
0.216544117647
23424
0.12040185866
23444
0.916753472222
23464
0.929189644608
23484
0.117864072712
23504
0.120960988562
23524
0.121642667484
23544
0.121489481209
23564
0.107679738562
23584
0.99149560866
23604
1.0
23624
1.0
