224342
0.99615167356
224362
0.126637178309
224382
0.0456227022059
224402
0.0454714307598
224422
0.045614564185
224442
0.0457706227022
224462
0.0686494715074
224482
0.0685489430147
224502
0.0708936504289
224522
0.0695068359375
224542
0.07865301394
224562
0.0918212890625
224582
0.0860605277267
224602
0.0711473651961
224622
0.088858092065
224642
0.0973690257353
224662
0.100122070313
224682
0.0933201210172
224702
0.0630050359988
224722
0.0563969630821
224742
0.0724159390319
224762
0.0896953507966
224782
0.0928270526961
224802
0.103738223805
224822
0.0870524088542
224842
0.0752891390931
224862
0.0801020603554
224882
0.0845607383578
224902
0.0953211167279
224922
0.078195848652
224942
0.081520948223
224962
0.0923698874081
224982
0.081898169424
225002
0.192907954197
225022
0.127061312806
225042
0.118657609528
225062
0.103215475643
225082
0.0743025237439
225102
0.0707466873468
225122
0.0684158624387
225142
0.0672569125306
225162
0.0680544385723
225182
0.0700784122243
225202
0.285431985294
225222
0.0718137254902
225242
0.38656652114
225262
0.0960205078125
225282
0.0945700252757
225302
0.0754557291667
225322
0.0849326937806
225342
0.0732958026961
225362
0.0756002987132
225382
0.113811178768
225402
0.0743647556679
225422
0.0851169960172
225442
0.068359375
225462
0.152742513021
225482
0.117353611366
225502
0.117797851562
225522
0.0923478668811
225542
0.0897719439338
225562
0.0789814070159
225582
0.079993872549
225602
0.0727328431373
225622
0.0717481426164
225642
0.0684867110907
225662
0.0664426317402
225682
0.0622137331495
225702
0.0655972349877
225722
0.0652607038909
225742
0.0664651309743
225762
0.0685312308517
225782
0.0745361328125
225802
0.0797138288909
225822
0.0879375382966
225842
0.0838445925245
225862
0.0861735026042
225882
0.129853611366
225902
0.124279067096
225922
0.119243547028
225942
0.125842045803
225962
0.128943110447
225982
0.0829288258272
226002
0.0810542087929
226022
0.0779665479473
226042
0.0825702742034
226062
0.0806836894914
226082
0.0797684015012
226102
0.081867053462
226122
0.0797684015012
226142
0.0784481272978
226162
0.078298291973
226182
0.0787406173407
226202
0.0745112400429
226222
0.0776577818627
226242
0.126540000766
226262
0.140928021599
226282
0.143639897365
226302
0.146999463848
226322
0.15034754136
226342
0.150163239124
226362
0.150952627145
226382
0.150805664063
226402
0.103327493107
226422
0.102149873621
226442
0.10097321155
226462
0.101152248009
226482
0.0993858187806
226502
0.0985753676471
226522
0.098020067402
226542
0.0984542547488
226562
0.0690999348958
226582
0.071963560815
226602
0.0735509535846
226622
0.147843424479
226642
0.148863549326
226662
0.150540460325
226682
0.151097675398
226702
0.101176662071
226722
0.0995945350797
226742
0.101154162837
226762
0.101744887408
226782
0.149190027574
226802
0.148997108609
226822
0.149691712623
226842
0.0997836243873
226862
0.072097120098
226882
0.0743369906556
226902
0.145074582567
226922
0.14472321155
226942
0.100672104779
226962
0.0959290747549
226982
0.0950674019608
227002
0.0955398858762
227022
0.0960559321385
227042
0.0967543658088
227062
0.0971028645833
227082
0.0745064529718
227102
0.0696657666973
227122
0.0842543658088
227142
0.300982785692
227162
0.305455346201
227182
0.304342830882
227202
0.302735332414
227222
0.301610849418
227242
0.300939702053
227262
0.3003839231
227282
0.0804017310049
227302
0.078617589614
227322
0.076584520527
227342
0.0784423828125
227362
0.0831059474571
227382
0.0805362477022
227402
0.0785663679534
227422
0.0783145680147
227442
0.075532801011
227462
0.0719219132966
227482
0.0784840303309
227502
0.0759937959559
227522
0.305222694547
227542
0.306596105239
227562
0.302479224112
227582
0.302860753676
227602
0.101878446691
227622
0.0967739928002
227642
0.0934776156556
227662
0.0958180147059
227682
0.104089594822
227702
0.104222675398
227722
0.103563495711
227742
0.0989468443627
227762
0.0927720013787
227782
0.0906656901042
227802
0.0862903071385
227822
0.0906924977022
227842
0.0915445963542
227862
0.092125268076
227882
0.0978759765625
227902
0.0886297487745
227922
1.0
227942
0.999952607996
227962
0.973030598958
227982
0.976022997089
228002
0.975906671262
228022
0.975907628676
228042
0.975921032475
228062
0.975805185355
228082
0.975809972426
228102
0.97589709712
228122
0.97589709712
228142
0.975902841605
228162
0.97594353171
228182
0.975847790288
228202
0.97532935049
228222
1.0
228242
0.942945293352
228262
0.949752987132
228282
0.949591662837
228302
0.949598364737
228322
0.949595971201
228342
0.94961272595
228362
0.949592620251
228382
0.949625651042
228402
0.94963091682
228422
0.949680223652
228442
0.9497103822
228462
0.949718520221
228482
0.950333658854
228502
0.950326478248
228522
0.950314989277
228542
0.950314989277
228562
0.950314989277
228582
0.950314989277
228602
0.950314989277
228622
0.950314989277
228642
0.950314989277
228662
0.950381050858
228682
0.950379614737
228702
0.950379614737
228722
0.950379614737
228742
0.950721890319
228762
0.95623180913
228782
0.993022843903
228802
0.947097120098
228822
0.94728046492
228842
0.947377163756
228862
0.947434129902
228882
0.947510244332
228902
0.947549019608
228922
0.947559072457
228942
0.94757343367
228962
0.94758348652
228982
0.949089499081
229002
0.949092371324
229022
0.94908806296
229042
0.949086626838
229062
0.949085190717
229082
0.949085190717
229102
0.949085190717
229122
0.949085190717
229142
0.949085190717
229162
0.949085190717
229182
0.949085190717
229202
0.949085190717
229222
0.949085190717
229242
0.948767329197
229262
0.948767329197
229282
0.948774509804
229302
0.948774509804
229322
0.948774509804
229342
0.949114870558
229362
0.971428366268
229382
1.0
229402
1.0
229422
1.0
229442
0.991401941636
229462
0.991465130974
229482
0.991374655331
229502
0.991374655331
229522
0.991374655331
229542
0.988437787224
229562
0.98844353171
229582
0.98844353171
229602
0.988453584559
229622
0.988462201287
229642
0.95595703125
229662
0.955956073836
229682
0.955909639246
229702
0.955918734681
229722
0.955921606924
229742
0.951023475797
229762
0.951268095129
229782
0.95134229473
229802
0.95134229473
229822
0.951390644148
229842
0.953560623468
229862
0.953597483915
229882
0.953583122702
229902
0.953595569087
229922
0.953608972886
229942
0.953616153493
229962
0.944012331495
229982
0.944189453125
230002
0.944468060662
230022
0.944499655331
230042
0.944500612745
230062
0.944706935509
230082
0.944748583027
230102
0.944767252604
230122
0.944770124847
230142
0.944767731311
230162
0.951482077206
230182
0.951721909467
230202
0.951738185509
230222
0.95178270527
230242
0.951781747855
230262
0.95866986443
230282
0.958773743873
230302
0.958829273897
230322
0.958837411918
230342
0.958829273897
230362
0.958830710018
230382
0.954750210631
230402
0.954851696538
230422
0.954912971048
230442
0.954951267616
230462
0.954956054688
230482
0.969735179228
230502
0.969773475797
230522
0.969811293658
230542
0.969846239277
230562
0.96986730239
230582
0.962569891238
230602
0.962564146752
230622
0.962599092371
230642
0.962621112898
230662
0.96263068704
230682
0.965269799326
230702
0.965401443781
230722
0.965546492034
230742
0.965561810662
230762
0.965572342218
230782
0.96903626685
230802
0.969089403339
230822
0.969126263787
230842
0.969135837929
230862
0.969149241728
230882
0.969139188879
230902
0.955576937806
230922
0.955679381127
230942
0.955724379596
230962
0.955748314951
230982
0.955719592525
231002
0.947578220741
231022
0.947678270527
231042
0.947717045803
231062
0.947783107384
231082
0.947783107384
231102
0.967936197917
231122
0.968064012714
231142
0.96806640625
231162
0.96810948989
231182
0.968131989124
231202
0.965308574602
231222
0.96533203125
231242
0.965340169271
231262
0.965337297028
231282
0.965372242647
231302
0.965373678768
231322
0.957197840074
231342
0.957271560968
231362
0.957268688725
231382
0.957279220282
231402
0.957300283395
231422
0.96443828508
231442
0.964442593444
231462
0.964451688879
231482
0.964450252757
231502
0.964461741728
231522
0.955318435968
231542
0.955362955729
231562
0.955409869026
231582
0.955411783854
231602
0.955416092218
231622
0.947902305453
231642
0.947993738511
231662
0.948001876532
231682
0.948023897059
231702
0.948029162837
231722
0.94802198223
231742
0.949687882966
231762
0.949690755208
231782
0.94968884038
231802
0.949708946078
231822
0.949714211857
231842
0.950172334559
231862
0.950180951287
231882
0.950224992341
231902
0.950226428462
231922
0.950229300705
231942
0.99211138557
231962
0.99210468367
231982
0.992116172641
232002
0.992116172641
232022
0.992113779105
232042
0.947259401808
232062
0.947230679381
232082
0.947233551624
232102
0.94722924326
232122
0.94722924326
232142
0.928290632659
232162
0.928299249387
232182
0.928292068781
232202
0.928292068781
232222
0.928292068781
232242
0.928292068781
232262
0.914057234222
232282
0.914051489737
232302
0.914051489737
232322
0.914048617494
232342
0.914042873009
232362
0.923291973039
232382
0.923290536918
232402
0.923339365043
232422
0.92342266008
232442
0.923439893536
232462
0.917560891544
232482
0.917563763787
232502
0.917550838695
232522
0.917550838695
232542
0.917550838695
232562
0.957823988971
232582
0.957816808364
232602
0.957819680607
232622
0.957826861213
232642
0.957826861213
232662
0.957826861213
232682
0.9677667356
232702
0.967753331801
232722
0.967756682751
232742
0.967766256893
232762
0.9677667356
232782
0.928224092371
232802
0.928235581342
232822
0.928232709099
232842
0.928248506434
232862
0.928248506434
232882
0.943459424786
232902
0.943462775735
232922
0.943468998928
232942
0.943475700827
232962
0.943490540748
232982
0.968322514553
233002
0.968338311887
233022
0.968356502757
233042
0.968479530484
233062
0.968492455576
233082
0.968492455576
233102
0.963738415288
233122
0.963792030484
233142
0.963801604626
233162
0.963797774969
233182
0.963797774969
233202
0.955102539062
233222
0.955120251225
233242
0.95513604856
233262
0.95513604856
233282
0.95513604856
233302
0.9379849303
233322
0.937965782016
233342
0.937972962623
233362
0.937972962623
233382
0.937985887714
233402
0.963039024203
233422
0.963030407475
233442
0.963047640931
233462
0.963048119638
233482
0.963048119638
233502
0.953800934436
233522
0.953796626072
233542
0.953803806679
233562
0.953817210478
233582
0.953817210478
233602
0.953817210478
233622
0.936485619638
233642
0.93648705576
233662
0.936491364124
233682
0.936504289216
233702
0.939320523131
233722
1.0
233742
1.0
233762
1.0
233782
0.0712708716299
233802
0.070769665288
233822
0.0707347196691
233842
0.0709037032782
233862
0.0709410424326
233882
0.998030120251
233902
1.0
