200629
0.606047028186
200649
0.402436619179
200669
0.647764916513
200689
0.659738817402
200709
0.529811963848
200729
0.525684072457
200749
0.64894732307
200769
0.541456514246
200789
0.630652094822
200809
0.576643401501
200829
0.421363740809
200849
0.657205978094
200869
0.0662449257047
200889
0.0652042164522
200909
0.0654368681066
200929
0.0706480736826
200949
0.0636417164522
200969
0.0666422526042
200989
0.0654991000306
201009
0.0611007391238
201029
0.0619312959559
201049
0.0627891390931
201069
0.286717313879
201089
0.304819144455
201109
0.298212028952
201129
0.282695695466
201149
0.296713675705
201169
0.309852270987
201189
0.332234221814
201209
0.349120136336
201229
0.326114430147
201249
0.310522939645
201269
0.272800340839
201289
0.180546300551
201309
0.125900926777
201329
0.164424402574
201349
0.217883540135
201369
0.224674479167
201389
0.198469573376
201409
0.187421492034
201429
0.161439663756
201449
0.14433258655
201469
0.122452799479
201489
0.106740674786
201509
0.110314702053
201529
0.123718022365
201549
0.122781671262
201569
0.131343347886
201589
0.132337622549
201609
0.13245490579
201629
0.13141228171
201649
0.130456303615
201669
0.127526616115
201689
0.125120634191
201709
0.124260876225
201729
0.121230660233
201749
0.11951305913
201769
0.118979300705
201789
0.119460401348
201809
0.119954427083
201829
0.12130725337
201849
0.12185010723
201869
0.123024854473
201889
0.122639495251
201909
0.122401577819
201929
0.125010531556
201949
0.122213445925
201969
0.120393401501
201989
0.116760014553
202009
0.119728956036
202029
0.11869542739
202049
0.115787760417
202069
0.115650371477
202089
0.117734183517
202109
0.123011929381
202129
0.12455145144
202149
0.123450425092
202169
0.125588809743
202189
0.1225552428
202209
0.122987994026
202229
0.128561580882
202249
0.159665096507
202269
0.210478419884
202289
0.338164924173
202309
0.546694048713
202329
0.780792834712
202349
0.904618566176
202369
0.904621438419
202389
0.906659773284
202409
0.909525792739
202429
0.909514303768
202449
0.908435297947
202469
0.906102558211
202489
0.899010512408
202509
0.896236404718
202529
0.892319623162
202549
0.896371400123
202569
0.89310278799
202589
0.89407935049
202609
0.894258865656
202629
0.894584865196
202649
0.897178979013
202669
0.897983685662
202689
0.899917662377
202709
0.898525103401
202729
0.902428959865
202749
0.905050838695
202769
0.90291484758
202789
0.906546798407
202809
0.907273475797
202829
0.90324419807
202849
0.901961741728
202869
0.897680664063
202889
0.890379423254
202909
0.886489928002
202929
0.884963809743
202949
0.881343347886
202969
0.881891946232
202989
0.882085343903
203009
0.884211760876
203029
0.886498066023
203049
0.871331188725
203069
0.872566731771
203089
0.873585420496
203109
0.876521331189
203129
0.877585975797
203149
0.880854587929
203169
0.879024969363
203189
0.883718213848
203209
0.887068206189
203229
0.882614793964
203249
0.884486538756
203269
0.876630955116
203289
0.876365272672
203309
0.88035625383
203329
0.876922009038
203349
0.879506548713
203369
0.881183938419
203389
0.87931506587
203409
0.88285223269
203429
0.883454446232
203449
0.878943589154
203469
0.870930510876
203489
0.867922794118
203509
0.866041953891
203529
0.866015146293
203549
0.869234451593
203569
0.870617436428
203589
0.868981215533
203609
0.859104530484
203629
0.852397365196
203649
0.850127336091
203669
0.847448969822
203689
0.846339805453
203709
0.844976926317
203729
0.846141620711
203749
0.841870595895
203769
0.840223364737
203789
0.837547392004
203809
0.836994006587
203829
0.826566329657
203849
0.828911515778
203869
0.829250440411
203889
0.830998678768
203909
0.822082280178
203929
0.819952990962
203949
0.818348364737
203969
0.829335171569
203989
0.830813419118
204009
0.836072495404
204029
0.842557540594
204049
0.847157915901
204069
0.844162645527
204089
0.846094228707
204109
0.844392424939
204129
0.8478582644
204149
0.841434493719
204169
0.844257429534
204189
0.838595281863
204209
0.837697227328
204229
0.834731636795
204249
0.835282149969
204269
0.826342773437
204289
0.823434627757
204309
0.821509746477
204329
0.817250689338
204349
0.818779201134
204369
0.830888097426
204389
0.831270584406
204409
0.837715896906
204429
0.838925589767
204449
0.8431707644
204469
0.846331667433
204489
0.852697035846
204509
0.85655780867
204529
0.863490923713
204549
0.863691023284
204569
0.861095473346
204589
0.865457452512
204609
0.858799594056
204629
0.849659639246
204649
0.849153167126
204669
0.845410634957
204689
0.856664081648
204709
0.851861213235
204729
0.858798636642
204749
0.852319335937
204769
0.853673598346
204789
0.860536822151
204809
0.854312672335
204829
0.844994159773
204849
0.836322859222
204869
0.830575501685
204889
0.829713828891
204909
0.815388039982
204929
0.801361443015
204949
0.793566655178
204969
0.782554476869
204989
0.787522020527
205009
0.790888767616
205029
0.788408107384
205049
0.793634631587
205069
0.804594152114
205089
0.826350432751
205109
0.83390490962
205129
0.842313399969
205149
0.855446250766
205169
0.873077990962
205189
0.894274184283
205209
0.910728304994
205229
0.921402516085
205249
0.915256395527
205269
0.910097369026
205289
0.908038928462
205309
0.909004001991
205329
0.91035491345
205349
0.901991900276
205369
0.890616861979
205389
0.884843654259
205409
0.878476849724
205429
0.871291456036
205449
0.859488932292
205469
0.846520278033
205489
0.846906594669
205509
0.848276175705
205529
0.855256682751
205549
0.841582892923
205569
0.826623295803
205589
0.81196863511
205609
0.818849571078
205629
0.824696499694
205649
0.832058057598
205669
0.836980602788
205689
0.84290747549
205709
0.846906594669
205729
0.846994676777
205749
0.841419175092
205769
0.83948615579
205789
0.831593232996
205809
0.837093098958
205829
0.847066482843
205849
0.853599877451
205869
0.862415747549
205889
0.873425053615
205909
0.881393612132
205929
0.888973460478
205949
0.894501091452
205969
0.894490081189
205989
0.902866019455
206009
0.908077225031
206029
0.911627316942
206049
0.921717984069
206069
0.938376512714
206089
0.941629327512
206109
0.946377623315
206129
0.937515797335
206149
0.93215379902
206169
0.925523226869
206189
0.922560029871
206209
0.91836272595
206229
0.919814165901
206249
0.907718673407
206269
0.898853975184
206289
0.901105813419
206309
0.897136374081
206329
0.889866727941
206349
0.879565908395
206369
0.871726600797
206389
0.875738645067
206409
0.87943426394
206429
0.877781767004
206449
0.877977079504
206469
0.875562480852
206489
0.871394856771
206509
0.881689453125
206529
0.882745959712
206549
0.880225566789
206569
0.87501483992
206589
0.881136067708
206609
0.887207988664
206629
0.898840571385
206649
0.894396254596
206669
0.895354626225
206689
0.893138691023
206709
0.896968347886
206729
0.897437002145
206749
0.900418868719
206769
0.90843146829
206789
0.914463177849
206809
0.918510167739
206829
0.914803059896
206849
0.909623448989
206869
0.898193359375
206889
0.892782054228
206909
0.889153933058
206929
0.881773226869
206949
0.87629107307
206969
0.870053519455
206989
0.867726045496
207009
0.861543543199
207029
0.863171147365
207049
0.862368355545
207069
0.862057674632
207089
0.861468386183
207109
0.868370863971
207129
0.869352213542
207149
0.869757199755
207169
0.878403607537
207189
0.882751704197
207209
0.889413871017
207229
0.891168332567
207249
0.892734662224
207269
0.893369427849
207289
0.886243872549
207309
0.878875134038
207329
0.881474513634
207349
0.882723939185
207369
0.88011785769
207389
0.88219018076
207409
0.88138403799
207429
0.880318435968
207449
0.883234240962
207469
0.885008808211
207489
0.888873410692
207509
0.882840265012
207529
0.890570906097
207549
0.894094190411
207569
0.892272709865
207589
0.890217620251
207609
0.89701573989
207629
0.899762082567
207649
0.904012522978
207669
0.911357326134
207689
0.916419653799
207709
0.920714135263
207729
0.923891793045
207749
0.925910022212
207769
0.929750210631
207789
0.914464613971
207809
0.908815391391
207829
0.906598977482
207849
0.898313993566
207869
0.885627776501
207889
0.872154564951
207909
0.86544787837
207929
0.857944144455
207949
0.848235006893
207969
0.845177504596
207989
0.842773916207
208009
0.843592026654
208029
0.849486347273
208049
0.866831341912
208069
0.876816693474
208089
0.886495193781
208109
0.900398284314
208129
0.913834635417
208149
0.929923502604
208169
0.934047564338
208189
0.935168696385
208209
0.941108015472
208229
0.940260225184
208249
0.939614928002
208269
0.940496227788
208289
0.93933727788
208309
0.940327722886
208329
0.947723268995
208349
0.949035405178
208369
0.940491919424
208389
0.93953259038
208409
0.938038066789
208429
0.94382276348
208449
0.949387254902
208469
0.954320810355
208489
0.953802370558
208509
0.937238625919
208529
0.92243604473
208549
0.908140414369
208569
0.892448395374
208589
0.874425551471
208609
0.857037473192
208629
0.850505035999
208649
0.830954637714
208669
0.815381338082
208689
0.804326554841
208709
0.804403147978
208729
0.80116852405
208749
0.807025505515
208769
0.8260775697
208789
0.843378044577
208809
0.859844611673
208829
0.869916130515
208849
0.885888671875
208869
0.90095837163
208889
0.919122912837
208909
0.938392788756
208929
0.952989047181
208949
0.95810546875
208969
0.952217371324
208989
0.953188668045
209009
0.951847809436
209029
0.953431372549
209049
0.947500191483
209069
0.946927179075
209089
0.945887905944
209109
0.946368049173
209129
0.944678213082
209149
0.941605870864
209169
0.940039541207
209189
0.931798119638
209209
0.931057559743
209229
0.930494600184
209249
0.931197342218
209269
0.934797698376
209289
0.927730066636
209309
0.924173272825
209329
0.923469573376
209349
0.916827990962
209369
0.920860140931
209389
0.919464231005
209409
0.912072035846
209429
0.911260148591
209449
0.922718481924
209469
0.927423694087
209489
0.932529105392
209509
0.931156652114
209529
0.926683612898
209549
0.936220894608
209569
0.944315831801
209589
0.94861462163
209609
0.952654430913
209629
0.949719956342
209649
0.957235179228
209669
0.966757621017
209689
0.969564759498
209709
0.96431573606
209729
0.962081609988
209749
0.962403301164
209769
0.96623247932
209789
0.971976964614
209809
0.969797889859
209829
0.96291216682
209849
0.962517712163
209869
0.962795840993
209889
0.960880055147
209909
0.954367723652
209929
0.9432583678
209949
0.946696920956
209969
0.951712814032
209989
0.95583448223
210009
0.956487438725
210029
0.956483130362
210049
0.95651807598
210069
0.956510895374
210089
0.956533394608
210109
0.956533394608
210129
0.956621955423
210149
0.959155273437
210169
0.976627604167
210189
1.0
210209
1.0
