176361
0.533035300926
176381
0.54185474537
176401
0.540188802083
176421
0.538063512731
176441
0.535698423032
176461
0.530541449653
176481
0.531170428241
176501
0.514163049769
176521
0.498602068866
176541
0.497449001736
176561
0.564241174769
176581
0.569490379051
176601
0.430054253472
176621
0.609483506944
176641
0.39150390625
176661
0.380398582176
176681
0.399890769676
176701
0.391801938657
176721
0.389120008681
176741
0.656769748264
176761
0.65705041956
176781
0.625009403935
176801
0.619801070602
176821
0.615732783565
176841
0.617365813079
176861
0.325906032986
176881
0.333459201389
176901
0.342404513889
176921
0.33390625
176941
0.337026186343
176961
0.319738136574
176981
0.320393880208
177001
0.319932725694
177021
0.61238208912
177041
0.63538990162
177061
0.64255931713
177081
0.644304108796
177101
0.642849392361
177121
0.648314887153
177141
0.647035951968
177161
0.649560185185
177181
0.341532479745
177201
0.496491970486
177221
0.339682436343
177241
0.366764684606
177261
0.37072193287
177281
0.346204788773
177301
0.27228515625
177321
0.274844835069
177341
0.271090856481
177361
0.272775245949
177381
0.276730324074
177401
0.277722800926
177421
0.384404296875
177441
0.379966362847
177461
0.379020905671
177481
0.436915870949
177501
0.49787181713
177521
0.386902850116
177541
0.358854528356
177561
0.368552879051
177581
0.420753761574
177601
0.36759837963
177621
0.328114510995
177641
0.353600983796
177661
0.335709273727
177681
0.356258680556
177701
0.37943359375
177721
0.393446903935
177741
0.396559968171
177761
0.394679542824
177781
0.292573423032
177801
0.295139973958
177821
0.290084273727
177841
0.308542390046
177861
0.309156177662
177881
0.314943214699
177901
0.318132595486
177921
0.43785192419
177941
0.389424913194
177961
0.29543041088
177981
0.29431712963
178001
0.295326967593
178021
0.300363498264
178041
0.297703993056
178061
0.304359447338
178081
0.28646412037
178101
0.281407696759
178121
0.28800817419
178141
0.291336443866
178161
0.289718243634
178181
0.290443431713
178201
0.288989438657
178221
0.287701099537
178241
0.290875289352
178261
0.289985532407
178281
0.291447844329
178301
0.289718967014
178321
0.29712926794
178341
0.297426938657
178361
0.298047960069
178381
0.297318070023
178401
0.297886284722
178421
0.287757884838
178441
0.286888382523
178461
0.286985315394
178481
0.285789207176
178501
0.4680078125
178521
0.466770833333
178541
0.465012297454
178561
0.465153356481
178581
0.463802083333
178601
0.464975766782
178621
0.465444516782
178641
0.299454933449
178661
0.299627821181
178681
0.297972728588
178701
0.297000868056
178721
0.296483289931
178741
0.451182002315
178761
0.450226417824
178781
0.447926793981
178801
0.446385271991
178821
0.298017578125
178841
0.297804904514
178861
0.297282986111
178881
0.60980396412
178901
0.501332826968
178921
0.405651041667
178941
0.402230541088
178961
0.456954571759
178981
0.450955584491
179001
0.453071831597
179021
0.451858362269
179041
0.451383101852
179061
0.451928168403
179081
0.451357421875
179101
0.453377097801
179121
0.452921006944
179141
0.453225188079
179161
0.452960431134
179181
0.45298900463
179201
0.452490234375
179221
0.452660951968
179241
0.452194733796
179261
0.452331814236
179281
0.451682942708
179301
0.45207067419
179321
0.452071759259
179341
0.450845630787
179361
0.451770833333
179381
0.453957248264
179401
0.453279441551
179421
0.450125868056
179441
0.449827112269
179461
0.448621961806
179481
0.448053747106
179501
0.44962926794
179521
0.448374927662
179541
0.448620515046
179561
0.44874963831
179581
0.450452112269
179601
0.450728081597
179621
0.450492621528
179641
0.45046802662
179661
0.448712745949
179681
0.450555193866
179701
0.45142578125
179721
0.451848234954
179741
0.451146195023
179761
0.450339265046
179781
0.451352358218
179801
0.451794704861
179821
0.449052734375
179841
0.448236038773
179861
0.450869864005
179881
0.449387659144
179901
0.451358868634
179921
0.451313295718
179941
0.448884186921
179961
0.449213686343
179981
0.450999348958
180001
0.450334924769
180021
0.44865306713
180041
0.450044126157
180061
0.451567563657
180081
0.451164641204
180101
0.448072193287
180121
0.448838252315
180141
0.450778718171
180161
0.451183810764
180181
0.448091724537
180201
0.449366681134
180221
0.449407552083
180241
0.449728009259
180261
0.449768156829
180281
0.451775535301
180301
0.449557291667
180321
0.450164930556
180341
0.45091833044
180361
0.451600477431
180381
0.451493055556
180401
0.451652560764
180421
0.451025028935
180441
0.452130353009
180461
0.451920211227
180481
0.451293041088
180501
0.45103479456
180521
0.450143229167
180541
0.44828161169
180561
0.449079137731
180581
0.450404007523
180601
0.44890661169
180621
0.447876157407
180641
0.448175636574
180661
0.448561921296
180681
0.447486255787
180701
0.448812210648
180721
0.451163556134
180741
0.451954571759
180761
0.447574508102
180781
0.45056676794
180801
0.450640190972
180821
0.44921875
180841
0.451196108218
180861
1.0
180881
1.0
180901
1.0
180921
1.0
180941
1.0
180961
1.0
180981
1.0
181001
1.0
181021
1.0
181041
1.0
181061
1.0
181081
0.999919704861
181101
0.997658420139
181121
0.990366030093
181141
0.98302662037
181161
0.975999710648
181181
0.968113064236
181201
0.959235387731
181221
0.951804108796
181241
0.945900607639
181261
0.938604962384
181281
0.930086805556
181301
0.920064380787
181321
0.912875072338
181341
0.910101273148
181361
0.908214699074
181381
0.905497323495
181401
0.910977647569
181421
0.91361328125
181441
0.915657913773
181461
0.912491319444
181481
0.912025101273
181501
0.913141999421
181521
0.911329210069
181541
0.909077690972
181561
0.906970847801
181581
0.90677770544
181601
0.909116753472
181621
0.913506582755
181641
0.905652850116
181661
0.902205946181
181681
0.903968098958
181701
0.908444372106
181721
0.910027126736
181741
0.913872974537
181761
0.921961805556
181781
0.917055121528
181801
0.927838541667
181821
0.928077618634
181841
0.925205078125
181861
0.918059534144
181881
0.922256944444
181901
0.927169053819
181921
0.927455150463
181941
0.924826388889
181961
0.922534722222
181981
0.922883029514
182001
0.918722149884
182021
0.917029079861
182041
0.90865234375
182061
0.912413917824
182081
0.920661168981
182101
0.920602213542
182121
0.911859085648
182141
0.909533058449
182161
0.9122265625
182181
0.911599030671
182201
0.912242476852
182221
0.917465277778
182241
0.917841435185
182261
0.920953414352
182281
0.925014829282
182301
0.927132523148
182321
0.924099030671
182341
0.926512225116
182361
0.934676649306
182381
0.932614655671
182401
0.937195095486
182421
0.936440610532
182441
0.928755787037
182461
0.929172092014
182481
0.929572120949
182501
0.927732566551
182521
0.924781901042
182541
0.923000217014
182561
0.922013165509
182581
0.91525390625
182601
0.907690972222
182621
0.910200376157
182641
0.905788483796
182661
0.910197844329
182681
0.917760054977
182701
0.919308449074
182721
0.922315176505
182741
0.919671223958
182761
0.919654586227
182781
0.923149956597
182801
0.926061197917
182821
0.924868706597
182841
0.929069372106
182861
0.933638599537
182881
0.937700376157
182901
0.930807653356
182921
0.924431061921
182941
0.927998408565
182961
0.922489872685
182981
0.919645182292
183001
0.921234809028
183021
0.922688440394
183041
0.919143880208
183061
0.918556857639
183081
0.91802734375
183101
0.912977792245
183121
0.913580729167
183141
0.920072337963
183161
0.92755859375
183181
0.930112485532
183201
0.930473813657
183221
0.935355179398
183241
0.937515190972
183261
0.937058015046
183281
0.930105251736
183301
0.934635054977
183321
0.938507306134
183341
0.942154947917
183361
0.937859157986
183381
0.935303096065
183401
0.936928891782
183421
0.935695167824
183441
0.937553530093
183461
0.93253870081
183481
0.934638310185
183501
0.93402416088
183521
0.940571469907
183541
0.939052010995
183561
0.944586588542
183581
0.938467158565
183601
0.935651765046
183621
0.929958405671
183641
0.923214699074
183661
0.919982638889
183681
0.91787181713
183701
0.920788483796
183721
0.917875434028
183741
0.916008391204
183761
0.911374782986
183781
0.916727068866
183801
0.914021990741
183821
0.920805844907
183841
0.921532841435
183861
0.921809534144
183881
0.926157045718
183901
0.92957067419
183921
0.924715711806
183941
0.930142867477
183961
0.927380280671
183981
0.931461226852
184001
0.929671585648
184021
0.927943431713
184041
0.925730251736
184061
0.922209201389
184081
0.922425130208
184101
0.930131293403
184121
0.927962239583
184141
0.930856481481
184161
0.92865270544
184181
0.928617621528
184201
0.932250434028
184221
0.938440755208
184241
0.939715350116
184261
0.942267795139
184281
0.938803891782
184301
0.935381582755
184321
0.931243127894
184341
0.932976707176
184361
0.933727575231
184381
0.933540943287
184401
0.938706958912
184421
0.942466362847
184441
0.941156322338
184461
0.943247974537
184481
0.943655598958
184501
0.935523365162
184521
0.937292390046
184541
0.941023943866
184561
0.944897641782
184581
0.944427806713
184601
0.947677951389
184621
0.947524233218
184641
0.937410300926
184661
0.930158781829
184681
0.923538411458
184701
0.913355034722
184721
0.902335792824
184741
0.899378616898
184761
0.899541739005
184781
0.892230541088
184801
0.884795283565
184821
0.881268084491
184841
0.873947482639
184861
0.866551287616
184881
0.867010271991
184901
0.86759729456
184921
0.859995659722
184941
0.861472800926
184961
0.864998553241
184981
0.864299045139
185001
0.873022280093
185021
0.874676287616
185041
0.883364800347
185061
0.89298864294
185081
0.898539496528
185101
0.906196108218
185121
0.915421006944
185141
0.923645471644
185161
0.93679759838
185181
0.947152416088
185201
0.955395326968
185221
0.964089265046
185241
0.964095413773
185261
0.959381872106
185281
0.955252097801
185301
0.952570529514
185321
0.942198350694
185341
0.941279658565
185361
0.942717737269
185381
0.946848596644
185401
0.949990957755
185421
0.949063585069
185441
0.954762369792
185461
0.954083116319
185481
0.948666811343
185501
0.963315610532
185521
0.968644748264
185541
0.969709924769
185561
0.982153862847
185581
0.98945276331
185601
0.989853153935
185621
0.989854239005
185641
0.989853153935
185661
0.988210720486
185681
0.988836443866
185701
0.991109302662
185721
0.817437789352
185741
0.829535590278
185761
0.824135561343
185781
0.819855685764
185801
0.816102430556
185821
0.791268084491
185841
0.80125036169
185861
0.802829137731
185881
0.797776692708
185901
1.0
185921
1.0
185941
1.0
