136345
0.251729090074
136365
0.132778033088
136385
0.231644454657
136405
0.133905867034
136425
0.166946231618
136445
0.175007659314
136465
0.194577205882
136485
0.134809666054
136505
0.165822227328
136525
0.231133195466
136545
0.229873238358
136565
0.181336167279
136585
0.242442172181
136605
0.232061887255
136625
0.175183823529
136645
0.168206188725
136665
0.0684474571078
136685
0.0739602481618
136705
0.0934110753676
136725
0.104848345588
136745
0.108980545343
136765
0.100832950368
136785
0.0944776348039
136805
0.0823893229167
136825
0.0582969515931
136845
0.0632697610294
136865
0.0579752604167
136885
0.0463694852941
136905
0.042214307598
136925
0.0400945925245
136945
0.0496840533088
136965
0.0566750919118
136985
0.079114966299
137005
0.104630055147
137025
0.111661305147
137045
0.0807674632353
137065
0.082337622549
137085
0.0890376072304
137105
0.0859164368873
137125
0.0706858915441
137145
0.0790996476716
137165
0.070494408701
137185
0.0594841452206
137205
0.104407935049
137225
0.119119561887
137245
0.13062768076
137265
0.145188036152
137285
0.138792509191
137305
0.144255514706
137325
0.108488434436
137345
0.106640625
137365
0.107276348039
137385
0.108402267157
137405
0.107132735907
137425
0.102435661765
137445
0.157236136642
137465
0.154348575368
137485
0.158409926471
137505
0.178123085172
137525
0.186121323529
137545
0.210707720588
137565
0.215699678309
137585
0.235068167892
137605
0.246078431373
137625
0.243223422181
137645
0.227085248162
137665
0.222621783088
137685
0.246409696691
137705
0.253414139093
137725
0.22799096201
137745
0.208547794118
137765
0.197238817402
137785
0.188170189951
137805
0.181447227328
137825
0.177945006127
137845
0.174333639706
137865
0.161789598652
137885
0.154499846814
137905
0.136605775123
137925
0.12272901348
137945
0.113129978554
137965
0.11359911152
137985
0.0991938572304
138005
0.0843424479167
138025
0.0788602941176
138045
0.0749980851716
138065
0.0727347579657
138085
0.0730851715686
138105
0.0718864889706
138125
0.0716796875
138145
0.0776252297794
138165
0.082351026348
138185
0.0798866421569
138205
0.079993872549
138225
0.0800800398284
138245
0.0803155637255
138265
0.0806449142157
138285
0.0805549172794
138305
0.105989583333
138325
0.151145067402
138345
0.35208716299
138365
1.0
138385
1.0
138405
1.0
138425
1.0
138445
0.998506433824
138465
0.994008501838
138485
0.9939453125
138505
0.993818933824
138525
0.993979779412
138545
0.994295726103
138565
0.993985523897
138585
0.993997012868
138605
0.993974034926
138625
0.994014246324
138645
0.989085477941
138665
0.988264016544
138685
0.988413373162
138705
0.988091681985
138725
0.988103170956
138745
0.991245404412
138765
0.993979779412
138785
0.994255514706
138805
0.994088924632
138825
0.988746553309
138845
0.987948069853
138865
0.987729779412
138885
0.987517233456
138905
0.987976792279
138925
0.988154871324
138945
0.994123391544
138965
0.994088924632
138985
0.994140625
139005
0.993296185662
139025
0.986437270221
139045
0.979302619485
139065
0.970094209559
139085
0.960862821691
139105
0.953751148897
139125
0.951309742647
139145
0.945616957721
139165
0.938361672794
139185
0.927372472426
139205
0.912046185662
139225
0.902717141544
139245
0.894209558824
139265
0.882266773897
139285
0.874890854779
139305
0.867026654412
139325
0.864154411765
139345
0.869100413603
139365
0.861540670956
139385
0.866814108456
139405
0.862362132353
139425
0.855549172794
139445
0.860047104779
139465
0.855193014706
139485
0.851470588235
139505
0.855589384191
139525
0.855968520221
139545
0.851958869485
139565
0.856324678309
139585
0.856755514706
139605
0.867400045956
139625
0.869588694853
139645
0.869548483456
139665
0.869324448529
139685
0.873029641544
139705
0.874460018382
139725
0.876016773897
139745
0.881904871324
139765
0.888918887868
139785
0.8892578125
139805
0.893187040441
139825
0.895392922794
139845
0.896869255515
139865
0.898908547794
139885
0.896541819853
139905
0.893962545956
139925
0.891446461397
139945
0.899115349265
139965
0.894106158088
139985
0.894985064338
140005
0.898523667279
140025
0.891268382353
140045
0.894002757353
140065
0.892319623162
140085
0.892279411765
140105
0.884363511029
140125
0.891446461397
140145
0.892210477941
140165
0.888614430147
140185
0.889045266544
140205
0.890642233456
140225
0.886810661765
140245
0.884897748162
140265
0.882243795956
140285
0.884150965074
140305
0.882025505515
140325
0.884260110294
140345
0.883817784926
140365
0.881600413603
140385
0.886758961397
140405
0.890774356618
140425
0.889608226103
140445
0.883093979779
140465
0.883547794118
140485
0.880635340074
140505
0.871444163603
140525
0.874695542279
140545
0.886414292279
140565
0.883955652574
140585
0.884610523897
140605
0.884983915441
140625
0.879641544118
140645
0.877567784926
140665
0.876166130515
140685
0.880836397059
140705
0.876987591912
140725
0.876740579044
140745
0.879331341912
140765
0.882318474265
140785
0.881887637868
140805
0.879067095588
140825
0.874258961397
140845
0.875568704044
140865
0.872633272059
140885
0.873592601103
140905
0.871897977941
140925
0.871174172794
140945
0.870904181985
140965
0.873104319853
140985
0.873069852941
141005
0.870846737132
141025
0.871346507353
141045
0.867578125
141065
0.864033777574
141085
0.870151654412
141105
0.866871553309
141125
0.878343290441
141145
0.884219898897
141165
0.865596277574
141185
0.865377987132
141205
0.864039522059
141225
0.856583180147
141245
0.869669117647
141265
0.881749770221
141285
0.877309283088
141305
0.871852022059
141325
0.878601792279
141345
0.881968060662
141365
0.878331801471
141385
0.883697150735
141405
0.876011029412
141425
0.877642463235
141445
0.886793428309
141465
0.879808134191
141485
0.887287454044
141505
0.895961626838
141525
0.891722196691
141545
0.888172104779
141565
0.885920266544
141585
0.883674172794
141605
0.885707720588
141625
0.878986672794
141645
0.868290441176
141665
0.881359145221
141685
0.879153262868
141705
0.889625459559
141725
0.87841796875
141745
0.884765625
141765
0.883674172794
141785
0.869255514706
141805
0.852740119485
141825
0.86669921875
141845
0.865504365809
141865
0.862586167279
141885
0.863189338235
141905
0.866389016544
141925
0.864125689338
141945
0.872702205882
141965
0.867601102941
141985
0.861580882353
142005
0.854520909926
142025
0.864125689338
142045
0.871524586397
142065
0.869910386029
142085
0.877234604779
142105
0.869221047794
142125
0.861695772059
142145
0.860690487132
142165
0.85869140625
142185
0.861609604779
142205
0.855784696691
142225
0.847150735294
142245
0.849620863971
142265
0.861644071691
142285
0.860880055147
142305
0.868801700368
142325
0.861345358456
142345
0.868629365809
142365
0.861184512868
142385
0.863907398897
142405
0.878998161765
142425
0.884185431985
142445
0.892537913603
142465
0.896490119485
142485
0.897954963235
142505
0.909208409926
142525
0.906313189338
142545
0.903153722426
142565
0.901694623162
142585
0.900028722426
142605
0.901792279412
142625
0.904653033088
142645
0.913712086397
142665
0.909943704044
142685
0.903429457721
142705
0.895628446691
142725
0.892974494485
142745
0.892899816176
142765
0.885724954044
142785
0.880284926471
142805
0.869801240809
142825
0.875511259191
142845
0.882801011029
142865
0.882393152574
142885
0.884880514706
142905
0.890326286765
142925
0.883507582721
142945
0.887275965074
142965
0.894778262868
142985
0.895076976103
143005
0.892779181985
143025
0.885581341912
143045
0.883490349265
143065
0.889872472426
143085
0.888815487132
143105
0.876102941176
143125
0.873374310662
143145
0.863436351103
143165
0.865320542279
143185
0.858283547794
143205
0.840653722426
143225
0.830704273897
143245
0.827602251838
143265
0.814315257353
143285
0.815826056985
143305
0.820795036765
143325
0.818686810662
143345
0.82724609375
143365
0.820754825368
143385
0.811190257353
143405
0.820576746324
143425
0.837431066176
143445
0.827648207721
143465
0.815446920956
143485
0.816170726103
143505
0.809409466912
143525
0.813849954044
143545
0.807668887868
143565
0.791883042279
143585
0.807186351103
143605
0.817951516544
143625
0.801200597426
143645
0.806899126838
143665
0.802826286765
143685
0.805135569853
143705
0.809133731618
143725
0.799213005515
143745
0.795628446691
143765
0.804658777574
143785
0.807990579044
143805
0.7884765625
143825
0.801051240809
143845
0.802429917279
143865
0.796696920956
143885
0.801441865809
143905
0.792440257353
143925
0.785012637868
143945
0.789407169118
143965
0.789889705882
143985
0.790849034926
144005
0.808783318015
144025
0.819215303309
144045
0.824603630515
144065
0.838390395221
144085
0.861017922794
144105
0.876947380515
144125
0.896254595588
144145
0.909604779412
144165
0.911106004902
144185
0.916806449142
144205
0.926889935662
144225
0.941444546569
144245
0.947506893382
144265
0.954203048407
144285
0.950191482843
144305
0.948583026961
144325
0.950141697304
144345
0.956050857843
144365
0.959181602328
144385
0.959306066176
144405
0.960190716912
144425
0.959296492034
144445
0.95220971201
144465
0.93427734375
144485
0.933823529412
144505
0.916400505515
144525
0.896553308824
144545
0.888074448529
144565
0.875689338235
144585
0.876838235294
144605
0.872323069853
144625
0.871633731618
144645
0.871570542279
144665
0.871547564338
144685
0.868307674632
144705
0.85422411152
144725
0.840240119485
144745
0.859091605392
144765
0.872487745098
144785
0.882423789828
144805
0.886268765319
144825
0.891419653799
144845
0.901843979779
144865
0.911263020833
144885
0.909522441789
144905
0.90972924326
144925
0.89501953125
144945
0.886040900735
144965
0.88424096201
144985
0.881734451593
145005
0.879024969363
145025
0.889569929534
145045
0.893694469975
145065
0.885052849265
145085
0.875517003676
145105
0.883115042892
145125
0.896949678309
145145
0.905985753676
145165
0.902734375
145185
0.906678921569
145205
0.916860064338
145225
0.931671262255
145245
0.931081495098
145265
0.934388403799
145285
0.942693014706
145305
0.959914981618
145325
0.963482306985
145345
0.96428270527
145365
0.973207720588
145385
0.987239583333
145405
0.990245863971
145425
0.990670955882
145445
0.990584788603
145465
0.990395220588
145485
0.990699678309
145505
0.992974494485
145525
0.997977941176
145545
1.0
145565
1.0
145585
1.0
145605
1.0
145625
1.0
145645
1.0
145665
1.0
145685
1.0
145705
1.0
145725
1.0
145745
1.0
145765
1.0
145785
1.0
145805
1.0
145825
1.0
145845
1.0
145865
1.0
145885
1.0
145905
1.0
145925
1.0
