174256
0.167713758681
174276
0.238782848011
174296
0.246898181029
174316
0.194934698548
174336
0.21768022017
174356
0.192680713384
174376
0.244354186395
174396
0.195106336806
174416
0.192162839331
174436
0.219626440183
174456
0.205555555556
174476
0.222290778883
174496
0.202520813605
174516
0.220519649621
174536
0.237633660827
174556
0.210053168403
174576
0.201761758207
174596
0.248899147727
174616
0.248765980114
174636
0.211901732165
174656
0.201273476957
174676
0.193124112216
174696
0.180163944129
174716
0.242667889836
174736
0.198133680556
174756
0.197211864741
174776
0.204454703283
174796
0.217533735795
174816
0.225969657513
174836
0.203165936711
174856
0.230137803819
174876
0.233663786301
174896
0.175115905145
174916
0.16025242661
174936
0.195660215436
174956
0.163808988321
174976
0.277305772569
174996
0.997827395044
175016
0.0588043521149
175036
0.0440326112689
175056
0.0419108072917
175076
0.0388341422033
175096
0.0402664338699
175116
0.0456395004735
175136
0.0576344499684
175156
0.0510544902146
175176
0.0597370186237
175196
0.0601276436237
175216
0.047789910827
175236
0.0426427359533
175256
0.040162365846
175276
0.0330423374369
175296
0.0371379813763
175316
0.0373313210227
175336
0.0386620107323
175356
0.0318408696338
175376
0.0284978693182
175396
0.0397480666035
175416
0.0384568339646
175436
0.0301313920455
175456
0.0386240333018
175476
0.0287622316919
175496
0.0350595801768
175516
0.0389692826705
175536
0.0482032236427
175556
0.0523047861427
175576
0.0624038233902
175596
0.0524231573548
175616
0.0455216224747
175636
0.0371947009154
175656
0.0388953006629
175676
0.0345377604167
175696
0.0363922427399
175716
0.0374309501263
175736
0.0292717211174
175756
0.0316983309659
175776
0.0366585779672
175796
0.0290122908775
175816
0.0460651436237
175836
0.0405677872475
175856
0.0403660629735
175876
0.0396809895833
175896
0.0427280618687
175916
0.050664358428
175936
0.0522786458333
175956
0.0612546362058
175976
0.0438175702336
175996
0.0486273871528
176016
0.0423260929609
176036
0.0395192155934
176056
0.0332677359533
176076
0.0345323350694
176096
0.0318300189394
176116
0.0395670572917
176136
0.0435783617424
176156
0.037236624053
176176
0.0386314315025
176196
0.0482288707386
176216
0.0478456439394
176236
0.0532113123422
176256
0.0335251933396
176276
0.0396306818182
176296
0.0374339094066
176316
0.0544862689394
176336
0.0573183001894
176356
0.0450861150568
176376
0.0473524305556
176396
0.0395606455177
176416
0.0402728456439
176436
0.0380671953914
176456
0.035924676452
176476
0.0308800899621
176496
0.0345555160985
176516
0.0318053582702
176536
0.0398827138573
176556
0.0304204150884
176576
0.0386620107323
176596
0.050768426452
176616
0.0324815538194
176636
0.0385071417298
176656
0.0302867542614
176676
0.0352627840909
176696
0.0355952099116
176716
0.0439788510101
176736
0.0489075323548
176756
0.0496138139205
176776
0.0497459951073
176796
0.0467960858586
176816
0.0458870935922
176836
0.0345727785669
176856
0.0323853772096
176876
0.0403645833333
176896
0.0382339015152
176916
0.0522115688131
176936
0.0281812263258
176956
0.0398008404356
176976
0.0562218868371
176996
0.0464523161301
177016
0.0405263573232
177036
0.0306729403409
177056
0.0320874763258
177076
0.0397386955492
177096
0.0285970052083
177116
0.0307893386995
177136
0.0300248579545
177156
0.0326068300189
177176
0.0367695509785
177196
0.0386625039457
177216
0.0526214291351
177236
0.0366235598169
177256
0.042357165404
177276
0.0356351601957
177296
0.0463586055871
177316
0.0343952217487
177336
0.0363517992424
177356
0.0489770754419
177376
0.0532591540404
177396
0.050654000947
177416
0.0647648358586
177436
0.0541711055871
177456
0.0422304095644
177476
0.0450155855429
177496
0.0377022174874
177516
0.0380593039773
177536
0.039179391572
177556
0.0291212910354
177576
0.0346408420139
177596
0.032012014678
177616
0.0448143544823
177636
0.0734355271465
177656
0.0428439670139
177676
0.0376085069444
177696
0.0479043363321
177716
0.0339394925821
177736
0.0350092724116
177756
0.0432651712437
177776
0.0456552833018
177796
0.0522352430556
177816
0.0438940183081
177836
0.0504764441288
177856
0.0532413983586
177876
0.0380040640783
177896
0.0342536695076
177916
0.0331000434028
177936
0.0406333846275
177956
0.0365436592487
177976
0.0300431068497
177996
0.0419877485795
178016
0.0462057094381
178036
0.0350408380682
178056
0.0432143702652
178076
0.0519624960543
178096
0.0425618489583
178116
0.0343315972222
178136
0.0388883956755
178156
0.0379774305556
178176
0.0414052635732
178196
0.0461904198232
178216
0.0509844539141
178236
0.0519669349747
178256
0.0449800741793
178276
0.0366664693813
178296
0.0331276633523
178316
0.0290029198232
178336
0.0328524502841
178356
0.0328006628788
178376
0.0320351957071
178396
0.0424390388258
178416
0.0420094499684
178436
0.0339380129419
178456
0.0398467092803
178476
0.0605153093434
178496
0.0387966579861
178516
0.0536586568813
178536
0.0344751223169
178556
0.0340065696023
178576
0.0359971788194
178596
0.0410674124053
178616
0.0485030973801
178636
0.0508927162247
178656
0.0613389756944
178676
0.0577365451389
178696
0.0576033775253
178716
0.0394634824811
178736
0.0332810527146
178756
0.0377683080808
178776
0.0303908222854
178796
0.0429159761679
178816
0.0433998184975
178836
0.0339246961806
178856
0.0336904198232
178876
0.0355079111427
178896
0.0412878787879
178916
0.0402836963384
178936
0.0374980271465
178956
0.0400967684659
178976
0.0493287365846
178996
0.0437569049874
179016
0.0482338028725
179036
0.0554549400253
179056
0.0534569326073
179076
0.0476853495896
179096
0.0429608585859
179116
0.0416558159722
179136
0.0375221946023
179156
0.0315587515783
179176
0.0306132615215
179196
0.0376139322917
179216
0.0347458964646
179236
0.0356617937184
179256
0.0468671085859
179276
0.0388267440025
179296
0.0338536734533
179316
0.0474772135417
179336
0.0434816919192
179356
0.0490870620265
179376
0.0353535353535
179396
0.0417036576705
179416
0.0566228693182
179436
0.0493933475379
179456
0.0567703401199
179476
0.0428390348801
179496
0.0385993726326
179516
0.0462565104167
179536
0.0425968671086
179556
0.0353826349432
179576
0.0328958530619
179596
0.051344006471
179616
0.0364795415088
179636
0.0377944483902
179656
0.0375103574811
179676
0.0369135692866
179696
0.054863577178
179716
0.0418969973169
179736
0.0375853259154
179756
0.0324065853851
179776
0.0413899739583
179796
0.0427655460859
179816
0.0609123461174
179836
0.0482643821023
179856
0.0491945825442
179876
0.049664614899
179896
0.0422501380997
179916
0.037079782197
179936
0.0333441840278
179956
0.0339168047664
179976
0.0322748974116
179996
0.0375754616477
180016
0.0409090909091
180036
0.0376346472538
180056
0.0374131944444
180076
0.034502249053
180096
0.0354151870265
180116
0.0411344894255
180136
0.0345648871528
180156
0.0329219933712
180176
0.0296727035985
180196
0.0431847774621
180216
0.0412977430556
180236
0.0347735164141
180256
0.0456794507576
180276
0.0424424913194
180296
0.0440252130682
180316
0.0359468710543
180336
0.0346778330177
180356
0.0319000552399
180376
0.0454387626263
180396
0.0501810093119
180416
0.0509642321654
180436
0.0488562381629
180456
0.0481100063131
180476
0.049237985322
180496
0.044030145202
180516
0.0462974471275
180536
0.0371567234848
180556
0.0318122632576
180576
0.0330699573864
180596
0.0405317826705
180616
0.0409426294192
180636
0.0425554371843
180656
0.0305170849116
180676
0.0420286852904
180696
0.0404873934659
180716
0.0339518229167
180736
0.0339444247159
180756
0.0403497869318
180776
0.0482170336174
180796
0.0464868410669
180816
0.0448365490846
180836
0.0515605271465
180856
0.0559022845644
180876
0.0451911695076
180896
0.0367799084596
180916
0.0337007773043
180936
0.0341185290404
180956
0.0298773871528
180976
0.0304805871212
180996
0.0357342960859
181016
0.0421574139836
181036
0.0333274147727
181056
0.045775134154
181076
0.0459359217172
181096
0.0421149976326
181116
0.0390171243687
181136
0.0383251459912
181156
0.0420301649306
181176
0.0453731652462
181196
0.0511255129419
181216
0.0503837200126
181236
0.0561464251894
181256
0.0513287168561
181276
0.0481494633838
181296
0.0433948863636
181316
0.0478564946338
181336
0.0360070430871
181356
0.0353056936553
181376
0.0386570785985
181396
0.0395660708649
181416
0.0377253985164
181436
0.0447260692866
181456
0.0350472498422
181476
0.048607165404
181496
0.0465805516098
181516
0.049931936553
181536
0.0418190696023
181556
0.043896484375
181576
0.0463600852273
181596
0.0562973484848
181616
0.0504759509154
181636
0.0507403132891
181656
0.0561311355745
181676
0.0477351641414
181696
0.0345900410354
181716
0.0328647806187
181736
0.0330729166667
181756
0.0339764835859
181776
0.0321762547348
181796
0.0447778566919
181816
0.0369367503157
181836
0.0329737807765
181856
0.0483028527462
181876
0.0514012192235
181896
0.0408119278725
181916
0.0429638178662
181936
0.0351606889205
181956
0.0477031052715
181976
0.0543003274937
181996
0.0568097971907
182016
0.048004458649
182036
0.0521326546717
182056
0.0563984572285
182076
0.0435640585543
182096
0.0404217960859
182116
0.0431117818813
182136
0.0321560329861
182156
0.0408553306503
182176
0.0422013099747
182196
0.0430447048611
182216
0.0375177556818
182236
0.0409026791351
182256
0.0411108151831
182276
0.0406092171717
182296
0.0596546519886
182316
0.0365545099432
182336
0.0431177004419
182356
0.0501948192866
182376
0.0553972340593
182396
0.0463664970013
182416
0.0508152817235
182436
0.0557429766414
182456
0.0497474747475
182476
0.0462219854798
182496
0.0381273674242
182516
0.0350827612058
182536
0.035016177399
182556
0.0358211016414
182576
0.0404824613321
182596
0.0360035905934
182616
0.0341875789141
182636
0.0393051609848
182656
0.0509109651199
182676
0.0463985558712
182696
0.0409643308081
182716
0.039472360322
182736
0.0395113241793
182756
0.0329234730114
182776
0.0460898042929
182796
0.0447206439394
182816
0.0471378827336
182836
0.0588502209596
182856
0.0454594775884
182876
0.0497001262626
182896
0.0507309422348
182916
0.0494530263573
182936
0.040631411774
182956
0.0400652028093
182976
0.0337017637311
182996
0.0360568576389
183016
0.0305900804924
183036
0.0478722774621
183056
0.0354097616793
183076
0.0456399936869
183096
0.0432474155619
183116
0.0425135140467
183136
0.0408188328598
183156
0.0349831321023
183176
0.0473938604798
183196
0.0338482481061
183216
0.0440730547664
183236
0.0463369041982
183256
0.0603998974116
183276
0.0486900252525
183296
0.0484108664773
183316
0.0469346788194
183336
0.0480813999369
183356
0.0458486229482
183376
0.0415650647096
183396
0.0469859730114
183416
0.0428385416667
183436
0.0390945588699
183456
0.214501953125
183476
0.182809047506
183496
0.180838166824
183516
0.22503649779
183536
0.20953677399
183556
0.185702237216
183576
0.187019610164
183596
0.175669783775
183616
0.223445884628
183636
0.219844933712
183656
0.275331932607
183676
0.385188802083
183696
0.459301017992
183716
0.967734966856
183736
0.948086825284
183756
0.974081636679
183776
0.976024897412
183796
0.98128501815
183816
0.996315202809
183836
1.0
