101817
0.420486615795
101837
0.468974836483
101857
0.496452579942
101877
0.536197538154
101897
0.521723973474
101917
0.551897862161
101937
0.593740537185
101957
0.586810728561
101977
0.582184547602
101997
0.590319540334
102017
0.505673146802
102037
0.238316073159
102057
0.301417529675
102077
0.294614901284
102097
0.298165727955
102117
0.299662745276
102137
0.303695796996
102157
0.67024247517
102177
0.672118005087
102197
0.671238720325
102217
0.669449112766
102237
0.670916606105
102257
0.823293665213
102277
0.253423267926
102297
0.247342084545
102317
0.247693344234
102337
0.252841494065
102357
0.254173858406
102377
0.747096429869
102397
0.741216993702
102417
0.745479045543
102437
0.749516260901
102457
0.748830774588
102477
0.24225449673
102497
0.230629996366
102517
0.230668226139
102537
0.231467644743
102557
0.63767638687
102577
1.0
102597
1.0
102617
1.0
102637
1.0
102657
1.0
102677
1.0
102697
1.0
102717
1.0
102737
1.0
102757
1.0
102777
1.0
102797
1.0
102817
1.0
102837
1.0
102857
1.0
102877
0.0841478924419
102897
0.0814865703731
102917
0.0842796148256
102937
0.0836777797965
102957
0.0857024436773
102977
0.0826781280281
102997
0.110018849927
103017
0.0921099049176
103037
0.0897048358769
103057
0.0838806625484
103077
0.0861895893895
103097
0.0828840388808
103117
0.0853632963905
103137
0.0845650133236
103157
0.0835153978924
103177
0.0863050357316
103197
0.129236691497
103217
0.123499197553
103237
0.129093235223
103257
0.125873228561
103277
0.126803991037
103297
0.125020818193
103317
0.125825914486
103337
0.0720854530039
103357
0.0712701368702
103377
0.0735385628634
103397
0.0733095627422
103417
0.0743852955426
103437
0.0722368580426
103457
0.0745329154554
103477
0.070876862282
103497
0.0724976532219
103517
0.0732868519864
103537
0.0760113856589
103557
0.0750079487645
103577
0.173419331395
103597
0.177866475896
103617
0.175114689317
103637
0.176443268532
103657
0.17883773922
103677
0.179679551235
103697
0.176479227229
103717
0.1770522953
103737
0.206461210029
103757
0.212101426235
103777
0.193545603198
103797
0.18141465298
103817
0.183412063953
103837
0.19586929203
103857
0.193999439801
103877
0.200753240068
103897
0.187852016715
103917
0.188531825339
103937
0.190801765383
103957
0.187668438106
103977
0.189325566255
103997
0.191089434956
104017
0.188133630087
104037
0.190571629724
104057
0.20054808624
104077
0.195084256904
104097
0.182983587694
104117
0.181281038033
104137
0.178982331032
104157
0.179193162548
104177
0.180637945131
104197
0.178725699491
104217
0.179489916424
104237
0.156207985102
104257
0.153889973958
104277
0.146905281008
104297
0.144635340964
104317
0.142887369792
104337
0.143450975048
104357
0.143468765141
104377
0.14338852047
104397
0.144115643169
104417
0.141511855015
104437
0.139096944646
104457
0.142215888445
104477
0.125273286095
104497
0.127417938469
104517
0.127272211119
104537
0.127183639172
104557
0.127158278828
104577
0.127551931928
104597
0.127369867369
104617
0.126481498304
104637
0.127464495518
104657
0.125676402011
104677
0.123823204336
104697
0.124140776405
104717
0.125093492611
104737
0.124370912064
104757
0.122155856347
104777
0.12419831032
104797
0.123963253997
104817
0.124762672602
104837
0.124469325339
104857
0.125369049782
104877
0.126459923086
104897
0.128293438106
104917
0.12636870155
104937
0.128251423207
104957
0.127288865673
104977
0.126614356226
104997
0.12733504421
105017
0.13143660671
105037
0.129348352713
105057
0.129910065407
105077
0.12809434048
105097
0.129664032219
105117
0.131582712573
105137
0.130412730136
105157
0.129925205911
105177
0.292587209302
105197
0.292154947917
105217
0.297183487766
105237
0.299946251211
105257
0.280943026284
105277
0.218522135417
105297
0.194206107679
105317
0.203938045058
105337
0.209577504239
105357
0.25596573704
105377
0.298790652253
105397
0.289522771318
105417
0.27992369186
105437
0.280983148619
105457
0.281984692951
105477
0.2840835453
105497
1.0
105517
1.0
105537
0.993196993096
105557
0.991633357558
105577
0.991639035247
105597
0.991460755814
105617
0.991675372456
105637
1.0
105657
1.0
105677
1.0
105697
1.0
105717
0.993522892442
105737
0.98640534157
105757
0.979622774346
105777
0.974319812863
105797
0.966999000727
105817
0.956116006541
105837
0.944237145712
105857
0.936599518532
105877
0.930363144985
105897
0.926929278706
105917
0.917092114826
105937
0.916492550872
105957
0.916557276526
105977
0.918030069041
105997
0.914717705305
106017
0.914341842297
106037
0.915514852834
106057
0.918361646076
106077
0.92181822311
106097
0.921890897529
106117
0.91907362827
106137
0.921609284157
106157
0.921717160247
106177
0.921890897529
106197
0.918655750363
106217
0.921092614462
106237
0.925679051599
106257
0.932734147892
106277
0.933234920058
106297
0.927784338663
106317
0.924172192951
106337
0.926004950945
106357
0.925376998547
106377
0.925273664608
106397
0.928471339026
106417
0.930248455669
106437
0.924266442587
106457
0.924903479288
106477
0.918948719113
106497
0.915350199855
106517
0.916585664971
106537
0.919940043605
106557
0.917224972747
106577
0.91985487827
106597
0.917237463663
106617
0.913107512718
106637
0.917725744913
106657
0.916455078125
106677
0.912645348837
106697
0.913160882994
106717
0.915322946948
106737
0.918254905523
106757
0.916900208939
106777
0.916609511265
106797
0.913340297965
106817
0.915646575218
106837
0.920422647166
106857
0.914451989462
106877
0.916192768895
106897
0.917453215843
106917
0.912398937137
106937
0.912645348837
106957
0.910217569041
106977
0.90852675327
106997
0.908409792878
107017
0.908138399346
107037
0.909260310683
107057
0.905162154797
107077
0.90891737827
107097
0.909738372093
107117
0.912570403343
107137
0.91429869186
107157
0.919388172238
107177
0.922035110828
107197
0.921117596294
107217
0.926236600654
107237
0.928547420058
107257
0.937126408067
107277
0.940794195131
107297
0.934370457849
107317
0.920362463663
107337
0.907492278343
107357
0.894516488009
107377
0.880100835756
107397
0.86693541061
107417
0.854392260174
107437
0.839363417515
107457
0.820608875363
107477
0.804439952762
107497
0.784419285974
107517
0.784683866279
107537
0.782675099927
107557
0.782286746003
107577
0.781254542151
107597
0.783695948401
107617
0.788802461846
107637
0.785399255087
107657
0.782527480015
107677
0.785982921512
107697
0.787124136991
107717
0.782776162791
107737
0.789492868823
107757
0.788939861919
107777
0.805682231105
107797
0.826979242369
107817
0.846138035974
107837
0.852769576672
107857
0.86484375
107877
0.879351380814
107897
0.892795012718
107917
0.900342932413
107937
0.914381586119
107957
0.925954987282
107977
0.939748364826
107997
0.932501362645
108017
0.926857739826
108037
0.921644485828
108057
0.926163926235
108077
0.921770530523
108097
0.920152389172
108117
0.923343250363
108137
0.923580577762
108157
0.925483739099
108177
0.922948083212
108197
0.919432458212
108217
0.919722020349
108237
0.918973700945
108257
0.917261309956
108277
0.908715252544
108297
0.911550690407
108317
0.908680050872
108337
0.903900572311
108357
0.902816133721
108377
0.90089934593
108397
0.907874954578
108417
0.90900481468
108437
0.912096884084
108457
0.915070857558
108477
0.910178960756
108497
0.914548510174
108517
0.915326353561
108537
0.917067132994
108557
0.91670943859
108577
0.915067450945
108597
0.916552734375
108617
0.909713390262
108637
0.908316678779
108657
0.910836437137
108677
0.910350426962
108697
0.916007676235
108717
0.914721111919
108737
0.91674009811
108757
0.909709983648
108777
0.914546239099
108797
0.915459211483
108817
0.916792332849
108837
0.915100381541
108857
0.920337481831
108877
0.921535474201
108897
0.927207485465
108917
0.931494140625
108937
0.938663926235
108957
0.939886900436
108977
0.946226607922
108997
0.948766805959
109017
0.947533611919
109037
0.949280069041
109057
0.951959938227
109077
0.940505768532
109097
0.934650935683
109117
0.926463708212
109137
0.92110396984
109157
0.911247501817
109177
0.91110215298
109197
0.90158293968
109217
0.900806231831
109237
0.904543286701
109257
0.91068541061
109277
0.908110010901
109297
0.918441133721
109317
0.919282567224
109337
0.917009220567
109357
0.917730287064
109377
0.92088821766
109397
0.92020462391
109417
0.927028070494
109437
0.931621320858
109457
0.929296875
109477
0.922688045058
109497
0.922862917878
109517
0.925738099564
109537
0.921019940044
109557
0.923489734738
109577
0.924800145349
109597
0.9166015625
109617
0.911709665698
109637
0.908539244186
109657
0.907641033794
109677
0.907291288154
109697
0.911433730015
109717
0.911086255451
109737
0.914614371366
109757
0.917398710029
109777
0.921850018169
109797
0.92225540516
109817
0.931405568677
109837
0.925797147529
109857
0.917714389535
109877
0.925739235102
109897
0.934820130814
109917
0.93832212936
109937
0.935876180959
109957
0.934110419695
109977
0.93708893532
109997
0.930501680596
110017
0.931076262718
110037
0.925587073038
110057
0.925437182049
110077
0.921628588299
110097
0.905247320131
110117
0.890686319041
110137
0.878297601744
110157
0.874863735465
110177
0.8666015625
110197
0.865688590116
110217
0.864244186047
110237
0.857326489826
110257
0.859473791788
110277
0.864236237282
110297
0.868140216206
110317
0.877937636265
110337
0.882435501453
110357
0.879791969477
110377
0.881106922238
110397
0.882423010538
110417
0.87742096657
110437
0.880359738372
110457
0.876889534884
110477
0.871115325218
110497
0.87326262718
110517
0.874685456032
110537
0.868529705669
110557
0.879995230741
110577
0.896593386628
110597
0.897669876453
110617
0.905126953125
110637
0.913273301235
110657
0.91494140625
110677
0.930750363372
110697
0.939606422602
110717
0.942025118096
110737
0.953570130814
110757
0.962919013445
110777
0.949462890625
110797
0.944826489826
110817
0.942408929869
110837
0.942235192587
110857
0.933501771439
110877
0.938205168968
110897
0.931324945494
110917
0.925372456395
110937
0.933075944767
110957
0.933781113735
110977
0.937413699128
110997
0.948488599201
111017
0.953374818314
111037
0.960854605741
111057
0.967497501817
111077
0.981569086119
111097
0.98418990734
111117
0.990744231468
111137
1.0
111157
1.0
111177
0.989858511991
111197
0.990109465843
111217
0.99005950218
111237
0.990096974927
111257
1.0
111277
0.994029342297
111297
0.994391578852
111317
0.994407476381
111337
0.994432458212
111357
1.0
111377
1.0
111397
1.0
