148533
0.10766336414
148553
0.110282215957
148573
0.113238826232
148593
0.120142478592
148613
0.199435763889
148633
0.22499118891
148653
0.587423963555
148673
0.209477143379
148693
0.174719024123
148713
0.196198504073
148733
0.266736176378
148753
0.246656680764
148773
0.240087523496
148793
0.382040713764
148813
0.40272066886
148833
0.422594572368
148853
0.425799198517
148873
0.438103722849
148893
0.438345211988
148913
0.430004046575
148933
0.431038533835
148953
0.433321258876
148973
0.433657385652
148993
0.435395128446
149013
0.438337053571
149033
0.440676887531
149053
0.446810385338
149073
0.466242102652
149093
0.454854584378
149113
0.0813214677318
149133
0.085754751462
149153
0.083514450188
149173
0.0837787828947
149193
0.0864971673977
149213
0.0829596778404
149233
0.0740996371136
149253
0.088243068609
149273
0.0872085813492
149293
0.081731020259
149313
0.0834083907686
149333
0.089517413325
149353
0.0713225120092
149373
0.0720208724937
149393
0.0770546157059
149413
0.0975811925647
149433
0.779639528509
149453
0.408005691312
149473
0.266463685255
149493
0.251116071429
149513
0.290424955618
149533
0.346812669695
149553
0.400437943818
149573
0.294752179929
149593
0.271322838346
149613
0.400596217105
149633
0.573086361738
149653
0.53397654292
149673
0.617590525794
149693
0.612785218254
149713
0.605754294591
149733
0.605520963868
149753
0.636730171784
149773
0.596828986529
149793
0.623063191834
149813
0.618411262531
149833
0.47318328373
149853
0.421615562343
149873
0.441920230263
149893
0.413401668233
149913
0.394340343045
149933
0.393712144946
149953
0.150811599311
149973
0.156604075292
149993
0.161605184837
150013
0.156635077277
150033
0.158772582498
150053
0.163246658312
150073
0.151904827172
150093
0.177412933375
150113
0.201638536445
150133
0.207646394632
150153
0.208338228383
150173
0.206349206349
150193
0.210271773183
150213
0.210913024749
150233
0.206737546992
150253
0.204534774436
150273
0.202248786028
150293
0.19819405284
150313
0.190867794486
150333
0.192062186717
150353
0.194573347431
150373
0.119171626984
150393
0.102412607038
150413
0.048580109127
150433
0.105684132206
150453
0.110194105054
150473
0.102164591165
150493
0.244137361633
150513
0.227118904031
150533
0.22434341061
150553
0.209558727548
150573
0.219839964495
150593
0.196474258563
150613
0.19164773914
150633
0.196949078425
150653
0.198910361842
150673
0.201295882937
150693
0.205941285505
150713
0.120457393484
150733
0.101839886174
150753
0.108099023601
150773
0.120682565789
150793
0.124528443505
150813
0.120911001462
150833
0.10443915779
150853
0.111497820071
150873
0.11143907947
150893
0.211050086153
150913
0.211164303989
150933
0.21053121084
150953
0.0777513445071
150973
0.0777676613409
150993
0.0792280179616
151013
0.22304785401
151033
0.220022713033
151053
0.201826180033
151073
0.205440358709
151093
0.201656484962
151113
0.202818243525
151133
0.203824992168
151153
0.173278247703
151173
0.182317773601
151193
0.164886500104
151213
0.162858317669
151233
0.108170817669
151253
0.109748655493
151273
0.10624216792
151293
0.110247950606
151313
0.168096021303
151333
0.162062056182
151353
0.209987860276
151373
0.232273391813
151393
0.22722496345
151413
0.226985105994
151433
0.226668559419
151453
0.145684850146
151473
0.148089951441
151493
0.117179341583
151513
0.108766382101
151533
0.134174955618
151553
0.173740014098
151573
0.122779278926
151593
0.232718841374
151613
0.248595120614
151633
0.224279774958
151653
0.222466974728
151673
0.235858200188
151693
0.237036275585
151713
0.237878224206
151733
0.227618199144
151753
0.128211152882
151773
0.120346439014
151793
0.241440189014
151813
0.239638810568
151833
0.198476334064
151853
0.125982273392
151873
0.121845956036
151893
0.121323817356
151913
0.215576375835
151933
0.253516277673
151953
0.265474885129
151973
0.269505143066
151993
0.27708268066
152013
0.947596856725
152033
0.147078307749
152053
0.143061103279
152073
0.138618029449
152093
0.263304746241
152113
0.405424368212
152133
0.141680699144
152153
0.143132897348
152173
0.146668755221
152193
0.471456962719
152213
0.501496253655
152233
0.477711205096
152253
0.607000900689
152273
0.666780884503
152293
0.618949718045
152313
0.617869543651
152333
0.158795426065
152353
0.150085500209
152373
0.151968462824
152393
0.28592966792
152413
0.292986698517
152433
0.297548885234
152453
0.296956584169
152473
0.292394397452
152493
0.28751076911
152513
0.316660792607
152533
0.233076180033
152553
0.309350851086
152573
0.217751409774
152593
0.30378844246
152613
0.284544368734
152633
0.180599611007
152653
0.168778064954
152673
0.179777242586
152693
0.198105941938
152713
0.25079299812
152733
0.240818517648
152753
0.24999510495
152773
0.248097457185
152793
0.202072564223
152813
0.195705735693
152833
0.198357221178
152853
0.20597718254
152873
0.204787685359
152893
0.207148731203
152913
0.202637126671
152933
0.204453190267
152953
0.192256357038
152973
0.164543846596
152993
0.159947394528
153013
0.1640527099
153033
0.175789408417
153053
0.169159878864
153073
0.228029383354
153093
0.234406001984
153113
0.233469415727
153133
0.22251592523
153153
0.220991932957
153173
0.21862925543
153193
0.225815189014
153213
0.223995862051
153233
0.259878211153
153253
0.360929994256
153273
0.535378158939
153293
0.805358121867
153313
0.997085813492
153333
1.0
153353
1.0
153373
1.0
153393
1.0
153413
0.993597274436
153433
0.982989700815
153453
0.973997493734
153473
0.963526981516
153493
0.954422188283
153513
0.943070567043
153533
0.930607769424
153553
0.908780740915
153573
0.894217966792
153593
0.879332119361
153613
0.859375
153633
0.850622650376
153653
0.848860432331
153673
0.843940906955
153693
0.837861254699
153713
0.834101856203
153733
0.833421444236
153753
0.82733689693
153773
0.83243753916
153793
0.846447172619
153813
0.863858865915
153833
0.860471491228
153853
0.860070097118
153873
0.865072838346
153893
0.865596608709
153913
0.872542684837
153933
0.866820371241
153953
0.864735079887
153973
0.87072172619
153993
0.872244086779
154013
0.866771420739
154033
0.850603070175
154053
0.854910714286
154073
0.871269971805
154093
0.873330787907
154113
0.878455905388
154133
0.876664317043
154153
0.888544603697
154173
0.897835408835
154193
0.902887100564
154213
0.897703242481
154233
0.900728383459
154253
0.904184288847
154273
0.912447133459
154293
0.914782072368
154313
0.915697446742
154333
0.914135925752
154353
0.918081336153
154373
0.919559641291
154393
0.914669486216
154413
0.90587797619
154433
0.906940202068
154453
0.909098919173
154473
0.913763901942
154493
0.911967418546
154513
0.904125548246
154533
0.898745888158
154553
0.896381578947
154573
0.894624255952
154593
0.891564849624
154613
0.883825775376
154633
0.888764880952
154653
0.894668311404
154673
0.884413181391
154693
0.87383497807
154713
0.870540609336
154733
0.881334194862
154753
0.888451597744
154773
0.887810346178
154793
0.872953869048
154813
0.870946898496
154833
0.87773633302
154853
0.89414943609
154873
0.889102639411
154893
0.894389293546
154913
0.901771029135
154933
0.896988565163
154953
0.89295014881
154973
0.889391447368
154993
0.881711113722
155013
0.903469611529
155033
0.902603187657
155053
0.904052122494
155073
0.899465460526
155093
0.902896890664
155113
0.905799655388
155133
0.897145206767
155153
0.901031876566
155173
0.90818843985
155193
0.913019854323
155213
0.908908012218
155233
0.893503289474
155253
0.895554315476
155273
0.886209664787
155293
0.884677514098
155313
0.871769266917
155333
0.865939262218
155353
0.879640507519
155373
0.880492246241
155393
0.872058074875
155413
0.875988800125
155433
0.870109844925
155453
0.873712601817
155473
0.887360001566
155493
0.879571976817
155513
0.871999334273
155533
0.876213972431
155553
0.872474154135
155573
0.872136395677
155593
0.867539943609
155613
0.871779057018
155633
0.867520363409
155653
0.868259515977
155673
0.871010534148
155693
0.85974702381
155713
0.862928806391
155733
0.870672775689
155753
0.888104049185
155773
0.896949404762
155793
0.902387805451
155813
0.904164708647
155833
0.904326245301
155853
0.890277451441
155873
0.904884281015
155893
0.899808114035
155913
0.891364152569
155933
0.897977365288
155953
0.889420817669
155973
0.861093162594
155993
0.851914943609
156013
0.839863330201
156033
0.834214442356
156053
0.833328438283
156073
0.832897673872
156093
0.833338228383
156113
0.825628524436
156133
0.814888784461
156153
0.833034735276
156173
0.823136943922
156193
0.83906054198
156213
0.839887805451
156233
0.830611685464
156253
0.846515703321
156273
0.841620653195
156293
0.860706453634
156313
0.87538181391
156333
0.886909656955
156353
0.909270245927
156373
0.909309406328
156393
0.910102404449
156413
0.934543389724
156433
0.932311246867
156453
0.94870150637
156473
0.952841087093
156493
0.953807043651
156513
0.94089879647
156533
0.932082811195
156553
0.908159069549
156573
0.893190006266
156593
0.902165896512
156613
0.905675647452
156633
0.904321350251
156653
0.90702831297
156673
0.901115092419
156693
0.904884281015
156713
0.894345238095
156733
0.905158403822
156753
0.90818843985
156773
0.922481986216
156793
0.93162593985
156813
0.934636395677
156833
0.940402764724
156853
0.940461505326
156873
0.937186716792
156893
0.93905173089
156913
0.941900650063
156933
0.9570214599
156953
0.955161340852
156973
0.956473214286
156993
0.958343123434
157013
0.956595590539
157033
0.954373237782
157053
0.953844572368
157073
0.944891525689
157093
0.94256637688
157113
0.929775610902
157133
0.918003015351
157153
0.911634555138
157173
0.915790452694
157193
0.912618460213
157213
0.908281445802
157233
0.907331806078
157253
0.908345081454
157273
0.904952811717
157293
0.911184210526
157313
0.909882127193
157333
0.912721256266
157353
0.922158912907
157373
0.922712053571
157393
0.918977130326
157413
0.920974310777
157433
0.917063165727
157453
0.91876664317
157473
0.920470120614
157493
0.920905780075
157513
0.918247767857
157533
0.923808544799
157553
0.926838580827
157573
0.927753955201
157593
0.923563792293
157613
0.919887609649
157633
0.900752858709
157653
0.887590068922
157673
0.872831492794
157693
0.867446937657
157713
0.874755247494
157733
0.872297932331
157753
0.87343358396
157773
0.880335604637
157793
0.88788377193
157813
0.88946976817
157833
0.875611881266
157853
0.894193491541
157873
0.910994935255
157893
0.918383197577
157913
0.923074287281
157933
0.911066729323
157953
0.915444535819
157973
0.921956584169
157993
0.921576401942
158013
0.903766577903
158033
0.907514554616
158053
0.882052135547
158073
0.84530662594
158093
0.852479506057
158113
0.861292227966
158133
0.871836165936
158153
0.883538599102
158173
0.887541118421
158193
0.872444783835
158213
0.863100133145
158233
0.877021655702
158253
0.882171248434
158273
0.922163807957
158293
0.9648535401
158313
0.976211688074
158333
0.976236163325
158353
0.976241058375
158373
0.976629399018
158393
0.980145676692
158413
0.960131448413
158433
0.950574678885
158453
0.950522465017
158473
0.950861855159
158493
0.950856960109
158513
0.954533142753
