110399
0.422993706597
110419
0.426436993634
110439
0.165540364583
110459
0.169053457755
110479
0.419005714699
110499
0.166273148148
110519
0.149708839699
110539
0.462085865162
110559
0.605575810185
110579
0.597887369792
110599
0.506215277778
110619
0.191637008102
110639
0.246009114583
110659
0.210746889468
110679
0.222642144097
110699
0.245079933449
110719
0.511277488426
110739
0.576165726273
110759
0.553623770255
110779
0.586594690394
110799
0.311681857639
110819
0.441825448495
110839
0.496399016204
110859
0.53800853588
110879
0.517964048032
110899
0.523470775463
110919
0.508483434606
110939
0.684769965278
110959
0.633766999421
110979
0.277159649884
110999
0.254321469907
111019
0.282265625
111039
0.312944516782
111059
0.250884693287
111079
0.248069299769
111099
0.253132233796
111119
0.336574797454
111139
0.315145037616
111159
0.329977936921
111179
0.330128761574
111199
0.314194155093
111219
0.249025245949
111239
0.2444921875
111259
0.232062717014
111279
0.231371527778
111299
0.227511935764
111319
0.227894603588
111339
0.230421368634
111359
0.22997974537
111379
0.238416521991
111399
0.505912543403
111419
0.216744068287
111439
0.308861400463
111459
0.299629991319
111479
0.320928819444
111499
0.410395326968
111519
0.577063440394
111539
0.492463469329
111559
0.457041015625
111579
0.47136682581
111599
0.411396484375
111619
0.36943323206
111639
0.453898292824
111659
0.479458912037
111679
0.485940393519
111699
0.484534866898
111719
0.414214409722
111739
0.148249782986
111759
0.103310908565
111779
0.574609375
111799
0.560551215278
111819
0.487548104745
111839
0.469490017361
111859
0.687592592593
111879
0.674817346644
111899
0.450640552662
111919
0.312064887153
111939
0.310849609375
111959
0.399371744792
111979
0.407533275463
111999
0.391351273148
112019
0.398900824653
112039
0.414930917245
112059
0.396848234954
112079
0.38900354456
112099
0.392935836227
112119
0.397001229745
112139
0.370637659144
112159
0.399233217593
112179
0.387126012731
112199
0.413714916088
112219
0.378335865162
112239
0.411419994213
112259
0.379724392361
112279
0.396147641782
112299
0.392082971644
112319
0.390210141782
112339
0.471468098958
112359
0.254303385417
112379
0.316415292245
112399
0.14291051794
112419
0.156206235532
112439
0.699070457176
112459
0.435139612269
112479
0.425464409722
112499
0.440895543981
112519
0.0984581163194
112539
0.143365162037
112559
0.270330946181
112579
0.284624927662
112599
0.282514829282
112619
0.28419958044
112639
0.285620298032
112659
0.276455439815
112679
0.274778284144
112699
0.272293113426
112719
0.337568359375
112739
0.309234664352
112759
0.368559751157
112779
0.373024811921
112799
0.35835865162
112819
0.306070963542
112839
0.349675202546
112859
0.411247468171
112879
0.444795283565
112899
0.165062572338
112919
0.51607349537
112939
0.151850405093
112959
0.323292824074
112979
0.298406394676
112999
0.294599971065
113019
0.297908709491
113039
0.319551866319
113059
0.114151114005
113079
0.113143446181
113099
0.101529947917
113119
0.0987127459491
113139
0.154067201968
113159
0.103130425347
113179
0.146343315972
113199
0.142299623843
113219
0.14681568287
113239
0.0755573640046
113259
0.0746730324074
113279
0.0756098090278
113299
0.104915726273
113319
0.106942635995
113339
0.105086805556
113359
0.086236255787
113379
0.0865740740741
113399
0.0875777633102
113419
0.0909588396991
113439
0.158986545139
113459
0.202986834491
113479
0.180470558449
113499
0.176906467014
113519
0.200997902199
113539
0.212528573495
113559
0.158624493634
113579
0.123374204282
113599
0.115671657986
113619
0.110202184606
113639
0.143998119213
113659
0.148461371528
113679
0.122664207176
113699
0.0794976128472
113719
0.0818113425926
113739
0.0836046006944
113759
0.0868334056713
113779
0.0824855324074
113799
0.0907139756944
113819
0.0861986400463
113839
0.0813151041667
113859
0.0779987702546
113879
0.0757110821759
113899
0.263976417824
113919
0.266138237847
113939
0.264836877894
113959
0.275521195023
113979
0.0827405237269
113999
0.0842936197917
114019
0.0875007233796
114039
0.08701171875
114059
0.0874540653935
114079
0.0851077835648
114099
0.088365162037
114119
0.0890216290509
114139
0.0524869791667
114159
0.0538621238426
114179
0.042445384838
114199
0.0476161024306
114219
0.0533141637731
114239
0.0438718894676
114259
0.0439207175926
114279
0.273774233218
114299
0.275441984954
114319
0.269585503472
114339
0.26125
114359
0.256409143519
114379
0.244798177083
114399
0.261697410301
114419
0.234086733218
114439
0.297083695023
114459
0.24611400463
114479
0.194200303819
114499
0.175477430556
114519
0.130031467014
114539
0.122459852431
114559
0.166138961227
114579
0.0871907552083
114599
0.0976273148148
114619
0.46630895544
114639
0.16318323206
114659
0.143427372685
114679
0.321548394097
114699
0.144680627894
114719
0.176382016782
114739
0.410670211227
114759
0.40324182581
114779
0.104332320602
114799
0.0756036603009
114819
0.0830475983796
114839
0.398035662616
114859
0.384547887731
114879
0.173929398148
114899
0.169996744792
114919
0.225284288194
114939
0.0606029369213
114959
0.062027271412
114979
0.076529224537
114999
0.0936867042824
115019
0.0831745515046
115039
0.113297526042
115059
0.238486328125
115079
0.264108796296
115099
0.0802448640046
115119
0.075904224537
115139
0.0801537181713
115159
0.0736103877315
115179
0.0778616898148
115199
0.0769014033565
115219
0.0738082320602
115239
0.147536892361
115259
0.192328197338
115279
0.187044994213
115299
0.240799334491
115319
0.147331814236
115339
0.21462962963
115359
0.229844835069
115379
0.20021412037
115399
0.0969520399306
115419
0.178676576968
115439
0.178665726273
115459
0.229581163194
115479
0.239520037616
115499
0.281189236111
115519
0.23712818287
115539
0.167429470486
115559
0.122336154514
115579
0.149086371528
115599
0.139147135417
115619
0.202525679977
115639
0.394993851273
115659
0.296945891204
115679
0.336129918981
115699
0.194797092014
115719
0.182017144097
115739
0.191246021412
115759
0.333478370949
115779
0.323762297454
115799
0.326602647569
115819
0.335786313657
115839
0.33726526331
115859
0.149788411458
115879
0.150169270833
115899
0.150471643519
115919
0.09654296875
115939
0.152876880787
115959
0.148985821759
115979
0.119766710069
115999
0.126653645833
116019
0.0857146990741
116039
0.169967447917
116059
0.154225260417
116079
0.104436487269
116099
0.0931127025463
116119
0.129799262153
116139
0.0841742621528
116159
0.10669958044
116179
0.138505135995
116199
0.218885633681
116219
0.195375072338
116239
0.161060112847
116259
0.169782262731
116279
0.171822554977
116299
0.162537977431
116319
0.170283926505
116339
0.165242332176
116359
0.161860170718
116379
0.155260054977
116399
0.128732638889
116419
0.0620399305556
116439
0.135291883681
116459
0.134209346065
116479
0.128081235532
116499
0.125626808449
116519
0.117102864583
116539
0.114224175347
116559
0.112140480324
116579
0.108678747106
116599
0.109734881366
116619
0.107420428241
116639
0.107725694444
116659
0.112748480903
116679
0.118293909144
116699
0.111973741319
116719
0.117176287616
116739
0.117171585648
116759
0.11910192419
116779
0.117429108796
116799
0.119073712384
116819
0.0727918836806
116839
0.0640715422454
116859
0.130094401042
116879
0.160070891204
116899
0.0843200231481
116919
0.0891134982639
116939
0.136882957176
116959
0.0893854890046
116979
0.129232855903
116999
0.163679832176
117019
0.218974971065
117039
0.260641276042
117059
0.25412109375
117079
0.26699291088
117099
0.200141420718
117119
0.241413845486
117139
0.220789207176
117159
0.216361400463
117179
0.20921802662
117199
0.105750506366
117219
0.126753472222
117239
0.138365162037
117259
0.123587239583
117279
0.197845052083
117299
0.201082899306
117319
0.0938523582176
117339
0.110130208333
117359
0.08283203125
117379
0.0762778501157
117399
0.218695023148
117419
0.288667173032
117439
0.32636682581
117459
0.44132740162
117479
0.321770471644
117499
0.285305627894
117519
0.276846064815
117539
0.346627965856
117559
0.223387586806
117579
0.175252821181
117599
0.192962962963
117619
0.244049840856
117639
0.294598162616
117659
0.284253472222
117679
0.202898943866
117699
0.197102864583
117719
0.229834346065
117739
0.298136212384
117759
0.326843532986
117779
0.999940321181
117799
1.0
117819
1.0
117839
1.0
117859
1.0
117879
1.0
117899
0.993032769097
117919
0.990003255208
117939
0.983693576389
117959
0.976674262153
117979
0.972118055556
117999
0.967932942708
118019
0.964236111111
118039
0.963891059028
118059
0.956251085069
118079
0.952734375
118099
0.949962022569
118119
0.951694878472
118139
0.950133463542
118159
0.953625217014
118179
0.946669921875
118199
0.944751519097
118219
0.938402777778
118239
0.935682508681
118259
0.935986328125
118279
0.927319878472
118299
0.933779296875
118319
0.936143663194
118339
0.928304036458
118359
0.931803385417
118379
0.939312065972
118399
0.938413628472
118419
0.944588758681
118439
0.947234157986
118459
0.948068214699
118479
0.956803385417
118499
0.951694878472
118519
0.953126085069
118539
0.961622178819
118559
0.951432291667
118579
0.941136067708
118599
0.923310546875
118619
0.920675998264
118639
0.927912326389
118659
0.91912109375
118679
0.917057291667
118699
0.920373263889
118719
0.912323133681
118739
0.921005859375
118759
0.926939019097
118779
0.935401475694
118799
0.953944227431
118819
0.942470703125
118839
0.94783203125
118859
0.962311197917
118879
0.960090060764
118899
0.950155164931
118919
0.948987630208
118939
0.947666015625
118959
0.956778428819
118979
0.952071397569
118999
0.945666232639
119019
0.940480685764
119039
0.935583767361
119059
0.934944661458
119079
0.935962456597
119099
0.940106336806
119119
0.943668619792
119139
0.943429542824
119159
0.936278211806
119179
0.943866102431
119199
0.948079427083
119219
0.948460286458
119239
0.944564887153
119259
0.945633680556
119279
0.943900824653
119299
0.94015625
119319
0.935450303819
119339
0.936860894097
119359
0.942182074653
119379
0.942073567708
119399
0.943714192708
119419
0.944013671875
119439
0.942575954861
119459
0.937320963542
119479
0.934503038194
119499
0.933537326389
119519
0.922361111111
119539
0.928433159722
119559
0.920578342014
119579
0.915268012153
119599
0.924390190972
119619
0.925375434028
119639
0.925797526042
119659
0.943973885995
119679
0.944153645833
119699
0.963754340278
119719
0.966629774306
119739
0.966578776042
119759
0.966535373264
119779
0.959618055556
119799
0.959852430556
119819
0.958269314236
119839
0.957254774306
119859
0.957411024306
119879
0.960073784722
119899
0.959162326389
119919
0.959647352431
119939
0.961056857639
119959
0.976280381944
119979
1.0
