126363
0.576772173713
126383
0.559247185202
126403
0.470377604167
126423
0.510573203891
126443
0.513588579963
126463
0.53644732307
126483
0.524797028186
126503
0.526601275276
126523
0.794031958487
126543
0.632156671262
126563
0.623382448683
126583
0.756550149357
126603
0.762421492034
126623
0.750219726563
126643
0.741256414675
126663
0.758628695619
126683
0.798277133119
126703
0.809010703891
126723
0.760877661612
126743
0.764577110141
126763
0.74609375
126783
0.835404698989
126803
0.819309129902
126823
0.879639629289
126843
0.904249004289
126863
0.51832634421
126883
0.495097560509
126903
0.733797679228
126923
0.756083409926
126943
0.738606770833
126963
0.787607230392
126983
0.493231560202
127003
0.484242876838
127023
0.729782762714
127043
0.787314261642
127063
0.691304285386
127083
0.720864449295
127103
0.608408011642
127123
0.652933995864
127143
0.469568589154
127163
0.891523054534
127183
0.889285098805
127203
0.874747721354
127223
0.88551049326
127243
0.804031671262
127263
0.659855143229
127283
0.443381874234
127303
0.449569163603
127323
0.454938342525
127343
0.455904852175
127363
0.499303959865
127383
0.515232938879
127403
0.514492378983
127423
0.520448931526
127443
0.505936925551
127463
0.507854626225
127483
0.544870174632
127503
0.521619370404
127523
0.502335611979
127543
0.475034945619
127563
0.433689491422
127583
0.38912042356
127603
0.374599322151
127623
0.390533088235
127643
0.405250459559
127663
0.477393056832
127683
0.691252585018
127703
0.818570963542
127723
0.904073318781
127743
0.907046568627
127763
0.906373985141
127783
0.832466873468
127803
0.736338177849
127823
0.625674977022
127843
0.534836473652
127863
0.495540364583
127883
0.604804304534
127903
0.59695111443
127923
0.60019196155
127943
0.573651482077
127963
0.547913794424
127983
0.455050838695
128003
0.479058000153
128023
0.530869906556
128043
0.439832261029
128063
0.532904890472
128083
0.592897422641
128103
0.626632869945
128123
0.562882965686
128143
0.633252431832
128163
0.526585477941
128183
0.523662971048
128203
0.616908892463
128223
0.666917509191
128243
0.685706763174
128263
0.6946255553
128283
0.662907858456
128303
0.455854587929
128323
0.423450903799
128343
0.611394186581
128363
0.778457222733
128383
0.852589805453
128403
0.880331839767
128423
0.839728381587
128443
0.831578393076
128463
0.757332356771
128483
0.943013269761
128503
0.91649720435
128523
0.870191387102
128543
0.973880304075
128563
0.73871495864
128583
0.788509114583
128603
0.777405503217
128623
0.761532532935
128643
0.753127393536
128663
0.754849303002
128683
0.830259554994
128703
0.845751953125
128723
0.837571327359
128743
0.849607460172
128763
0.833353439032
128783
0.926551489737
128803
0.917332069547
128823
0.914178825827
128843
0.823495902267
128863
0.797369504442
128883
0.752750172335
128903
0.719969745711
128923
0.738692459406
128943
0.742228668811
128963
0.788462679994
128983
0.825188131893
129003
0.752055568321
129023
0.787978228401
129043
0.790049594056
129063
0.881969496783
129083
0.846275658701
129103
0.845784505208
129123
0.832027420343
129143
0.800388231464
129163
0.863697246477
129183
0.859979607077
129203
0.786824544271
129223
0.862222828585
129243
0.985589001225
129263
0.883984375
129283
0.756623391544
129303
0.836755610447
129323
0.879466337316
129343
0.925528971354
129363
0.932444374234
129383
0.741820810355
129403
0.807915422028
129423
0.860341509651
129443
0.868250708487
129463
0.920268458946
129483
0.731183459712
129503
0.84929821538
129523
0.950657264859
129543
0.645243087469
129563
0.786108398438
129583
0.867918485754
129603
0.548792221967
129623
0.799985638787
129643
0.796993719363
129663
0.633082490809
129683
0.821537990196
129703
0.626995251225
129723
0.739864813113
129743
0.759920247396
129763
0.820747644761
129783
0.81640289905
129803
0.822072227328
129823
0.764406211703
129843
0.60904229856
129863
0.540636488971
129883
0.583831188725
129903
0.909539675245
129923
0.868979300705
129943
0.849409754136
129963
0.735577033548
129983
0.721821863511
130003
0.726722388174
130023
1.0
130043
1.0
130063
1.0
130083
0.986117015165
130103
0.98606004902
130123
0.985887235754
130143
0.986063399969
130163
0.985911649816
130183
0.985915000766
130203
0.992029526654
130223
0.989976351869
130243
0.985106464461
130263
0.978050800398
130283
0.970816099877
130303
0.964882525276
130323
0.959190697763
130343
0.952107747396
130363
0.952466777727
130383
0.94730200674
130403
0.942681047028
130423
0.943940046722
130443
0.941023284314
130463
0.94038660386
130483
0.936358283548
130503
0.933875708487
130523
0.934487974877
130543
0.930409869026
130563
0.932850317862
130583
0.93144196155
130603
0.928463445925
130623
0.932149969363
130643
0.932520009957
130663
0.930997721354
130683
0.929964192708
130703
0.932216030944
130723
0.933122702206
130743
0.935217045803
130763
0.934688074449
130783
0.934611481311
130803
0.931315582874
130823
0.933075310202
130843
0.926307349112
130863
0.923582548254
130883
0.921347464767
130903
0.921028167126
130923
0.930901979933
130943
0.916011795343
130963
0.922298177083
130983
0.929048904718
131003
0.938337258732
131023
0.934999234069
131043
0.93910223269
131063
0.936485140931
131083
0.930876129749
131103
0.937214690564
131123
0.934784294577
131143
0.928016333487
131163
0.927452416513
131183
0.9275323606
131203
0.924811868107
131223
0.920087507659
131243
0.922100949755
131263
0.925831514246
131283
0.919878312653
131303
0.919709807751
131323
0.916256414675
131343
0.918149701287
131363
0.919767731311
131383
0.921729473039
131403
0.925446155025
131423
0.925596947763
131443
0.922031537224
131463
0.913002163756
131483
0.915406709559
131503
0.915324850643
131523
0.919970703125
131543
0.916802140778
131563
0.914223824295
131583
0.916174077053
131603
0.919090360754
131623
0.913293696385
131643
0.913341088388
131663
0.914433976716
131683
0.908447744332
131703
0.912320963542
131723
0.916734164369
131743
0.91614966299
131763
0.914136699602
131783
0.915384689032
131803
0.914359777114
131823
0.91843548943
131843
0.914871036305
131863
0.920646158854
131883
0.922119140625
131903
0.918475700827
131923
0.922636144301
131943
0.914983532475
131963
0.919065467984
131983
0.922774969363
132003
0.92702588848
132023
0.924643363205
132043
0.923775467218
132063
0.919500134038
132083
0.913015088848
132103
0.908070523131
132123
0.907599475337
132143
0.904503197763
132163
0.899186197917
132183
0.905838790594
132203
0.907801489737
132223
0.902218807445
132243
0.907266773897
132263
0.912788660386
132283
0.922743374694
132303
0.923718022365
132323
0.930035520067
132343
0.924507410386
132363
0.926776960784
132383
0.936276903339
132403
0.93557176777
132423
0.940980200674
132443
0.941254499847
132463
0.93871160769
132483
0.928490253523
132503
0.925196269914
132523
0.935193589154
132543
0.927883731618
132563
0.921830480239
132583
0.924116306679
132603
0.924462411918
132623
0.926484470741
132643
0.929650160846
132663
0.93063916973
132683
0.927085248162
132703
0.928992895987
132723
0.922389610141
132743
0.9290072572
132763
0.932240923713
132783
0.931996783088
132803
0.934556429994
132823
0.93491785386
132843
0.94083515242
132863
0.938151999081
132883
0.94314252068
132903
0.942286592371
132923
0.937258252911
132943
0.938428213082
132963
0.926056506587
132983
0.934220856311
133003
0.931620998009
133023
0.933817306219
133043
0.930098709406
133063
0.934227558211
133083
0.925260416667
133103
0.927698950674
133123
0.937000229779
133143
0.932812978707
133163
0.934403243719
133183
0.934982000613
133203
0.938137637868
133223
0.928391161152
133243
0.932158586091
133263
0.929955097273
133283
0.936323337929
133303
0.933653109681
133323
0.937266390931
133343
0.933644014246
133363
0.93439319087
133383
0.936767578125
133403
0.943990789675
133423
0.942588656556
133443
0.948549038756
133463
0.944280407475
133483
0.944742838542
133503
0.941265988817
133523
0.931664560355
133543
0.930228917739
133563
0.935490387561
133583
0.923557655484
133603
0.904237515319
133623
0.900361423866
133643
0.895913756127
133663
0.887310910692
133683
0.887642176011
133703
0.88664598652
133723
0.872025792739
133743
0.877677408854
133763
0.883824486826
133783
0.890260225184
133803
0.884500899969
133823
0.889842792586
133843
0.884383616728
133863
0.882242359835
133883
0.886922200521
133903
0.889956724877
133923
0.892402439491
133943
0.906396005668
133963
0.904280598958
133983
0.915008425245
134003
0.926227405025
134023
0.927780330882
134043
0.925355679381
134063
0.926867915135
134083
0.92863817402
134103
0.925438495711
134123
0.921819469975
134143
0.918026194853
134163
0.904098690257
134183
0.90722321155
134203
0.907700482537
134223
0.914246802237
134243
0.918208103554
134263
0.922712258732
134283
0.925264725031
134303
0.923145488664
134323
0.928797583487
134343
0.936311370251
134363
0.936030369179
134383
0.934804878983
134403
0.929847388174
134423
0.919410137102
134443
0.910829790901
134463
0.921266084559
134483
0.923018152574
134503
0.916839479933
134523
0.91519464231
134543
0.919917087929
134563
0.916532628676
134583
0.916981177237
134603
0.932097790288
134623
0.927919155944
134643
0.926000976563
134663
0.928491689645
134683
0.927928730086
134703
0.933950865502
134723
0.930148973652
134743
0.929993393842
134763
0.934080116422
134783
0.932654047947
134803
0.920282341452
134823
0.911949965533
134843
0.909390318627
134863
0.90685077742
134883
0.898308727788
134903
0.90432176777
134923
0.893336397059
134943
0.891471832874
134963
0.896460439645
134983
0.89409754136
135003
0.892446959252
135023
0.897333122702
135043
0.892390950521
135063
0.891446940104
135083
0.889098403033
135103
0.899100030637
135123
0.902409811581
135143
0.909524835325
135163
0.917193244485
135183
0.921577244179
135203
0.923240272672
135223
0.924288641238
135243
0.930127910539
135263
0.930319393382
135283
0.921531767004
135303
0.926668294271
135323
0.924762561275
135343
0.920494408701
135363
0.927508903952
135383
0.92770134421
135403
0.926755418964
135423
0.924746285233
135443
0.929363893995
135463
0.935945638021
135483
0.94416551777
135503
0.938347790288
135523
0.941298062194
135543
0.947774011949
135563
0.947752948836
135583
0.956183938419
135603
0.955980009191
135623
0.950234087776
135643
0.93519933364
135663
0.940439740349
135683
0.923052140778
135703
0.916216203278
135723
0.921167470895
135743
0.924133540135
135763
0.928972311581
135783
0.94342064951
135803
0.950464345895
135823
0.96756328508
135843
0.981929764093
135863
1.0
135883
1.0
135903
0.970527918199
135923
0.970945829504
135943
0.970889820772
