127211
0.160109815411
127231
0.158664119945
127251
0.1677734375
127271
0.181182981005
127291
0.178790881587
127311
0.0943488625919
127331
0.0969951554841
127351
0.0929385914522
127371
0.378829178156
127391
0.297461894914
127411
0.319978841146
127431
0.395444623162
127451
0.248355641085
127471
0.252776979933
127491
0.237659409467
127511
0.183363013174
127531
0.183818263634
127551
0.181058517157
127571
0.171660539216
127591
0.163452148438
127611
0.181815831801
127631
0.183696193321
127651
0.236987304688
127671
0.235484643076
127691
0.235895852482
127711
0.236138078278
127731
0.236213714001
127751
0.237383195466
127771
0.23718213848
127791
0.12413593367
127811
0.130545821844
127831
0.130279660692
127851
0.127407896752
127871
0.125573491115
127891
0.125529928768
127911
0.124064606311
127931
0.12354999617
127951
0.124265663297
127971
0.124553844975
127991
0.124027745864
128011
0.123840092678
128031
0.125011488971
128051
0.123993278952
128071
0.12540881587
128091
1.0
128111
1.0
128131
1.0
128151
1.0
128171
0.99983771829
128191
0.998830997243
128211
0.982426662071
128231
0.98142377068
128251
0.970749080882
128271
0.964145795037
128291
0.959778071385
128311
0.913631184896
128331
0.89089977788
128351
0.886311848958
128371
0.956161439185
128391
0.96126349954
128411
0.957513308058
128431
0.950328871783
128451
0.958803423713
128471
0.968360332414
128491
0.961188342525
128511
0.908171051624
128531
0.769023820466
128551
0.763485179228
128571
0.77458783318
128591
0.815230545343
128611
0.946418792126
128631
0.907376876532
128651
0.90941138174
128671
0.931997261795
128691
0.937237189798
128711
0.685095454197
128731
0.620182291667
128751
0.697021005668
128771
0.672970281863
128791
0.694433115043
128811
0.727938304228
128831
0.950479185815
128851
0.978846890319
128871
0.979886642157
128891
0.980411305147
128911
0.969359872855
128931
0.959290268842
128951
0.952791819853
128971
0.9482354856
128991
0.938815008425
129011
0.800879384957
129031
0.587734087776
129051
0.695526960784
129071
0.75338158701
129091
0.96402611826
129111
0.902027324602
129131
0.759150965074
129151
0.698335535386
129171
0.887863817402
129191
0.91835602405
129211
0.865040977328
129231
0.812742225797
129251
0.785790058211
129271
0.909352979473
129291
0.977610389859
129311
0.997152171415
129331
0.877946920956
129351
0.962638346354
129371
0.965805951287
129391
0.961046645221
129411
0.964269301471
129431
0.95638403799
129451
0.864679074755
129471
0.708538698683
129491
0.772911879596
129511
0.83727979473
129531
0.956836416207
129551
0.953096277574
129571
0.889258291207
129591
0.886472694547
129611
0.750683115043
129631
0.775816195619
129651
0.951154641544
129671
0.985693838082
129691
0.989418179381
129711
0.92476160386
129731
0.687530637255
129751
0.656580307904
129771
0.641005093444
129791
0.624471028646
129811
0.585809206495
129831
0.932498946844
129851
0.926937327665
129871
0.941442153033
129891
0.920336914062
129911
0.876020124847
129931
0.902948357077
129951
0.796324486826
129971
0.8843682981
129991
0.876474896599
130011
0.881905350031
130031
0.801906211703
130051
0.730768899357
130071
0.691635550705
130091
0.8236261106
130111
0.808813476563
130131
0.856634401808
130151
0.964430147059
130171
0.973213943781
130191
0.906141812194
130211
0.795259363511
130231
0.773371917126
130251
0.86355937883
130271
0.869046798407
130291
0.804893344056
130311
0.847611730239
130331
0.947018612132
130351
0.966786822151
130371
0.969338809743
130391
0.9700228822
130411
0.959102615656
130431
0.965381338082
130451
0.967710248162
130471
0.910073912377
130491
0.944804591759
130511
0.967232977175
130531
0.787647920496
130551
0.802228860294
130571
0.827307846967
130591
0.925721411612
130611
0.892995078891
130631
0.795110006893
130651
0.850865981158
130671
0.880520929075
130691
0.892026654412
130711
0.893670055913
130731
0.909020278033
130751
0.94166618796
130771
0.954392616422
130791
0.972538009344
130811
0.969862515319
130831
0.967824180453
130851
0.968029545803
130871
0.966951497396
130891
0.956558287377
130911
0.959730679381
130931
0.969112381281
130951
0.977979951746
130971
0.980340456495
130991
0.959896790748
131011
0.968568091299
131031
0.965376072304
131051
0.966235351562
131071
0.967156862745
131091
0.956357709099
131111
0.954723403033
131131
0.952531881893
131151
0.937430587469
131171
0.895948223039
131191
0.878887580423
131211
0.888025141697
131231
0.899342256434
131251
0.908953259038
131271
0.907872817096
131291
0.919629384957
131311
0.927428002451
131331
0.914607268689
131351
0.912787224265
131371
0.911453067555
131391
0.910422889859
131411
0.927323165594
131431
0.916923732384
131451
0.909844132966
131471
0.906486960018
131491
0.904940257353
131511
0.893357938879
131531
0.889589077819
131551
0.877323644301
131571
0.878526156556
131591
0.895607862286
131611
0.89632879519
131631
0.886101217831
131651
0.889811676624
131671
0.879607077206
131691
0.847413066789
131711
0.83781115962
131731
0.825541896446
131751
0.849434168199
131771
0.887031824449
131791
0.916663794424
131811
0.92399040671
131831
0.932114545037
131851
0.936994006587
131871
0.935386029412
131891
0.92566875383
131911
0.915336818321
131931
0.890459846048
131951
0.899794634651
131971
0.899502144608
131991
0.889114679075
132011
0.888384650735
132031
0.8899380553
132051
0.891252106311
132071
0.889414349724
132091
0.916996017157
132111
0.924745327819
132131
0.924233111213
132151
0.913428213082
132171
0.904722445619
132191
0.886622051164
132211
0.901864085478
132231
0.919128657322
132251
0.912608187806
132271
0.913066310509
132291
0.928590303309
132311
0.935711550245
132331
0.932062365962
132351
0.926608455882
132371
0.924131146599
132391
0.918109011183
132411
0.907863242953
132431
0.893231081495
132451
0.887583773744
132471
0.900555300245
132491
0.905805281097
132511
0.897809914982
132531
0.887696269914
132551
0.887172085631
132571
0.884474571078
132591
0.888988779105
132611
0.903501263787
132631
0.906066176471
132651
0.906740196078
132671
0.895770143995
132691
0.866373697917
132711
0.868083639706
132731
0.88408873315
132751
0.882126991422
132771
0.884180166207
132791
0.902579273897
132811
0.923842007506
132831
0.93083448223
132851
0.930633425245
132871
0.927860753676
132891
0.927738204657
132911
0.924501187194
132931
0.919654277727
132951
0.906935508578
132971
0.909098307292
132991
0.912023686428
133011
0.910671817555
133031
0.908526731005
133051
0.885176355699
133071
0.869748583027
133091
0.868032418045
133111
0.892813648897
133131
0.917798808977
133151
0.936779067096
133171
0.921569106158
133191
0.916271733303
133211
0.908117915135
133231
0.899047372855
133251
0.91214240579
133271
0.905937404259
133291
0.913338694853
133311
0.903082873775
133331
0.900409773284
133351
0.90036908318
133371
0.889171166513
133391
0.879641065411
133411
0.874880323223
133431
0.892062078738
133451
0.908874751072
133471
0.90852912454
133491
0.90375402114
133511
0.900916724112
133531
0.904754518995
133551
0.909568397672
133571
0.921537032782
133591
0.923691693474
133611
0.944226792279
133631
0.918069278493
133651
0.914388020833
133671
0.899040670956
133691
0.87180223652
133711
0.864852366728
133731
0.871247893689
133751
0.900655350031
133771
0.914692957261
133791
0.914445944393
133811
0.909541590074
133831
0.902565870098
133851
0.896610753676
133871
0.892308612898
133891
0.897767788756
133911
0.889273131127
133931
0.901351868873
133951
0.912634516697
133971
0.940264054841
133991
0.936354932598
134011
0.921655752145
134031
0.901136450674
134051
0.891454599418
134071
0.91224006204
134091
0.905307904412
134111
0.900853534773
134131
0.897239296109
134151
0.890153473499
134171
0.88353582644
134191
0.876859298407
134211
0.884656001072
134231
0.884947533701
134251
0.899332682292
134271
0.9200228822
134291
0.935887235754
134311
0.92978515625
134331
0.928107766544
134351
0.924590705423
134371
0.904100126379
134391
0.889051011029
134411
0.887644090839
134431
0.884901099112
134451
0.893751436121
134471
0.880789483762
134491
0.885012159161
134511
0.891946710325
134531
0.907628676471
134551
0.919947246477
134571
0.913018918505
134591
0.904698510263
134611
0.898628982843
134631
0.87381328508
134651
0.855329446232
134671
0.863031843597
134691
0.898352290135
134711
0.904663564645
134731
0.927388269761
134751
0.930731081495
134771
0.922218711703
134791
0.923408298866
134811
0.91676049326
134831
0.897090418199
134851
0.886356368719
134871
0.891817459406
134891
0.89122912837
134911
0.883002546722
134931
0.869077435662
134951
0.857697131587
134971
0.872958314185
134991
0.887920304841
135011
0.873212507659
135031
0.906287817862
135051
0.91575903799
135071
0.91939386106
135091
0.920015222886
135111
0.89234643076
135131
0.879379212623
135151
0.892615464154
135171
0.910820695466
135191
0.912421970741
135211
0.927650122549
135231
0.930159505208
135251
0.937474149816
135271
0.93120691636
135291
0.928897633272
135311
0.911478917739
135331
0.899791762408
135351
0.883544921875
135371
0.881134631587
135391
0.869013288909
135411
0.881661209406
135431
0.877844956342
135451
0.874295343137
135471
0.876324582567
135491
0.868401979933
135511
0.852706131281
135531
0.825368604473
135551
0.843367513021
135571
0.852715226716
135591
0.888350662531
135611
0.907780426624
135631
0.911344401042
135651
0.893063534007
135671
0.887470798866
135691
0.886714920343
135711
0.885176355699
135731
0.897411630668
135751
0.910929840686
135771
0.913694374234
135791
0.92193962546
135811
0.915637925092
135831
0.914642693015
135851
0.909893918505
135871
0.90247778799
135891
0.898827167586
135911
0.902142693015
135931
0.894645660999
135951
0.892378504136
135971
0.880617627911
135991
0.852350930607
136011
0.835540651808
136031
0.843659524357
136051
0.855606617647
136071
0.866620232077
136091
0.884561217065
136111
0.862803979013
136131
0.836197916667
136151
0.840223364737
136171
0.83187231924
136191
0.85562097886
136211
0.873754882813
136231
0.884324735754
136251
0.87943761489
136271
0.858677045037
136291
0.838210880055
136311
0.842703546262
136331
0.83545592065
136351
0.832224168964
136371
0.864963905484
136391
0.872841988358
136411
0.876189587163
136431
0.879363893995
136451
0.882042738971
136471
0.882513786765
136491
0.905177217371
136511
0.934070063572
136531
0.949311140472
136551
0.95904900046
136571
0.957483628217
136591
0.953628599877
136611
0.962858551624
136631
0.974204388787
136651
0.979736806832
136671
0.984747912837
136691
0.991067325368
136711
0.999984202665
136731
1.0
136751
1.0
136771
1.0
136791
1.0
