126923
0.165966674499
126943
0.163011043233
126963
0.167088130482
126983
0.165723880013
127003
0.159019619361
127023
0.165472274436
127043
0.223022399749
127063
0.211792665257
127083
0.200603070175
127103
0.208179139254
127123
0.204617500783
127143
0.198762041823
127163
0.159402412281
127183
0.172935757362
127203
0.179919525376
127223
0.179662535244
127243
0.162349232456
127263
0.161160224781
127283
0.159601151316
127303
0.161029037437
127323
0.150128250313
127343
0.14708793468
127363
0.149478187657
127383
0.149567277569
127403
0.148841341635
127423
0.104366384712
127443
0.111558681861
127463
0.112519090695
127483
0.11699806156
127503
0.118042175752
127523
0.112667900219
127543
0.129378132832
127563
0.145980674342
127583
0.123143796992
127603
0.114530956297
127623
0.120961094142
127643
0.181931880482
127663
0.133509555138
127683
0.127859688283
127703
0.123787496084
127723
0.125436148966
127743
0.127668291823
127763
0.12696781015
127783
0.118853285558
127803
0.124748394424
127823
0.13144824953
127843
0.131404683584
127863
0.136154350721
127883
0.137749158051
127903
0.124108611372
127923
0.128096119204
127943
0.130503504856
127963
0.132658795426
127983
0.13126076911
128003
0.129622395833
128023
0.127091165414
128043
0.12597949953
128063
0.128967438127
128083
0.127059837093
128103
0.129001213972
128123
0.129471628289
128143
0.127732906485
128163
0.126032366071
128183
0.127392700501
128203
0.130619028039
128223
1.0
128243
1.0
128263
1.0
128283
1.0
128303
1.0
128323
1.0
128343
1.0
128363
1.0
128383
1.0
128403
1.0
128423
1.0
128443
1.0
128463
1.0
128483
1.0
128503
1.0
128523
1.0
128543
1.0
128563
1.0
128583
0.999374412594
128603
0.994123492325
128623
0.986079945959
128643
0.978725133145
128663
0.971432487469
128683
0.96466508067
128703
0.956595590539
128723
0.951596765351
128743
0.941745966479
128763
0.935331982299
128783
0.928339403195
128803
0.920927807801
128823
0.915402275219
128843
0.915864857456
128863
0.915545700188
128883
0.914132009712
128903
0.913969494048
128923
0.913714951441
128943
0.913796698778
128963
0.91895118656
128983
0.92850093985
129003
0.9347754151
129023
0.94061618891
129043
0.948799244204
129063
0.951582569706
129083
0.954902882206
129103
0.962554824561
129123
0.96912887688
129143
0.97910841557
129163
0.985425967262
129183
0.989743890977
129203
0.988953340382
129223
0.98360060307
129243
0.983261376096
129263
0.979249882519
129283
0.970879346805
129303
0.970531798246
129323
0.962818178258
129343
0.957354812813
129363
0.953228775063
129383
0.950052377036
129403
0.946976817043
129423
0.944042723997
129443
0.942990777726
129463
0.944594885652
129483
0.942596236685
129503
0.948300438596
129523
0.950373492325
129543
0.95919437265
129563
0.962467203164
129583
0.963371318922
129603
0.962989505013
129623
0.955934269267
129643
0.947627369204
129663
0.942494909148
129683
0.93516114505
129703
0.935539532425
129723
0.926305999373
129743
0.924010220865
129763
0.920061383929
129783
0.918883145363
129803
0.920979695332
129823
0.912009026472
129843
0.908462562657
129863
0.909758282425
129883
0.910134711779
129903
0.909343671679
129923
0.909686814693
129943
0.906872650376
129963
0.914770813753
129983
0.914911791197
130003
0.912247904919
130023
0.911485256109
130043
0.910248276942
130063
0.911106379229
130083
0.91639548089
130103
0.918236509242
130123
0.918477835213
130143
0.910632538377
130163
0.912201891447
130183
0.907006285244
130203
0.902246338503
130223
0.906352796053
130243
0.902165570175
130263
0.908054804981
130283
0.911478403039
130303
0.916372963659
130323
0.909926672149
130343
0.915274514411
130363
0.921912202381
130383
0.929793722588
130403
0.930487840695
130423
0.937716850721
130443
0.942246730107
130463
0.936409382832
130483
0.934095492638
130503
0.93477149906
130523
0.931141819392
130543
0.934832687187
130563
0.934818981046
130583
0.93223831062
130603
0.928074580984
130623
0.932594670269
130643
0.923626448935
130663
0.927234100877
130683
0.925599154135
130703
0.929720296836
130723
0.926399984336
130743
0.930544623277
130763
0.928295837249
130783
0.926732847744
130803
0.932761101974
130823
0.936139176065
130843
0.933320116698
130863
0.93105370849
130883
0.937454965539
130903
0.934325559994
130923
0.93556547619
130943
0.932313694392
130963
0.933961857769
130983
0.934745065789
131003
0.935113663064
131023
0.931903978697
131043
0.935419114192
131063
0.929941063596
131083
0.931035596805
131103
0.936732945645
131123
0.929580787907
131143
0.92850191886
131163
0.924248609806
131183
0.927134241855
131203
0.925934954574
131223
0.925962366855
131243
0.926927181234
131263
0.918514548089
131283
0.920792704417
131303
0.927255639098
131323
0.926213482926
131343
0.929337014411
131363
0.935107299499
131383
0.930698327851
131403
0.935125411184
131423
0.936178336466
131443
0.930407072368
131463
0.92929197995
131483
0.933563400689
131503
0.93165139411
131523
0.924694548872
131543
0.923328340382
131563
0.92305470708
131583
0.927328575345
131603
0.926326069079
131623
0.929602815633
131643
0.927569411811
131663
0.926557115445
131683
0.921507381736
131703
0.92208401864
131723
0.924769932644
131743
0.923364074248
131763
0.924136023653
131783
0.931886846021
131803
0.929322818766
131823
0.928666392544
131843
0.924881050282
131863
0.918082315163
131883
0.924087562657
131903
0.925537966009
131923
0.92460643797
131943
0.922521636122
131963
0.924923147713
131983
0.925966282895
132003
0.926020617951
132023
0.923668056861
132043
0.918858670113
132063
0.919290903039
132083
0.925250137061
132103
0.932153136748
132123
0.924386650219
132143
0.927071585213
132163
0.93517289317
132183
0.92755178963
132203
0.929694842575
132223
0.936077987939
132243
0.935309954574
132263
0.93183202146
132283
0.933217320645
132303
0.930872591635
132323
0.919361391761
132343
0.924516858553
132363
0.923878054511
132383
0.916966733239
132403
0.920087817199
132423
0.920929276316
132443
0.919735863095
132463
0.913613623904
132483
0.912325246711
132503
0.914679276316
132523
0.912881324405
132543
0.911614485432
132563
0.914313616071
132583
0.914993538534
132603
0.920813263628
132623
0.92361812735
132643
0.92283883537
132663
0.927122004229
132683
0.926118518954
132703
0.92578712406
132723
0.934346119204
132743
0.937263569079
132763
0.937464755639
132783
0.940800242794
132803
0.939142289317
132823
0.938350759712
132843
0.94198141839
132863
0.936106379229
132883
0.934065143327
132903
0.928366815476
132923
0.923083098371
132943
0.919081394893
132963
0.916153665414
132983
0.91893845943
133003
0.913405094768
133023
0.916298069392
133043
0.913029644424
133063
0.902921365915
133083
0.90429100094
133103
0.907514880952
133123
0.907031739505
133143
0.912256716009
133163
0.917416098841
133183
0.916232965226
133203
0.916928551848
133223
0.917730850564
133243
0.916212406015
133263
0.915306332237
133283
0.919081884398
133303
0.923461485746
133323
0.92558495849
133343
0.92596579339
133363
0.928039826128
133383
0.921333117951
133403
0.92420798089
133423
0.925464050752
133443
0.925092516447
133463
0.922594572368
133483
0.919730968045
133503
0.9185546875
133523
0.919636004073
133543
0.920954241071
133563
0.921646401159
133583
0.913938165727
133603
0.917025473841
133623
0.921565143327
133643
0.917317708333
133663
0.915075775376
133683
0.914785988409
133703
0.917975113565
133723
0.922698836936
133743
0.922509888001
133763
0.918048539317
133783
0.920250332863
133803
0.923142328477
133823
0.927056900063
133843
0.926637394267
133863
0.932066983866
133883
0.930243088189
133903
0.937196506892
133923
0.940088992011
133943
0.937850975094
133963
0.941429256736
133983
0.947175066573
134003
0.939045367325
134023
0.941350446429
134043
0.939513823622
134063
0.935866032268
134083
0.932943687343
134103
0.931403215069
134123
0.931822720865
134143
0.926866972118
134163
0.928043742168
134183
0.927453888628
134203
0.926236979167
134223
0.929804002193
134243
0.931754679668
134263
0.930024768954
134283
0.933815495771
134303
0.936519031955
134323
0.936215049342
134343
0.93886816651
134363
0.94314546131
134383
0.942439105576
134403
0.936294349154
134423
0.94279203869
134443
0.940904507362
134463
0.944023633302
134483
0.941552122494
134503
0.940158991228
134523
0.941274083647
134543
0.940502134242
134563
0.940176123904
134583
0.936419172932
134603
0.944429922462
134623
0.947328281642
134643
0.945435365758
134663
0.951611940006
134683
0.950916842888
134703
0.952866541353
134723
0.945697740445
134743
0.94395412359
134763
0.942923226034
134783
0.942020578791
134803
0.939144247337
134823
0.939539767387
134843
0.931081610276
134863
0.932672012061
134883
0.925529644424
134903
0.925298108553
134923
0.92540824718
134943
0.931474193296
134963
0.937972861842
134983
0.941253524436
135003
0.935607084117
135023
0.942454280232
135043
0.947368421053
135063
0.950541882049
135083
0.95723439458
135103
0.963075657895
135123
0.960465617168
135143
0.967277079417
135163
0.965129131422
135183
0.964883889411
135203
0.964896127036
135223
0.957139920113
135243
0.952721158365
135263
0.952473468828
135283
0.947343456297
135303
0.941861489662
135323
0.944375587406
135343
0.944999706297
135363
0.944519991385
135383
0.938768796992
135403
0.941175203634
135423
0.940989681234
135443
0.932748374843
135463
0.945813753133
135483
0.953690867794
135503
0.949753778979
135523
0.955551965852
135543
0.951588933271
135563
0.943397556391
135583
0.939613193139
135603
0.929544564536
135623
0.932937323778
135643
0.923867285401
135663
0.918620770677
135683
0.916621142701
135703
0.911851405858
135723
0.914225505169
135743
0.907778234649
135763
0.902199835526
135783
0.906133497807
135803
0.90685355968
135823
0.913059993734
135843
0.907379288064
135863
0.906294055451
135883
0.907735158208
135903
0.899549655388
135923
0.892848331767
135943
0.878835271773
135963
0.86777637453
135983
0.870624314693
136003
0.879831414474
136023
0.86973831062
136043
0.862528880796
136063
0.871973880013
136083
0.864386062813
136103
0.86504689458
136123
0.873379248904
136143
0.876244811247
136163
0.893750489505
136183
0.90155075188
136203
0.912545034461
136223
0.910779879386
136243
0.919082863409
136263
0.93436423089
136283
0.936696232769
136303
0.948380227914
136323
0.964810463659
136343
0.971538220551
136363
0.977153822055
136383
0.9832129151
136403
0.984902196898
136423
0.993401961936
136443
1.0
136463
1.0
136483
1.0
136503
1.0
