154083
0.0973962118459
154103
0.158680807897
154123
0.100955744307
154143
0.0455074339874
154163
0.0541136749031
154183
0.089693480499
154203
0.185800099927
154223
0.218207591449
154243
0.106112221415
154263
0.13071364765
154283
0.126858496851
154303
0.14554717781
154323
0.0458624788033
154343
0.0496555535368
154363
0.0813135901163
154383
0.160271696342
154403
0.0463814195736
154423
0.124780841206
154443
0.0344912033672
154463
0.0452591297238
154483
0.0390182140262
154503
0.132194388929
154523
0.101344855257
154543
0.0822636567345
154563
0.0890935380329
154583
0.0999757751938
154603
0.117940740068
154623
0.0418706849564
154643
0.133072538154
154663
0.0473068828731
154683
0.0461501483769
154703
0.0472391291182
154723
0.101936091933
154743
0.114431171269
154763
0.0395553234012
154783
0.0391045148983
154803
0.167359344719
154823
0.223716463784
154843
0.189934214511
154863
0.169590676478
154883
0.226118883236
154903
0.26282211422
154923
0.598786488614
154943
0.645151632146
154963
0.0555383963178
154983
0.229182942708
155003
0.236856150073
155023
0.230510386386
155043
0.052925902374
155063
0.209131237888
155083
0.111450384569
155103
0.0395575944767
155123
0.0385886022287
155143
0.0427825218023
155163
0.265559517321
155183
0.211009038881
155203
0.141901722989
155223
0.184493474443
155243
0.192645878755
155263
0.0462780856347
155283
0.0462353137112
155303
0.488401617006
155323
0.0998811470446
155343
0.0990908127422
155363
0.103899815286
155383
0.132387430354
155403
0.124988266109
155423
0.0640469809835
155443
0.114864946705
155463
0.0469325339147
155483
0.0512517411579
155503
0.0828511082849
155523
0.0681284823159
155543
0.0569192102713
155563
0.0646544937016
155583
0.171157340116
155603
0.148474594234
155623
0.249367126938
155643
0.0417310138081
155663
0.0431496790213
155683
0.683197825824
155703
0.725468220082
155723
0.0410739159399
155743
0.0414342599322
155763
0.0403509568798
155783
0.0511627906977
155803
0.0599704003149
155823
0.0447981013808
155843
0.656482785247
155863
0.565706001696
155883
0.546047571463
155903
0.534547223232
155923
0.543734480984
155943
0.0396177779797
155963
0.0405981256056
155983
0.0488538638566
156003
0.232196281492
156023
0.334950339147
156043
0.0615366854409
156063
0.0643274588178
156083
0.067531189438
156103
0.455844991521
156123
0.289602637476
156143
0.233387460635
156163
0.246549100654
156183
0.224000726744
156203
0.512315664365
156223
0.811373925024
156243
0.728497456395
156263
0.752875938711
156283
0.736082470325
156303
0.721088829336
156323
0.221688014777
156343
0.197484783794
156363
0.205991475896
156383
0.22416197311
156403
0.233225457243
156423
0.0775072674419
156443
0.0668078518653
156463
0.0510969295058
156483
0.308137642321
156503
0.196615718871
156523
0.229296875
156543
0.272307639898
156563
0.254940724927
156583
0.142492959666
156603
0.13096725109
156623
0.183269743217
156643
0.0574866006541
156663
0.436484450703
156683
0.308367399467
156703
0.268661428052
156723
0.561344779554
156743
0.172711134327
156763
0.410893592539
156783
0.274036685441
156803
0.0808025981105
156823
0.0714427386143
156843
0.175028766957
156863
0.995167529675
156883
0.995167529675
156903
0.995167529675
156923
0.995167529675
156943
0.995167529675
156963
0.993024391352
156983
0.979570539608
157003
0.997453367248
157023
0.999031007752
157043
1.0
157063
1.0
157083
1.0
157103
1.0
157123
1.0
157143
1.0
157163
0.987798646439
157183
0.988003043241
157203
0.987936046512
157223
0.987936046512
157243
1.0
157263
0.985682003997
157283
0.986686954942
157303
0.986668786337
157323
0.986689226017
157343
1.0
157363
0.99037291061
157383
0.990383130451
157403
0.990391079215
157423
0.989060228924
157443
0.977700308866
157463
0.980125817587
157483
0.98018600109
157503
0.980187136628
157523
0.985499182413
157543
0.986828897166
157563
0.986957212936
157583
0.986964026163
157603
0.986971974927
157623
1.0
157643
0.978497456395
157663
0.978692768895
157683
0.978664380451
157703
0.978667787064
157723
1.0
157743
0.982558139535
157763
0.982608103198
157783
0.983990052689
157803
0.983942360102
157823
1.0
157843
0.995544149709
157863
0.995629315044
157883
0.995633857195
157903
0.994719749273
157923
0.992402116642
157943
0.993315089026
157963
0.993298055959
157983
0.993586482558
158003
0.995464662064
158023
0.992034202398
158043
0.992726880451
158063
0.992726880451
158083
0.992726880451
158103
1.0
158123
0.993115234375
158143
0.993105014535
158163
0.993102743459
158183
0.993000545058
158203
1.0
158223
0.994936636991
158243
0.995337481831
158263
0.995342023983
158283
0.995445357922
158303
1.0
158323
0.992364643895
158343
0.992447538154
158363
0.992445267078
158383
0.990846429869
158403
0.97614121548
158423
0.979215116279
158443
0.979251453488
158463
0.979248046875
158483
0.985364053416
158503
0.982393486555
158523
0.983023710029
158543
0.983971884084
158563
0.983961664244
158583
1.0
158603
0.987178642805
158623
0.987342160247
158643
0.987261537064
158663
0.987269485828
158683
1.0
158703
0.991250681323
158723
0.991287018532
158743
0.991259765625
158763
0.991199582122
158783
1.0
158803
0.99207962391
158823
0.992144349564
158843
0.992154569404
158863
0.990500090843
158883
0.990780568677
158903
0.99176621548
158923
0.991718522892
158943
0.991732149346
158963
0.99396575218
158983
0.990370639535
159003
0.990458075945
159023
0.990754451308
159043
0.990785110828
159063
1.0
159083
0.98853333939
159103
0.988678688227
159123
0.988640079942
159143
0.988635537791
159163
1.0
159183
1.0
159203
1.0
159223
0.994650481468
159243
0.990603424782
159263
0.984321629724
159283
0.980394940044
159303
0.973829260538
159323
0.965472837936
159343
0.957076671512
159363
0.94830918423
159383
0.944153115916
159403
0.938603742733
159423
0.932527480015
159443
0.936609738372
159463
0.930417650799
159483
0.934077489099
159503
0.934045694041
159523
0.930167832485
159543
0.927041696948
159563
0.931247728924
159583
0.93150208939
159603
0.934506722384
159623
0.940252543605
159643
0.942701898619
159663
0.942324900073
159683
0.94649459484
159703
0.944055459666
159723
0.94115416061
159743
0.939716569767
159763
0.934995003634
159783
0.935795557776
159803
0.928832440044
159823
0.926447810683
159843
0.926327443677
159863
0.925073809956
159883
0.929103833576
159903
0.941664017078
159923
0.935761491642
159943
0.933760674055
159963
0.935147165698
159983
0.938169967297
160003
0.936244095203
160023
0.936665379724
160043
0.933920784884
160063
0.92953306686
160083
0.928813135901
160103
0.934376135538
160123
0.937037836119
160143
0.933510855741
160163
0.934327307413
160183
0.930109920058
160203
0.931114871003
160223
0.929382040334
160243
0.929258266715
160263
0.933821993096
160283
0.932399164244
160303
0.93698105923
160323
0.935031340843
160343
0.940083348474
160363
0.942688272166
160383
0.943969158794
160403
0.946400345203
160423
0.949165379724
160443
0.944132676235
160463
0.939923237645
160483
0.941470975654
160503
0.937606740552
160523
0.936877725291
160543
0.940878224927
160563
0.933476789608
160583
0.933387082122
160603
0.929689771076
160623
0.934612327398
160643
0.936216842297
160663
0.937027616279
160683
0.939923237645
160703
0.93639512173
160723
0.932003997093
160743
0.944581213663
160763
0.94334915516
160783
0.940544376817
160803
0.941846838663
160823
0.94059434048
160843
0.936599518532
160863
0.934038880814
160883
0.931321538881
160903
0.937446629724
160923
0.937070766715
160943
0.940598882631
160963
0.943671647892
160983
0.952784338663
161003
0.952321039244
161023
0.952961482558
161043
0.961103288517
161063
0.962706667878
161083
0.960360646802
161103
0.956595203488
161123
0.955302961483
161143
0.952603788154
161163
0.952164335029
161183
0.954801053779
161203
0.952017850654
161223
0.948376180959
161243
0.945168286701
161263
0.947889035247
161283
0.945372683503
161303
0.943828352108
161323
0.94465956577
161343
0.93974609375
161363
0.94602675327
161383
0.947921965843
161403
0.947985555959
161423
0.94706009266
161443
0.945354514898
161463
0.945824627544
161483
0.94563612827
161503
0.948629405887
161523
0.942967614462
161543
0.940394485828
161563
0.939828988009
161583
0.941854787427
161603
0.945460119913
161623
0.942863144985
161643
0.940716978561
161663
0.944745866642
161683
0.942223837209
161703
0.941983103198
161723
0.94085097202
161743
0.941137127544
161763
0.93797806141
161783
0.941556140988
161803
0.944180368823
161823
0.944431322674
161843
0.947660792151
161863
0.94679778343
161883
0.948590797602
161903
0.95275481468
161923
0.949146075581
161943
0.947395076308
161963
0.942766624273
161983
0.948733875363
162003
0.946019940044
162023
0.940351335392
162043
0.940357013081
162063
0.93413880814
162083
0.935503724564
162103
0.935915924782
162123
0.942375999273
162143
0.939067042151
162163
0.927931958576
162183
0.924704760174
162203
0.924214207849
162223
0.912761173692
162243
0.928430459666
162263
0.926262718023
162283
0.927495912064
162303
0.917965343387
162323
0.931042196584
162343
0.941600426962
162363
0.942232921512
162383
0.948697538154
162403
0.951051507994
162423
0.946825036337
162443
0.947732331032
162463
0.951229787427
162483
0.953608739099
162503
0.948010537791
162523
0.948344385901
162543
0.950415606831
162563
0.949060910247
162583
0.955471021076
162603
0.95324309593
162623
0.951676053779
162643
0.947935592297
162663
0.945189861919
162683
0.944351835029
162703
0.944414289608
162723
0.937087799782
162743
0.934183094113
162763
0.923995049055
162783
0.923692996003
162803
0.921569540334
162823
0.918949854651
162843
0.921567269259
162863
0.930297283794
162883
0.92469681141
162903
0.922530205305
162923
0.930518713663
162943
0.927151844113
162963
0.936155523256
162983
0.941673101381
163003
0.944426780523
163023
0.943797692587
163043
0.942366914971
163063
0.945445357922
163083
0.947489325945
163103
0.944175826672
163123
0.940747638081
163143
0.938089344113
163163
0.942896075581
163183
0.942924464026
163203
0.93182571766
163223
0.937044649346
163243
0.934076353561
163263
0.943505859375
163283
0.946868186773
163303
0.956279523983
163323
0.95569472202
163343
0.962191133721
163363
0.962414834666
163383
0.976726017442
163403
0.99230559593
163423
0.992527025799
163443
0.997295148983
163463
0.997297420058
163483
0.997300826672
163503
0.997282658067
163523
0.996022211119
163543
0.998161564317
163563
1.0
163583
1.0
163603
1.0
163623
1.0
163643
1.0
163663
1.0
