119338
0.0653305516098
119358
0.0678607362689
119378
0.0671371922348
119398
0.0686863754735
119418
0.0708969578598
119438
0.0749038233902
119458
0.065497750947
119478
0.0667539654356
119498
0.0693625710227
119518
0.0694128787879
119538
0.0649162523674
119558
0.0651352391098
119578
0.0648156368371
119598
0.0658528645833
119618
0.0676417495265
119638
0.0733768347538
119658
0.0669019294508
119678
0.0847611860795
119698
0.0837313565341
119718
0.0834753787879
119738
0.0896055279356
119758
0.0698493726326
119778
0.0819572679924
119798
0.0788263494318
119818
0.090752249053
119838
0.0940977154356
119858
0.086406545928
119878
0.0685176964962
119898
0.068134469697
119918
0.0652802438447
119938
0.0666903409091
119958
0.0710034919508
119978
0.0720762310606
119998
0.0705004142992
120018
0.0746330492424
120038
0.0719327059659
120058
0.0702473958333
120078
0.0714754971591
120098
0.0702059659091
120118
0.0712609493371
120138
0.0695134943182
120158
0.0704057173295
120178
0.0697620738636
120198
0.0736875591856
120218
0.0697990648674
120238
0.062285452178
120258
0.0633271188447
120278
0.0689231178977
120298
0.072821969697
120318
0.0678281841856
120338
0.0691998106061
120358
0.0675544507576
120378
0.110286458333
120398
0.109237393466
120418
0.105092921402
120438
0.111396188447
120458
0.112665719697
120478
0.114417613636
120498
0.113358191288
120518
0.114664713542
120538
0.113747336648
120558
0.109413470644
120578
0.111379912405
120598
0.101099372633
120618
0.0997159090909
120638
0.096454782197
120658
0.100736860795
120678
0.0967551491477
120698
0.1001953125
120718
0.0976488517992
120738
0.0936153527462
120758
0.101478160511
120778
0.101766690341
120798
0.111658084754
120818
0.110761422822
120838
0.101587653883
120858
0.101414535985
120878
0.108214962121
120898
0.106585878314
120918
0.101600970644
120938
0.100571141098
120958
0.103960996686
120978
0.103423887311
120998
0.103312914299
121018
0.107771070076
121038
0.102386659564
121058
0.106534090909
121078
0.109318773674
121098
0.110915305398
121118
0.0990116003788
121138
0.109030243845
121158
0.116943359375
121178
0.113782848011
121198
0.115457800663
121218
0.119257516572
121238
0.110725911458
121258
0.12499704072
121278
0.115127840909
121298
0.114720939867
121318
0.105917080966
121338
0.110870916193
121358
0.119182054924
121378
0.130162464489
121398
0.12558445786
121418
0.128716856061
121438
0.130041133996
121458
0.128336588542
121478
0.126117128314
121498
0.125852272727
121518
0.130385890152
121538
0.130097360322
121558
0.130015980114
121578
0.128974313447
121598
0.131849254261
121618
0.133818655303
121638
0.133697324811
121658
0.134064275568
121678
0.13056196733
121698
0.0671815814394
121718
0.067705374053
121738
0.0670513731061
121758
0.0648955374053
121778
0.121561316288
121798
0.119617069129
121818
0.119612630208
121838
0.123063151042
121858
0.141641512784
121878
0.15273289536
121898
0.154472952178
121918
0.126244377367
121938
0.105317826705
121958
0.107441110322
121978
0.11337742661
121998
0.110721472538
122018
0.109938742898
122038
0.111671401515
122058
0.113513553504
122078
0.109105705492
122098
0.0617128314394
122118
0.0568255800189
122138
0.0573330965909
122158
0.103073212595
122178
0.103889973958
122198
0.104551373106
122218
0.103758285985
122238
0.104527698864
122258
0.10780806108
122278
0.103915127841
122298
0.10381007339
122318
0.106559244792
122338
0.0631599195076
122358
0.0622395833333
122378
0.062226266572
122398
0.0627115885417
122418
0.100179036458
122438
0.10136422822
122458
0.100405421402
122478
0.102379261364
122498
0.0719031131629
122518
0.0626538825758
122538
0.0602198745265
122558
0.0824055989583
122578
0.0615278764205
122598
0.0629024621212
122618
0.0628136837121
122638
0.0628003669508
122658
0.0510756983902
122678
0.0494451349432
122698
0.0499911221591
122718
0.0508685487689
122738
0.13407907197
122758
0.140187026515
122778
0.147250828598
122798
0.139615885417
122818
0.142561848958
122838
0.0685413707386
122858
0.0679968631629
122878
0.0673887310606
122898
0.136218631629
122918
0.138439571496
122938
0.137753018466
122958
0.138112571023
122978
0.135610499527
122998
0.135943418561
123018
0.133666252367
123038
0.135404829545
123058
0.136615175189
123078
0.134046519886
123098
0.13389115767
123118
0.0752544981061
123138
0.062158203125
123158
0.0632856889205
123178
0.0762044270833
123198
0.0772224195076
123218
0.0751346472538
123238
0.0751701586174
123258
0.0761866714015
123278
0.0773052793561
123298
0.0754320549242
123318
0.0757797703598
123338
0.075830078125
123358
0.0789535984848
123378
0.0756007339015
123398
0.0759144176136
123418
0.0772475733902
123438
0.0754409327652
123458
0.0754498106061
123478
0.0754868016098
123498
0.0750118371212
123518
0.0751538825758
123538
0.0765521425189
123558
0.0764174952652
123578
0.0758833451705
123598
0.0757560961174
123618
0.0760372277462
123638
0.0752914891098
123658
0.0764663233902
123678
0.076171875
123698
0.0758966619318
123718
0.0767933238636
123738
0.0757117069129
123758
0.0766276041667
123778
0.0763272372159
123798
0.0782137784091
123818
0.0759366122159
123838
0.0729033499053
123858
0.0747114701705
123878
0.0753403172348
123898
0.0733191287879
123918
1.0
123938
1.0
123958
1.0
123978
0.99170069839
123998
0.99179835464
124018
0.991529060133
124038
0.990142637311
124058
0.985412227746
124078
0.980002663352
124098
0.983539003314
124118
0.986345880682
124138
0.984931344697
124158
0.979187381629
124178
0.979446318655
124198
0.977507990057
124218
0.978101325758
124238
0.979628314394
124258
0.976997514205
124278
0.97109818892
124298
0.960697798295
124318
0.947453539299
124338
0.939294803504
124358
0.936664003314
124378
0.924920099432
124398
0.912326882102
124418
0.908935546875
124438
0.891477272727
124458
0.886937736742
124478
0.878483072917
124498
0.859972774621
124518
0.855533854167
124538
0.860807291667
124558
0.842748283617
124578
0.843769235322
124598
0.853015506629
124618
0.837766335227
124638
0.83808741714
124658
0.843986742424
124678
0.844005977746
124698
0.840704900568
124718
0.846605705492
124738
0.846465139678
124758
0.846283143939
124778
0.862331321023
124798
0.851047585227
124818
0.85126657197
124838
0.849252781723
124858
0.849394827178
124878
0.852765447443
124898
0.867464192708
124918
0.860360440341
124938
0.860900508996
124958
0.873931699811
124978
0.859130859375
124998
0.864368785511
125018
0.87363577178
125038
0.854752604167
125058
0.86074070786
125078
0.86611476089
125098
0.855548650568
125118
0.861474609375
125138
0.869327059659
125158
0.853702059659
125178
0.853565932765
125198
0.85869436553
125218
0.848510002367
125238
0.851121567235
125258
0.862813683712
125278
0.846360085227
125298
0.852521306818
125318
0.853620679451
125338
0.852479876894
125358
0.84853959517
125378
0.875760535038
125398
0.870643939394
125418
0.863331557765
125438
0.862116773201
125458
0.869353693182
125478
0.867848899148
125498
0.863398141572
125518
0.856680575284
125538
0.859416429924
125558
0.86044773911
125578
0.856605113636
125598
0.850427616004
125618
0.865770004735
125638
0.856100556345
125658
0.8556640625
125678
0.861322206439
125698
0.854336825284
125718
0.855412523674
125738
0.85283055161
125758
0.838793205492
125778
0.833001893939
125798
0.833641098485
125818
0.842070608428
125838
0.836041074811
125858
0.851296164773
125878
0.850495679451
125898
0.861894827178
125918
0.869658499053
125938
0.85800633286
125958
0.852426609848
125978
0.856722005208
125998
0.846428148674
126018
0.849249822443
126038
0.864519708807
126058
0.853406131629
126078
0.85273733428
126098
0.861461292614
126118
0.852882339015
126138
0.854431522254
126158
0.847776100852
126178
0.835508404356
126198
0.827222419508
126218
0.811937736742
126238
0.802968158144
126258
0.801047585227
126278
0.821750710227
126298
0.847529000947
126318
0.860869436553
126338
0.870349491004
126358
0.866205018939
126378
0.870100911458
126398
0.883777225379
126418
0.87100053267
126438
0.880443596117
126458
0.883766867898
126478
0.872296697443
126498
0.875870028409
126518
0.880871212121
126538
0.869708806818
126558
0.873357599432
126578
0.877982954545
126598
0.867514500473
126618
0.863072620739
126638
0.861150568182
126658
0.861285215436
126678
0.864376183712
126698
0.870751953125
126718
0.854533617424
126738
0.836668442235
126758
0.848885830966
126778
0.842589962121
126798
0.848125295928
126818
0.867544093277
126838
0.861505681818
126858
0.860752544981
126878
0.86288914536
126898
0.849994081439
126918
0.853092447917
126938
0.862270655777
126958
0.848046875
126978
0.846604225852
126998
0.845589192708
127018
0.842758641098
127038
0.857748875473
127058
0.860301254735
127078
0.85439601089
127098
0.842982066761
127118
0.829841382576
127138
0.825645123106
127158
0.83574514678
127178
0.852382220644
127198
0.845596590909
127218
0.854080847538
127238
0.862858072917
127258
0.860375236742
127278
0.865317234848
127298
0.856405362216
127318
0.845318418561
127338
0.826189630682
127358
0.829660866477
127378
0.832336055871
127398
0.836202355587
127418
0.849057469223
127438
0.842113517992
127458
0.841968513258
127478
0.85166311553
127498
0.836544152462
127518
0.837519235322
127538
0.824846117424
127558
0.823916903409
127578
0.84180131392
127598
0.849016039299
127618
0.84843454072
127638
0.86074514678
127658
0.863818359375
127678
0.862458570076
127698
0.861597419508
127718
0.873884351326
127738
0.872898910985
127758
0.872623697917
127778
0.870222241951
127798
0.853725733902
127818
0.843437795928
127838
0.840564334754
127858
0.838815400095
127878
0.812627249053
127898
0.806841856061
127918
0.804085286458
127938
0.806460108902
127958
0.79092240767
127978
0.78740530303
127998
0.803193063447
128018
0.801574337121
128038
0.770623224432
128058
0.778932883523
128078
0.797422466856
128098
0.797543797348
128118
0.792986505682
128138
0.781597715436
128158
0.794554924242
128178
0.810731830019
128198
0.820657256155
128218
0.79804983428
128238
0.798993844697
128258
0.83359375
128278
0.829304273201
128298
0.817465672348
128318
0.82109522964
128338
0.833860085227
128358
0.835026041667
128378
0.829126716383
128398
0.824763257576
128418
0.822188683712
128438
0.810505445076
128458
0.807239879261
128478
0.801309481534
128498
0.815889855587
128518
0.813420336174
128538
0.828235973011
128558
0.809283262311
128578
0.798014322917
128598
0.81396336411
128618
0.829504024621
128638
0.814340672348
128658
0.835324928977
128678
0.834811493845
128698
0.84404148911
128718
0.86445164536
128738
0.883071437027
128758
0.873412346117
128778
0.882800662879
128798
0.907176254735
128818
0.904233250473
128838
0.899193596117
128858
0.927815755208
128878
0.935085227273
128898
0.932964902936
128918
0.951106770833
128938
0.947941820549
128958
0.951780007102
128978
0.958957741477
128998
0.960693359375
129018
0.962616891572
129038
0.981286991004
129058
0.989516749527
129078
0.990512547348
129098
0.994593394886
129118
0.99823774858
129138
0.999748461174
129158
0.999748461174
129178
0.999748461174
129198
0.999748461174
129218
0.999748461174
129238
0.999748461174
129258
0.999748461174
129278
0.999748461174
129298
0.999748461174
129318
1.0
