143748
0.189412624152
143768
0.19445251938
143788
0.177762763445
143808
0.172694858285
143828
0.290566330547
143848
0.290468674297
143868
0.290214692345
143888
0.231257948765
143908
0.247119140625
143928
0.229057276526
143948
0.173385265262
143968
0.202662079094
143988
0.170624772892
144008
0.169359026768
144028
0.154537230499
144048
0.160462845203
144068
0.181923752422
144088
0.16228576187
144108
0.165788138929
144128
0.243954775315
144148
0.2699699461
144168
0.211646832607
144188
0.202011037427
144208
0.224372804627
144228
0.250267986919
144248
0.236440543241
144268
0.16403184048
144288
0.165920618338
144308
0.161561667272
144328
0.41377823704
144348
0.409776601865
144368
0.390766563711
144388
0.670855665577
144408
0.649543892321
144428
0.699416333576
144448
0.222588874758
144468
0.226118126211
144488
0.209973049903
144508
0.219192102713
144528
0.175386461361
144548
0.18547836422
144568
0.189554187863
144588
0.482135340964
144608
0.566938817224
144628
0.534103606468
144648
0.559543816618
144668
0.175800932655
144688
0.182168650073
144708
0.16766707546
144728
0.173312969356
144748
0.307309078246
144768
0.334446538881
144788
0.367805232558
144808
0.331983557413
144828
0.293414637839
144848
0.300154054627
144868
0.30534346233
144888
0.495800402737
144908
0.231923752422
144928
0.388148392078
144948
0.256303370276
144968
0.178175720688
144988
0.113538260053
145008
0.17793120155
145028
0.124773649467
145048
0.259131237888
145068
0.268695494186
145088
0.267534596051
145108
0.257530508115
145128
0.260875802447
145148
0.26526200642
145168
0.291721929506
145188
0.170690634084
145208
0.19852493641
145228
0.570993444162
145248
0.559706198522
145268
0.0925591993702
145288
0.130536125242
145308
0.195855287064
145328
0.19832962391
145348
0.162941724201
145368
0.131208742127
145388
0.342139050388
145408
0.237804702641
145428
0.313012127544
145448
0.220172071827
145468
0.465358148619
145488
0.260778524709
145508
0.416008054748
145528
0.18959885235
145548
0.186662730136
145568
0.188906931323
145588
0.18870253452
145608
0.140000454215
145628
0.133043014172
145648
0.208366642442
145668
0.187468583454
145688
0.162465933866
145708
0.133653933503
145728
0.131129254482
145748
0.157081592175
145768
0.237521575218
145788
0.251311546148
145808
0.228463390262
145828
0.210406068314
145848
0.22095672844
145868
0.22961747517
145888
0.217231028949
145908
0.240969067951
145928
0.257826504966
145948
0.235854227229
145968
0.2382331789
145988
0.250361101017
146008
0.261174070373
146028
0.276236979167
146048
0.250071160368
146068
0.274753209787
146088
0.265456183382
146108
0.316577337694
146128
0.20171693314
146148
0.145660731589
146168
0.173934108527
146188
0.200000757025
146208
0.214102243823
146228
0.207173192224
146248
0.178338859617
146268
0.177925902374
146288
0.196104348353
146308
0.199034035853
146328
0.215462618096
146348
0.19838791485
146368
0.180466478924
146388
0.199311107074
146408
0.194064543968
146428
0.180655735223
146448
0.193908975291
146468
0.1415534914
146488
0.160881858648
146508
0.149263792999
146528
0.128859314438
146548
0.137555641352
146568
0.129928612524
146588
0.120013853561
146608
0.161154766231
146628
0.162621502544
146648
0.133245896923
146668
0.0740514474322
146688
0.0755522498789
146708
0.0831149315649
146728
0.0899062045785
146748
0.100087814922
146768
0.092013762718
146788
0.106756071342
146808
0.1245613039
146828
0.139536776284
146848
0.158757645954
146868
0.173136582485
146888
0.194447220203
146908
0.179773422359
146928
0.177212406129
146948
0.190307049419
146968
0.198862191134
146988
0.191965313106
147008
0.221555156856
147028
0.217900996245
147048
0.218137566618
147068
0.229198840237
147088
0.228395636507
147108
0.212533687621
147128
0.158547571463
147148
0.169885537791
147168
0.137028751817
147188
0.134990461483
147208
0.144072492733
147228
0.154720809109
147248
0.152478878997
147268
0.146315558382
147288
0.130653464147
147308
0.117896832607
147328
0.127277888808
147348
0.141598534399
147368
0.149156295422
147388
0.150260795179
147408
0.140912291061
147428
0.143482391594
147448
0.164212769501
147468
0.17495912064
147488
0.206391563711
147508
0.214637082122
147528
0.20928604954
147548
0.203679520954
147568
0.200660504482
147588
0.183229242369
147608
0.195446871972
147628
0.193941905887
147648
0.191005783672
147668
0.15832841267
147688
0.158728878997
147708
0.163002664729
147728
0.169243580426
147748
0.16532181141
147768
0.176732073643
147788
0.177074249031
147808
0.175317193556
147828
0.174436773256
147848
0.174020030887
147868
0.175495851502
147888
0.179687878513
147908
0.179372956032
147928
0.176439483406
147948
0.179349488251
147968
0.183455971415
147988
0.183617596294
148008
0.997516200339
148028
1.0
148048
1.0
148068
1.0
148088
1.0
148108
0.161145303416
148128
0.103727213542
148148
0.106516851381
148168
0.109738372093
148188
0.0924918241279
148208
0.09450210453
148228
0.0940433472626
148248
0.0965861948886
148268
0.0965320675872
148288
0.0969877967539
148308
0.128574294453
148328
0.123746366279
148348
0.123941300266
148368
0.12161988251
148388
0.104459635417
148408
0.109295133842
148428
0.113438332728
148448
0.112824385296
148468
0.0987838390262
148488
0.100130965359
148508
0.09958022953
148528
0.0993304112161
148548
0.0935372759205
148568
0.0964556080426
148588
0.103462254724
148608
0.111666893774
148628
0.113139686289
148648
0.112659732316
148668
0.109970400315
148688
0.110202050024
148708
0.118891942224
148728
0.110888671875
148748
0.100764973958
148768
0.121579381662
148788
0.122694858285
148808
0.122733088057
148828
0.158811394743
148848
0.165724548813
148868
0.16731278767
148888
0.164868731831
148908
0.164190058745
148928
0.165639383479
148948
0.168151950097
148968
0.164512551478
148988
0.157809471899
149008
0.154927855499
149028
0.149961013203
149048
0.14631669392
149068
0.145299630572
149088
0.144700066618
149108
0.14498887173
149128
0.148625999273
149148
0.146364386507
149168
0.157642547844
149188
0.18554536095
149208
0.289063257025
149228
0.965856271197
149248
0.999993943798
149268
0.996014262355
149288
0.993119398014
149308
0.993504723837
149328
0.99286087391
149348
0.993216297238
149368
0.993275345203
149388
0.985800099927
149408
0.981889307776
149428
0.982016488009
149448
0.981792787064
149468
0.988690043605
149488
0.988406159157
149508
0.978737054869
149528
0.977961482558
149548
0.97785247093
149568
0.982396893169
149588
0.989325944767
149608
0.984485147166
149628
0.980801462573
149648
0.969923010538
149668
0.968931686047
149688
0.976040152616
149708
0.980249591206
149728
0.980025890262
149748
0.965546647892
149768
0.952705986555
149788
0.935232331032
149808
0.926946311773
149828
0.927853606468
149848
0.912439816497
149868
0.894564180596
149888
0.877737781613
149908
0.864685910247
149928
0.858752725291
149948
0.855744685683
149968
0.863828579215
149988
0.867046693314
150008
0.864420194404
150028
0.865963390262
150048
0.870944994549
150068
0.863833121366
150088
0.867284020712
150108
0.873327352834
150128
0.870067223837
150148
0.870212572674
150168
0.87075990189
150188
0.865316133721
150208
0.870545285247
150228
0.876337663517
150248
0.875612054869
150268
0.879449037064
150288
0.873947356468
150308
0.86537291061
150328
0.876296784157
150348
0.874115416061
150368
0.885549146076
150388
0.878381631541
150408
0.879019803779
150428
0.879085664971
150448
0.880215525073
150468
0.882768214026
150488
0.884706577035
150508
0.877557231105
150528
0.867237463663
150548
0.85791015625
150568
0.857157294695
150588
0.86127134811
150608
0.859480605015
150628
0.861434865552
150648
0.864524663881
150668
0.867697356468
150688
0.866388081395
150708
0.873015079942
150728
0.882304914608
150748
0.882413926235
150768
0.877247229288
150788
0.873990506904
150808
0.868876044695
150828
0.868386627907
150848
0.858127043968
150868
0.857770485102
150888
0.85633743641
150908
0.846576353561
150928
0.839565543241
150948
0.849752452762
150968
0.865444449491
150988
0.860645666788
151008
0.861085119913
151028
0.864918695494
151048
0.86827193859
151068
0.866926326308
151088
0.872768668241
151108
0.878893759084
151128
0.863491324491
151148
0.86228424782
151168
0.860433321221
151188
0.863088208576
151208
0.87368958939
151228
0.875839162427
151248
0.877177961483
151268
0.868417287427
151288
0.865835074491
151308
0.874910292515
151328
0.884261446221
151348
0.893668241279
151368
0.891636764172
151388
0.892692814317
151408
0.882762536337
151428
0.891594749273
151448
0.906360147166
151468
0.909194449491
151488
0.917269258721
151508
0.914027298328
151528
0.904832848837
151548
0.902541333576
151568
0.911180505087
151588
0.922619912791
151608
0.935645666788
151628
0.936724427689
151648
0.949978424782
151668
0.951779387718
151688
0.963264216933
151708
0.971910201672
151728
0.983993459302
151748
0.992474791061
151768
0.987534066134
151788
0.967383948038
151808
0.953706395349
151828
0.94007994186
151848
0.938717296512
151868
0.928173828125
151888
0.914194222384
151908
0.898090025436
151928
0.879302552689
151948
0.857859057049
151968
0.850984511265
151988
0.850977698038
152008
0.858414335029
152028
0.851641987645
152048
0.853369140625
152068
0.844352970567
152088
0.857315134448
152108
0.859533975291
152128
0.867831349927
152148
0.868337799782
152168
0.875456486192
152188
0.870223928052
152208
0.871705804869
152228
0.880989961846
152248
0.868859011628
152268
0.883036200945
152288
0.883653933503
152308
0.860426507994
152328
0.874771756904
152348
0.879989553052
152368
0.881025163517
152388
0.880709484012
152408
0.874483330305
152428
0.875844840116
152448
0.881513444767
152468
0.86328125
152488
0.883332576308
152508
0.87450149891
152528
0.877863826308
152548
0.888294876453
152568
0.891679914608
152588
0.88995162609
152608
0.899702489099
152628
0.899155159884
152648
0.91498228561
152668
0.920177371003
152688
0.916340388808
152708
0.926929278706
152728
0.92180800327
152748
0.919141760538
152768
0.924348201308
152788
0.924946629724
152808
0.926815724927
152828
0.924201716933
152848
0.913878542878
152868
0.924344794695
152888
0.912348973474
152908
0.924566224564
152928
0.908380268895
152948
0.907512718023
152968
0.89210006359
152988
0.890104923692
153008
0.889099972747
153028
0.900239598474
153048
0.90817246548
153068
0.920435138081
153088
0.913134765625
153108
0.905300690407
153128
0.919725426962
153148
0.930103106831
153168
0.952750272529
153188
0.965226426235
153208
0.965233239462
153228
0.966178006904
153248
1.0
153268
1.0
153288
1.0
153308
1.0
153328
1.0
