133540
0.24896216299
133560
0.253324142157
133580
0.247277113971
133600
0.252711397059
133620
0.25126953125
133640
0.196629901961
133660
0.19495825674
133680
0.199883195466
133700
0.199004289216
133720
0.229243259804
133740
0.217149203431
133760
0.217467064951
133780
0.212352558211
133800
0.197482000613
133820
0.181849341299
133840
0.17819776348
133860
0.1671875
133880
0.192390471814
133900
0.20969286152
133920
0.31550245098
133940
0.284443933824
133960
0.243485753676
133980
0.212503829657
134000
0.186033241422
134020
0.176160386029
134040
0.0438572303922
134060
0.0449199601716
134080
0.0482651654412
134100
0.0440487132353
134120
0.0562691482843
134140
0.0610102634804
134160
0.0586569393382
134180
0.0525505514706
134200
0.049720435049
134220
0.0469286151961
134240
0.0503216911765
134260
0.0543064491422
134280
0.0583773743873
134300
0.0603113511029
134320
0.0561102175245
134340
0.0455556832108
134360
0.0462335324755
134380
0.0458409926471
134400
0.0452952665441
134420
0.0470511642157
134440
0.0477213541667
134460
0.0491249234069
134480
0.0485581341912
134500
0.0488779105392
134520
0.048996629902
134540
0.0492359834559
134560
0.0492091758578
134580
0.0466873468137
134600
0.0488242953431
134620
0.0506280637255
134640
0.0604415594363
134660
0.0694125306373
134680
0.068079810049
134700
0.0688916973039
134720
0.0660979626225
134740
0.0708429074755
134760
0.0815659466912
134780
0.0846143535539
134800
0.098743872549
134820
0.127225030637
134840
0.149163219975
134860
0.152540977328
134880
0.135947074142
134900
0.130671721814
134920
0.116898360907
134940
0.106060431985
134960
0.0962201286765
134980
0.0916973039216
135000
0.099680223652
135020
0.095201439951
135040
0.084792432598
135060
0.0820235906863
135080
0.078626685049
135100
0.0804917279412
135120
0.0819623161765
135140
0.0851945465686
135160
0.165506280637
135180
0.171978400735
135200
0.17766161152
135220
0.155702359069
135240
0.108637791054
135260
0.0859911151961
135280
0.0875861672794
135300
0.083580346201
135320
0.0764112285539
135340
0.0781767003676
135360
0.105214077819
135380
0.111820235907
135400
0.093345971201
135420
0.0786343443627
135440
0.0971277573529
135460
0.128781786152
135480
0.126064644608
135500
0.130206418505
135520
0.126556755515
135540
0.145113357843
135560
0.127150352328
135580
0.118300015319
135600
0.129459635417
135620
0.142311963848
135640
0.152768841912
135660
0.162040441176
135680
0.159579886642
135700
0.151889935662
135720
0.174124923407
135740
0.152048866422
135760
0.147512637868
135780
0.123611749387
135800
0.110012637868
135820
0.105777037377
135840
0.113204656863
135860
0.112674249387
135880
0.161538756127
135900
0.131198299632
135920
0.0908681832108
135940
0.102830116422
135960
0.0970894607843
135980
0.120021446078
136000
0.13511986826
136020
0.136485140931
136040
0.119971660539
136060
0.124073223039
136080
0.132822074142
136100
0.161213235294
136120
0.169322533701
136140
0.110338158701
136160
0.108846507353
136180
0.1072265625
136200
0.107906326593
136220
0.224394914216
136240
0.245875459559
136260
0.245881204044
136280
0.245549938725
136300
0.237392769608
136320
0.220818014706
136340
0.206382123162
136360
0.216762408088
136380
0.217660462623
136400
0.236261106005
136420
0.228887101716
136440
0.216888786765
136460
0.214811197917
136480
0.241473268995
136500
0.25241651348
136520
0.24436083027
136540
0.239255897672
136560
0.247072227328
136580
0.261452588848
136600
0.244791666667
136620
0.293744255515
136640
0.255997242647
136660
0.279878982843
136680
0.274191942402
136700
0.259131816789
136720
0.27744140625
136740
0.24691138174
136760
0.22056908701
136780
0.231830193015
136800
0.119289981618
136820
0.119167432598
136840
0.120002297794
136860
0.118313419118
136880
0.115879672181
136900
0.120519301471
136920
0.122843903186
136940
0.126097196691
136960
0.134095435049
136980
0.145015701593
137000
0.152810968137
137020
0.159972426471
137040
0.218698299632
137060
0.20439453125
137080
0.196497778799
137100
0.17933325674
137120
0.180711933211
137140
0.242041973039
137160
0.201447610294
137180
0.225402113971
137200
0.168053002451
137220
0.246796492034
137240
0.196920955882
137260
0.204402190564
137280
0.182954197304
137300
0.18209252451
137320
0.192947686887
137340
0.207485064338
137360
0.195362285539
137380
0.169548483456
137400
0.15716528799
137420
0.164500995711
137440
0.175390625
137460
0.164887791054
137480
0.336433440564
137500
0.625503599877
137520
0.556209788603
137540
0.376160386029
137560
0.266718367034
137580
0.244199984681
137600
0.132984834559
137620
0.338631663603
137640
0.151371017157
137660
0.254963235294
137680
0.150972732843
137700
0.158086320466
137720
0.15627489277
137740
0.156609987745
137760
0.160523897059
137780
0.155085784314
137800
0.161636412377
137820
0.162027037377
137840
0.158128446691
137860
0.164066329657
137880
0.164554610907
137900
0.172039675245
137920
0.164125689338
137940
0.155035998775
137960
0.146905637255
137980
0.142955346201
138000
0.133607153799
138020
0.141243489583
138040
0.152473958333
138060
0.145984604779
138080
0.141136259191
138100
0.169533164828
138120
0.14602098652
138140
0.99543504902
138160
0.995536534926
138180
0.995536534926
138200
0.995536534926
138220
0.92132544424
138240
0.88820848652
138260
0.884005438113
138280
0.882071461397
138300
0.892721737132
138320
0.931403186275
138340
0.963097426471
138360
0.935701976103
138380
0.88853783701
138400
0.856920189951
138420
0.844483379289
138440
0.846304381127
138460
0.895207184436
138480
0.873881740196
138500
0.79039330576
138520
0.736623008578
138540
0.724417892157
138560
0.718679151348
138580
0.716902190564
138600
0.80725145527
138620
0.85386986826
138640
0.798720894608
138660
0.781602328431
138680
0.782814414828
138700
0.794835707721
138720
0.855487898284
138740
0.865799249387
138760
0.823336014093
138780
0.815427772672
138800
0.823646216299
138820
0.883566942402
138840
0.870720358456
138860
0.808218443627
138880
0.804871323529
138900
0.821830958946
138920
0.884491804534
138940
0.843776807598
138960
0.810654105392
138980
0.80960669424
139000
0.834422870711
139020
0.889365042892
139040
0.813235294118
139060
0.811031326593
139080
0.812369791667
139100
0.848192401961
139120
0.889885876225
139140
0.852728630515
139160
0.840640318627
139180
0.843336397059
139200
0.877031632966
139220
0.890448835784
139240
0.841649433211
139260
0.834679457721
139280
0.84113817402
139300
0.886228553922
139320
0.877315027574
139340
0.81663794424
139360
0.838702512255
139380
0.850327435662
139400
0.88765893076
139420
0.85065870098
139440
0.820053998162
139460
0.819985064338
139480
0.840224800858
139500
0.886046645221
139520
0.813424862132
139540
0.757688036152
139560
0.754656862745
139580
0.760701976103
139600
0.814014629289
139620
0.877347579657
139640
0.82503638174
139660
0.828862208946
139680
0.830313648897
139700
0.894512101716
139720
0.986663219975
139740
0.979968979779
139760
0.97060546875
139780
0.960508578431
139800
0.946949678309
139820
0.932672717525
139840
0.921836703431
139860
0.915286075368
139880
0.900283394608
139900
0.881992953431
139920
0.865598192402
139940
0.884147135417
139960
0.874934895833
139980
0.85300245098
140000
0.835186887255
140020
0.824224494485
140040
0.813304227941
140060
0.800591681985
140080
0.795377604167
140100
0.774375765931
140120
0.770638020833
140140
0.755863204657
140160
0.75407666973
140180
0.744990808824
140200
0.741434972426
140220
0.73099341299
140240
0.770858226103
140260
0.783354396446
140280
0.78674364277
140300
0.779335171569
140320
0.790113740809
140340
0.788288909314
140360
0.78371629902
140380
0.791693474265
140400
0.785550704657
140420
0.78394799326
140440
0.788855698529
140460
0.790127144608
140480
0.792413449755
140500
0.804758348652
140520
0.807140395221
140540
0.818372778799
140560
0.813156786152
140580
0.817917049632
140600
0.812877221201
140620
0.816507735907
140640
0.809736902574
140660
0.809968596814
140680
0.81552734375
140700
0.820224417892
140720
0.816450291054
140740
0.814462699142
140760
0.800423177083
140780
0.783120787377
140800
0.774134497549
140820
0.77513403799
140840
0.813041896446
140860
0.819265088848
140880
0.812635952819
140900
0.811130897672
140920
0.802891390931
140940
0.793095128676
140960
0.779608992034
140980
0.768144914216
141000
0.755572150735
141020
0.74576439951
141040
0.738250612745
141060
0.738118489583
141080
0.718667662377
141100
0.709064797794
141120
0.70959520527
141140
0.785223268995
141160
0.788047640931
141180
0.787040441176
141200
0.777213541667
141220
0.773826210172
141240
0.770419730392
141260
0.764349724265
141280
0.761270680147
141300
0.754130284926
141320
0.749530867034
141340
0.744829963235
141360
0.742878753064
141380
0.736404718137
141400
0.726227405025
141420
0.731050857843
141440
0.826254212623
141460
0.815265012255
141480
0.809654564951
141500
0.812496170343
141520
0.810857077206
141540
0.810692401961
141560
0.804647288603
141580
0.800413602941
141600
0.799211090686
141620
0.799381510417
141640
0.798121553309
141660
0.797233072917
141680
0.801443780637
141700
0.79212622549
141720
0.791616881127
141740
0.831022135417
141760
0.83591260723
141780
0.83818359375
141800
0.837567018995
141820
0.83850145527
141840
0.823849188113
141860
0.813444010417
141880
0.811915977328
141900
0.807276348039
141920
0.79982958027
141940
0.804911534926
141960
0.805464920343
141980
0.811789598652
142000
0.812835094975
142020
0.808741191789
142040
0.833314185049
142060
0.843231081495
142080
0.842137714461
142100
0.839386106005
142120
0.838112745098
142140
0.845590150123
142160
0.852244178922
142180
0.858505667892
142200
0.870040594363
142220
0.870741421569
142240
0.875384880515
142260
0.874412147672
142280
0.868445542279
142300
0.864642693015
142320
0.856644454657
142340
0.891942401961
142360
0.888878676471
142380
0.886016007966
142400
0.891025199142
142420
0.893589154412
142440
0.89035692402
142460
0.878144148284
142480
0.875423177083
142500
0.864047181373
142520
0.857222732843
142540
0.851497395833
142560
0.843903186275
142580
0.841689644608
142600
0.837162990196
142620
0.836410462623
142640
0.833905867034
142660
0.83372778799
142680
0.827316942402
142700
0.82541551777
142720
0.823965992647
142740
0.818068321078
142760
0.819096583946
142780
0.813953354779
142800
0.816500076593
142820
0.812310431985
142840
0.809510952819
142860
0.809388403799
142880
0.805294500613
142900
0.800970818015
142920
0.801508884804
142940
0.851101026348
142960
0.856971890319
142980
0.861552159926
143000
0.856341911765
143020
0.854649203431
143040
0.844142539828
143060
0.829781326593
143080
0.82810010723
143100
0.82053270527
143120
0.816268382353
143140
0.805801930147
143160
0.790085018382
143180
0.785336243873
143200
0.772267539828
143220
0.756181066176
143240
0.80539598652
143260
0.791505821078
143280
0.782308900123
143300
0.772635186887
143320
0.76708984375
143340
0.766542202819
143360
0.790094592525
143380
0.791262637868
143400
0.793112362132
143420
0.778193933824
143440
0.77689185049
143460
0.765561810662
143480
0.755357689951
143500
0.751164215686
143520
0.752129289216
