143385
0.56917573736
143405
0.586741670568
143425
0.578190348002
143445
0.581377282303
143465
0.578960381554
143485
0.477170138889
143505
0.114543831929
143525
0.0958718593945
143545
0.0891107794944
143565
0.117030469725
143585
0.392284058989
143605
0.415677668539
143625
0.428646808677
143645
0.367667368914
143665
0.332546718945
143685
0.337329314919
143705
0.31199477216
143725
0.319731195381
143745
0.300445731898
143765
0.275633973159
143785
0.318014103464
143805
0.323486267166
143825
0.30152446161
143845
0.31118718789
143865
0.269602450062
143885
0.256299742509
143905
0.238625058521
143925
0.245497815231
143945
0.238861091604
143965
0.236858224095
143985
0.273700355025
144005
0.266119986735
144025
0.271547284644
144045
0.254617275281
144065
0.244147452403
144085
0.223747659176
144105
0.202848490169
144125
0.175416471598
144145
0.104005735019
144165
0.0706826427903
144185
0.074820536829
144205
0.0971285892634
144225
0.0424586454432
144245
0.0588351474719
144265
0.0979932311174
144285
0.100583742978
144305
0.0912477567104
144325
0.307386274969
144345
0.305466311642
144365
0.307727645131
144385
0.310141132179
144405
0.100623244382
144425
0.101962390762
144445
0.102990402622
144465
0.101980434613
144485
0.101684905587
144505
0.102690972222
144525
0.102284254057
144545
0.10185315231
144565
0.102312051342
144585
0.135239641854
144605
0.13527085284
144625
0.157120006242
144645
0.168147725499
144665
0.186684612984
144685
0.199506963951
144705
0.197858633739
144725
0.183139727684
144745
0.192657615481
144765
0.178732151217
144785
0.164398993446
144805
0.139497503121
144825
0.145380774032
144845
0.115279728464
144865
0.12358136314
144885
0.116643258427
144905
0.114483360643
144925
0.118703671192
144945
0.116786146223
144965
0.116627165262
144985
0.114498966136
145005
0.112025495474
145025
0.121193235019
145045
0.136286672909
145065
0.15674644975
145085
0.16071414638
145105
0.157613042291
145125
0.172310490793
145145
0.17670051108
145165
0.176113354401
145185
0.211947468009
145205
0.2491275554
145225
0.321939860331
145245
0.241736403714
145265
0.1837434652
145285
0.168282322878
145305
0.136778245943
145325
0.167649812734
145345
0.207883700062
145365
0.208674215824
145385
0.222088112516
145405
0.240614758895
145425
0.254563631398
145445
0.246530216136
145465
0.242436212547
145485
0.239393629057
145505
0.237418558833
145525
0.238142263577
145545
0.240241202403
145565
0.239802785581
145585
0.233372347066
145605
0.231880559457
145625
0.228831636236
145645
0.229946941323
145665
0.0975762718477
145685
0.0990763498752
145705
0.0985311329588
145725
0.0997942025593
145745
0.0986130617978
145765
0.0990509909488
145785
0.098931511392
145805
0.0978435159176
145825
0.0974962936954
145845
0.0974489895443
145865
0.0976372308052
145885
0.097685022628
145905
0.0970271535581
145925
0.359680770131
145945
0.366576447409
145965
0.364070302747
145985
0.0971022549938
146005
0.0958933169476
146025
0.0975670060861
146045
0.0983424040262
146065
0.0975216526217
146085
0.0994791666667
146105
0.0984448150749
146125
0.0984492041199
146145
0.0981073462859
146165
0.101048981742
146185
0.100149227528
146205
0.09935090902
146225
0.0996547284644
146245
0.100384285268
146265
0.103320068664
146285
0.351977020911
146305
0.356213424625
146325
0.356266093165
146345
0.354808930243
146365
0.354371001092
146385
0.35472553839
146405
0.357040515762
146425
0.355901802434
146445
0.12724085128
146465
0.128671679931
146485
0.127843613452
146505
0.127539794007
146525
0.128434183833
146545
0.128076232834
146565
0.127683169476
146585
0.128024539638
146605
0.128705816948
146625
0.128301537141
146645
0.127127711454
146665
0.127694385924
146685
0.128313241261
146705
0.128489778402
146725
0.129636294476
146745
0.129970837235
146765
0.12930565309
146785
0.128317142634
146805
0.128796036205
146825
0.130332201935
146845
0.13126755618
146865
0.130764279026
146885
0.130381456773
146905
0.128076232834
146925
0.129917681024
146945
0.130890585986
146965
0.130337078652
146985
0.130124453808
147005
0.130213697722
147025
0.130919358614
147045
0.130008387953
147065
0.130376580056
147085
0.129462683365
147105
0.130421445849
147125
0.131254876717
147145
0.132372132491
147165
0.131876170412
147185
0.12940269975
147205
0.128990617197
147225
0.127408122659
147245
0.126508856117
147265
0.129006710362
147285
0.128928195225
147305
0.128281542603
147325
0.128902836298
147345
0.128717521067
147365
0.128613647004
147385
0.126993601748
147405
0.13030147862
147425
0.129700667135
147445
0.129438787453
147465
0.0754262250312
147485
0.0695278362984
147505
0.0571536555868
147525
0.0525266268727
147545
0.0506388498752
147565
0.0503555126404
147585
0.0494659995318
147605
0.0809315504057
147625
0.0816971949126
147645
0.0946263459738
147665
0.123871527778
147685
0.118193078964
147705
0.0905001560549
147725
0.106879096442
147745
0.0977576857054
147765
0.113315387016
147785
0.0906274383583
147805
0.0940674742509
147825
0.0700706148564
147845
0.078280079588
147865
0.101530801342
147885
0.109517400125
147905
0.141804677747
147925
0.119215238764
147945
0.182679365637
147965
0.183804911829
147985
0.186152075531
148005
1.0
148025
1.0
148045
1.0
148065
1.0
148085
1.0
148105
1.0
148125
1.0
148145
1.0
148165
1.0
148185
1.0
148205
1.0
148225
1.0
148245
1.0
148265
0.997606507491
148285
0.997638206149
148305
0.997674781523
148325
0.997615285581
148345
0.997633817104
148365
0.997674293851
148385
0.997652348627
148405
0.995090609395
148425
0.994853600968
148445
0.997246118134
148465
0.997349992197
148485
0.997298299001
148505
0.997315855181
148525
0.997348529182
148545
0.994886274969
148565
0.994851650281
148585
0.993040925406
148605
0.994976494226
148625
0.994541491105
148645
0.989104927434
148665
0.987734570069
148685
0.984117509363
148705
0.981871293695
148725
0.979765039794
148745
0.978105493134
148765
0.9780338054
148785
0.977064314139
148805
0.975224816635
148825
0.977001892166
148845
0.977286204744
148865
0.976610779494
148885
0.978384441323
148905
0.977410561017
148925
0.977699750312
148945
0.97684437422
148965
0.974302141854
148985
0.974459172129
149005
0.97060607834
149025
0.973189762797
149045
0.972976162609
149065
0.97563446083
149085
0.976172362672
149105
0.979339790106
149125
0.982927590512
149145
0.984170665574
149165
0.987900378433
149185
0.992041198502
149205
0.993868991885
149225
0.992561544164
149245
0.994842384519
149265
0.99476923377
149285
0.994852625624
149305
0.994832143414
149325
0.997471422441
149345
0.997462156679
149365
0.997542622503
149385
0.997422655275
149405
1.0
149425
0.997438748439
149445
0.995639727684
149465
0.990053936486
149485
0.988793792915
149505
0.984551537141
149525
0.982883700062
149545
0.979084737828
149565
0.978344452247
149585
0.973094666823
149605
0.96813016932
149625
0.968832904182
149645
0.970334932896
149665
0.969019194757
149685
0.970468554931
149705
0.968595895755
149725
0.968691479401
149745
0.968122854245
149765
0.971575081929
149785
0.970293480805
149805
0.971310763889
149825
0.967376228933
149845
0.966619850187
149865
0.962708235799
149885
0.959820244226
149905
0.959262347846
149925
0.955937402466
149945
0.951574691792
149965
0.951124570849
149985
0.945646555087
150005
0.947432408708
150025
0.941198014201
150045
0.942623478464
150065
0.938141288233
150085
0.940485038233
150105
0.938383661049
150125
0.934819268883
150145
0.939161985019
150165
0.933425990949
150185
0.937683852216
150205
0.93544982834
150225
0.937089380462
150245
0.936611462235
150265
0.937306882022
150285
0.940720095974
150305
0.940275339419
150325
0.944104537297
150345
0.939218554931
150365
0.935124551342
150385
0.940689860331
150405
0.939719393727
150425
0.942901938983
150445
0.937046465356
150465
0.939291218009
150485
0.937987183989
150505
0.937454646536
150525
0.938581655743
150545
0.942749297753
150565
0.945815289482
150585
0.945035990169
150605
0.950498400437
150625
0.947548474563
150645
0.951320614856
150665
0.952458840512
150685
0.952318878745
150705
0.948774481117
150725
0.94777085284
150745
0.946659936798
150765
0.945515859082
150785
0.946098139045
150805
0.941001970194
150825
0.942359160424
150845
0.943641736891
150865
0.941707143414
150885
0.940648895911
150905
0.950371605805
150925
0.953096715044
150945
0.956298279494
150965
0.961215960518
150985
0.963193956773
151005
0.959136528558
151025
0.965928819444
151045
0.966920743602
151065
0.966230688202
151085
0.970662160581
151105
0.962915983926
151125
0.958886840668
151145
0.955241495006
151165
0.95964809613
151185
0.963068137484
151205
0.95831187578
151225
0.950222865949
151245
0.957752516386
151265
0.956084191635
151285
0.950861228152
151305
0.94649022706
151325
0.937786263265
151345
0.930014727684
151365
0.919693644663
151385
0.908730298065
151405
0.90936329588
151425
0.901794144039
151445
0.886422733302
151465
0.887204470974
151485
0.897305614076
151505
0.89881056882
151525
0.904395384675
151545
0.906667934613
151565
0.918814372659
151585
0.91884412063
151605
0.924635221598
151625
0.934618348159
151645
0.936426147004
151665
0.929763089107
151685
0.923956382647
151705
0.92980210284
151725
0.940028577559
151745
0.937005500936
151765
0.939789130774
151785
0.945690933208
151805
0.944457123908
151825
0.949303604869
151845
0.958932194132
151865
0.959565679619
151885
0.958136801654
151905
0.952181355337
151925
0.946740890293
151945
0.945247639669
151965
0.945920626561
151985
0.952748029806
152005
0.959209679307
152025
0.958010982366
152045
0.959006807896
152065
0.969581967853
152085
0.979631417759
152105
0.985687324438
152125
0.992794163546
152145
0.992892185549
152165
0.992629818196
152185
0.992657127809
152205
0.99124775671
152225
0.991309691011
152245
0.991324321161
152265
0.991308715668
152285
0.991447214419
152305
0.996354166667
152325
0.996351240637
152345
0.996422440699
152365
0.99644926264
152385
0.996238100811
152405
0.99717150437
152425
0.997041783708
152445
0.996899383583
152465
0.996751131398
152485
0.996726260144
152505
0.997022276841
152525
0.997010572722
152545
0.997166627653
152565
0.997012035737
152585
0.997033005618
152605
1.0
152625
1.0
152645
0.98489778402
152665
0.984899734707
152685
0.984876814139
152705
0.984905099095
152725
0.984909975811
152745
1.0
152765
1.0
152785
1.0
152805
1.0
152825
0.982570127185
152845
0.98265693274
152865
0.982654982054
152885
0.982654982054
152905
0.982654982054
152925
0.982657420412
152945
0.980703320069
152965
1.0
