115336
0.0752364813113
115356
0.0789225260417
115376
0.103419883578
115396
0.121112419577
115416
0.0625660615809
115436
0.115973977482
115456
0.121817555147
115476
0.115043849571
115496
0.0798263250613
115516
0.0730416092218
115536
0.0717433555453
115556
0.0715791590074
115576
0.0738980162377
115596
0.125098134957
115616
0.126292987898
115636
0.108697629442
115656
0.105414656097
115676
0.115187940411
115696
0.115333467371
115716
0.0889164943321
115736
0.102836339614
115756
0.142472330729
115776
0.178190582874
115796
0.160963350184
115816
0.135457835478
115836
0.123468137255
115856
0.11577722886
115876
0.0760115081189
115896
0.0758784275429
115916
0.0757486979167
115936
0.0748726639093
115956
0.170028147978
115976
0.20038727405
115996
0.205037913603
116016
0.217959175858
116036
0.218732766544
116056
0.111967198989
116076
0.112749406403
116096
0.108129404105
116116
0.206418504902
116136
0.203158988205
116156
0.20171807981
116176
0.179537185968
116196
0.135764686734
116216
0.105200195312
116236
0.114091701134
116256
0.114957203585
116276
0.152225030637
116296
0.16240904565
116316
0.157098747702
116336
0.151541436887
116356
0.148930089614
116376
0.150772154565
116396
0.150300628064
116416
0.153819604013
116436
0.077747778799
116456
0.0778114468444
116476
0.0795884076287
116496
0.0793074065564
116516
0.0797913794424
116536
0.121560968137
116556
0.12591193704
116576
0.127616613051
116596
0.12700769761
116616
0.128268612132
116636
0.127232689951
116656
0.0966567095588
116676
0.0956964231005
116696
0.0965221928615
116716
0.0959032245711
116736
0.096466662837
116756
0.0942713120404
116776
0.0958338120404
116796
0.094997510723
116816
0.126563457414
116836
0.125084731158
116856
0.127052696078
116876
0.18826641008
116896
0.202310240502
116916
0.185584214154
116936
0.18722522212
116956
0.18500402114
116976
0.0808038449755
116996
0.0808435776654
117016
0.0828101064645
117036
0.180827780331
117056
0.182907284007
117076
0.180971392463
117096
0.096502087163
117116
0.095627489277
117136
0.0948663449755
117156
0.0943383310355
117176
0.0946743834252
117196
0.0927021101409
117216
0.0972330729167
117236
0.140711645987
117256
0.141578584559
117276
0.141321997549
117296
0.138891601562
117316
0.137511010263
117336
0.0787841796875
117356
0.0784007352941
117376
0.0783332375919
117396
0.0779665479473
117416
0.0843534581801
117436
0.0811284083946
117456
0.0808976715686
117476
0.0776817172181
117496
0.0740354051777
117516
0.0678184359681
117536
0.151436121324
117556
0.155735389859
117576
0.171477194393
117596
0.182536764706
117616
0.177068493413
117636
0.154340916054
117656
0.150041647518
117676
0.143111883425
117696
0.102994791667
117716
0.10147154565
117736
0.103339939491
117756
0.0989334405637
117776
0.155386412377
117796
0.14384765625
117816
0.195618872549
117836
0.328007716759
117856
0.35355870864
117876
0.349929630055
117896
0.0880500344669
117916
0.0882156671262
117936
0.0904411764706
117956
0.383658854167
117976
0.322061695772
117996
0.369864908854
118016
0.473221124387
118036
0.525008138021
118056
0.52790814568
118076
0.54859307981
118096
0.566137216605
118116
0.56511517693
118136
0.0944896024816
118156
0.0933493221507
118176
0.0925867417279
118196
0.0910721124387
118216
0.091273169424
118236
0.0898485370711
118256
0.105262427237
118276
0.117383769914
118296
0.12374865962
118316
0.139595779718
118336
0.127067535999
118356
0.1275323606
118376
0.134544462316
118396
0.134753657322
118416
0.160075827206
118436
0.158513327206
118456
0.105058498009
118476
0.100653913909
118496
0.140141027114
118516
0.136405675551
118536
0.149959788603
118556
0.155423272825
118576
0.134760359222
118596
0.14044787837
118616
0.137339154412
118636
0.129764571844
118656
0.131725356158
118676
0.115748506434
118696
0.116677198223
118716
0.113883942249
118736
0.115359796262
118756
0.116769588695
118776
0.117468022365
118796
0.115230545343
118816
0.122176585478
118836
0.123893229167
118856
0.117690142463
118876
0.118598728554
118896
0.119295726103
118916
0.113316674326
118936
0.114366000306
118956
0.11671405867
118976
0.116551298254
118996
0.0789857153799
119016
0.0800881778493
119036
0.0796913296569
119056
0.080078125
119076
0.0785548789828
119096
0.0803280101103
119116
0.0713637408088
119136
0.0716681985294
119156
0.0719563802083
119176
0.0715355966605
119196
0.0720344094669
119216
0.0721143535539
119236
0.0727778416054
119256
0.0723182827819
119276
0.0726011986826
119296
0.0788492838542
119316
0.0791355507047
119336
0.0769804113051
119356
0.0768277037377
119376
0.0764366000306
119396
0.0762609145221
119416
0.0762494255515
119436
0.0767951516544
119456
0.0772571040135
119476
0.0760723039216
119496
0.0751886106005
119516
0.0744729434743
119536
0.0756788066789
119556
0.0765830844056
119576
0.076762120864
119596
0.075257544424
119616
0.0753776999081
119636
0.0738937078738
119656
0.0742048674939
119676
0.0736988740809
119696
0.0743412990196
119716
0.0749674479167
119736
0.0738520603554
119756
0.0742651845895
119776
0.0745308670343
119796
0.0764629289216
119816
0.0765107996324
119836
0.0498448988971
119856
0.0483958524816
119876
0.049622778799
119896
0.0500382965686
119916
0.0490253523284
119936
0.0497501148897
119956
0.0511374080882
119976
0.0512183095895
119996
0.052214977788
120016
0.0503154679841
120036
0.0511402803309
120056
0.0705322265625
120076
0.0719999425551
120096
0.0777338962929
120116
0.0783830231311
120136
0.0782652611826
120156
0.0933694278493
120176
0.0954087201287
120196
0.0966169768689
120216
0.0773743872549
120236
0.0785098805147
120256
0.0780019722733
120276
0.0766041475184
120296
0.0759219898897
120316
0.0757463043811
120336
0.0756649241728
120356
0.0748956418505
120376
0.0760426240809
120396
0.0770871629902
120416
0.0754566865809
120436
0.0751235064338
120456
0.077312634038
120476
0.0525553385417
120496
0.0519828048407
120516
0.0520885991115
120536
0.053471105239
120556
0.0521412568934
120576
0.0518056832108
120596
0.0502427045037
120616
0.0490377987132
120636
0.0466677198223
120656
0.0482536764706
120676
0.04673761106
120696
0.0473369523591
120716
0.05357354856
120736
0.0565539790135
120756
0.0650409773284
120776
0.0747611251532
120796
0.0845406326593
120816
0.091885435815
120836
0.093581495098
120856
0.102418428309
120876
0.0919620289522
120896
0.0418088426777
120916
0.040500536152
120936
0.0418844784007
120956
0.0418107575061
120976
0.0415292777267
120996
0.0410792930453
121016
0.0437815946691
121036
0.0435451133578
121056
0.0442985983456
121076
0.0439161113664
121096
0.0477189606311
121116
0.0496342677696
121136
0.0512791053922
121156
0.0542322495404
121176
0.0609738817402
121196
0.0642018037684
121216
0.0638652726716
121236
0.0651472503064
121256
0.0666882084865
121276
0.0687787224265
121296
0.0742613549326
121316
0.0792279411765
121336
0.0871294806985
121356
0.0915599149816
121376
0.09501953125
121396
0.095485791973
121416
0.0893813189338
121436
0.09306640625
121456
0.0997702205882
121476
0.114909332874
121496
0.126460535386
121516
0.134930300245
121536
0.14513537837
121556
0.14902678845
121576
0.152131204044
121596
0.162559359681
121616
0.168645163143
121636
0.183652630974
121656
0.165626914828
121676
0.152685068168
121696
0.144222962623
121716
0.141175991881
121736
0.140931372549
121756
0.138273111979
121776
0.1321255553
121796
0.121956858915
121816
0.113416724112
121836
0.100995232077
121856
0.0987869561887
121876
0.096066942402
121896
0.0944182751225
121916
0.0926963656556
121936
0.0933612898284
121956
0.0915441176471
121976
0.0944489123775
121996
0.0887140012255
122016
0.0856249042586
122036
0.0865176930147
122056
0.083682310815
122076
0.0840226715686
122096
0.0839652267157
122116
0.0828373927696
122136
0.0830504174326
122156
0.081884765625
122176
0.0822528913909
122196
0.0805324180453
122216
0.0787832222733
122236
0.0801561542586
122256
0.0785754633885
122276
0.0776352826287
122296
0.0812748927696
122316
0.126017731311
122336
0.287603879442
122356
1.0
122376
1.0
122396
1.0
122416
1.0
122436
0.995229204963
122456
0.993162626379
122476
0.990879193474
122496
0.985577033548
122516
0.985386029412
122536
0.975462431066
122556
0.975295840993
122576
0.975426528033
122596
0.975550034467
122616
0.975295840993
122636
0.978755457261
122656
0.982338579963
122676
0.982110236673
122696
0.986131376379
122716
0.979744944853
122736
0.976892807904
122756
0.967063993566
122776
0.963005514706
122796
0.961921243107
122816
0.945506376379
122836
0.934828814338
122856
0.915718347886
122876
0.902625229779
122896
0.890436868107
122916
0.882740693934
122936
0.881014476103
122956
0.881784237132
122976
0.880395507812
122996
0.866679113051
123016
0.871478630515
123036
0.873403033088
123056
0.880870863971
123076
0.88830279182
123096
0.888832720588
123116
0.880419921875
123136
0.87405646829
123156
0.877378216912
123176
0.878847369026
123196
0.881983857996
123216
0.87447868796
123236
0.879921587776
123256
0.879803825827
123276
0.874856387868
123296
0.876393037684
123316
0.884584673713
123336
0.899158432904
123356
0.900979434743
123376
0.892312442555
123396
0.888732192096
123416
0.890110868566
123436
0.890808823529
123456
0.898312557445
123476
0.892392865349
123496
0.894975011489
123516
0.900669232537
123536
0.895222024357
123556
0.889422966452
123576
0.900212545956
123596
0.89234978171
123616
0.888775275735
123636
0.879441923254
123656
0.86108972886
123676
0.870121495864
123696
0.875870289522
123716
0.88505859375
123736
0.88761919807
123756
0.897574391085
123776
0.905615234375
123796
0.91214240579
123816
0.915208524816
123836
0.930201631434
123856
0.93728314568
123876
0.940261661305
123896
0.934848920037
123916
0.927840647978
123936
0.923138786765
123956
0.921587775735
123976
0.925413602941
123996
0.91337890625
124016
0.916926125919
124036
0.916310029871
124056
0.92506462546
124076
0.929503676471
124096
0.927764533548
124116
0.927557732077
124136
0.934807272518
124156
0.922228285846
124176
0.912672334559
124196
0.909551642923
124216
0.905185834099
124236
0.883827837776
124256
0.876499310662
124276
0.848999023438
124296
0.841002699908
124316
0.835430549173
124336
0.836949965533
124356
0.850573012408
124376
0.866345932904
124396
0.877240349265
124416
0.897947782629
124436
0.919279928768
124456
0.931334731158
124476
0.961832203585
124496
0.978063246783
124516
1.0
124536
0.993538890165
124556
0.993379480699
124576
0.993376608456
124596
0.993464211857
124616
1.0
124636
0.988905962776
124656
0.988904526654
124676
0.988905962776
124696
1.0
124716
1.0
124736
1.0
124756
1.0
124776
1.0
124796
1.0
124816
1.0
124836
1.0
124856
1.0
124876
1.0
124896
1.0
124916
1.0
