179669
0.82336138557
179689
0.837415747549
179709
0.857731598499
179729
0.87906518076
179749
0.901905254289
179769
0.917751416973
179789
0.936437748928
179809
0.941017539828
179829
0.930891448376
179849
0.922720396752
179869
0.916549383425
179889
0.91263403799
179909
0.898603611366
179929
0.892930453431
179949
0.871469056373
179969
0.862005495558
179989
0.856498927696
180009
0.85750134038
180029
0.860779047947
180049
0.869738051471
180069
0.866182693781
180089
0.865622606464
180109
0.873168466605
180129
0.86520134421
180149
0.88109777114
180169
0.88863214231
180189
0.887733130362
180209
0.889386584712
180229
0.88345301011
180249
0.878013939951
180269
0.888798732384
180289
0.893679630055
180309
0.894988893995
180329
0.894367053462
180349
0.897491096048
180369
0.902754959406
180389
0.897411151961
180409
0.89746428845
180429
0.89774720435
180449
0.905838790594
180469
0.901039273131
180489
0.900305893842
180509
0.903372970282
180529
0.900534715839
180549
0.900043562347
180569
0.899987074908
180589
0.905814376532
180609
0.904342830882
180629
0.907322303922
180649
0.907158107384
180669
0.915239640778
180689
0.914653224571
180709
0.911890127145
180729
0.91302801394
180749
0.909504250919
180769
0.910413794424
180789
0.906485523897
180809
0.904215016085
180829
0.897944910386
180849
0.889207548254
180869
0.883871400123
180889
0.883586569393
180909
0.884271599265
180929
0.878288239124
180949
0.876726217831
180969
0.872765395221
180989
0.875552428002
181009
0.867254518995
181029
0.854164273131
181049
0.856953220741
181069
0.862618240656
181089
0.869612151501
181109
0.86494810815
181129
0.870548981311
181149
0.868513997396
181169
0.873981311275
181189
0.873026290594
181209
0.889498123468
181229
0.900285309436
181249
0.898713714001
181269
0.894470932904
181289
0.886892041973
181309
0.890905043658
181329
0.894574812347
181349
0.886097388174
181369
0.870427389706
181389
0.857787128523
181409
0.856856043199
181429
0.863495710784
181449
0.861211320466
181469
0.865290383732
181489
0.859054744945
181509
0.859666053922
181529
0.855409390319
181549
0.857990100337
181569
0.872316367953
181589
0.882902018229
181609
0.885405656403
181629
0.885855641085
181649
0.890230545343
181669
0.889594822304
181689
0.887483723958
181709
0.88796338848
181729
0.876396867341
181749
0.864528760723
181769
0.85856071921
181789
0.857057578891
181809
0.863720703125
181829
0.858225145527
181849
0.858737840839
181869
0.853150371477
181889
0.853767424939
181909
0.850521790748
181929
0.864910768995
181949
0.883174402574
181969
0.890821748621
181989
0.886113185509
182009
0.887853764553
182029
0.891282264859
182049
0.886872893689
182069
0.890010818781
182089
0.886124195772
182109
0.890998391544
182129
0.89041149663
182149
0.892060642616
182169
0.891841873468
182189
0.886490885417
182209
0.885596660539
182229
0.885122261795
182249
0.887338675705
182269
0.892884976256
182289
0.89097589231
182309
0.888288909314
182329
0.89012187883
182349
0.88533002068
182369
0.887309953278
182389
0.891256414675
182409
0.890657552083
182429
0.891829427083
182449
0.8930697572
182469
0.889392329197
182489
0.889039043352
182509
0.88802801394
182529
0.886279775582
182549
0.884984394148
182569
0.882790000766
182589
0.887342505362
182609
0.898031556373
182629
0.892450310202
182649
0.887331495098
182669
0.888302313113
182689
0.886482268689
182709
0.88884564568
182729
0.890538832721
182749
0.89474140242
182769
0.901051719516
182789
0.900757793352
182809
0.894337373621
182829
0.894982192096
182849
0.896156939338
182869
0.893197571998
182889
0.896207203585
182909
0.898888920803
182929
0.897839594822
182949
0.896418313419
182969
0.895615042892
182989
0.888433957567
183009
0.889815027574
183029
0.886232383578
183049
0.886592371324
183069
0.89390893076
183089
0.898204369638
183109
0.896971698836
183129
0.892249253217
183149
0.887218520221
183169
0.883459233303
183189
0.882175340839
183209
0.874893248315
183229
0.879395009957
183249
0.886186427696
183269
0.886899701287
183289
0.886506204044
183309
0.887152937347
183329
0.887941846661
183349
0.889890184589
183369
0.889036649816
183389
0.89240100337
183409
0.896897499234
183429
0.899613683364
183449
0.8938510072
183469
0.891143918505
183489
0.891805491728
183509
0.890046243107
183529
0.89025926777
183549
0.877489276961
183569
0.864162549786
183589
0.852200137868
183609
0.857766065411
183629
0.859983915441
183649
0.860868566176
183669
0.864776252298
183689
0.865190333946
183709
0.865757601869
183729
0.871745749081
183749
0.88287712546
183769
0.899199123009
183789
0.9151333678
183809
0.919420668658
183829
0.923709884344
183849
0.92032733992
183869
0.926796109069
183889
0.919987936581
183909
0.919637522978
183929
0.9105401731
183949
0.905311255362
183969
0.905465877757
183989
0.899768784467
184009
0.887631165748
184029
0.886184512868
184049
0.888611079197
184069
0.879067574295
184089
0.875191482843
184109
0.876687442555
184129
0.883415670956
184149
0.890388039982
184169
0.893245442708
184189
0.894010416667
184209
0.900376263787
184229
0.906421377145
184249
0.904678883272
184269
0.902595071232
184289
0.900890395221
184309
0.903565889246
184329
0.910188323376
184349
0.907528626685
184369
0.904462028952
184389
0.907397460937
184409
0.907662664675
184429
0.903759286918
184449
0.899128753064
184469
0.8981478822
184489
0.90332366345
184509
0.900430836397
184529
0.892969707414
184549
0.892705461091
184569
0.885627297794
184589
0.883340035233
184609
0.884465475643
184629
0.88013604856
184649
0.87759698606
184669
0.882968558517
184689
0.87894263174
184709
0.876275754442
184729
0.87639208027
184749
0.882356292126
184769
0.886808746936
184789
0.887886316636
184809
0.890545055913
184829
0.902587411918
184849
0.893445063572
184869
0.890051030178
184889
0.886115579044
184909
0.879892865349
184929
0.875519875919
184949
0.8752896178
184969
0.87052265242
184989
0.869855334712
185009
0.873108628217
185029
0.856558766085
185049
0.862315219056
185069
0.85025323606
185089
0.847266582414
185109
0.852675494026
185129
0.853779392616
185149
0.852563476562
185169
0.852060834099
185189
0.849592620251
185209
0.84915412454
185229
0.862813553156
185249
0.87752422258
185269
0.880198280484
185289
0.88936217065
185309
0.889704446232
185329
0.884437231924
185349
0.883856081495
185369
0.874684053309
185389
0.873212986366
185409
0.872673483456
185429
0.879015873928
185449
0.878209731158
185469
0.860096890319
185489
0.849594056373
185509
0.841715973499
185529
0.843817018995
185549
0.845553289675
185569
0.853990502451
185589
0.860392252604
185609
0.862057195925
185629
0.862303251379
185649
0.869451305913
185669
0.886338656556
185689
0.900201056985
185709
0.898194795496
185729
0.903082873775
185749
0.899589269301
185769
0.899589269301
185789
0.894728477328
185809
0.894302428002
185829
0.893381874234
185849
0.887560317096
185869
0.880981445312
185889
0.878273399203
185909
0.864847579657
185929
0.8667901731
185949
0.870025754442
185969
0.858129404105
185989
0.842551796109
186009
0.83627355239
186029
0.819273705576
186049
0.820792643229
186069
0.823985619638
186089
0.833822571998
186109
0.846138748468
186129
0.846931008732
186149
0.851077090993
186169
0.86618604473
186189
0.874924842984
186209
0.879242781097
186229
0.894108072917
186249
0.897713694853
186269
0.896074123009
186289
0.891492895987
186309
0.88214374617
186329
0.878445733762
186349
0.882684685202
186369
0.862639303768
186389
0.8585870481
186409
0.863167796415
186429
0.862913124234
186449
0.861193129596
186469
0.861101217831
186489
0.854846909467
186509
0.862277401195
186529
0.860870002298
186549
0.862151501225
186569
0.874892290901
186589
0.886322380515
186609
0.889594822304
186629
0.8859307981
186649
0.893532666973
186669
0.897647633272
186689
0.897455193015
186709
0.897695025276
186729
0.900216375613
186749
0.899547143076
186769
0.899930587469
186789
0.895931946998
186809
0.8938510072
186829
0.903044577206
186849
0.899311140472
186869
0.899806602328
186889
0.899265184589
186909
0.896236883425
186929
0.890935680913
186949
0.890454101563
186969
0.889405732996
186989
0.889659447763
187009
0.896150237439
187029
0.89318560432
187049
0.888493795956
187069
0.890551757812
187089
0.89570647595
187109
0.897122491575
187129
0.891800704657
187149
0.890061083027
187169
0.890504365809
187189
0.894600662531
187209
0.891861021752
187229
0.894711243873
187249
0.90003973269
187269
0.899462890625
187289
0.900856407016
187309
0.902258061428
187329
0.89802868413
187349
0.893334960937
187369
0.877496936275
187389
0.881286860447
187409
0.880473058364
187429
0.872843903186
187449
0.871778301164
187469
0.871301508885
187489
0.873850624234
187509
0.877873678768
187529
0.879077148437
187549
0.8872979856
187569
0.89514208027
187589
0.896506395527
187609
0.894679649203
187629
0.899429381127
187649
0.903445733762
187669
0.906084367341
187689
0.91155981924
187709
0.905951765472
187729
0.89904497932
187749
0.903949812347
187769
0.888685757506
187789
0.872795553768
187809
0.877785117953
187829
0.872557157629
187849
0.868956322763
187869
0.874715169271
187889
0.881090590533
187909
0.891205671722
187929
0.898789349724
187949
0.900750134038
187969
0.926063208487
187989
0.948659620098
188009
0.95564922258
188029
0.950899490656
188049
0.948997108609
188069
0.939067287071
188089
0.937296070772
188109
0.939343979779
188129
0.936855660233
188149
0.935335765165
188169
0.934065755208
188189
0.93236395144
188209
0.912617283241
188229
0.901353783701
188249
0.893581495098
188269
0.892246859681
188289
0.890437825521
188309
0.889062021293
188329
0.891779641544
188349
0.878868432138
188369
0.876694623162
188389
0.879434742647
188409
0.902213541667
188429
0.92197265625
188449
0.94097924326
188469
0.947877891391
188489
0.954210229013
188509
0.961805874694
188529
0.962589039522
188549
0.974284332874
188569
0.975625191483
188589
0.978889495251
188609
0.966435929841
188629
0.958483168658
188649
0.957777075674
188669
0.952566827512
188689
0.941893095129
188709
0.941820810355
188729
0.932657877604
188749
0.939714977788
188769
0.938064874387
188789
0.928824869792
188809
0.938811657475
188829
0.929084807751
188849
0.920486749387
188869
0.920366115196
188889
0.906003944547
188909
0.904321289062
188929
0.913446882659
188949
0.91333917356
188969
0.920787377451
188989
0.93616919424
189009
0.93751819087
189029
0.952785596661
189049
0.963683363971
189069
0.975305415135
189089
1.0
189109
1.0
189129
1.0
189149
1.0
189169
1.0
189189
1.0
189209
1.0
189229
1.0
189249
1.0
