155456
0.258895186055
155476
0.258403706045
155496
0.25617736934
155516
0.267785103565
155536
0.282025228805
155556
0.27646804251
155576
0.266253838512
155596
0.268790643064
155616
0.26160660525
155636
0.260744445448
155656
0.274053167148
155676
0.278257466281
155696
0.274183375482
155716
0.279985172808
155736
0.274116389692
155756
0.273572224229
155776
0.271374864523
155796
0.261117006864
155816
0.272590769509
155836
0.167941654624
155856
0.297308902336
155876
0.467613875843
155896
0.722084236513
155916
0.616230130058
155936
0.514067392221
155956
0.5137832671
155976
0.537869174494
155996
0.57972626144
156016
0.69637862777
156036
0.391238032876
156056
0.415675427505
156076
0.580677610188
156096
0.555212849229
156116
0.195405452192
156136
0.115625
156156
0.343908056358
156176
0.436265655106
156196
0.255035600313
156216
0.62620499157
156236
0.360757240487
156256
0.262852616209
156276
0.0985029804913
156296
0.0940789077553
156316
0.0489940841763
156336
0.136711976156
156356
0.136267160405
156376
0.218944559851
156396
0.136859495424
156416
0.38614974711
156436
0.408909862717
156456
0.625827914258
156476
0.903517130299
156496
0.67560287211
156516
0.781513050939
156536
0.790557637885
156556
0.733083830082
156576
0.75939193461
156596
0.851442828757
156616
0.717393349591
156636
0.645688072013
156656
0.691111211464
156676
0.405691910525
156696
0.258519990366
156716
0.263454359345
156736
0.221584101036
156756
0.27982711645
156776
0.162508279143
156796
0.145164228083
156816
0.147099289499
156836
0.148440510597
156856
0.145409591763
156876
0.297940751445
156896
0.451457881744
156916
0.40025665342
156936
0.309924434008
156956
0.163909712187
156976
0.154098175578
156996
0.154671694364
157016
0.161703697013
157036
0.165434203396
157056
0.174017416305
157076
0.151118813223
157096
0.142457701108
157116
0.142538987235
157136
0.150642009875
157156
0.173330623796
157176
0.228306012163
157196
0.289905843569
157216
0.180000225795
157236
0.192005735188
157256
0.271306749759
157276
0.3003631533
157296
0.199333152697
157316
0.176064246146
157336
0.23845398302
157356
0.15698609104
157376
0.101211765414
157396
0.0827624488198
157416
0.0623795761079
157436
0.172813177384
157456
0.180789378613
157476
0.150000376325
157496
0.436346941233
157516
0.213101366811
157536
0.265729618256
157556
0.310314682683
157576
0.285310919436
157596
0.225980325747
157616
0.245205623796
157636
0.259381773844
157656
0.301446215679
157676
0.201316759995
157696
0.185211569725
157716
0.240862460862
157736
0.238943957731
157756
0.26572021014
157776
0.166544737476
157796
0.142744460501
157816
0.173232403059
157836
0.254148603083
157856
0.270621838873
157876
0.270910479889
157896
0.283267476517
157916
0.165782303709
157936
0.152147684851
157956
0.135253718088
157976
0.150400785766
157996
0.156619174494
158016
0.152382887765
158036
0.166753221339
158056
0.17829208815
158076
0.19625594593
158096
0.184234254576
158116
0.182127589114
158136
0.115036804552
158156
0.121527276012
158176
0.139719562861
158196
0.120978218329
158216
0.126224184128
158236
0.123962472905
158256
0.201514330443
158276
0.997587758911
158296
0.997599801301
158316
0.997616359586
158336
0.997616359586
158356
0.997616359586
158376
0.997250572013
158396
0.997226487235
158416
0.997226487235
158436
0.997616359586
158456
0.997616359586
158476
0.997226487235
158496
0.954967861874
158516
0.955946682322
158536
0.954356334297
158556
0.942998479648
158576
0.938962773964
158596
0.941965844774
158616
0.938767837789
158636
0.934545098748
158656
0.928925442558
158676
0.915585109586
158696
0.900606259032
158716
0.887286623916
158736
0.885813689186
158756
0.868899400891
158776
0.855256879215
158796
0.849712487958
158816
0.847714203998
158836
0.844618933646
158856
0.842592801662
158876
0.84497192618
158896
0.851247139933
158916
0.853016618497
158936
0.854456436657
158956
0.863288023844
158976
0.870373464595
158996
0.882453109947
159016
0.890450761681
159036
0.882844863921
159056
0.889136259634
159076
0.893523828878
159096
0.899417825747
159116
0.900257406069
159136
0.901430033719
159156
0.902642551782
159176
0.895217666185
159196
0.892594683285
159216
0.885284200385
159236
0.890187710742
159256
0.889180665944
159276
0.897661142221
159296
0.89290176421
159316
0.888254530949
159336
0.880762659562
159356
0.875531370424
159376
0.879043984827
159396
0.882089956647
159416
0.889258188825
159436
0.892327869099
159456
0.878195749037
159476
0.871553995063
159496
0.87600478685
159516
0.879743948699
159536
0.878413641016
159556
0.873033703637
159576
0.870367443401
159596
0.869454479769
159616
0.854996838873
159636
0.858732237476
159656
0.85856552565
159676
0.874479919316
159696
0.888016317437
159716
0.88584228986
159736
0.892587156792
159756
0.884521013969
159776
0.889591988801
159796
0.900575400409
159816
0.906436280708
159836
0.917239056479
159856
0.919933541065
159876
0.92119460501
159896
0.922641573338
159916
0.918914453878
159936
0.914444845857
159956
0.91688644027
159976
0.920757315751
159996
0.928126881623
160016
0.920546197616
160036
0.915661503492
160056
0.917971007948
160076
0.919431523964
160096
0.92109375
160116
0.905700942317
160136
0.895068265294
160156
0.881930771315
160176
0.877826574542
160196
0.882450475674
160216
0.866280557563
160236
0.884689231093
160256
0.882853143064
160276
0.875064351517
160296
0.868176104889
160316
0.862621176541
160336
0.870897308526
160356
0.878984901855
160376
0.883128989041
160396
0.891395336585
160416
0.88318129817
160436
0.879771044075
160456
0.87455367895
160476
0.86282363921
160496
0.867961223507
160516
0.869696080202
160536
0.866499202192
160556
0.859788957129
160576
0.856092319966
160596
0.854340528661
160616
0.849622922688
160636
0.852098762645
160656
0.851508685573
160676
0.853366600434
160696
0.849262403661
160716
0.854516272278
160736
0.85715393184
160756
0.853417780588
160776
0.858365697254
160796
0.862024701951
160816
0.860803152095
160836
0.8712890625
160856
0.874336915944
160876
0.874904037211
160896
0.872816564306
160916
0.88282943461
160936
0.885135552144
160956
0.88539596881
160976
0.887038625963
160996
0.896952146556
161016
0.884712186898
161036
0.882181027216
161056
0.873342666185
161076
0.872161759393
161096
0.877932321773
161116
0.876848883068
161136
0.884026147038
161156
0.876926782274
161176
0.887475162572
161196
0.892341793112
161216
0.889084703155
161236
0.901995273362
161256
0.898604211826
161276
0.902478474229
161296
0.899736572736
161316
0.905300156551
161336
0.900623946291
161356
0.905352089355
161376
0.902998554913
161396
0.900493361633
161416
0.896079449663
161436
0.901197088752
161456
0.898263261681
161476
0.891319319003
161496
0.894915101156
161516
0.883228715077
161536
0.888112656551
161556
0.888352751686
161576
0.885325219774
161596
0.884439727842
161616
0.886482418112
161636
0.88556870183
161656
0.889188945087
161676
0.892629305154
161696
0.892475388367
161716
0.901252408478
161736
0.908599018545
161756
0.918419210621
161776
0.913209371989
161796
0.910846429432
161816
0.906529985549
161836
0.912379952433
161856
0.910342530708
161876
0.910830623796
161896
0.896814788054
161916
0.890475975434
161936
0.889633760838
161956
0.885430214355
161976
0.895247395833
161996
0.897383038295
162016
0.900814742895
162036
0.894378462187
162056
0.894291907514
162076
0.896401583574
162096
0.902041561296
162116
0.91534087488
162136
0.92252792329
162156
0.91975478685
162176
0.916225614162
162196
0.919535765896
162216
0.916815691233
162236
0.909033297206
162256
0.896340995303
162276
0.892687635477
162296
0.88251633249
162316
0.886366133791
162336
0.875639375602
162356
0.862224530347
162376
0.864874232298
162396
0.858389782033
162416
0.853787331407
162436
0.843403028661
162456
0.843135461826
162476
0.841731394509
162496
0.850124939788
162516
0.858473702433
162536
0.859105175217
162556
0.853579600193
162576
0.863280497351
162596
0.865434203396
162616
0.862819499639
162636
0.864952507828
162656
0.8630020171
162676
0.869110895352
162696
0.876284396074
162716
0.87906280106
162736
0.888192813704
162756
0.877060753854
162776
0.875932532514
162796
0.875196441474
162816
0.87355453697
162836
0.873797266378
162856
0.871917148362
162876
0.875256277095
162896
0.87159651975
162916
0.858080819485
162936
0.856470902577
162956
0.846713180395
162976
0.846741404745
162996
0.857812876325
163016
0.842415176421
163036
0.836533221941
163056
0.844265564788
163076
0.847585877288
163096
0.846531791908
163116
0.855475900169
163136
0.872112837187
163156
0.860226999037
163176
0.86381149145
163196
0.885633805997
163216
0.896207400048
163236
0.91083739764
163256
0.919965528661
163276
0.913982342847
163296
0.928226231334
163316
0.933987009273
163336
0.942945041546
163356
0.933907604769
163376
0.943471143425
163396
0.963674509273
163416
0.962120288415
163436
0.960999969894
163456
0.954075596098
163476
0.958080066835
163496
0.960773046122
163516
0.960911157274
163536
0.948663671122
163556
0.947587758911
163576
0.953299990968
163596
0.960880298651
163616
0.960442256744
163636
0.951419496628
163656
0.952179672447
163676
0.956038129215
163696
0.95942015896
163716
0.94789672146
163736
0.949705337789
163756
0.957917870906
163776
0.962308074422
163796
0.95425246869
163816
0.945383249037
163836
0.95115004817
163856
0.959625632225
163876
0.961304792871
163896
0.949965754456
163916
0.949783236994
163936
0.95837021315
163956
0.960421935212
163976
0.960702297086
163996
0.950472287452
164016
0.950881728685
164036
0.955989959658
164056
0.962728805395
164076
0.952781415583
164096
0.942831767823
164116
0.947129395472
164136
0.955021299976
164156
0.953997696893
164176
0.949402396435
164196
0.938111903902
164216
0.938231951469
164236
0.951297943762
164256
0.955049524326
164276
0.954733787934
164296
0.946778660886
164316
0.952782168232
164336
0.957187424735
164356
0.954693521195
164376
0.950589700747
164396
0.947618617534
164416
0.958458273121
164436
0.966588014812
164456
0.95680771315
164476
0.952263969171
164496
0.9558868467
164516
0.955461976156
164536
0.970125466643
164556
0.963030994099
164576
0.962832294677
164596
0.963790793593
164616
0.96208754817
164636
0.966386681118
164656
0.966331737717
164676
0.968654413536
164696
0.981615787572
164716
0.982865561777
164736
0.982964158839
164756
0.983929431599
164776
0.991995198097
164796
0.992111482418
164816
0.99233276132
164836
1.0
164856
1.0
164876
1.0
164896
1.0
164916
0.977091612476
164936
0.97547943762
164956
0.97531799434
164976
0.978378642823
164996
1.0
165016
1.0
165036
1.0
