112480
0.152136140046
112500
0.151031539352
112520
0.16632740162
112540
0.164694372106
112560
0.165405092593
112580
0.165060402199
112600
0.137911241319
112620
0.146176215278
112640
0.154189453125
112660
0.173892505787
112680
0.168255208333
112700
0.166107494213
112720
0.188677662037
112740
0.189168836806
112760
0.205311414931
112780
0.197891710069
112800
0.195719039352
112820
0.1941796875
112840
0.190040147569
112860
0.189762369792
112880
1.0
112900
0.995505642361
112920
0.990695529514
112940
0.983873697917
112960
0.976971571181
112980
0.970970052083
113000
0.964353298611
113020
0.959842664931
113040
0.952404513889
113060
0.946751302083
113080
0.941116536458
113100
0.934673394097
113120
0.926985677083
113140
0.925640190972
113160
0.915254991319
113180
0.904385850694
113200
0.896536458333
113220
0.888114149306
113240
0.880859375
113260
0.879443359375
113280
0.873046875
113300
0.872803819444
113320
0.873559027778
113340
0.871957465278
113360
0.86919921875
113380
0.881101345486
113400
0.879273003472
113420
0.873338758681
113440
0.868008897569
113460
0.873332248264
113480
0.879671223958
113500
0.886527777778
113520
0.894906684028
113540
0.904314236111
113560
0.911006944444
113580
0.918425564236
113600
0.924300130208
113620
0.919812282986
113640
0.925498046875
113660
0.927146267361
113680
0.932979600694
113700
0.939289279514
113720
0.947042100694
113740
0.954114583333
113760
0.961017795139
113780
0.969312065972
113800
0.977693142361
113820
0.9776171875
113840
0.970875651042
113860
0.970227864583
113880
0.964796006944
113900
0.958056640625
113920
0.952471788194
113940
0.95109375
113960
0.9433203125
113980
0.952674696181
114000
0.951698133681
114020
0.946833767361
114040
0.94318359375
114060
0.937412109375
114080
0.929587673611
114100
0.924755859375
114120
0.924685329861
114140
0.922433810764
114160
0.921439887153
114180
0.915010850694
114200
0.917297092014
114220
0.913542751736
114240
0.919677734375
114260
0.919064670139
114280
0.913223741319
114300
0.918202039931
114320
0.917086588542
114340
0.916896701389
114360
0.914767795139
114380
0.913792317708
114400
0.918757595486
114420
0.914463975694
114440
0.913616536458
114460
0.912736545139
114480
0.902967664931
114500
0.904847005208
114520
0.901241319444
114540
0.900376519097
114560
0.901333550347
114580
0.901820746528
114600
0.893440755208
114620
0.895372178819
114640
0.910397135417
114660
0.903705512153
114680
0.8980078125
114700
0.894227430556
114720
0.900016276042
114740
0.897969835069
114760
0.893646918403
114780
0.892936197917
114800
0.900525173611
114820
0.897129991319
114840
0.900618489583
114860
0.896212022569
114880
0.906767578125
114900
0.904161241319
114920
0.902127821181
114940
0.902955729167
114960
0.902102864583
114980
0.906203342014
115000
0.898787977431
115020
0.900903862847
115040
0.90611328125
115060
0.908049045139
115080
0.905993923611
115100
0.910691189236
115120
0.914393446181
115140
0.920771484375
115160
0.919688585069
115180
0.919462890625
115200
0.924386935764
115220
0.922670355903
115240
0.924250217014
115260
0.921688368056
115280
0.919952256944
115300
0.921016710069
115320
0.919314236111
115340
0.914069010417
115360
0.916053602431
115380
0.920227864583
115400
0.918249782986
115420
0.922048611111
115440
0.920050998264
115460
0.921164279514
115480
0.918132595486
115500
0.919120008681
115520
0.917549913194
115540
0.918331163194
115560
0.913017578125
115580
0.915246310764
115600
0.9134765625
115620
0.915417751736
115640
0.923382161458
115660
0.920799696181
115680
0.922483723958
115700
0.925718315972
115720
0.929207899306
115740
0.926126302083
115760
0.923004557292
115780
0.921213107639
115800
0.920930989583
115820
0.917073567708
115840
0.919287109375
115860
0.921440972222
115880
0.928527560764
115900
0.925859375
115920
0.923280164931
115940
0.922587890625
115960
0.924329427083
115980
0.924695095486
116000
0.924125434028
116020
0.923365885417
116040
0.921586371528
116060
0.915284288194
116080
0.911916232639
116100
0.916183810764
116120
0.916984592014
116140
0.9203515625
116160
0.919205729167
116180
0.917697482639
116200
0.917107204861
116220
0.915375434028
116240
0.910646701389
116260
0.915486111111
116280
0.914768880208
116300
0.915620659722
116320
0.918396267361
116340
0.914854600694
116360
0.912648654514
116380
0.916444227431
116400
0.917205946181
116420
0.919907769097
116440
0.920283203125
116460
0.922071397569
116480
0.917464192708
116500
0.915553385417
116520
0.912357855903
116540
0.908497178819
116560
0.905568576389
116580
0.905177951389
116600
0.909577907986
116620
0.897862413194
116640
0.913947482639
116660
0.910792100694
116680
0.906544053819
116700
0.906999782986
116720
0.909346788194
116740
0.908601345486
116760
0.9010546875
116780
0.901552734375
116800
0.903240017361
116820
0.898448350694
116840
0.892921006944
116860
0.891193576389
116880
0.890460069444
116900
0.905549045139
116920
0.899632161458
116940
0.896232638889
116960
0.891461588542
116980
0.895065104167
117000
0.895094401042
117020
0.891996527778
117040
0.891475694444
117060
0.892300347222
117080
0.89453125
117100
0.902174479167
117120
0.906265190972
117140
0.918154296875
117160
0.916904296875
117180
0.923219401042
117200
0.928192274306
117220
0.934913194444
117240
0.939637586806
117260
0.937231987847
117280
0.944520399306
117300
0.948467881944
117320
0.953878038194
117340
0.956558159722
117360
0.953138020833
117380
0.960791015625
117400
0.965283203125
117420
0.963189019097
117440
0.963845486111
117460
0.960711805556
117480
0.958996310764
117500
0.957870008681
117520
0.954867621528
117540
0.951922743056
117560
0.949110243056
117580
0.952388237847
117600
0.949931640625
117620
0.946383463542
117640
0.948684895833
117660
0.945623914931
117680
0.944962022569
117700
0.943930121528
117720
0.944420572917
117740
0.943935546875
117760
0.942639973958
117780
0.942926432292
117800
0.940157335069
117820
0.938552517361
117840
0.935416666667
117860
0.936848958333
117880
0.945232204861
117900
0.943052300347
117920
0.942393663194
117940
0.941654730903
117960
0.942170138889
117980
0.942835286458
118000
0.944396701389
118020
0.944585503472
118040
0.9433984375
118060
0.941652560764
118080
0.934670138889
118100
0.928447265625
118120
0.922287326389
118140
0.928795572917
118160
0.930817057292
118180
0.930694444444
118200
0.932433810764
118220
0.928133680556
118240
0.930743272569
118260
0.930680338542
118280
0.9267578125
118300
0.91857421875
118320
0.919308810764
118340
0.921385633681
118360
0.921795789931
118380
0.932514105903
118400
0.929345703125
118420
0.930355902778
118440
0.931175130208
118460
0.935189887153
118480
0.938595920139
118500
0.942713758681
118520
0.941409505208
118540
0.938649088542
118560
0.936358506944
118580
0.934138454861
118600
0.934373914931
118620
0.937249348958
118640
0.949780815972
118660
0.951295572917
118680
0.946103515625
118700
0.944478081597
118720
0.939409722222
118740
0.939319661458
118760
0.938404947917
118780
0.930542534722
118800
0.929469401042
118820
0.929836154514
118840
0.929577907986
118860
0.923428819444
118880
0.929164496528
118900
0.926276041667
118920
0.921382378472
118940
0.918351779514
118960
0.91607421875
118980
0.912542317708
119000
0.909168836806
119020
0.911116536458
119040
0.915499131944
119060
0.915483940972
119080
0.915788845486
119100
0.913872612847
119120
0.913785807292
119140
0.92779296875
119160
0.927407769097
119180
0.926995442708
119200
0.929833984375
119220
0.932379557292
119240
0.932459852431
119260
0.934241536458
119280
0.940549045139
119300
0.945081380208
119320
0.946163194444
119340
0.94513671875
119360
0.944891493056
119380
0.950392795139
119400
0.950218098958
119420
0.949075520833
119440
0.952438151042
119460
0.954086371528
119480
0.954892578125
119500
0.953944227431
119520
0.955144314236
119540
0.956929253472
119560
0.955616319444
119580
0.9564453125
119600
0.957271050347
119620
0.958231336806
119640
0.961165364583
119660
0.960167100694
119680
0.959979383681
119700
0.960540364583
119720
0.96083984375
119740
0.960835503472
119760
0.960600043403
119780
0.960148654514
119800
0.960402560764
119820
0.957357855903
119840
0.954266493056
119860
0.951244574653
119880
0.965304904514
119900
0.965208333333
119920
0.957060546875
119940
0.951593967014
119960
0.941689453125
119980
0.941994357639
120000
0.938846571181
120020
0.936481119792
120040
0.932526041667
120060
0.92787109375
120080
0.921519097222
120100
0.917686631944
120120
0.914624565972
120140
0.913659939236
120160
0.909225260417
120180
0.905096571181
120200
0.899289279514
120220
0.896246744792
120240
0.883764105903
120260
0.875802951389
120280
0.877368706597
120300
0.875843098958
120320
0.879888237847
120340
0.880225694444
120360
0.885477430556
120380
0.8991015625
120400
0.902874348958
120420
0.905152271412
120440
0.910060402199
120460
0.910124782986
120480
0.90921802662
120500
0.915124421296
120520
0.917016059028
120540
0.91388744213
120560
0.914180772569
120580
0.920153718171
120600
0.931435185185
120620
0.931268084491
120640
0.936891276042
120660
0.939155092593
120680
0.937524594907
120700
0.934928747106
120720
0.931129918981
120740
0.931052879051
120760
0.930342520255
120780
0.932630208333
120800
0.935743634259
120820
0.940766420718
120840
0.945508897569
120860
0.94785192419
120880
0.954028501157
120900
0.959273365162
120920
0.966205512153
120940
0.966078559028
120960
0.965762803819
120980
0.972839626736
121000
0.978307291667
121020
0.980730251736
121040
0.992543402778
121060
0.99744140625
121080
1.0
121100
0.742549551505
121120
0.751423972801
121140
0.759452039931
121160
0.759722583912
121180
0.75986291956
121200
0.759931278935
121220
0.759920066551
121240
0.760890842014
121260
0.762413556134
121280
0.762356409144
121300
0.762442491319
121320
0.762471788194
121340
0.762523871528
121360
0.778582537616
121380
0.778306568287
121400
0.778393373843
121420
0.778390118634
121440
0.778374565972
121460
0.778481626157
121480
0.778506944444
121500
0.778508029514
121520
0.778517795139
121540
0.778394097222
121560
0.778343822338
121580
0.778308738426
121600
0.778744936343
121620
0.778649088542
121640
0.778642578125
121660
0.778700810185
121680
0.778598813657
121700
0.778716724537
121720
0.778712745949
121740
0.778712384259
121760
0.778668258102
121780
0.778744212963
121800
0.77867151331
121820
0.778551070602
121840
0.77824291088
121860
0.776985677083
121880
0.776945167824
121900
0.77693287037
121920
0.776871744792
121940
0.776926721644
121960
0.776926721644
121980
0.776926721644
122000
0.776935402199
122020
0.776936487269
122040
0.80918041088
122060
1.0
