113223
0.0536802779797
113243
0.0542817344961
113263
0.0540682533915
113283
0.0541496335998
113303
0.0541477410368
113323
0.0542802204457
113343
0.0542215509932
113363
0.0539191194283
113383
0.0535565043605
113403
0.998501090116
113423
0.999170300388
113443
0.996682337088
113463
0.974876983406
113483
0.974855786701
113503
0.953619715964
113523
0.952787745276
113543
0.931263626453
113563
0.931612236555
113583
0.932082349201
113603
0.930835907219
113623
0.931282552083
113643
0.931249621487
113663
0.952495155039
113683
0.942972913639
113703
0.948687696827
113723
0.964565543241
113743
0.964934214511
113763
0.985808048692
113783
0.985945448765
113803
0.972796299661
113823
0.954348352713
113843
0.953528872941
113863
0.953175342175
113883
0.958850381541
113903
0.965590933866
113923
0.966109874637
113943
0.956978636749
113963
0.928578458091
113983
0.904527389172
114003
0.876880072069
114023
0.877713178295
114043
0.866136370518
114063
0.842364265383
114083
0.813829714753
114103
0.787841418362
114123
0.758892774952
114143
0.726124939438
114163
0.713336134327
114183
0.70572083939
114203
0.710288350896
114223
0.712981846536
114243
0.7025871336
114263
0.686136219113
114283
0.682477516352
114303
0.66931701187
114323
0.667006949491
114343
0.67389512173
114363
0.699836861071
114383
0.707171299661
114403
0.713415621972
114423
0.71556670906
114443
0.716547056686
114463
0.722438226744
114483
0.717990325218
114503
0.723362554506
114523
0.73523498062
114543
0.734202776768
114563
0.722144500969
114583
0.710066921027
114603
0.705118625848
114623
0.699668422965
114643
0.691282476381
114663
0.688623425388
114683
0.700255496003
114703
0.713390261628
114723
0.708407521802
114743
0.707803037185
114763
0.72388792999
114783
0.713994746245
114803
0.720583893532
114823
0.721491188227
114843
0.732634599079
114863
0.747371230015
114883
0.77610336422
114903
0.782572144501
114923
0.794857906371
114943
0.810428400557
114963
0.826059835271
114983
0.832718250363
115003
0.840057231105
115023
0.834046072553
115043
0.834396575218
115063
0.83110427265
115083
0.81545731892
115103
0.787948158915
115123
0.776652964511
115143
0.751384977592
115163
0.742659883721
115183
0.71776473171
115203
0.703590949007
115223
0.694716721172
115243
0.687094613009
115263
0.679416106468
115283
0.66090835453
115303
0.661692632631
115323
0.651420179264
115343
0.637363735465
115363
0.632190603803
115383
0.645882161458
115403
0.64321364765
115423
0.647931428658
115443
0.646018047481
115463
0.655196599443
115483
0.655450959908
115503
0.648408733043
115523
0.660469279918
115543
0.674291424419
115563
0.685957182655
115583
0.697364416788
115603
0.68362289547
115623
0.677461088905
115643
0.687351623062
115663
0.70319351078
115683
0.68220763687
115703
0.693022877301
115723
0.689258948038
115743
0.6842788578
115763
0.661744110344
115783
0.651481876817
115803
0.635671405644
115823
0.642584181202
115843
0.651282779191
115863
0.654586437137
115883
0.648574900073
115903
0.664284308382
115923
0.670057003997
115943
0.667157218992
115963
0.679897574491
115983
0.678256722384
116003
0.680836664244
116023
0.676517457001
116043
0.663706319646
116063
0.65511597626
116083
0.670549448886
116103
0.652450869065
116123
0.647110434835
116143
0.661222519985
116163
0.647357982074
116183
0.646823522287
116203
0.663384205426
116223
0.668402525436
116243
0.670582757994
116263
0.652452383115
116283
0.655603121972
116303
0.641328276405
116323
0.654997123304
116343
0.657192874879
116363
0.64501953125
116383
0.647720975654
116403
0.655746199734
116423
0.652422859133
116443
0.654458878391
116463
0.66377975109
116483
0.678219628149
116503
0.675044664486
116523
0.66979658733
116543
0.663052249879
116563
0.662669952156
116583
0.65578064438
116603
0.66440353985
116623
0.672624833454
116643
0.655904417999
116663
0.660374651768
116683
0.655885492369
116703
0.648119170906
116723
0.657288638566
116743
0.673512066982
116763
0.659457894259
116783
0.671121002907
116803
0.679411942829
116823
0.663796405644
116843
0.669706879845
116863
0.678372547238
116883
0.670606225775
116903
0.662621502544
116923
0.674038578004
116943
0.667309381056
116963
0.662503406613
116983
0.66601411095
117003
0.667949067345
117023
0.656164456153
117043
0.664964117006
117063
0.649292938469
117083
0.657651632146
117103
0.654217008842
117123
0.656441905887
117143
0.653983088057
117163
0.66796004421
117183
0.643131131904
117203
0.650832349201
117223
0.655837042757
117243
0.669565694646
117263
0.673487463663
117283
0.699984859496
117303
0.689117762839
117323
0.686001468629
117343
0.67522445797
117363
0.664513308503
117383
0.677134811047
117403
0.68434585453
117423
0.68451050751
117443
0.677002331638
117463
0.667382433987
117483
0.662753981953
117503
0.648583984375
117523
0.671287926962
117543
0.690229075824
117563
0.698484814075
117583
0.704105726139
117603
0.697483269743
117623
0.702660565044
117643
0.701842599322
117663
0.709759568798
117683
0.709222837936
117703
0.710019985465
117723
0.707172435199
117743
0.700766866521
117763
0.707778055354
117783
0.717917650799
117803
0.71342697735
117823
0.708022953004
117843
0.697611964026
117863
0.718080411216
117883
0.711568480499
117903
0.710227410368
117923
0.71916977047
117943
0.712980332485
117963
0.706009644501
117983
0.693538789971
118003
0.674498849322
118023
0.682942708333
118043
0.691833969234
118063
0.685850442103
118083
0.673450747941
118103
0.670585786095
118123
0.683153918362
118143
0.700205910853
118163
0.720468825703
118183
0.7307632328
118203
0.73697083939
118223
0.725202504239
118243
0.740642790092
118263
0.73135636204
118283
0.72587890625
118303
0.727754436168
118323
0.744734511265
118343
0.729255617127
118363
0.70295731892
118383
0.677581834423
118403
0.679045542636
118423
0.710655129603
118443
0.705763989826
118463
0.711386794453
118483
0.719639504603
118503
0.723644167878
118523
0.719082712573
118543
0.701865310078
118563
0.702914168484
118583
0.701430777616
118603
0.698497683503
118623
0.708438181323
118643
0.691708303052
118663
0.708102062137
118683
0.697985177447
118703
0.692864280523
118723
0.687281598232
118743
0.703225684351
118763
0.689766911943
118783
0.687216115552
118803
0.688197220203
118823
0.698474594234
118843
0.66852554203
118863
0.672154720809
118883
0.652875560199
118903
0.677194237524
118923
0.697738765746
118943
0.719842008842
118963
0.718201156734
118983
0.750464056444
119003
0.755706077398
119023
0.759357209908
119043
0.744124727471
119063
0.737663138929
119083
0.724200959908
119103
0.714860783067
119123
0.705851426235
119143
0.706662578731
119163
0.713494731105
119183
0.696183457485
119203
0.678234390141
119223
0.69142668968
119243
0.691173464753
119263
0.686085876938
119283
0.706553945615
119303
0.7151863039
119323
0.725888747578
119343
0.699054854046
119363
0.683320463905
119383
0.674330789729
119403
0.694935879966
119423
0.708681564922
119443
0.712574945494
119463
0.716950551114
119483
0.713487160853
119503
0.715719628149
119523
0.711804672359
119543
0.72195373062
119563
0.738407673207
119583
0.754139035247
119603
0.76104537609
119623
0.751465222263
119643
0.739235858769
119663
0.738367929385
119683
0.752835059351
119703
0.776374000727
119723
0.754106483164
119743
0.756928673086
119763
0.738180944162
119783
0.731763641594
119803
0.729909686894
119823
0.730328321827
119843
0.716668937742
119863
0.735580184109
119883
0.734352289244
119903
0.730803733648
119923
0.720671329942
119943
0.721789834666
119963
0.731878709423
119983
0.718687923934
120003
0.721552128755
120023
0.717447159641
120043
0.72028486858
120063
0.727051159763
120083
0.712733542272
120103
0.69711989765
120123
0.711766442587
120143
0.739047738009
120163
0.734844734133
120183
0.751063241885
120203
0.737220657703
120223
0.727323688832
120243
0.717608406008
120263
0.714040924782
120283
0.697496896197
120303
0.692958908672
120323
0.691602698038
120343
0.684358345446
120363
0.66269682655
120383
0.666561818677
120403
0.666980832122
120423
0.675492444889
120443
0.675573825097
120463
0.670109995761
120483
0.682979045543
120503
0.689564407703
120523
0.690630677689
120543
0.679618610707
120563
0.686184668726
120583
0.689232073643
120603
0.690035655887
120623
0.690877467902
120643
0.705092886991
120663
0.709633902616
120683
0.709906053173
120703
0.690323703973
120723
0.710171390504
120743
0.70038191921
120763
0.702603788154
120783
0.69000121124
120803
0.68022385235
120823
0.679600820615
120843
0.700850896318
120863
0.691941845325
120883
0.67228606468
120903
0.684544952156
120923
0.690210907219
120943
0.661538956516
120963
0.647962845203
120983
0.634156219719
121003
0.643030447553
121023
0.629844204215
121043
0.616888475048
121063
0.592363129845
121083
0.601331607316
121103
0.615994806807
121123
0.611065058745
121143
0.601221838663
121163
0.616589071584
121183
0.628950914486
121203
0.62923858406
121223
0.61827193859
121243
0.622378421754
121263
0.618224624516
121283
0.613251726017
121303
0.592265095082
121323
0.586001468629
121343
0.566472868217
121363
0.553087905766
121383
0.554090207122
121403
0.524984480984
121423
0.528388444767
121443
0.526315709787
121463
0.525012112403
121483
0.528566724201
121503
0.535745594113
121523
0.543138323643
121543
0.541840025436
121563
0.549599533672
121583
0.583518425993
121603
0.594086119186
121623
0.624751317224
121643
0.647502573886
121663
0.686255072069
121683
0.729472126332
121703
0.767796905281
121723
0.808148619186
121743
0.829937318314
121763
0.866614053416
121783
0.884118746972
121803
0.8857902586
121823
0.90676742672
121843
0.929482724685
121863
0.931558866279
121883
0.922889792272
121903
0.877631041061
121923
0.828332424903
121943
0.837602198401
121963
0.85021423813
121983
0.852935743702
122003
0.867090600775
122023
0.870316663639
122043
0.857623622214
122063
0.843356346899
122083
0.841773785732
122103
0.852711285732
122123
0.896295497214
122143
0.926562878513
122163
0.910563529554
122183
0.915767320736
122203
0.905010371245
122223
0.886178234012
122243
0.884407173571
122263
0.865738175266
122283
0.861229333212
122303
0.823103273377
122323
0.790257842781
122343
0.766323734254
122363
0.719043725775
122383
0.686232361313
122403
0.690039441013
122423
0.707948764535
122443
0.729601956153
122463
0.732396893169
122483
0.772394319283
122503
0.800506071342
122523
0.830896469234
122543
0.873167620518
122563
0.885842493338
122583
0.937891382025
122603
0.969926038639
122623
0.969974488251
122643
0.969856392321
122663
0.970186455305
122683
0.970364734738
122703
0.97005019077
122723
0.973208121366
122743
0.991799146076
122763
1.0
122783
1.0
122803
1.0
