153848
0.0601643880208
153868
0.0532877604167
153888
0.0712852328431
153908
0.108498487286
153928
0.0473201976103
153948
0.0549632352941
153968
0.0568325865502
153988
0.0509219898897
154008
0.0516266467525
154028
0.135522939645
154048
0.131613338695
154068
0.136387484681
154088
0.170205748315
154108
0.069251685049
154128
0.17406652114
154148
0.0727558210784
154168
0.243836167279
154188
0.145983168658
154208
0.312679993873
154228
0.137945676317
154248
0.144771560968
154268
0.229107785692
154288
0.13304754519
154308
0.146265127145
154328
0.095560948989
154348
0.0817741842831
154368
0.112649835325
154388
0.116926604626
154408
0.111193608303
154428
0.115893554687
154448
0.101923445159
154468
0.102818627451
154488
0.134529622396
154508
0.0698692172181
154528
0.0502924900429
154548
0.345396273744
154568
0.114739870558
154588
0.119624597886
154608
0.096089441636
154628
0.0984049479167
154648
0.207936963848
154668
0.192811255362
154688
0.203275792739
154708
0.215279373468
154728
0.21463024663
154748
0.162428672641
154768
0.174999521293
154788
0.162038526348
154808
0.166659007353
154828
0.158647843903
154848
0.157006835938
154868
0.159912588082
154888
0.157558306526
154908
0.163089767157
154928
0.164063457414
154948
0.114125210631
154968
0.114302332261
154988
0.127508903952
155008
0.104988128064
155028
0.066179821538
155048
0.0652056525735
155068
0.067880189185
155088
0.0640730315564
155108
0.0777803308824
155128
0.0632372089461
155148
0.0756543926164
155168
0.0693584367341
155188
0.205253331801
155208
0.177773150276
155228
0.330738262102
155248
0.289687212776
155268
0.0725131165748
155288
0.0681482651654
155308
0.17956830193
155328
0.171389590993
155348
0.195275639553
155368
0.145529833027
155388
0.146982230392
155408
0.14841930913
155428
0.15257879519
155448
0.138216145833
155468
0.136713484222
155488
0.14113482307
155508
0.0580403645833
155528
0.0665283203125
155548
0.148609355852
155568
0.139115157782
155588
0.145133942249
155608
0.0755845013787
155628
0.210178749234
155648
0.0901745366115
155668
0.0870093252145
155688
0.16052868413
155708
0.286931774663
155728
0.282008272059
155748
0.262914081648
155768
0.276328890931
155788
0.276194374234
155808
0.296181353401
155828
0.337512925092
155848
0.281992474724
155868
0.321342677696
155888
0.116351198683
155908
0.105565448836
155928
0.115821748621
155948
0.130812940411
155968
0.134376436121
155988
0.132183957567
156008
0.136300359988
156028
0.13385033701
156048
0.13410692402
156068
0.131569297641
156088
0.0646862553615
156108
0.0678299249387
156128
0.094935278799
156148
0.0869964001225
156168
0.0709314682904
156188
0.0527267156863
156208
0.0551628561581
156228
0.0592069738051
156248
0.0558938419118
156268
0.0645895565257
156288
0.0649265663297
156308
0.0677533318015
156328
0.0725767846201
156348
0.0708596622243
156368
0.0692263135723
156388
0.0561935125613
156408
0.0642994600184
156428
0.0764763327206
156448
0.0922339345895
156468
0.0892884497549
156488
0.124617034314
156508
0.111019358915
156528
0.100290575214
156548
0.0910409964767
156568
0.084677064185
156588
0.0820211971507
156608
0.0829312193627
156628
0.0732632506127
156648
0.0803562538297
156668
0.0830867991728
156688
0.0786070580576
156708
0.100520354626
156728
0.0820111443015
156748
0.0827162798713
156768
0.0842534083946
156788
0.0883276845895
156808
0.0811011220895
156828
0.0688658471201
156848
0.0997285730699
156868
0.0795960669424
156888
0.105983360141
156908
0.081134631587
156928
0.130942670037
156948
0.111112706801
156968
0.0698160807292
156988
0.0632400811887
157008
0.0867249731924
157028
0.0617067823223
157048
0.0491383272059
157068
0.107839786305
157088
0.0739410998775
157108
0.079208314185
157128
0.111531096814
157148
0.129237994026
157168
0.0676853553922
157188
0.0742603975184
157208
0.0673090916054
157228
0.053915345435
157248
0.0825836780025
157268
0.0987859987745
157288
0.116569967831
157308
0.0902990004596
157328
0.0879777496936
157348
0.0689635033701
157368
0.0698874080882
157388
0.0696059283088
157408
0.0696284275429
157428
0.0697370940564
157448
0.0698141659007
157468
0.0698165594363
157488
0.0695973115809
157508
0.0696887446385
157528
0.0697251263787
157548
1.0
157568
0.918289483762
157588
0.918286132813
157608
0.917938112745
157628
0.917893114277
157648
1.0
157668
0.0635627297794
157688
0.0625550513174
157708
0.0626431334252
157728
0.0633008769914
157748
0.0635004978554
157768
0.064457433364
157788
0.0655373965993
157808
0.0656154258578
157828
0.066246361826
157848
0.0674603630515
157868
0.0909797219669
157888
0.0571317784926
157908
1.0
157928
0.986519129136
157948
0.969064031863
157968
0.954323682598
157988
0.939743221507
158008
0.919067382812
158028
0.242783969056
158048
0.103665460325
158068
0.871098058364
158088
0.863452148437
158108
0.857941272212
158128
0.852505074295
158148
0.84588359758
158168
0.850567267923
158188
0.842233934589
158208
0.228955556832
158228
0.851637657016
158248
0.839693914675
158268
0.835258214614
158288
0.831831629136
158308
0.80972254136
158328
0.805858896293
158348
0.807053749234
158368
0.192454618566
158388
0.82368738511
158408
0.822385780484
158428
0.843139648438
158448
0.839082605699
158468
0.874288162531
158488
0.899845856311
158508
0.888958620558
158528
0.902901922488
158548
0.117219573376
158568
0.87944910386
158588
0.862967696844
158608
0.857859892004
158628
0.849623257506
158648
0.838918409161
158668
0.825792260263
158688
0.833028396906
158708
0.259239525888
158728
0.805695657169
158748
0.813684321385
158768
0.79972187117
158788
0.78884229473
158808
0.7889681947
158828
0.792716471354
158848
0.789099360447
158868
0.446910424326
158888
0.782535807292
158908
0.792483340993
158928
0.794628427543
158948
0.818108532475
158968
0.816183651195
158988
0.807834999234
159008
0.799975585937
159028
0.439997414982
159048
0.198675417433
159068
0.826697974112
159088
0.819266524969
159108
0.798561485141
159128
0.810889629289
159148
0.800056008732
159168
0.819228228401
159188
0.807346717984
159208
0.814485677083
159228
0.817434991575
159248
0.8054754519
159268
0.828794232537
159288
0.819080307904
159308
0.831432387408
159328
0.832582720588
159348
0.838151041667
159368
0.839877259498
159388
0.838844688266
159408
0.847906613817
159428
0.846448471967
159448
0.8565463197
159468
0.856212660846
159488
0.842976409314
159508
0.834985351562
159528
0.148732383578
159548
0.821820906097
159568
0.812390854779
159588
0.809580844056
159608
0.818394320619
159628
0.811754174326
159648
0.815554151348
159668
0.823070810355
159688
0.149731445312
159708
0.999738625919
159728
0.848895622702
159748
0.852353802849
159768
0.849292470895
159788
0.83377087163
159808
0.824557195925
159828
0.829994351256
159848
0.999190506281
159868
0.298004748775
159888
0.808160998775
159908
0.817198988971
159928
0.827955537684
159948
0.829942172181
159968
0.832608092065
159988
0.83109777114
160008
0.839898801317
160028
0.242552753523
160048
0.0723197189032
160068
0.82146618413
160088
0.817681525735
160108
0.820656690411
160128
0.825362381281
160148
0.816971603094
160168
0.828133138021
160188
0.214881089154
160208
0.869324927237
160228
0.875221162684
160248
0.900788430607
160268
0.880110198376
160288
0.879149911918
160308
0.884395105699
160328
0.893418734681
160348
0.188508635876
160368
0.218639897365
160388
0.84210803462
160408
0.848412128523
160428
0.853443340227
160448
0.855070465686
160468
0.843562346814
160488
0.838960535386
160508
0.831071442249
160528
0.151339422488
160548
0.854178155637
160568
0.845072189032
160588
0.829190123315
160608
0.827085248162
160628
0.817122395833
160648
0.821861596201
160668
0.815609202665
160688
0.816552255668
160708
0.805311255362
160728
0.812490904565
160748
0.806809608609
160768
0.819087488511
160788
0.816527841605
160808
0.828271484375
160828
0.809412817862
160848
0.805397422641
160868
0.80357354856
160888
0.799853515625
160908
0.802152267157
160928
0.804286822151
160948
0.810737879136
160968
0.823464786305
160988
0.832914943321
161008
0.834069584865
161028
0.855207854626
161048
0.844102807138
161068
0.840131931679
161088
0.848240272672
161108
0.838086894914
161128
0.805998678768
161148
0.805201631434
161168
0.800528492647
161188
0.804388308058
161208
0.806431908701
161228
0.812881529565
161248
0.801030177696
161268
0.809576535692
161288
0.817354568781
161308
0.809291226256
161328
0.811073931526
161348
0.806613817402
161368
0.797605985754
161388
0.802945484835
161408
0.798748180913
161428
0.776912913603
161448
0.791623583027
161468
0.77791484758
161488
0.789181219363
161508
0.795428825827
161528
0.792093673407
161548
0.779042202819
161568
0.80587756587
161588
0.803937844669
161608
0.81813916973
161628
0.833057119332
161648
0.845635148591
161668
0.840382295496
161688
0.852695121017
161708
0.864865770527
161728
0.858007333793
161748
0.874371457567
161768
0.862173043045
161788
0.832954676011
161808
0.837020335478
161828
0.840501493566
161848
0.82556774663
161868
0.819358915441
161888
0.81226830576
161908
0.788310451134
161928
0.790159217984
161948
0.793226294424
161968
0.793176508885
161988
0.776308785233
162008
0.788893037684
162028
0.814197016697
162048
0.827677887561
162068
0.840509631587
162088
0.858958524816
162108
0.878342333027
162128
0.893637982537
162148
0.912214211857
162168
0.934171549479
162188
0.932626761642
162208
0.932571231618
162228
0.937447342218
162248
0.937865253523
162268
0.932131299786
162288
0.936646465227
162308
0.932648782169
162328
0.928738223805
162348
0.924271886489
162368
0.917875402114
162388
0.93074017693
162408
0.928318397672
162428
0.925711358762
162448
0.919334501379
162468
0.935875268076
162488
0.926663985907
162508
0.932111672794
162528
0.915671913297
162548
0.898410692402
162568
0.886547851563
162588
0.891813629749
162608
0.8986261106
162628
0.889085477941
162648
0.889421051624
162668
0.881473556219
162688
0.894843845741
162708
0.902268592984
162728
0.91671405867
162748
0.910229970895
162768
0.903138882506
162788
0.887180702359
162808
0.875234566483
162828
0.862314740349
162848
0.864518707874
162868
0.846660060509
162888
0.849522250306
162908
0.863014131434
162928
0.870381912531
162948
0.903189146752
162968
0.9191473269
162988
0.957115023744
163008
0.962947112439
163028
0.984640203738
163048
0.926714250153
163068
0.87521015242
163088
0.669669596354
163108
0.536032284007
163128
0.379054170496
163148
0.300848747702
163168
0.360798674939
163188
0.998423138787
163208
0.990632659314
163228
0.979024490656
163248
0.962618719363
163268
0.959305108762
163288
0.918860581342
163308
0.905982881434
163328
0.906847905178
163348
0.906959443934
163368
0.906668390012
163388
0.911405675551
163408
1.0
163428
1.0
