120197
0.930208695023
120217
0.930188440394
120237
0.93007884838
120257
0.934152922454
120277
0.934451316551
120297
0.936889829282
120317
0.938346354167
120337
0.941004774306
120357
0.941818938079
120377
0.943725405093
120397
0.944963107639
120417
0.942559678819
120437
0.938658492477
120457
0.93857494213
120477
0.938003833912
120497
0.938361183449
120517
0.941413845486
120537
0.947115162037
120557
0.951597222222
120577
0.95359338831
120597
0.957452980324
120617
0.953285590278
120637
0.955954861111
120657
0.958113425926
120677
0.954146412037
120697
0.954469039352
120717
0.957078993056
120737
0.956170428241
120757
0.952660228588
120777
0.955778356481
120797
0.959565972222
120817
0.957738715278
120837
0.960870587384
120857
0.963924334491
120877
0.959606843171
120897
0.95945384838
120917
0.95935510706
120937
0.958839337384
120957
0.959321831597
120977
0.9605859375
120997
0.960291883681
121017
0.95689453125
121037
0.958549262153
121057
0.957717375579
121077
0.952575954861
121097
0.951491970486
121117
0.953620876736
121137
0.953492115162
121157
0.949346788194
121177
0.949945384838
121197
0.945987774884
121217
0.942114438657
121237
0.942790436921
121257
0.939173538773
121277
0.934517144097
121297
0.936221426505
121317
0.931481119792
121337
0.925823206019
121357
0.927739438657
121377
0.9257421875
121397
0.925319372106
121417
0.927723885995
121437
0.929432146991
121457
0.928506221065
121477
0.928023726852
121497
0.929923683449
121517
0.928622685185
121537
0.928685619213
121557
0.928910951968
121577
0.930582320602
121597
0.933286313657
121617
0.931157407407
121637
0.926881510417
121657
0.930232204861
121677
0.930760271991
121697
0.933342013889
121717
0.934301576968
121737
0.933249421296
121757
0.936814236111
121777
0.936150535301
121797
0.933592664931
121817
0.933768446181
121837
0.93699146412
121857
0.935372178819
121877
0.93535228588
121897
0.936883318866
121917
0.94148365162
121937
0.940445963542
121957
0.935575448495
121977
0.936833043981
121997
0.942952835648
122017
0.943126808449
122037
0.94234375
122057
0.943400607639
122077
0.942522424769
122097
0.94517541956
122117
0.940704571759
122137
0.940548683449
122157
0.939225983796
122177
0.940011935764
122197
0.941632306134
122217
0.936412398727
122237
0.940220269097
122257
0.939250217014
122277
0.93664098669
122297
0.934972873264
122317
0.936667390046
122337
0.938493561921
122357
0.934957320602
122377
0.93601634838
122397
0.937260561343
122417
0.935903862847
122437
0.937028356481
122457
0.934870153356
122477
0.937935836227
122497
0.936274594907
122517
0.935688657407
122537
0.93314416956
122557
0.931903935185
122577
0.937158564815
122597
0.93500036169
122617
0.938639322917
122637
0.937085503472
122657
0.936916956019
122677
0.934095413773
122697
0.930193142361
122717
0.927979962384
122737
0.926664496528
122757
0.924034288194
122777
0.923972077546
122797
0.922782118056
122817
0.924569227431
122837
0.92468822338
122857
0.924007884838
122877
0.928311270255
122897
0.932192563657
122917
0.932763310185
122937
0.930954861111
122957
0.931769748264
122977
0.929069372106
122997
0.932396918403
123017
0.930715784144
123037
0.932712673611
123057
0.934721860532
123077
0.935823206019
123097
0.936158492477
123117
0.940751591435
123137
0.941667390046
123157
0.939962745949
123177
0.938743127894
123197
0.936710431134
123217
0.937280092593
123237
0.936435546875
123257
0.935749059606
123277
0.937640335648
123297
0.937052589699
123317
0.936437355324
123337
0.935747974537
123357
0.931361762153
123377
0.930578703704
123397
0.932594039352
123417
0.936787109375
123437
0.936726707176
123457
0.936864872685
123477
0.934404658565
123497
0.935159143519
123517
0.937429470486
123537
0.941709707755
123557
0.942307219329
123577
0.939539207176
123597
0.938491391782
123617
0.936277126736
123637
0.932934389468
123657
0.931287254051
123677
0.934115306713
123697
0.933097873264
123717
0.934168836806
123737
0.934345341435
123757
0.939287471065
123777
0.936321976273
123797
0.936109664352
123817
0.940133463542
123837
0.938318865741
123857
0.934951895255
123877
0.932718822338
123897
0.927809244792
123917
0.927000868056
123937
0.931012008102
123957
0.929743561921
123977
0.927227647569
123997
0.928649088542
124017
0.928974971065
124037
0.928566261574
124057
0.932306495949
124077
0.930745804398
124097
0.929755859375
124117
0.927043547454
124137
0.929434678819
124157
0.927881944444
124177
0.923116681134
124197
0.923916739005
124217
0.925166739005
124237
0.925217737269
124257
0.930437644676
124277
0.930003616898
124297
0.926605902778
124317
0.925035445602
124337
0.927295283565
124357
0.930104528356
124377
0.934228877315
124397
0.933680555556
124417
0.930068721065
124437
0.934057074653
124457
0.934684244792
124477
0.933332609954
124497
0.928455584491
124517
0.929415147569
124537
0.931303891782
124557
0.934415870949
124577
0.935535662616
124597
0.938148871528
124617
0.939334852431
124637
0.938373480903
124657
0.938856698495
124677
0.941334273727
124697
0.944607204861
124717
0.942921006944
124737
0.939227792245
124757
0.937568721065
124777
0.941178747106
124797
0.935338179977
124817
0.939779007523
124837
0.938821976273
124857
0.943733000579
124877
0.943489583333
124897
0.944301938657
124917
0.944790943287
124937
0.947418981481
124957
0.943979673032
124977
0.938941333912
124997
0.941373336227
125017
0.941144024884
125037
0.940296223958
125057
0.940021339699
125077
0.94580150463
125097
0.944368489583
125117
0.945847800926
125137
0.944544994213
125157
0.947418619792
125177
0.950906032986
125197
0.953084852431
125217
0.949165581597
125237
0.949666521991
125257
0.949125434028
125277
0.94519603588
125297
0.943423394097
125317
0.944734881366
125337
0.946443865741
125357
0.943620515046
125377
0.943926866319
125397
0.945651041667
125417
0.942456597222
125437
0.937571252894
125457
0.93576244213
125477
0.936512225116
125497
0.935562789352
125517
0.931631582755
125537
0.929547526042
125557
0.925980902778
125577
0.926234085648
125597
0.924237196181
125617
0.922549189815
125637
0.924175347222
125657
0.922541232639
125677
0.928659577546
125697
0.926314019097
125717
0.927117332176
125737
0.931293041088
125757
0.932459852431
125777
0.934286385995
125797
0.935017722801
125817
0.932641059028
125837
0.932494574653
125857
0.930051721644
125877
0.932545572917
125897
0.928173466435
125917
0.930349030671
125937
0.92900390625
125957
0.928493200231
125977
0.932013527199
125997
0.933921440972
126017
0.934174623843
126037
0.93142578125
126057
0.932531828704
126077
0.935506365741
126097
0.932237051505
126117
0.931378038194
126137
0.92941478588
126157
0.929793113426
126177
0.931484375
126197
0.935226417824
126217
0.936790002894
126237
0.938480902778
126257
0.936343677662
126277
0.934881727431
126297
0.935602936921
126317
0.938463541667
126337
0.942610677083
126357
0.942141203704
126377
0.943746021412
126397
0.942446108218
126417
0.941030454282
126437
0.941520182292
126457
0.940134910301
126477
0.937447193287
126497
0.93709020544
126517
0.93755823206
126537
0.939764178241
126557
0.936823640046
126577
0.936182002315
126597
0.935304904514
126617
0.938386863426
126637
0.940558810764
126657
0.94384693287
126677
0.944131221065
126697
0.941657262731
126717
0.938464988426
126737
0.934440465856
126757
0.933644024884
126777
0.932545211227
126797
0.92869176794
126817
0.925269820602
126837
0.924932725694
126857
0.922273582176
126877
0.918565899884
126897
0.91459056713
126917
0.912080801505
126937
0.911882595486
126957
0.909928023727
126977
0.907319516782
126997
0.903522858796
127017
0.900382667824
127037
0.897129991319
127057
0.893727575231
127077
0.893876591435
127097
0.89666015625
127117
0.897239945023
127137
0.899577546296
127157
0.904165581597
127177
0.908555772569
127197
0.914976128472
127217
0.920115017361
127237
0.920032552083
127257
0.926558521412
127277
0.932689887153
127297
0.935482494213
127317
0.936786385995
127337
0.937370153356
127357
0.942818648727
127377
0.946997612847
127397
0.947770182292
127417
0.947224754051
127437
0.95191370081
127457
0.957952112269
127477
0.954377893519
127497
0.954929108796
127517
0.956312210648
127537
0.955370008681
127557
0.952122034144
127577
0.947444661458
127597
0.954777922454
127617
0.948472222222
127637
0.948098234954
127657
0.945085358796
127677
0.94779296875
127697
0.949767795139
127717
0.949813729745
127737
0.946941189236
127757
0.94882884838
127777
0.952251519097
127797
0.94490234375
127817
0.938478009259
127837
0.942054036458
127857
0.941176576968
127877
0.939866536458
127897
0.936319082755
127917
0.936982060185
127937
0.937082248264
127957
0.936117983218
127977
0.939215494792
127997
0.936772641782
128017
0.937743417245
128037
0.931939742477
128057
0.933305483218
128077
0.92865270544
128097
0.929464699074
128117
0.928290653935
128137
0.926155598958
128157
0.933599898727
128177
0.939134476273
128197
0.94345703125
128217
0.944743561921
128237
0.947152777778
128257
0.949224537037
128277
0.953763744213
128297
0.957458767361
128317
0.957145543981
128337
0.957446831597
128357
0.956751302083
128377
0.956515118634
128397
0.959729456019
128417
0.958058087384
128437
0.964236111111
128457
0.964386212384
128477
0.966784577546
128497
0.964172092014
128517
0.959270109954
128537
0.954456018519
128557
0.948918547454
128577
0.948975694444
128597
0.949847728588
128617
0.953381438079
128637
0.950765335648
128657
0.948837167245
128677
0.948664641204
128697
0.93925853588
128717
0.943702618634
128737
0.936752025463
128757
0.929524377894
128777
0.929819155093
128797
0.929447699653
128817
0.924679181134
128837
0.919997106481
128857
0.919150390625
128877
0.92374963831
128897
0.928141276042
128917
0.933401692708
128937
0.929440465856
128957
0.921067346644
128977
0.914771050347
128997
0.912803457755
129017
0.915186631944
129037
0.915591724537
129057
0.920540002894
129077
0.914808304398
129097
0.91896556713
129117
0.929020905671
129137
0.935530237269
129157
0.930541811343
129177
0.929644458912
129197
0.927562934028
129217
0.932710141782
129237
0.934591652199
129257
0.934201750579
129277
0.926790726273
129297
0.920078125
129317
0.923723958333
129337
0.930900245949
129357
0.93703125
129377
0.925054253472
129397
0.90890588831
129417
0.914279513889
129437
0.920125506366
129457
0.924663990162
129477
0.926969401042
129497
0.925729528356
129517
0.928428457755
129537
0.93585865162
129557
0.94404260706
129577
0.952412471065
129597
0.951276403356
129617
0.951340060764
129637
0.956611689815
129657
0.964572482639
129677
0.973636067708
129697
0.974256365741
129717
0.973772063079
129737
0.979161603009
129757
0.995596064815
129777
1.0
