135253
0.100337009804
135273
0.101187193627
135293
0.101765471814
135313
0.105181525735
135333
0.0714403339461
135353
0.175827205882
135373
0.179153262868
135393
0.113945695466
135413
0.23245825674
135433
0.680746400123
135453
1.0
135473
1.0
135493
1.0
135513
1.0
135533
1.0
135553
0.984237132353
135573
0.982607613358
135593
0.982697610294
135613
0.982697610294
135633
1.0
135653
0.953488817402
135673
0.951999080882
135693
0.952284390319
135713
0.952324601716
135733
0.95234375
135753
1.0
135773
0.945802696078
135793
0.944422104779
135813
0.942185585172
135833
0.944326363358
135853
0.944330193015
135873
0.999925321691
135893
0.986534926471
135913
0.985874310662
135933
0.985922181373
135953
0.986891084559
135973
0.989240579044
135993
0.987637867647
136013
0.987708716299
136033
0.987718290441
136053
0.987766161152
136073
0.981663602941
136093
0.981732536765
136113
0.981722962623
136133
0.984112668505
136153
0.985219439338
136173
0.983863740809
136193
0.983936504289
136213
0.984524356618
136233
0.983203125
136253
0.97982153799
136273
0.980047487745
136293
0.979777496936
136313
1.0
136333
0.985161994485
136353
0.984001608456
136373
0.984066712623
136393
0.985301776961
136413
0.985516237745
136433
0.984579886642
136453
0.984363511029
136473
0.984363511029
136493
0.978496476716
136513
0.964296109069
136533
0.96273169424
136553
0.96328125
136573
0.964225260417
136593
0.979059436275
136613
0.975748697917
136633
0.976242723652
136653
0.976279105392
136673
0.999977022059
136693
0.978069469975
136713
0.976673560049
136733
0.976667815564
136753
0.97668504902
136773
0.990328201593
136793
0.98459520527
136813
0.984794347426
136833
0.984775199142
136853
0.985320925245
136873
0.980217907475
136893
0.976903339461
136913
0.976853553922
136933
0.976918658088
136953
0.978329886642
136973
0.978697533701
136993
0.977728630515
137013
0.977303538603
137033
0.97750268076
137053
0.980229396446
137073
0.958078661152
137093
0.954270067402
137113
0.956125536152
137133
0.956150428922
137153
0.999653416054
137173
0.974178538603
137193
0.974128753064
137213
0.974318321078
137233
0.974320235907
137253
0.989008884804
137273
0.983224188113
137293
0.983046109069
137313
0.983046109069
137333
0.98343481924
137353
0.976702282475
137373
0.974042585784
137393
0.974268535539
137413
0.974241727941
137433
0.974777879902
137453
0.980976179534
137473
0.979268152574
137493
0.979949831495
137513
0.980083869485
137533
0.981968060662
137553
0.943893612132
137573
0.938539751838
137593
0.94224877451
137613
0.942244944853
137633
0.942244944853
137653
0.94622778799
137673
0.982986749387
137693
0.982531020221
137713
0.982619102328
137733
0.982352941176
137753
0.999977022059
137773
0.979641544118
137793
0.979155177696
137813
0.979283471201
137833
0.979340916054
137853
0.989822686887
137873
0.984407552083
137893
0.984380744485
137913
0.984453507966
137933
0.984315640319
137953
1.0
137973
1.0
137993
0.999971277574
138013
0.992572380515
138033
0.981060431985
138053
0.968399586397
138073
0.952464384191
138093
0.934076286765
138113
0.928636259191
138133
0.912339154412
138153
0.895950137868
138173
0.901453354779
138193
0.890768612132
138213
0.899448529412
138233
0.884932215074
138253
0.889516314338
138273
0.894404871324
138293
0.880916819853
138313
0.883840762868
138333
0.893434053309
138353
0.885391773897
138373
0.886454503676
138393
0.88818359375
138413
0.887712545956
138433
0.896053538603
138453
0.914246323529
138473
0.901889935662
138493
0.903940716912
138513
0.902326516544
138533
0.903142233456
138553
0.911443014706
138573
0.914010799632
138593
0.905583639706
138613
0.909018841912
138633
0.919019990809
138653
0.906215533088
138673
0.892543658088
138693
0.909403722426
138713
0.895869715074
138733
0.898012408088
138753
0.905411305147
138773
0.887781479779
138793
0.885047104779
138813
0.890642233456
138833
0.868566176471
138853
0.87275390625
138873
0.866400505515
138893
0.864010799632
138913
0.852694163603
138933
0.865745634191
138953
0.866394761029
138973
0.872081801471
138993
0.887999770221
139013
0.887488511029
139033
0.885845588235
139053
0.893353630515
139073
0.887649356618
139093
0.896271829044
139113
0.884535845588
139133
0.890676700368
139153
0.890062040441
139173
0.884357766544
139193
0.861213235294
139213
0.882783777574
139233
0.881876148897
139253
0.868686810662
139273
0.875379136029
139293
0.885730698529
139313
0.868376608456
139333
0.887293198529
139353
0.903642003676
139373
0.881594669118
139393
0.884306066176
139413
0.885931755515
139433
0.875155101103
139453
0.889211856618
139473
0.903440946691
139493
0.885759420956
139513
0.872035845588
139533
0.881083409926
139553
0.867026654412
139573
0.86728515625
139593
0.864929917279
139613
0.862051930147
139633
0.8640625
139653
0.891153492647
139673
0.869697840074
139693
0.87275390625
139713
0.881410845588
139733
0.887097886029
139753
0.891756663603
139773
0.897782628676
139793
0.88857421875
139813
0.893594898897
139833
0.915067784926
139853
0.908679917279
139873
0.905807674632
139893
0.918106617647
139913
0.898891314338
139933
0.885834099265
139953
0.894404871324
139973
0.892750459559
139993
0.886104090074
140013
0.883042279412
140033
0.871754365809
140053
0.867629825368
140073
0.866050091912
140093
0.845651424632
140113
0.860161994485
140133
0.874172794118
140153
0.858381204044
140173
0.865113740809
140193
0.877257582721
140213
0.877889476103
140233
0.883674172794
140253
0.892377068015
140273
0.876447610294
140293
0.887505744485
140313
0.889252068015
140333
0.891061580882
140353
0.903791360294
140373
0.910357306985
140393
0.914177389706
140413
0.928492647059
140433
0.919347426471
140453
0.91162109375
140473
0.915900735294
140493
0.913223805147
140513
0.904222196691
140533
0.903567325368
140553
0.902274816176
140573
0.902435661765
140593
0.905491727941
140613
0.90712890625
140633
0.878314568015
140653
0.875867417279
140673
0.87255859375
140693
0.863373161765
140713
0.865079273897
140733
0.866187959559
140753
0.867095588235
140773
0.878079044118
140793
0.895502068015
140813
0.890257352941
140833
0.893014705882
140853
0.8865234375
140873
0.866366038603
140893
0.864148667279
140913
0.871369485294
140933
0.875143612132
140953
0.871897977941
140973
0.872512637868
140993
0.873581112132
141013
0.894985064338
141033
0.906048943015
141053
0.882599954044
141073
0.896243106618
141093
0.892687270221
141113
0.8607421875
141133
0.874649586397
141153
0.881686580882
141173
0.877958409926
141193
0.894594439338
141213
0.9060546875
141233
0.911247702206
141253
0.921323529412
141273
0.933524816176
141293
0.912023207721
141313
0.901332720588
141333
0.893187040441
141353
0.882887178309
141373
0.885897288603
141393
0.887729779412
141413
0.881899126838
141433
0.886776194853
141453
0.892193244485
141473
0.897173713235
141493
0.896587775735
141513
0.905215992647
141533
0.905710018382
141553
0.896426930147
141573
0.904032628676
141593
0.889424402574
141613
0.894847196691
141633
0.903653492647
141653
0.89189453125
141673
0.888361672794
141693
0.898816636029
141713
0.891923253676
141733
0.909731158088
141753
0.917400045956
141773
0.906623391544
141793
0.896536075368
141813
0.906703814338
141833
0.894393382353
141853
0.896501608456
141873
0.900384880515
141893
0.899988511029
141913
0.895076976103
141933
0.908806295956
141953
0.909932215074
141973
0.916819852941
141993
0.926344209559
142013
0.92529296875
142033
0.935230928309
142053
0.934248621324
142073
0.907341452206
142093
0.903061810662
142113
0.884099264706
142133
0.888384650735
142153
0.8763671875
142173
0.861374080882
142193
0.854176240809
142213
0.870961626838
142233
0.878561580882
142253
0.871403952206
142273
0.878762637868
142293
0.888057215074
142313
0.886443014706
142333
0.898006663603
142353
0.901999080882
142373
0.897736672794
142393
0.891366038603
142413
0.890257352941
142433
0.890400965074
142453
0.890073529412
142473
0.891475183824
142493
0.866331571691
142513
0.872897518382
142533
0.889975873162
142553
0.877527573529
142573
0.873776424632
142593
0.885271139706
142613
0.876947380515
142633
0.8857421875
142653
0.881784237132
142673
0.870197610294
142693
0.872725183824
142713
0.880577895221
142733
0.878963694853
142753
0.882002527574
142773
0.884455422794
142793
0.879957490809
142813
0.892997472426
142833
0.899310661765
142853
0.887057674632
142873
0.894192325368
142893
0.902326516544
142913
0.896978400735
142933
0.894353170956
142953
0.904497931985
142973
0.890217141544
142993
0.887275965074
143013
0.900660615809
143033
0.884036075368
143053
0.888551240809
143073
0.890194163603
143093
0.879946001838
143113
0.901321231618
143133
0.915010340074
143153
0.893974034926
143173
0.910403262868
143193
0.923069852941
143213
0.917928538603
143233
0.936517693015
143253
0.925844439338
143273
0.913631663603
143293
0.930934053309
143313
0.904026884191
143333
0.886029411765
143353
0.865561810662
143373
0.840102251838
143393
0.826263786765
143413
0.793709788603
143433
0.770944393382
143453
0.758777573529
143473
0.762758501838
143493
0.780284926471
143513
0.768864889706
143533
0.789079733456
143553
0.792624080882
143573
0.80966796875
143593
0.808473115809
143613
0.807203584559
143633
0.794663373162
143653
0.803004365809
143673
0.793037683824
143693
0.795674402574
143713
0.789728860294
143733
0.802125459559
143753
0.782835477941
143773
0.802992876838
143793
0.806043198529
143813
0.795990349265
143833
0.7951171875
143853
0.805244715074
143873
0.793830422794
143893
0.793307674632
143913
0.812982536765
143933
0.7908203125
143953
0.806456801471
143973
0.814947150735
143993
0.791659007353
144013
0.788189338235
144033
0.804365808824
144053
0.796415441176
144073
0.787373621324
144093
0.808197380515
144113
0.774488740809
144133
0.805032169118
144153
0.835529641544
144173
0.861994485294
144193
0.885489430147
144213
0.918227251838
144233
0.910121783088
144253
0.931812959559
144273
0.939998851103
144293
0.93232421875
144313
0.91806640625
144333
0.909455422794
144353
0.901711856618
144373
0.907950367647
144393
0.916268382353
144413
0.889700137868
144433
0.890647977941
144453
0.880945542279
144473
0.878998161765
144493
0.885546875
144513
0.899201516544
144533
0.891297104779
144553
0.903716681985
144573
0.926706112132
144593
0.959202665441
144613
0.96494140625
144633
0.973087086397
144653
0.977033547794
144673
0.982789522059
144693
0.993939568015
144713
1.0
144733
1.0
144753
1.0
144773
1.0
144793
1.0
144813
1.0
144833
1.0
