158265
0.100829128561
158285
0.101746732541
158305
0.100800658748
158325
0.090814324258
158345
0.0984420442202
158365
0.108829146081
158385
0.109070044501
158405
0.110677493956
158425
0.11134762956
158445
0.110920582361
158465
0.113920862679
158485
0.0784518553558
158505
0.075276376187
158525
0.0684282911104
158545
0.0685706401766
158565
0.069470724272
158585
0.069142226427
158605
0.0697598023757
158625
0.0694313045306
158645
0.0728871018606
158665
0.0756924734574
158685
0.0784825151547
158705
0.0823982094677
158725
0.0849604926592
158745
0.0852714706192
158765
0.0842224675006
158785
0.0829522758331
158805
0.0750004379971
158825
0.0892528645012
158845
0.127562283191
158865
0.12976978871
158885
0.129986597288
158905
0.129671239357
158925
0.12845579733
158945
0.129776358667
158965
0.143533848418
158985
0.106558130979
159005
0.0805345316935
159025
0.0857050877746
159045
0.0860270156628
159065
0.0855276989383
159085
0.0853108903606
159105
0.0850940817828
159125
0.086276674025
159145
0.0856656680332
159165
0.0819339325134
159185
0.0868482602754
159205
0.0866577315253
159225
0.0886812782508
159245
0.0866840113529
159265
0.0863752233785
159285
0.0931225691159
159305
0.0817893934616
159325
0.0758348225236
159345
0.0987355022951
159365
0.0972003223659
159385
0.0944869301657
159405
0.0961907389888
159425
0.0958600511581
159445
0.0926057325064
159465
0.0779131188899
159485
0.0912961210974
159505
0.0886352885525
159525
0.0881534917131
159545
0.0894893829496
159565
0.0901857983812
159585
0.0903500473037
159605
0.0904004169733
159625
0.10632161253
159645
0.159836101475
159665
0.163096990084
159685
0.165996531063
159705
0.402138301973
159725
0.990526122149
159745
0.989764007148
159765
0.98963260801
159785
0.990263323873
159805
1.0
159825
0.890084621045
159845
0.509776095869
159865
0.509605276989
159885
0.50953957742
159905
0.501697238866
159925
0.533822138127
159945
0.515997845054
159965
0.519782140229
159985
0.50074240513
160005
0.501423490662
160025
0.521748747328
160045
0.49984451102
160065
0.496526682785
160085
0.538780265601
160105
0.537584533445
160125
0.561253898174
160145
0.5551219384
160165
0.522127614843
160185
0.559212831564
160205
0.56006254599
160225
0.562743088405
160245
0.550124391184
160265
0.575861102351
160285
0.598704842496
160305
0.602587687025
160325
0.602557027226
160345
0.616388976488
160365
0.555257717509
160385
0.553965625985
160405
0.541173919899
160425
0.530988296717
160445
0.489759627177
160465
0.467750271558
160485
0.449531781072
160505
0.434112092225
160525
0.417656540173
160545
0.420470671712
160565
0.414665019797
160585
0.418385805389
160605
0.415856371982
160625
0.413541557167
160645
0.397088195101
160665
0.431431549809
160685
0.41666009671
160705
0.414844598619
160725
0.416119170258
160745
0.530955446932
160765
0.551455902449
160785
0.54635980588
160805
0.550660937664
160825
0.540573863835
160845
0.404792564561
160865
0.40746653702
160885
0.405377290725
160905
0.405530589719
160925
0.39642681944
160945
0.425566768282
160965
0.427561845194
160985
0.429909509794
161005
0.433757314552
161025
0.437467150215
161045
0.463273940923
161065
0.480130260345
161085
0.481698290059
161105
0.480379918708
161125
0.389769263114
161145
0.391663600687
161165
0.398106538421
161185
0.385179053225
161205
0.391409562353
161225
0.378376957847
161245
0.387618697221
161265
0.384414748239
161285
0.418201846596
161305
0.415661463261
161325
0.423074564631
161345
0.418668313536
161365
0.419673516942
161385
0.422542398122
161405
0.423961508813
161425
0.42104882792
161445
0.417494481236
161465
0.413666386349
161485
0.414047443849
161505
0.680654104909
161525
0.567707785837
161545
0.564725025404
161565
0.557552822453
161585
0.558203248187
161605
0.5528049336
161625
0.521015102141
161645
0.42089333894
161665
0.422857756053
161685
0.421217456813
161705
0.56039323382
161725
0.462194278006
161745
0.467380163986
161765
0.465444216686
161785
0.469841707838
161805
0.698114860367
161825
0.408563719822
161845
0.419912225376
161865
0.412155296261
161885
0.412663372928
161905
0.730012001121
161925
0.429918269736
161945
0.427014348786
161965
0.432399523459
161985
0.435294684467
162005
0.508124846701
162025
0.404934913627
162045
0.413473667613
162065
0.411038403588
162085
0.414036493921
162105
0.892506745156
162125
0.389644433933
162145
0.382678089632
162165
0.374012316479
162185
0.368892130068
162205
0.379014243667
162225
0.503635376152
162245
0.394133904482
162265
0.389092557553
162285
0.431230071131
162305
0.470533743299
162325
0.476409474754
162345
0.481080714111
162365
0.480191579943
162385
0.923893619258
162405
0.53348926031
162425
0.525141035075
162445
0.530147342233
162465
0.523255457444
162485
0.694674392936
162505
0.517806773188
162525
0.510934598269
162545
0.509933774834
162565
0.517368776061
162585
0.490096884964
162605
0.490188864361
162625
0.487512701917
162645
0.481444251726
162665
0.470489943586
162685
0.526428746627
162705
0.527506219559
162725
0.513181523529
162745
0.509879025194
162765
0.784389344406
162785
0.397167034584
162805
0.394348523074
162825
0.397587511826
162845
0.388332632538
162865
0.8804421143
162885
0.369496566103
162905
0.36183380637
162925
0.366767844003
162945
0.375328497845
162965
0.40850459021
162985
0.409115596202
163005
0.409264515225
163025
0.364941395984
163045
0.358822576124
163065
0.41595273135
163085
0.426782210309
163105
0.421570044501
163125
0.415278215775
163145
0.38834139248
163165
0.363581414906
163185
0.374735011738
163205
0.387859595641
163225
0.391240933459
163245
0.921416745506
163265
0.939155629139
163285
0.948846315568
163305
0.942558866814
163325
0.931481919479
163345
0.933065279092
163365
0.922279599846
163385
0.913482427555
163405
0.902333210694
163425
0.892708223834
163445
0.881986054171
163465
0.870961666491
163485
0.888194663443
163505
0.896393969656
163525
0.89716922457
163545
0.904021689618
163565
0.897307193665
163585
0.908127912681
163605
0.906502943341
163625
0.903351554014
163645
0.904908633799
163665
0.894587231508
163685
0.885599530467
163705
0.882833578612
163725
0.876992886927
163745
0.876119082659
163765
0.865869949893
163785
0.856074144154
163805
0.850154612986
163825
0.861073881355
163845
0.864536248642
163865
0.875521216581
163885
0.875816864641
163905
0.886985791373
163925
0.888615140685
163945
0.894269683591
163965
0.898929973019
163985
0.897937909527
164005
0.894225883878
164025
0.894462402327
164045
0.899028522373
164065
0.899232191037
164085
0.904672115351
164105
0.903305564315
164125
0.896551648621
164145
0.895625284698
164165
0.888615140685
164185
0.902484319703
164205
0.904074249273
164225
0.899205911209
164245
0.909879901188
164265
0.907878254319
164285
0.901860173797
164305
0.900171694874
164325
0.908088492939
164345
0.905467080136
164365
0.898021128981
164385
0.896328270087
164405
0.889561214478
164425
0.892524265041
164445
0.890934335471
164465
0.878260888609
164485
0.885139633484
164505
0.882583920249
164525
0.881059690248
164545
0.896275710431
164565
0.899350450261
164585
0.889922562108
164605
0.892077507972
164625
0.889015908056
164645
0.8912956831
164665
0.891374522583
164685
0.890198500298
164705
0.869936753215
164725
0.878372577876
164745
0.881105679947
164765
0.892642524265
164785
0.888707120081
164805
0.889160447107
164825
0.890099950944
164845
0.889055327797
164865
0.900769560952
164885
0.898713164442
164905
0.894633221206
164925
0.907254108413
164945
0.905769298153
164965
0.904777234661
164985
0.919001191352
165005
0.925144101055
165025
0.920339272574
165045
0.909790111777
165065
0.92060207085
165085
0.91540085497
165105
0.903837730824
165125
0.911984477382
165145
0.897596271768
165165
0.89521794737
165185
0.893608307929
165205
0.890704386979
165225
0.912194716003
165245
0.901439696556
165265
0.885757209433
165285
0.901617085392
165305
0.895139107887
165325
0.890822646203
165345
0.893936805775
165365
0.882288272189
165385
0.889961981849
165405
0.892031518273
165425
0.884719156242
165445
0.892767353446
165465
0.899830057115
165485
0.897129804828
165505
0.90342382354
165525
0.907339517853
165545
0.894120764568
165565
0.9013871369
165585
0.904566996041
165605
0.901058639055
165625
0.911767668804
165645
0.916268089281
165665
0.91014488945
165685
0.910171169277
165705
0.911176372683
165725
0.907398647465
165745
0.906840201128
165765
0.904481586601
165785
0.903601212376
165805
0.897267773923
165825
0.905407950524
165845
0.902891657031
165865
0.897451732717
165885
0.892090647885
165905
0.883076667017
165925
0.875173008865
165945
0.890467868531
165965
0.894442692456
165985
0.887320859175
166005
0.901597375521
166025
0.910000350398
166045
0.907654875784
166065
0.924806843267
166085
0.926994638915
166105
0.922540208136
166125
0.926469042363
166145
0.929760590771
166165
0.925095921371
166185
0.918896072042
166205
0.910966134062
166225
0.922073741196
166245
0.92612959459
166265
0.93993745401
166285
0.945002890781
166305
0.944779512246
166325
0.94638258173
166345
0.95337958583
166365
0.955981288763
166385
0.965047829286
166405
0.96150005256
166425
0.958628981394
166445
0.955705350573
166465
0.947072427205
166485
0.938991380217
166505
0.932881320299
166525
0.927772083815
166545
0.923311083079
166565
0.923440292232
166585
0.92730342689
166605
0.93003652896
166625
0.930647534952
166645
0.935147955429
166665
0.929267844003
166685
0.934228161463
166705
0.917586460633
166725
0.917934668349
166745
0.918749343004
166765
0.901910543467
166785
0.908960107222
166805
0.906391254073
166825
0.903152265321
166845
0.91125302218
166865
0.9153658152
166885
0.922612477662
166905
0.928072111847
166925
0.935693261852
166945
0.932861610428
166965
0.935187375171
166985
0.931652738358
167005
0.937979606854
167025
0.936389677284
167045
0.91519061635
167065
0.918173376783
167085
0.900053435649
167105
0.891814709696
167125
0.899580398753
167145
0.89521794737
167165
0.869036669119
167185
0.87456857283
167205
0.869890763517
167225
0.866310137006
167245
0.848085076562
167265
0.84453510985
167285
0.841252321385
167305
0.841642138828
167325
0.870287150916
167345
0.89298635201
167365
0.911215792424
167385
0.936337117629
167405
0.966867707348
167425
0.99037501314
167445
0.990933459477
167465
0.990361873226
167485
0.991215967623
167505
0.991229107537
167525
0.991971512667
167545
0.964655821858
167565
0.945550387189
167585
0.944718192649
167605
0.945002890781
167625
0.948191509864
167645
1.0
167665
0.979473264655
167685
0.979549914153
167705
0.979797382529
167725
0.979803952486
167745
0.999993430043
167765
0.999993430043
167785
0.999993430043
167805
0.999993430043
167825
0.999993430043
167845
1.0
