245251
0.33961564429
245271
0.333531057099
245291
0.31851257073
245311
0.333629115226
245331
0.335569540895
245351
0.323725565844
245371
0.302574588477
245391
0.305397537294
245411
0.302896251286
245431
0.23677179784
245451
0.234751318158
245471
0.237478620113
245491
0.344053337191
245511
0.357138470936
245531
0.358143486368
245551
0.364848894033
245571
0.397187339249
245591
0.416791248714
245611
0.40615933642
245631
0.414888117284
245651
0.37433127572
245671
0.35739213606
245691
0.319179848251
245711
0.251172357253
245731
0.24156555427
245751
0.426422325103
245771
0.41244695216
245791
0.427842560442
245811
0.462963123714
245831
0.408945955504
245851
0.413997235082
245871
0.418569315844
245891
0.416840438529
245911
0.470578221451
245931
0.608444251543
245951
0.47011252572
245971
0.344292856224
245991
0.323197498714
246011
0.395463123714
246031
0.483803851595
246051
0.407877925669
246071
0.41704845036
246091
0.418490708591
246111
0.423240258488
246131
0.458996270576
246151
0.500148212449
246171
0.414665959362
246191
0.413369341564
246211
0.365542695473
246231
0.378492959105
246251
0.326821469907
246271
0.392507394547
246291
0.49527649177
246311
0.530316358025
246331
0.622996399177
246351
0.640250610854
246371
0.264644097222
246391
0.268952867798
246411
0.272550315072
246431
0.277186696245
246451
0.591988490226
246471
0.63736095036
246491
0.661006140689
246511
0.688369180813
246531
0.578750803755
246551
0.390355259774
246571
0.399332400977
246591
0.380022183642
246611
0.401105806327
246631
0.427897055041
246651
0.448721225566
246671
0.447344232253
246691
0.467584233539
246711
0.464415348508
246731
0.459775109311
246751
0.461677919239
246771
0.397390207047
246791
0.381048257459
246811
0.397350662294
246831
0.40026411394
246851
0.455154160237
246871
0.452273341049
246891
0.445095486111
246911
0.430405735597
246931
0.442222865226
246951
0.528721547068
246971
0.561182002315
246991
0.535693479938
247011
0.54224681713
247031
0.567151009516
247051
0.566725340792
247071
0.573660622428
247091
0.567385384516
247111
0.573297807356
247131
0.327634870113
247151
0.326988811728
247171
0.323224665638
247191
0.328541184414
247211
0.333136413323
247231
0.33542036394
247251
0.331363650977
247271
0.330173289609
247291
0.327809767233
247311
0.228711419753
247331
0.236549639918
247351
0.236615708591
247371
0.241677276235
247391
0.321464602623
247411
0.323923932613
247431
0.324087094907
247451
0.226647055041
247471
0.238875546553
247491
0.239499421296
247511
0.245144836677
247531
0.32372186857
247551
0.323939203961
247571
0.329168113426
247591
0.328040766461
247611
0.309810153035
247631
0.359288837449
247651
0.366383744856
247671
0.337631815844
247691
0.345234375
247711
0.362183963477
247731
0.369504404578
247751
0.358405832047
247771
0.353094778807
247791
0.355110114455
247811
0.358584747942
247831
0.374108474794
247851
0.348127893519
247871
0.371564750514
247891
0.372291345165
247911
0.372620402521
247931
0.365511670525
247951
0.356382458848
247971
0.330665830761
247991
0.316947498714
248011
0.272546457047
248031
0.283223861883
248051
0.354406828704
248071
0.350390142747
248091
0.188380111883
248111
0.180058995628
248131
0.167435378086
248151
0.191253697274
248171
0.204485757459
248191
0.187862815072
248211
0.192795781893
248231
0.188335744599
248251
0.180208172582
248271
0.17480629501
248291
0.168520126029
248311
0.171559767233
248331
0.177650141461
248351
0.182364969136
248371
0.178069540895
248391
0.172584072788
248411
0.17267650463
248431
0.18285783179
248451
0.203571084105
248471
0.199523051698
248491
0.194054462449
248511
0.193084490741
248531
0.313296521348
248551
0.311933513374
248571
0.308823141718
248591
0.307805426955
248611
0.304900173611
248631
0.304763535237
248651
0.308819283693
248671
0.315089538323
248691
0.314074395576
248711
0.31326871142
248731
0.30995466821
248751
0.309001093107
248771
0.310130047582
248791
0.304374356996
248811
0.273276427469
248831
0.268822016461
248851
0.275018164866
248871
0.266988329475
248891
0.272139756944
248911
0.0383807548868
248931
0.0353970550412
248951
0.445137924383
248971
1.0
248991
1.0
249011
1.0
249031
0.98023598251
249051
0.982249710648
249071
0.980991512346
249091
0.981717303241
249111
0.970897472994
249131
0.965392071759
249151
0.949833622685
249171
0.955361689815
249191
0.971863908179
249211
0.970019772377
249231
0.967638888889
249251
0.955504436728
249271
0.957406925154
249291
0.967649498457
249311
0.979033082562
249331
0.982882426698
249351
0.972522183642
249371
0.966859567901
249391
0.966103877315
249411
0.971460744599
249431
0.980578703704
249451
0.979025366512
249471
0.979780574846
249491
0.979263117284
249511
0.98283757716
249531
0.995026041667
249551
0.990173611111
249571
0.985234857253
249591
0.985088734568
249611
0.984910300926
249631
0.986762152778
249651
0.980923032407
249671
0.974445891204
249691
0.970450424383
249711
0.973368055556
249731
0.980743152006
249751
0.984926215278
249771
0.96743441358
249791
0.961130883488
249811
0.95989535108
249831
0.96843123071
249851
0.965218460648
249871
0.960135030864
249891
0.95559220679
249911
0.957604166667
249931
0.949779128086
249951
0.960330825617
249971
0.959642650463
249991
0.957478298611
250011
0.955626929012
250031
0.954442515432
250051
0.955692033179
250071
0.959423707562
250091
0.957510127315
250111
0.955217978395
250131
0.958520447531
250151
0.963343942901
250171
0.963173707562
250191
0.96181086034
250211
0.966798804012
250231
0.966140046296
250251
0.969428530093
250271
0.964092399691
250291
0.968769772377
250311
0.96751253858
250331
0.968013117284
250351
0.967295042438
250371
0.968334780093
250391
0.963397472994
250411
0.963695505401
250431
0.962352912809
250451
0.965431616512
250471
0.962450810185
250491
0.955874324846
250511
0.940647665895
250531
0.928903356481
250551
0.923351176698
250571
0.910439814815
250591
0.892734375
250611
0.873769772377
250631
0.858198784722
250651
0.873186246142
250671
0.886616030093
250691
0.885264756944
250711
0.889287229938
250731
0.91102189429
250751
0.92035783179
250771
0.922530864198
250791
0.941317033179
250811
0.954428530093
250831
0.936121238426
250851
0.933358410494
250871
0.94814525463
250891
0.94857349537
250911
0.93606867284
250931
0.936591917438
250951
0.948369984568
250971
0.943515142747
250991
0.937785493827
251011
0.945885416667
251031
0.950628858025
251051
0.939008005401
251071
0.937730999228
251091
0.950636091821
251111
0.952089602623
251131
0.951197916667
251151
0.951567322531
251171
0.959236593364
251191
0.953722511574
251211
0.952555941358
251231
0.939712094907
251251
0.934406828704
251271
0.926729359568
251291
0.906000192901
251311
0.886752025463
251331
0.869233699846
251351
0.860217978395
251371
0.865388213735
251391
0.856261574074
251411
0.875914834105
251431
0.889955150463
251451
0.887899305556
251471
0.893495852623
251491
0.89756413966
251511
0.894384645062
251531
0.888041087963
251551
0.893592785494
251571
0.880753761574
251591
0.86102961034
251611
0.849728973765
251631
0.848109085648
251651
0.844307966821
251671
0.848610146605
251691
0.861622781636
251711
0.856374903549
251731
0.842696277006
251751
0.839230324074
251771
0.850049672068
251791
0.858035783179
251811
0.867361593364
251831
0.888236400463
251851
0.887000868056
251871
0.882839506173
251891
0.891447241512
251911
0.886971450617
251931
0.891193576389
251951
0.875041473765
251971
0.861545138889
251991
0.860342881944
252011
0.880543499228
252031
0.887941743827
252051
0.889296875
252071
0.891882233796
252091
0.887566068673
252111
0.91055314429
252131
0.913421585648
252151
0.929660493827
252171
0.928252797068
252191
0.900703125
252211
0.902432484568
252231
0.919078414352
252251
0.919136766975
252271
0.920563271605
252291
0.915489969136
252311
0.903738425926
252331
0.909785397377
252351
0.897197627315
252371
0.882885802469
252391
0.894877025463
252411
0.890421006944
252431
0.885953896605
252451
0.892229938272
252471
0.881452064043
252491
0.877043306327
252511
0.86740162037
252531
0.874148823302
252551
0.879370659722
252571
0.89501253858
252591
0.901687403549
252611
1.0
252631
1.0
252651
1.0
252671
0.993866705247
252691
0.99389226466
252711
0.99389226466
252731
0.993891782407
252751
0.993892746914
252771
0.993892746914
252791
0.988950135031
252811
0.982433931327
252831
0.982273341049
252851
0.982414641204
252871
0.981383101852
252891
0.989266975309
252911
0.988701774691
252931
0.988559992284
252951
0.988394097222
252971
0.9923828125
252991
0.991925154321
253011
0.984696180556
253031
0.957946084105
253051
0.942814429012
253071
0.934905478395
253091
0.9194140625
253111
0.91150945216
253131
0.905648630401
253151
0.894312307099
253171
0.898573013117
253191
0.897260320216
253211
0.90664689429
253231
0.917085744599
253251
0.921037808642
253271
0.927953317901
253291
0.93817660108
253311
0.936372010031
253331
0.940387249228
253351
0.946530671296
253371
0.935428240741
253391
0.943227237654
253411
0.934279996142
253431
0.929650848765
253451
0.9228125
253471
0.917889178241
253491
0.917625868056
253511
0.920585455247
253531
0.917045717593
253551
0.932426697531
253571
0.926417824074
253591
0.927386670525
253611
0.941962770062
253631
0.948137056327
253651
0.954639756944
253671
0.960407986111
253691
0.965739776235
253711
0.972608506944
253731
0.972684702932
253751
0.976914544753
253771
0.9772265625
253791
0.982786458333
253811
0.983062789352
253831
0.982812017747
253851
0.983341531636
253871
0.98301408179
253891
0.981548996914
253911
0.966727430556
253931
0.959490740741
253951
0.958318865741
253971
0.95588445216
253991
0.948943865741
254011
0.945310088735
254031
0.941406732253
254051
0.939256847994
254071
0.951242766204
254091
0.956531153549
254111
0.963728298611
254131
0.96682966821
254151
0.955489969136
254171
0.957398726852
254191
0.961547550154
254211
0.965688657407
254231
0.967725694444
254251
0.969660493827
254271
0.956059992284
254291
0.93749373071
254311
0.937517843364
254331
0.930368923611
254351
0.923700810185
254371
0.92436873071
254391
0.922552565586
254411
0.923069540895
254431
0.930671296296
254451
0.947973572531
254471
0.969288194444
254491
0.982145061728
254511
0.992321084105
254531
1.0
254551
1.0
254571
1.0
254591
1.0
254611
1.0
254631
1.0
254651
0.0890200617284
254671
0.0884175668724
254691
0.0891832240226
254711
0.0913876028807
254731
0.0916602366255
254751
0.0898511445473
254771
1.0
254791
1.0
254811
1.0
254831
1.0
