128381
0.20650658701
128401
0.204679840686
128421
0.211083026961
128441
0.211358762255
128461
0.208283547794
128481
0.2041015625
128501
0.207402726716
128521
0.209110753676
128541
0.212067248775
128561
0.200702742034
128581
0.201943550858
128601
0.203128829657
128621
0.203216911765
128641
0.205880438113
128661
0.143995098039
128681
0.134756050858
128701
0.151909083946
128721
0.178195848652
128741
0.173422181373
128761
0.172284773284
128781
0.173215379902
128801
0.175059359681
128821
0.174626608456
128841
0.177596507353
128861
0.172970281863
128881
0.170592064951
128901
0.234363511029
128921
0.340483302696
128941
0.599821920956
128961
1.0
128981
1.0
129001
1.0
129021
1.0
129041
1.0
129061
1.0
129081
1.0
129101
0.295655254289
129121
0.127696078431
129141
0.0915556066176
129161
0.0731330422794
129181
0.0658203125
129201
0.0671281403186
129221
0.0675379136029
129241
0.066015625
129261
0.0667221966912
129281
0.064466528799
129301
0.0669941023284
129321
0.0891907935049
129341
0.094851026348
129361
0.091184129902
129381
0.088782935049
129401
0.0936714920343
129421
0.0885703890931
129441
0.0904526654412
129461
0.0673828125
129481
0.0656671262255
129501
0.0689644607843
129521
0.0661783854167
129541
0.0647901348039
129561
0.0673023897059
129581
0.0641505821078
129601
0.0637522977941
129621
0.0681027879902
129641
0.0658049938725
129661
0.0675245098039
129681
0.074693627451
129701
0.0783835018382
129721
0.076340379902
129741
0.0771005667892
129761
0.0667011335784
129781
0.0626129748775
129801
0.0665843290441
129821
0.0664943321078
129841
0.0660117953431
129861
0.0679093903186
129881
0.0694297640931
129901
0.0674785539216
129921
0.0660730698529
129941
0.0757199754902
129961
0.0684780943627
129981
0.0698606004902
130001
0.0760359221814
130021
0.13463158701
130041
0.129164751838
130061
0.120159313725
130081
0.129574525123
130101
0.125628063725
130121
0.143232996324
130141
0.160893458946
130161
0.160904947917
130181
0.443914675245
130201
0.215048636642
130221
0.0472062653186
130241
0.0423732383578
130261
0.0482747395833
130281
0.0326650582108
130301
0.0404756433824
130321
0.0296415441176
130341
0.0337986366422
130361
0.0438782935049
130381
0.040443091299
130401
0.0647365196078
130421
0.0550685508578
130441
0.0609049479167
130461
0.0583409926471
130481
0.249747242647
130501
0.223699831495
130521
0.22864966299
130541
0.230723422181
130561
0.216655177696
130581
0.210621553309
130601
0.206588924632
130621
0.23249463848
130641
0.2591796875
130661
0.314688648897
130681
1.0
130701
1.0
130721
1.0
130741
1.0
130761
0.996650965074
130781
0.992784926471
130801
0.989315257353
130821
0.986529181985
130841
0.979923023897
130861
0.978308823529
130881
0.978779871324
130901
0.978578814338
130921
0.978619025735
130941
0.978952205882
130961
0.977010569853
130981
0.971254595588
131001
0.974528952206
131021
0.978751148897
131041
0.982485064338
131061
0.984478400735
131081
0.990843290441
131101
0.991251148897
131121
0.97998046875
131141
0.972713694853
131161
0.964860983456
131181
0.957732077206
131201
0.953475413603
131221
0.951378676471
131241
0.942336856618
131261
0.933432904412
131281
0.924000459559
131301
0.914981617647
131321
0.905698529412
131341
0.905652573529
131361
0.908444393382
131381
0.905991498162
131401
0.906623391544
131421
0.903205422794
131441
0.902820542279
131461
0.904917279412
131481
0.911184512868
131501
0.916274126838
131521
0.921639476103
131541
0.916911764706
131561
0.912230009191
131581
0.903969439338
131601
0.901372931985
131621
0.903664981618
131641
0.902182904412
131661
0.905928308824
131681
0.901729090074
131701
0.896742876838
131721
0.890952435662
131741
0.881071920956
131761
0.868859145221
131781
0.881692325368
131801
0.88486328125
131821
0.891492417279
131841
0.896133961397
131861
0.898650045956
131881
0.901160386029
131901
0.897277113971
131921
0.902699908088
131941
0.901976102941
131961
0.908777573529
131981
0.915033318015
132001
0.918669577206
132021
0.916509650735
132041
0.920461856618
132061
0.914889705882
132081
0.916394761029
132101
0.915125229779
132121
0.91494140625
132141
0.913551240809
132161
0.908289292279
132181
0.914384191176
132201
0.913913143382
132221
0.909610523897
132241
0.909300321691
132261
0.908737362132
132281
0.899505974265
132301
0.903986672794
132321
0.911494715074
132341
0.906812959559
132361
0.900022977941
132381
0.903756893382
132401
0.906807215074
132421
0.905158547794
132441
0.910029871324
132461
0.910047104779
132481
0.905147058824
132501
0.905055147059
132521
0.914700137868
132541
0.913430606618
132561
0.910920266544
132581
0.915481387868
132601
0.915860523897
132621
0.916389016544
132641
0.91591796875
132661
0.913430606618
132681
0.900384880515
132701
0.904549632353
132721
0.912184053309
132741
0.915446920956
132761
0.912097886029
132781
0.914280790441
132801
0.911391314338
132821
0.907393152574
132841
0.910248161765
132861
0.911322380515
132881
0.90283203125
132901
0.899505974265
132921
0.903607536765
132941
0.902688419118
132961
0.901958869485
132981
0.898477711397
133001
0.895697380515
133021
0.889838005515
133041
0.893238740809
133061
0.898604090074
133081
0.893882123162
133101
0.893244485294
133121
0.9
133141
0.901418887868
133161
0.90380859375
133181
0.9033203125
133201
0.901803768382
133221
0.899781709559
133241
0.901625689338
133261
0.903980928309
133281
0.904383042279
133301
0.903435202206
133321
0.910650275735
133341
0.912586167279
133361
0.908633961397
133381
0.906244255515
133401
0.910150505515
133421
0.902113970588
133441
0.901344209559
133461
0.909553079044
133481
0.908243336397
133501
0.912034696691
133521
0.915837545956
133541
0.912339154412
133561
0.908145680147
133581
0.904302619485
133601
0.908427159926
133621
0.904388786765
133641
0.904779411765
133661
0.911012178309
133681
0.910604319853
133701
0.908180147059
133721
0.909995404412
133741
0.903843060662
133761
0.894031479779
133781
0.893008961397
133801
0.901068474265
133821
0.898816636029
133841
0.897041590074
133861
0.902493106618
133881
0.903113511029
133901
0.8998046875
133921
0.892405790441
133941
0.888154871324
133961
0.890625
133981
0.889826516544
134001
0.894232536765
134021
0.901907169118
134041
0.897432215074
134061
0.903050321691
134081
0.898494944853
134101
0.899011948529
134121
0.900695082721
134141
0.902056525735
134161
0.9099609375
134181
0.910167738971
134201
0.907668887868
134221
0.904204963235
134241
0.907823988971
134261
0.904624310662
134281
0.905669806985
134301
0.898104319853
134321
0.901148897059
134341
0.899178538603
134361
0.902889476103
134381
0.908306525735
134401
0.910225183824
134421
0.914389935662
134441
0.914171645221
134461
0.917319623162
134481
0.917526424632
134501
0.9162109375
134521
0.911431525735
134541
0.911339613971
134561
0.907979090074
134581
0.905112591912
134601
0.900517003676
134621
0.899942555147
134641
0.904888556985
134661
0.912626378676
134681
0.914395680147
134701
0.909782858456
134721
0.912948069853
134741
0.919847196691
134761
0.925011488971
134781
0.923822380515
134801
0.928722426471
134821
0.930537683824
134841
0.932220818015
134861
0.933214613971
134881
0.925988051471
134901
0.916584329044
134921
0.911678538603
134941
0.921742876838
134961
0.922684972426
134981
0.919376148897
135001
0.920875459559
135021
0.91865234375
135041
0.916262637868
135061
0.921714154412
135081
0.917066865809
135101
0.917813648897
135121
0.916779641544
135141
0.924086626838
135161
0.9228515625
135181
0.919255514706
135201
0.921432674632
135221
0.915906479779
135241
0.909828814338
135261
0.91943359375
135281
0.916475183824
135301
0.914510569853
135321
0.91806640625
135341
0.907582720588
135361
0.902837775735
135381
0.902125459559
135401
0.905388327206
135421
0.898891314338
135441
0.895622702206
135461
0.902510340074
135481
0.894519761029
135501
0.885431985294
135521
0.888103170956
135541
0.889200367647
135561
0.885219439338
135581
0.89580078125
135601
0.903274356618
135621
0.891676240809
135641
0.897064568015
135661
0.901815257353
135681
0.90185546875
135701
0.900005744485
135721
0.913373161765
135741
0.919962086397
135761
0.914039522059
135781
0.91416015625
135801
0.919347426471
135821
0.912844669118
135841
0.915854779412
135861
0.911454503676
135881
0.909242876838
135901
0.915062040441
135921
0.920593979779
135941
0.922392003676
135961
0.914372702206
135981
0.921955422794
136001
0.923667279412
136021
0.922380514706
136041
0.923914292279
136061
0.929061351103
136081
0.923627068015
136101
0.932582720588
136121
0.930767463235
136141
0.926487821691
136161
0.924896599265
136181
0.921978400735
136201
0.935506663603
136221
0.927458639706
136241
0.926528033088
136261
0.929871323529
136281
0.934679457721
136301
0.934541590074
136321
0.941532628676
136341
0.943795955882
136361
0.947225413603
136381
0.9490234375
136401
0.94970703125
136421
0.947593060662
136441
0.940119485294
136461
0.941590073529
136481
0.944916130515
136501
0.945490579044
136521
0.937442555147
136541
0.925206801471
136561
0.909805836397
136581
0.895243566176
136601
0.882306985294
136621
0.881462545956
136641
0.880261948529
136661
0.878722426471
136681
0.882312729779
136701
0.879612821691
136721
0.865349264706
136741
0.853331801471
136761
0.856634880515
136781
0.856594669118
136801
0.867813648897
136821
0.882496553309
136841
0.886374080882
136861
0.878532858456
136881
0.874247472426
136901
0.876114430147
136921
0.869289981618
136941
0.865107996324
136961
0.873678768382
136981
0.875235523897
137001
0.873127297794
137021
0.8802734375
137041
0.883513327206
137061
0.881474034926
137081
0.884731158088
137101
0.884966681985
137121
0.879974724265
137141
0.8837890625
137161
0.894818474265
137181
0.898110064338
137201
0.900603170956
137221
0.910776654412
137241
0.921438419118
137261
0.915395220588
137281
0.917905560662
137301
0.909323299632
137321
0.898561963848
137341
0.897093290441
137361
0.908530560662
137381
0.907563572304
137401
0.89733838848
137421
0.898420266544
137441
0.90529833027
137461
0.901248468137
137481
0.900832950368
137501
0.915203737745
137521
0.918250229779
137541
0.917656632966
137561
0.935650275735
137581
0.942597273284
137601
0.925984221814
137621
0.924467677696
137641
0.920419730392
137661
0.921559053309
137681
0.896499693627
137701
0.87789330576
137721
0.87896752451
137741
0.878102022059
137761
0.884342447917
137781
0.888729319853
137801
0.891119025735
137821
0.896536075368
137841
0.914998851103
137861
0.926085707721
137881
0.938970588235
137901
0.951217830882
137921
0.973431755515
137941
0.993635110294
137961
1.0
