146889
0.0968686124214
146909
0.0447720125786
146929
0.101821933962
146949
0.0579957743711
146969
0.213514642296
146989
0.184766116352
147009
0.0592639544025
147029
0.0648398191824
147049
0.0686974253145
147069
0.0835662342767
147089
0.515071737421
147109
0.11988846305
147129
0.148266509434
147149
0.281125687893
147169
0.276418042453
147189
0.341778203616
147209
0.213186910377
147229
0.136239190252
147249
0.203284198113
147269
0.210079107704
147289
0.181420499214
147309
0.228505306604
147329
0.20254471305
147349
0.159005994497
147369
0.165404382862
147389
0.133764249214
147409
0.179609866352
147429
0.0511070165094
147449
0.0422366352201
147469
0.0410849056604
147489
0.0401130110063
147509
0.0377471501572
147529
0.0388595715409
147549
0.0375196540881
147569
0.0416032822327
147589
0.0355802869497
147609
0.0307232704403
147629
0.0391710888365
147649
0.0596354166667
147669
0.0551356132075
147689
0.0527014544025
147709
0.0485077633648
147729
0.0391288325472
147749
0.0392158018868
147769
0.040939956761
147789
0.0460559158805
147809
0.0454427083333
147829
0.0458048349057
147849
0.0454554834906
147869
0.0431790487421
147889
0.0401498624214
147909
0.0385406839623
147929
0.0376022012579
147949
0.0373034591195
147969
0.0371796383648
147989
0.0362067610063
148009
0.0362789897799
148029
0.0521359080189
148049
0.0989912539308
148069
0.209168632075
148089
0.507657724057
148109
0.999995086478
148129
0.979476709906
148149
0.986249508648
148169
0.986317315252
148189
0.987255306604
148209
0.978635514937
148229
0.978664504717
148249
0.978669909591
148269
0.978669909591
148289
0.978669909591
148309
0.988309257075
148329
0.976489779874
148349
0.976489779874
148369
0.976489779874
148389
0.977848368711
148409
0.986580188679
148429
0.984257566824
148449
0.984248722484
148469
0.984247248428
148489
0.990497248428
148509
0.980356721698
148529
0.980328714623
148549
0.980796481918
148569
0.984886497642
148589
0.983013954403
148609
0.983020833333
148629
0.983413915094
148649
0.985503144654
148669
0.983903301887
148689
0.983903301887
148709
0.987050904088
148729
0.976070165094
148749
0.976289308176
148769
0.976289308176
148789
0.984800019654
148809
0.980046678459
148829
0.980037834119
148849
0.980037834119
148869
1.0
148889
0.981880896226
148909
0.981901041667
148929
0.981901041667
148949
0.99170302673
148969
0.977303459119
148989
0.97715408805
149009
0.977154579403
149029
1.0
149049
0.971971305031
149069
0.972317216981
149089
0.972308863994
149109
0.972302476415
149129
0.987217963836
149149
0.988345125786
149169
0.988345125786
149189
0.988345125786
149209
1.0
149229
0.970452535377
149249
0.970463345126
149269
0.970463345126
149289
0.970463345126
149309
1.0
149329
0.987312794811
149349
0.987295597484
149369
0.987295597484
149389
1.0
149409
0.967045990566
149429
0.967066136006
149449
0.967066136006
149469
0.96709365173
149489
1.0
149509
0.98899321934
149529
0.989042845912
149549
0.989042845912
149569
1.0
149589
0.98493071934
149609
0.984928753931
149629
0.984928753931
149649
1.0
149669
0.986707940252
149689
0.986707940252
149709
0.987202731918
149729
0.989367629717
149749
0.987434650157
149769
0.987434650157
149789
0.987618907233
149809
0.98895538522
149829
0.986524665881
149849
0.986543337264
149869
0.986523683176
149889
0.979126375786
149909
0.97900009827
149929
0.978978970126
149949
0.979844241352
149969
0.988938187893
149989
0.987867040094
150009
0.987867040094
150029
0.990227987421
150049
1.0
150069
0.993484178459
150089
0.993409984277
150109
0.988993710692
150129
0.988188384434
150149
0.988258156447
150169
0.981783117138
150189
0.982130503145
150209
0.986515821541
150229
0.98861831761
150249
0.983578518082
150269
0.988455680031
150289
0.986466194969
150309
0.977444968553
150329
0.970405365566
150349
0.958938187893
150369
0.949171088836
150389
0.941114878145
150409
0.934272798742
150429
0.92450226022
150449
0.922082350629
150469
0.918714622642
150489
0.918520538522
150509
0.916818985849
150529
0.916421481918
150549
0.915087952044
150569
0.917762382075
150589
0.91142639544
150609
0.906025943396
150629
0.914215801887
150649
0.917531446541
150669
0.916271128145
150689
0.915503636006
150709
0.912646914308
150729
0.904318494497
150749
0.909630994497
150769
0.907787441038
150789
0.897551100629
150809
0.900499705189
150829
0.902575668239
150849
0.896027417453
150869
0.90767197327
150889
0.909622641509
150909
0.914180915881
150929
0.921784099843
150949
0.914521422956
150969
0.91819870283
150989
0.922468062107
151009
0.913410475629
151029
0.912219929245
151049
0.905585200472
151069
0.904424626572
151089
0.905277122642
151109
0.90546875
151129
0.899181898585
151149
0.892228773585
151169
0.907188974057
151189
0.913806505503
151209
0.914778400157
151229
0.914327830189
151249
0.911004815252
151269
0.916777712264
151289
0.924375
151309
0.930930621069
151329
0.925001474057
151349
0.925537539308
151369
0.923155955189
151389
0.927313286164
151409
0.935001474057
151429
0.927974154874
151449
0.931276041667
151469
0.934956761006
151489
0.933232606132
151509
0.933234080189
151529
0.925484964623
151549
0.930714917453
151569
0.92152908805
151589
0.913682193396
151609
0.909598073899
151629
0.91095322327
151649
0.913808470912
151669
0.909786261792
151689
0.919318985849
151709
0.913880208333
151729
0.918525452044
151749
0.925498722484
151769
0.923095518868
151789
0.922774665881
151809
0.922487224843
151829
0.927729461478
151849
0.923254225629
151869
0.915690349843
151889
0.917742727987
151909
0.925487912736
151929
0.929670302673
151949
0.929559257075
151969
0.92071884827
151989
0.918012971698
152009
0.926120774371
152029
0.940466293239
152049
0.93798447327
152069
0.933768180031
152089
0.923019359277
152109
0.919705680031
152129
0.926863207547
152149
0.926435731132
152169
0.928594732704
152189
0.925609768082
152209
0.926255404874
152229
0.927271521226
152249
0.935198014937
152269
0.931913325472
152289
0.927326552673
152309
0.92576110456
152329
0.924836379717
152349
0.926051002358
152369
0.922001768868
152389
0.928084217767
152409
0.92567855739
152429
0.930947327044
152449
0.928136301101
152469
0.927264642296
152489
0.921953125
152509
0.914028596698
152529
0.912470518868
152549
0.908950471698
152569
0.895357704403
152589
0.889905169025
152609
0.887633647799
152629
0.883231623428
152649
0.884431996855
152669
0.885978773585
152689
0.893247346698
152709
0.901347287736
152729
0.909560731132
152749
0.91803803066
152769
0.930938482704
152789
0.941436222484
152809
0.948083235063
152829
0.951008746069
152849
0.947174233491
152869
0.941085397013
152889
0.939056603774
152909
0.933040487421
152929
0.92770538522
152949
0.919924823113
152969
0.922621855346
152989
0.91768523978
153009
0.92393523978
153029
0.922927476415
153049
0.928306800314
153069
0.927138856132
153089
0.926603773585
153109
0.925924724843
153129
0.922052378145
153149
0.915261399371
153169
0.908443887579
153189
0.912994300314
153209
0.911206269654
153229
0.910772897013
153249
0.908756387579
153269
0.915447130503
153289
0.918462558962
153309
0.924006977201
153329
0.929513069969
153349
0.923551985063
153369
0.923345617138
153389
0.91724990173
153409
0.923215408805
153429
0.913424233491
153449
0.90430129717
153469
0.902054343553
153489
0.904802967767
153509
0.899658018868
153529
0.897597287736
153549
0.895868710692
153569
0.897843946541
153589
0.901721206761
153609
0.907759925314
153629
0.906398879717
153649
0.908451257862
153669
0.912037146226
153689
0.917950569969
153709
0.911483883648
153729
0.906437205189
153749
0.899505699686
153769
0.91045990566
153789
0.91142639544
153809
0.913054245283
153829
0.902360947327
153849
0.90796432783
153869
0.916891214623
153889
0.925433863994
153909
0.923100923742
153929
0.919303262579
153949
0.916380699686
153969
0.925533608491
153989
0.93422317217
154009
0.92379471305
154029
0.928435534591
154049
0.922716686321
154069
0.908381485849
154089
0.914765133648
154109
0.904501277516
154129
0.898951945755
154149
0.89861389544
154169
0.904498820755
154189
0.899747936321
154209
0.907929933176
154229
0.910265821541
154249
0.910857409591
154269
0.912395833333
154289
0.913924430031
154309
0.911770341981
154329
0.908778007075
154349
0.896632272013
154369
0.894536654874
154389
0.895914406447
154409
0.903445361635
154429
0.900666273585
154449
0.903434060535
154469
0.901319772013
154489
0.914012382075
154509
0.917220420597
154529
0.920686419025
154549
0.927893573113
154569
0.917485750786
154589
0.916297169811
154609
0.91236831761
154629
0.91495086478
154649
0.911286851415
154669
0.906235750786
154689
0.91476120283
154709
0.905625
154729
0.899892393868
154749
0.896931996855
154769
0.912704893868
154789
0.904961183176
154809
0.918291077044
154829
0.917566332547
154849
0.921951159591
154869
0.924264445755
154889
0.930649076258
154909
0.927991352201
154929
0.925693297956
154949
0.923014445755
154969
0.907019457547
154989
0.919159296384
155009
0.921423447327
155029
0.914569084119
155049
0.907530955189
155069
0.905657429245
155089
0.899167158019
155109
0.90383696934
155129
0.894124410377
155149
0.878279775943
155169
0.862616450472
155189
0.875300216195
155209
0.874251670597
155229
0.885518867925
155249
0.889148977987
155269
0.899121462264
155289
0.906848958333
155309
0.912621363994
155329
0.927558470912
155349
0.92284148978
155369
0.923449292453
155389
0.921056407233
155409
0.914757763365
155429
0.928188384434
155449
0.927474449686
155469
0.921653400157
155489
0.922724056604
155509
0.913845322327
155529
0.910932586478
155549
0.897139347484
155569
0.898297955975
155589
0.895591096698
155609
0.89608490566
155629
0.902486733491
155649
0.908263561321
155669
0.916174331761
155689
0.922913718553
155709
0.919508647799
155729
0.903579992138
155749
0.898333824686
155769
0.895232900943
155789
0.886393966195
155809
0.878790290881
155829
0.876627358491
155849
0.860323309748
155869
0.872010121855
155889
0.890721796384
155909
0.885712460692
155929
0.889277712264
155949
0.895843160377
155969
0.906951650943
155989
0.912427279874
156009
0.924709119497
156029
0.906235259434
156049
0.913683176101
156069
0.91145538522
156089
0.913510220126
156109
0.917262185535
156129
0.912670499214
156149
0.91732360456
156169
0.906395440252
156189
0.923732311321
156209
0.899401041667
156229
0.914834414308
156249
0.92857360456
156269
0.932053852201
156289
0.944578419811
156309
0.94829009434
156329
0.983200176887
156349
0.957683765723
156369
0.953633549528
156389
0.957472975629
156409
1.0
156429
1.0
156449
1.0
156469
1.0
