175804
0.322841023374
175824
0.320331790123
175844
0.314621263351
175864
0.321070016646
175884
0.313246679498
175904
0.376604764877
175924
0.164056214454
175944
0.186438826467
175964
0.212425006936
175984
0.217114457622
176004
0.19914993411
176024
0.195975733458
176044
0.213929203079
176064
0.221562023165
176084
0.12694981967
176104
0.154189858163
176124
0.136622407754
176144
0.129918331253
176164
0.125946083021
176184
0.228030933555
176204
0.259557931058
176224
0.268763871549
176244
0.271081070537
176264
0.239614761063
176284
0.26041840061
176304
0.300150202871
176324
0.12494212963
176344
0.125216309474
176364
0.125684907754
176384
0.125366295603
176404
0.125056136427
176424
0.126529988556
176444
0.506659644195
176464
0.471233007352
176484
0.34433650645
176504
0.384008704397
176524
0.26570259398
176544
0.207763949577
176564
0.169875329449
176584
0.166822504855
176604
0.210025228881
176624
0.22510468685
176644
0.192477718824
176664
0.188601270981
176684
0.164957865169
176704
0.111101791164
176724
0.108502176099
176744
0.107686355597
176764
0.107651893467
176784
0.112570441462
176804
0.118859021709
176824
0.123225525385
176844
0.105423775836
176864
0.106134259259
176884
0.105251681925
176904
0.102895685948
176924
0.102785797267
176944
0.105249731239
176964
0.106119737481
176984
0.10610868359
177004
0.107096164517
177024
0.105470375572
177044
0.105293296574
177064
0.104759025177
177084
0.104899257872
177104
0.104525593009
177124
0.104486362533
177144
0.105795923498
177164
0.10507481967
177184
0.105207249619
177204
0.106036724927
177224
0.108562864128
177244
0.08747290713
177264
0.074161854973
177284
0.0723108700929
177304
0.0654925700513
177324
0.0737853724511
177344
0.068984082397
177364
0.0787539880705
177384
0.0818423585102
177404
0.073993012207
177424
0.0781204483978
177444
0.0843730493134
177464
0.0999820103343
177484
0.0985296157581
177504
0.0770861509918
177524
0.0847291579969
177544
0.129984654598
177564
0.109974077542
177584
0.107549807532
177604
0.155010880497
177624
0.155656774518
177644
0.105336645166
177664
0.118173246983
177684
0.111512085587
177704
0.115794276252
177724
0.187782849563
177744
0.25737099459
177764
0.154597118186
177784
0.186976132265
177804
0.224595991122
177824
0.239113868082
177844
0.0663554237758
177864
0.436486943404
177884
0.37240948814
177904
0.254425024275
177924
0.335455030171
177944
0.119454631364
177964
0.168011339992
177984
0.100536222084
178004
0.505906245665
178024
0.387444730545
178044
0.366355423776
178064
0.146954978152
178084
0.401100837495
178104
0.521539265155
178124
0.183639807879
178144
0.308175110972
178164
0.29903571057
178184
0.233587356083
178204
0.254641983978
178224
0.246760559717
178244
0.250050284367
178264
0.24144212096
178284
0.193857721251
178304
0.124951449577
178324
0.12595041788
178344
0.137487212165
178364
0.168306760646
178384
0.211416285199
178404
0.186814875503
178424
0.240559760369
178444
0.272044276252
178464
0.133731273408
178484
0.131649890762
178504
0.137244676793
178524
0.133620734499
178544
0.13224723436
178564
0.135873344084
178584
0.143902587044
178604
0.134492257941
178624
1.0
178644
1.0
178664
1.0
178684
1.0
178704
0.988668244555
178724
0.988690352337
178744
0.988901026495
178764
1.0
178784
0.990204952143
178804
0.990179593217
178824
0.990150116174
178844
0.999976375017
178864
0.976047085241
178884
0.975745162297
178904
0.975555512207
178924
0.976854019281
178944
0.992323614579
178964
0.99153293626
178984
0.990991729089
179004
0.991681838674
179024
0.971149561312
179044
0.96783035962
179064
0.967510013525
179084
0.966346320572
179104
0.965637787835
179124
0.994664655292
179144
0.969169180885
179164
0.967902535026
179184
0.965996714177
179204
0.964822617561
179224
0.992214376127
179244
0.982111553267
179264
0.981897194479
179284
0.981909548828
179304
0.992476201623
179324
0.947557523582
179344
0.948242431336
179364
0.947247364406
179384
0.947557090096
179404
0.950020807324
179424
0.95420936503
179444
0.984599328964
179464
0.982083159939
179484
0.983371480094
179504
0.985487324872
179524
0.978846103829
179544
0.976243887849
179564
0.974019454848
179584
0.974390735539
179604
0.957006649674
179624
0.955730467124
179644
0.954394680261
179664
0.954704839437
179684
0.955353551117
179704
0.986288623596
179724
0.953620907893
179744
0.953176584825
179764
0.952202108476
179784
0.951111891386
179804
0.981070103343
179824
0.971538831669
179844
0.972980822583
179864
0.973532216674
179884
0.975922024553
179904
0.971675596477
179924
0.970447530864
179944
0.971609706617
179964
0.970904641767
179984
0.967941332016
180004
0.970370153627
180024
0.969993671106
180044
0.97293227216
180064
0.972247797892
180084
0.971951510265
180104
0.973853863227
180124
0.975987914413
180144
0.95737684665
180164
0.95570380774
180184
0.953550683174
180204
0.956149864752
180224
0.957137779165
180244
0.958469447912
180264
0.950922674782
180284
0.951067892565
180304
0.954218468234
180324
0.958737558954
180344
0.971284158691
180364
0.971671261617
180384
0.971532546123
180404
0.971769229435
180424
0.968347941809
180444
0.96848644056
180464
0.970222551672
180484
0.975074776321
180504
0.968375684908
180524
0.966415678319
180544
0.965812049175
180564
0.967800665834
180584
0.990821802608
180604
0.958841812318
180624
0.957574949716
180644
0.956055798308
180664
0.955539516577
180684
0.962234489874
180704
0.966155586767
180724
0.964553639548
180744
0.964569678527
180764
0.96541194167
180784
0.986024413927
180804
0.973811815092
180824
0.974192849216
180844
0.974794744417
180864
0.985266463795
180884
0.98541471598
180904
0.997015449438
180924
0.987116798446
180944
0.976474935844
180964
0.968958506728
180984
0.963274856083
181004
0.950910320433
181024
0.94019303128
181044
0.930346398599
181064
0.919251759953
181084
0.916687473991
181104
0.893491425648
181124
0.891222993827
181144
0.890768267097
181164
0.888381710362
181184
0.890878155778
181204
0.885283803232
181224
0.889435297892
181244
0.886897454571
181264
0.892651980164
181284
0.888449767652
181304
0.883955168886
181324
0.893823042378
181344
0.892081512692
181364
0.882986544597
181384
0.889405387363
181404
0.881577498613
181424
0.883843763005
181444
0.882601175614
181464
0.886494962894
181484
0.88325183798
181504
0.892768804619
181524
0.89252063393
181544
0.896005210501
181564
0.896355033639
181584
0.902805087391
181604
0.90359576571
181624
0.90088084339
181644
0.904604487446
181664
0.905328408933
181684
0.906687387294
181704
0.905516108337
181724
0.901599996532
181744
0.900051801567
181764
0.899914820017
181784
0.896486379872
181804
0.893251491192
181824
0.896398598974
181844
0.899193282702
181864
0.90028480025
181884
0.892197253433
181904
0.89024136496
181924
0.891365610695
181944
0.889925570467
181964
0.899845895755
181984
0.90108436503
182004
0.90855419441
182024
0.906336697184
182044
0.901826926411
182064
0.908057853031
182084
0.90986700652
182104
0.911752236787
182124
0.918531523096
182144
0.916111804689
182164
0.917022125121
182184
0.915719716674
182204
0.918127730961
182224
0.913643535858
182244
0.91834945901
182264
0.911779112914
182284
0.907794293591
182304
0.910970661673
182324
0.912126335137
182344
0.911263047926
182364
0.914309803718
182384
0.913350499376
182404
0.913105363088
182424
0.910731160702
182444
0.900987264184
182464
0.903438193577
182484
0.904653688098
182504
0.908134796782
182524
0.91026754751
182544
0.909893665904
182564
0.907456391316
182584
0.907893561867
182604
0.908081694757
182624
0.903342393189
182644
0.900866104869
182664
0.899238798724
182684
0.890135377653
182704
0.888459304342
182724
0.886527691081
182744
0.879164499237
182764
0.881581616729
182784
0.881868801151
182804
0.885088734568
182824
0.884523685671
182844
0.883966006034
182864
0.888646136773
182884
0.898243948537
182904
0.89866811451
182924
0.901155023235
182944
0.905551003953
182964
0.907723852129
182984
0.905972352268
183004
0.903523156818
183024
0.900668652032
183044
0.901644212096
183064
0.89362623977
183084
0.889248248717
183104
0.88720197843
183124
0.886326120128
183144
0.887464670897
183164
0.88470813393
183184
0.880411204744
183204
0.880316921556
183224
0.87743965876
183244
0.872677382439
183264
0.874914169788
183284
0.885981932307
183304
0.885881580316
183324
0.891705030171
183344
0.888728499098
183364
0.881816132612
183384
0.89131402587
183404
0.888256432931
183424
0.881684352892
183444
0.884667819739
183464
0.894800986614
183484
0.89053786933
183504
0.893074845679
183524
0.895791935428
183544
0.887165348869
183564
0.880362220835
183584
0.890682220141
183604
0.898455706409
183624
0.900790678319
183644
0.914627548897
183664
0.91111392877
183684
0.90683650645
183704
0.908184864406
183724
0.897943759537
183744
0.890471762727
183764
0.892258374948
183784
0.892446074352
183804
0.883251404494
183824
0.875382551325
183844
0.879088639201
183864
0.88058221494
183884
0.886277569705
183904
0.894790149466
183924
0.899497156332
183944
0.911760689763
183964
0.898046278957
183984
0.890010750451
184004
0.889325409211
184024
0.898947712928
184044
0.906480181024
184064
0.897505071785
184084
0.887599051533
184104
0.873205585033
184124
0.848307454224
184144
0.831591803648
184164
0.832158586489
184184
0.829154095575
184204
0.845677061659
184224
0.871151728742
184244
0.864104764877
184264
0.857758097517
184284
0.867824290817
184304
0.859942216327
184324
0.86286976349
184344
0.881324342835
184364
0.894130817381
184384
0.904868480372
184404
0.913264452421
184424
0.897174538771
184444
0.897872884589
184464
0.9010221598
184484
0.905428977667
184504
0.894563002844
184524
0.908138481412
184544
0.924840260438
184564
0.931518327785
184584
0.936277136219
184604
0.943011773478
184624
0.952720774379
184644
0.962148876404
184664
0.973248066653
184684
0.979537947357
184704
0.979223670065
184724
1.0
184744
0.53706434665
184764
0.549222759745
184784
0.568129464905
184804
0.492265744209
184824
0.398722516993
184844
0.447139426411
184864
0.518340789291
184884
0.548010949854
184904
0.55505943092
184924
0.554785467818
184944
0.937582145582
184964
0.925744728811
184984
0.900635923845
185004
0.916011235955
185024
0.96812101193
185044
0.968267746914
185064
0.80941964905
185084
0.810895451866
185104
0.686769359481
185124
0.455660675891
185144
0.728649734707
185164
0.749172692121
185184
0.425338769247
185204
0.361185670689
185224
0.339619312665
185244
0.360145737966
185264
0.351073961368
185284
0.414901945485
185304
0.21255418574
185324
0.199996532113
185344
0.172020434526
185364
0.171721545984
185384
1.0
