126657
0.0415315998134
126677
0.0406318019279
126697
0.0435469138682
126717
0.0405176267102
126737
0.040479730255
126757
0.041211423352
126777
0.0401206856343
126797
0.0416909592662
126817
0.166511679882
126837
0.200883278918
126857
0.213284650964
126877
0.210722267568
126897
0.218910331157
126917
0.20311042444
126937
0.18767830768
126957
0.160046933302
126977
0.177500194341
126997
0.234785544932
127017
0.482360171797
127037
0.973768365205
127057
0.467823966107
127077
0.216351834577
127097
0.196338619403
127117
0.198206234453
127137
0.186112892568
127157
0.219829563122
127177
0.224200287624
127197
0.215950520833
127217
0.202781988495
127237
0.198088172419
127257
0.192664120802
127277
0.18653801306
127297
0.182455884639
127317
0.176115516169
127337
0.178247920553
127357
0.179674381996
127377
0.184799148787
127397
0.182876632463
127417
0.179673410292
127437
0.183695293066
127457
0.171064113029
127477
0.154095246424
127497
0.142882268346
127517
0.128980585354
127537
0.127375330379
127557
0.130732081779
127577
0.120896979944
127597
0.113331778607
127617
0.127835432214
127637
0.124933924129
127657
0.122247162624
127677
0.128296505752
127697
0.128235774254
127717
0.129800703514
127737
0.134000893968
127757
0.135136330068
127777
0.138965815454
127797
0.141168182525
127817
0.141565609453
127837
0.144796039335
127857
0.144239252954
127877
0.145373231499
127897
0.146842933769
127917
0.146538304571
127937
0.144107587065
127957
0.144837822606
127977
0.146033504353
127997
0.144242653918
128017
0.146620899409
128037
0.145247395833
128057
0.144856284981
128077
0.146083547108
128097
0.145916899876
128117
0.148662449471
128137
0.148996715641
128157
0.152450637438
128177
0.984417269123
128197
0.984502293221
128217
0.987067591729
128237
0.985755305504
128257
0.985808749223
128277
0.985805834111
128297
0.985806805815
128317
0.971942533427
128337
0.971956137282
128357
0.97195808069
128377
0.971956623134
128397
0.973696459111
128417
0.986295572917
128437
0.986276624689
128457
0.986265935945
128477
0.986265935945
128497
0.990497706779
128517
0.97068854944
128537
0.970698752332
128557
0.970697294776
128577
0.970692922108
128597
0.983956681437
128617
0.980714591107
128637
0.980726251555
128657
0.980727223259
128677
0.980724308147
128697
0.997230643657
128717
0.991445604011
128737
0.991429570896
128757
0.991273126555
128777
0.991281871891
128797
0.986687169621
128817
0.985304920709
128837
0.985319010417
128857
0.985303949005
128877
0.985312208489
128897
0.985162566076
128917
0.985276255442
128937
0.98524904773
128957
0.985250505286
128977
0.98604730255
128997
0.990473900031
129017
0.990442319652
129037
0.99044426306
129057
0.990442805504
129077
0.995308613184
129097
0.989389478389
129117
0.989376360386
129137
0.989382676461
129157
0.989382676461
129177
0.991369325249
129197
0.990939346238
129217
0.990953435945
129237
0.990949549129
129257
0.990821770056
129277
0.990186761505
129297
0.990188219061
129317
0.990174615205
129337
0.990180445429
129357
0.990852378731
129377
0.986779481499
129397
0.986769278607
129417
0.986768792755
129437
0.986780939055
129457
0.992718536225
129477
0.989721315299
129497
0.989688763215
129517
0.989539120802
129537
0.989537663246
129557
0.993191756063
129577
0.987151644123
129597
0.987144842195
129617
0.987136096859
129637
0.987134639303
129657
0.985462822606
129677
0.966940687189
129697
0.966993159204
129717
0.966981012904
129737
0.966978097792
129757
0.98488757385
129777
0.983534961909
129797
0.983532046797
129817
0.983528645833
129837
0.983531560945
129857
0.985303463153
129877
0.985304920709
129897
0.985309779229
129917
0.985404520367
129937
0.986411691542
129957
0.982518559546
129977
0.982559856965
129997
0.982562772077
130017
0.982564229633
130037
0.991159923041
130057
0.982132793066
130077
0.982162915889
130097
0.982150283738
130117
0.982146882774
130137
0.993633395522
130157
0.987680251088
130177
0.987679765236
130197
0.987680251088
130217
0.987680251088
130237
0.976400711287
130257
0.974233811412
130277
0.974290170243
130297
0.974290170243
130317
0.974289684391
130337
1.0
130357
1.0
130377
0.990345149254
130397
0.990362639925
130417
0.984082517102
130437
0.979945973259
130457
0.972338502799
130477
0.97296622357
130497
0.972986143501
130517
0.97248280084
130537
0.982212958644
130557
0.978332944652
130577
0.978868353545
130597
0.982994208644
130617
0.989719857743
130637
0.989976387593
130657
0.989772329757
130677
0.983668085354
130697
0.983118100902
130717
0.984982314988
130737
0.977389420087
130757
0.966510708178
130777
0.95617663635
130797
0.943478408738
130817
0.926068874378
130837
0.918652829602
130857
0.907375233209
130877
0.897935129042
130897
0.898411263993
130917
0.893163090796
130937
0.892822508551
130957
0.893689268501
130977
0.892576667444
130997
0.892876923974
131017
0.893302530317
131037
0.89308098181
131057
0.887351815143
131077
0.886970907183
131097
0.882658484919
131117
0.885879683613
131137
0.88761466107
131157
0.890511796486
131177
0.902300995025
131197
0.90965582245
131217
0.914297652363
131237
0.924524836754
131257
0.932661400031
131277
0.937879936256
131297
0.948128983986
131317
0.958359083489
131337
0.94454825482
131357
0.94091553949
131377
0.935667366294
131397
0.931361260106
131417
0.930233597637
131437
0.924078824627
131457
0.911602631374
131477
0.908634561567
131497
0.908685576026
131517
0.90380373523
131537
0.904309993004
131557
0.89444574005
131577
0.899369364117
131597
0.901676675218
131617
0.900942067009
131637
0.898128012282
131657
0.8916137088
131677
0.897256393812
131697
0.89952629431
131717
0.904964921486
131737
0.903845518501
131757
0.90409427472
131777
0.903280472637
131797
0.901748581312
131817
0.915349521922
131837
0.909241876555
131857
0.901886563277
131877
0.912979535914
131897
0.904603447606
131917
0.896854594216
131937
0.904949860075
131957
0.896286147388
131977
0.893379780784
131997
0.891954291045
132017
0.903370355255
132037
0.898923837842
132057
0.907759542133
132077
0.901364272388
132097
0.895750252643
132117
0.912155045087
132137
0.907931533738
132157
0.907665286847
132177
0.902214027519
132197
0.89892092273
132217
0.894619675062
132237
0.907398068252
132257
0.912001030006
132277
0.905643170864
132297
0.909790889303
132317
0.912122493004
132337
0.923255305504
132357
0.928890702736
132377
0.928576842351
132397
0.923031327736
132417
0.921737503887
132437
0.916734200093
132457
0.911959732587
132477
0.917639828203
132497
0.91524409204
132517
0.912923662935
132537
0.909951706312
132557
0.914083877488
132577
0.914116429571
132597
0.921655880752
132617
0.923634755908
132637
0.916281871891
132657
0.910534242848
132677
0.906518190299
132697
0.89980225824
132717
0.893526508085
132737
0.886922321984
132757
0.878464610541
132777
0.87743168921
132797
0.881795125933
132817
0.883081662002
132837
0.881673177083
132857
0.886760047419
132877
0.892431883551
132897
0.884133531561
132917
0.889471587376
132937
0.890181902985
132957
0.894250913402
132977
0.889249553016
132997
0.890377215485
133017
0.893809759795
133037
0.893533310012
133057
0.89913566931
133077
0.907784320585
133097
0.914508512127
133117
0.908344022077
133137
0.915599249845
133157
0.910009522699
133177
0.916912993626
133197
0.912870219216
133217
0.91239019745
133237
0.911046330846
133257
0.905817591729
133277
0.915242148632
133297
0.912662274565
133317
0.919103700249
133337
0.916634600435
133357
0.921981887438
133377
0.923186314521
133397
0.915262068563
133417
0.920739078047
133437
0.915199393657
133457
0.916380985697
133477
0.917716106965
133497
0.908965426772
133517
0.910665422886
133537
0.911192572295
133557
0.917632540423
133577
0.915621113184
133597
0.918088755442
133617
0.925416375155
133637
0.920048682369
133657
0.934263739894
133677
0.934227300995
133697
0.932748367537
133717
0.934417754975
133737
0.931380208333
133757
0.923490457867
133777
0.913724347015
133797
0.910959849192
133817
0.904574782338
133837
0.898133842506
133857
0.900461073539
133877
0.898466165267
133897
0.8964965213
133917
0.903562266791
133937
0.911942727767
133957
0.919736765392
133977
0.923691600591
133997
0.921928443719
134017
0.925092311878
134037
0.919284437189
134057
0.918141227456
134077
0.915521999378
134097
0.907684720927
134117
0.900574277052
134137
0.889710626555
134157
0.880322022699
134177
0.880638798197
134197
0.876024661847
134217
0.87460451648
134237
0.867443543999
134257
0.871315298507
134277
0.876229205535
134297
0.882201784049
134317
0.897996832245
134337
0.89709217584
134357
0.907491351835
134377
0.918331195585
134397
0.92382326648
134417
0.929492673352
134437
0.923910233986
134457
0.922352106654
134477
0.917969235852
134497
0.91456778607
134517
0.915979186101
134537
0.912681708644
134557
0.911756160603
134577
0.90489010028
134597
0.910842758862
134617
0.902132890236
134637
0.902359297264
134657
0.899160447761
134677
0.893375408116
134697
0.879035000777
134717
0.868976407027
134737
0.855549887282
134757
0.84503167755
134777
0.847216553949
134797
0.846020872201
134817
0.844008959111
134837
0.850310945274
134857
0.863822489117
134877
0.868714532805
134897
0.880475066076
134917
0.887624863961
134937
0.89150147699
134957
0.898890314055
134977
0.912129294932
134997
0.901059157338
135017
0.900162274565
135037
0.891336287313
135057
0.885904947917
135077
0.883202639148
135097
0.879440687189
135117
0.85614505597
135137
0.850308516014
135157
0.850816717195
135177
0.842851173818
135197
0.847344333022
135217
0.851408970771
135237
0.848060478856
135257
0.849322236474
135277
0.853052122201
135297
0.841545203669
135317
0.856313646611
135337
0.850060731499
135357
0.85790043921
135377
0.862955243315
135397
0.881675120491
135417
0.885268967662
135437
0.900299284826
135457
0.906793668377
135477
0.90527829602
135497
0.925882793066
135517
0.927698421953
135537
0.930903587531
135557
0.931966631685
135577
0.926197139303
135597
0.926932233364
135617
0.931803871269
135637
0.942236571051
135657
0.94130130597
135677
0.934952192164
135697
0.93640148865
135717
0.920608869714
135737
0.940600221549
135757
0.911175567475
135777
0.901761213464
135797
0.874305231654
135817
0.8802491449
135837
0.889230118937
135857
0.891118625622
135877
0.911468050373
135897
0.915479244403
135917
0.949553502021
135937
0.960022154851
135957
0.990628400964
135977
0.98884775342
135997
0.991548604633
136017
0.991824568563
136037
0.991565123601
136057
0.991367381841
136077
0.991725940609
136097
0.991461151275
136117
0.9926024176
136137
0.996235618781
136157
1.0
136177
1.0
136197
1.0
136217
1.0
136237
1.0
