143766
0.995172526042
143786
0.99265625
143806
0.992663845486
143826
0.992689887153
143846
0.992663845486
143866
0.988816189236
143886
0.988123914931
143906
0.988117404514
143926
0.988088107639
143946
0.987941623264
143966
0.98849609375
143986
0.988231336806
144006
0.988225911458
144026
0.988220486111
144046
0.989529079861
144066
0.987633463542
144086
0.987681206597
144106
0.987645399306
144126
0.988671875
144146
0.993515625
144166
0.994590928819
144186
0.994602864583
144206
0.994602864583
144226
0.994594184028
144246
0.993342013889
144266
0.989920789931
144286
0.989932725694
144306
0.989929470486
144326
0.989752604167
144346
0.986966145833
144366
0.986389973958
144386
0.986393229167
144406
0.986395399306
144426
0.985849609375
144446
0.991448567708
144466
0.991930338542
144486
0.991932508681
144506
0.991932508681
144526
0.992510850694
144546
0.991239149306
144566
0.991134982639
144586
0.991134982639
144606
0.991118706597
144626
0.994010416667
144646
0.987559678819
144666
0.987434895833
144686
0.987434895833
144706
0.987438151042
144726
0.9923828125
144746
0.989440104167
144766
0.989432508681
144786
0.989427083333
144806
0.989425998264
144826
0.995916883681
144846
0.994760199653
144866
0.994575737847
144886
0.994684244792
144906
0.994670138889
144926
0.991495225694
144946
0.992341579861
144966
0.992354600694
144986
0.992352430556
145006
0.992970920139
145026
0.992222222222
145046
0.992204861111
145066
0.992209201389
145086
0.992209201389
145106
0.995622829861
145126
0.994258897569
145146
0.994249131944
145166
0.994241536458
145186
0.994241536458
145206
0.995094401042
145226
0.993472222222
145246
0.993467881944
145266
0.993468967014
145286
0.993365885417
145306
0.990099826389
145326
0.989856770833
145346
0.989880642361
145366
0.990107421875
145386
0.990231119792
145406
0.996737196181
145426
0.996579861111
145446
0.996579861111
145466
0.996579861111
145486
0.996453993056
145506
0.995639105903
145526
0.996047092014
145546
0.996047092014
145566
0.996047092014
145586
0.996431206597
145606
0.996650390625
145626
0.996799045139
145646
0.996799045139
145666
0.996806640625
145686
0.996419270833
145706
0.994417317708
145726
0.994417317708
145746
0.994417317708
145766
0.994417317708
145786
0.994966362847
145806
0.994649522569
145826
0.994649522569
145846
0.994649522569
145866
0.995029296875
145886
0.994662543403
145906
0.996622178819
145926
0.996304253472
145946
0.996304253472
145966
0.996304253472
145986
0.995920138889
146006
0.996794704861
146026
0.9970703125
146046
0.9970703125
146066
0.9970703125
146086
0.997339409722
146106
0.997297092014
146126
0.997342664931
146146
0.997342664931
146166
0.997342664931
146186
0.998480902778
146206
0.995501302083
146226
0.995499131944
146246
0.995499131944
146266
0.995499131944
146286
0.998259548611
146306
0.997258029514
146326
0.997258029514
146346
0.997258029514
146366
0.997345920139
146386
0.996076388889
146406
0.995469835069
146426
0.995469835069
146446
0.995469835069
146466
0.995041232639
146486
0.997076822917
146506
0.997229817708
146526
0.997229817708
146546
0.997229817708
146566
0.997400173611
146586
0.996771918403
146606
0.996771918403
146626
0.996962890625
146646
0.996962890625
146666
0.997498914931
146686
0.996869574653
146706
0.996869574653
146726
0.996869574653
146746
0.996869574653
146766
0.999826388889
146786
0.995595703125
146806
0.995600043403
146826
0.995600043403
146846
0.995600043403
146866
0.997494574653
146886
0.997173394097
146906
0.997138671875
146926
0.997138671875
146946
0.997138671875
146966
0.997557508681
146986
0.997347005208
147006
0.997347005208
147026
0.997347005208
147046
0.997254774306
147066
0.996010199653
147086
0.996119791667
147106
0.996119791667
147126
0.996434461806
147146
0.997599826389
147166
0.996821831597
147186
0.996824001736
147206
0.996824001736
147226
0.996824001736
147246
0.999754774306
147266
0.993301866319
147286
0.993304036458
147306
0.993304036458
147326
0.993304036458
147346
0.993397352431
147366
0.992901475694
147386
0.992901475694
147406
0.992909071181
147426
0.992588975694
147446
0.991310763889
147466
0.991901041667
147486
0.991901041667
147506
0.991901041667
147526
0.993296440972
147546
1.0
147566
0.99525390625
147586
0.995099826389
147606
0.995333116319
147626
0.995285373264
147646
0.995335286458
147666
0.995425347222
147686
0.995155164931
147706
0.995263671875
147726
0.99041015625
147746
0.989937065972
147766
0.990109592014
147786
0.990179036458
147806
0.989852430556
147826
0.990134548611
147846
0.994862196181
147866
0.990143229167
147886
0.990643446181
147906
0.990921223958
147926
0.990942925347
147946
0.990687934028
147966
0.990572554977
147986
0.995426432292
148006
0.995635850694
148026
0.991550564236
148046
0.991620008681
148066
0.9886328125
148086
0.985170717593
148106
0.983201316551
148126
0.979847005208
148146
0.983797743056
148166
0.983590494792
148186
0.976821831597
148206
0.969929832176
148226
0.962102864583
148246
0.954728732639
148266
0.949328703704
148286
0.941800491898
148306
0.938088107639
148326
0.937261646412
148346
0.92759729456
148366
0.930733145255
148386
0.923834997106
148406
0.915612340856
148426
0.913422309028
148446
0.910740017361
148466
0.907212818287
148486
0.90896484375
148506
0.908449797454
148526
0.904796006944
148546
0.907568359375
148566
0.904330512153
148586
0.909007523148
148606
0.910466941551
148626
0.914058521412
148646
0.920086805556
148666
0.920223162616
148686
0.917829499421
148706
0.920126229745
148726
0.917019675926
148746
0.919127965856
148766
0.923050853588
148786
0.927749927662
148806
0.929645182292
148826
0.933388310185
148846
0.936029369213
148866
0.933192274306
148886
0.932789713542
148906
0.934240451389
148926
0.930962818287
148946
0.930558449074
148966
0.933546368634
148986
0.930472366898
149006
0.931759982639
149026
0.924136284722
149046
0.924462890625
149066
0.924032118056
149086
0.920198206019
149106
0.919152560764
149126
0.924409722222
149146
0.927839988426
149166
0.920361328125
149186
0.92541087963
149206
0.915884693287
149226
0.913312355324
149246
0.913153935185
149266
0.916297019676
149286
0.918570240162
149306
0.920517578125
149326
0.919678819444
149346
0.920576171875
149366
0.927748480903
149386
0.926299913194
149406
0.925691912616
149426
0.925484302662
149446
0.929846281829
149466
0.927866030093
149486
0.93300817419
149506
0.936710069444
149526
0.936825086806
149546
0.938939525463
149566
0.944481336806
149586
0.94310619213
149606
0.945251012731
149626
0.945416304977
149646
0.945880714699
149666
0.945076678241
149686
0.946011284722
149706
0.946315104167
149726
0.945935329861
149746
0.944162688079
149766
0.941475332755
149786
0.940536024306
149806
0.942528211806
149826
0.93800853588
149846
0.936636284722
149866
0.941908637153
149886
0.937290943287
149906
0.935562065972
149926
0.937209563079
149946
0.932072482639
149966
0.931567563657
149986
0.929634331597
150006
0.934194878472
150026
0.931858723958
150046
0.927182798032
150066
0.924174623843
150086
0.921629412616
150106
0.924234664352
150126
0.930641999421
150146
0.927126374421
150166
0.931231915509
150186
0.92949291088
150206
0.926038411458
150226
0.923645833333
150246
0.920843460648
150266
0.919732349537
150286
0.920042317708
150306
0.925967158565
150326
0.927188946759
150346
0.929900896991
150366
0.931690538194
150386
0.932415002894
150406
0.928255570023
150426
0.932299623843
150446
0.929611183449
150466
0.931807725694
150486
0.925082826968
150506
0.926772641782
150526
0.922195095486
150546
0.920818142361
150566
0.916854021991
150586
0.915475983796
150606
0.918256655093
150626
0.924601779514
150646
0.925489728009
150666
0.919833984375
150686
0.923318865741
150706
0.914341362847
150726
0.914978660301
150746
0.92361400463
150766
0.925405092593
150786
0.926021050347
150806
0.92443323206
150826
0.927939453125
150846
0.925168909144
150866
0.932573784722
150886
0.929580078125
150906
0.928776041667
150926
0.923519965278
150946
0.922708333333
150966
0.923819444444
150986
0.928130425347
151006
0.921151258681
151026
0.919112413194
151046
0.919880280671
151066
0.918455222801
151086
0.917264178241
151106
0.922810329861
151126
0.927466362847
151146
0.924839409722
151166
0.927183159722
151186
0.923875868056
151206
0.918168402778
151226
0.920472366898
151246
0.912640697338
151266
0.907956814236
151286
0.90712854456
151306
0.900645616319
151326
0.903486328125
151346
0.895966796875
151366
0.901290147569
151386
0.898228804977
151406
0.896021412037
151426
0.891538266782
151446
0.883236038773
151466
0.889592737269
151486
0.884301215278
151506
0.882370876736
151526
0.889275535301
151546
0.88537037037
151566
0.898813657407
151586
0.89593822338
151606
0.895832971644
151626
0.900813802083
151646
0.901281828704
151666
0.896997251157
151686
0.894319661458
151706
0.899840133102
151726
0.899710648148
151746
0.90068323206
151766
0.894310257523
151786
0.897267795139
151806
0.908469690394
151826
0.909196325231
151846
0.913025896991
151866
0.919995659722
151886
0.923375651042
151906
0.922224392361
151926
0.928180700231
151946
0.927090928819
151966
0.933796296296
151986
0.937160734954
152006
0.936879340278
152026
0.94822229456
152046
0.946550925926
152066
0.945694082755
152086
0.938927951389
152106
0.936346571181
152126
0.935357349537
152146
0.935834780093
152166
0.936247829861
152186
0.938311631944
152206
0.941294487847
152226
0.934334852431
152246
0.934956597222
152266
0.934701967593
152286
0.936056134259
152306
0.936569010417
152326
0.933740957755
152346
0.937291666667
152366
0.934144603588
152386
0.934427806713
152406
0.929798900463
152426
0.928568070023
152446
0.924937789352
152466
0.923743489583
152486
0.917661313657
152506
0.922346643519
152526
0.918609302662
152546
0.923585069444
152566
0.923699001736
152586
0.922886646412
152606
0.925308883102
152626
0.933709852431
152646
0.926050708912
152666
0.912442491319
152686
0.911897063079
152706
0.90566333912
152726
0.904818070023
152746
0.909943938079
152766
0.909991681134
152786
0.917126374421
152806
0.921382016782
152826
0.923563368056
152846
0.928550708912
152866
0.938143446181
152886
0.941121961806
152906
0.94291087963
152926
0.964579716435
152946
0.97591833044
152966
0.980186270255
152986
0.994521484375
153006
0.995853949653
153026
0.995281032986
153046
0.995295138889
153066
0.995163845486
153086
0.994962022569
153106
0.995310329861
153126
0.993473307292
153146
0.996001519097
153166
0.996010199653
153186
0.996010199653
153206
0.996049262153
153226
0.996049262153
153246
0.996049262153
153266
0.996049262153
153286
0.996049262153
153306
0.995837673611
153326
0.998840060764
153346
1.0
