104825
0.821839096967
104845
0.814446901808
104865
0.814453125
104885
0.811949965533
104905
0.81053203508
104925
0.81066607307
104945
0.807858934589
104965
0.812997855392
104985
0.801335592831
105005
0.815536439185
105025
0.819323969822
105045
0.814060106464
105065
0.825511737898
105085
0.828167604933
105105
0.829698510263
105125
0.837753714767
105145
0.843694948683
105165
0.853759765625
105185
0.861650773591
105205
0.858696193321
105225
0.841839001225
105245
0.848886527267
105265
0.842102290135
105285
0.82615368413
105305
0.850392539828
105325
0.822238338695
105345
0.828559187347
105365
0.821250765931
105385
0.810854204963
105405
0.817029047947
105425
0.82175245098
105445
0.812333409926
105465
0.799598843444
105485
0.7993130553
105505
0.794998468137
105525
0.811077761183
105545
0.824546185662
105565
0.849240770527
105585
0.864505304075
105605
0.876171396293
105625
0.885597139246
105645
0.918798828125
105665
0.93498583027
105685
0.956795247396
105705
0.959180644914
105725
0.944227270987
105745
0.917862955729
105765
0.903773648131
105785
0.881758865656
105805
0.861614870558
105825
0.843906537224
105845
0.825548119638
105865
0.826436121324
105885
0.826405005362
105905
0.853757850797
105925
0.872621304381
105945
0.899552408854
105965
0.916077856924
105985
0.943552293964
106005
0.937737438725
106025
0.931380208333
106045
0.942460841759
106065
0.910719688266
106085
0.900359987745
106105
0.876919136795
106125
0.857939357384
106145
0.832406077665
106165
0.821821384804
106185
0.797846296722
106205
0.799018171722
106225
0.791875382966
106245
0.805344764859
106265
0.82906182981
106285
0.8405306947
106305
0.861770450368
106325
0.879976639093
106345
0.906319412531
106365
0.925623755362
106385
0.924084233303
106405
0.923365215227
106425
0.91136115579
106445
0.91546606924
106465
0.887705844056
106485
0.873269473805
106505
0.873625153186
106525
0.873621323529
106545
0.874401616115
106565
0.874404488358
106585
0.883218922335
106605
0.901569680607
106625
0.926607977175
106645
0.919967830882
106665
0.945774931066
106685
0.949278588388
106705
0.930100145527
106725
0.906301221661
106745
0.879976160386
106765
0.854991957721
106785
0.831049421722
106805
0.822423598346
106825
0.820530311734
106845
0.84057042739
106865
0.848255591299
106885
0.868439319087
106905
0.886355890012
106925
0.907840743719
106945
0.905536726409
106965
0.909713924632
106985
0.917728917739
107005
0.905788047641
107025
0.889171645221
107045
0.869244504442
107065
0.853501263787
107085
0.83200635723
107105
0.815213790594
107125
0.798183785233
107145
0.792820350797
107165
0.784916417739
107185
0.79331629136
107205
0.789939491422
107225
0.812343941483
107245
0.826215916054
107265
0.838142903646
107285
0.857523360907
107305
0.875434187347
107325
0.90310010723
107345
0.912938017004
107365
0.921076037837
107385
0.94398839614
107405
0.973506912531
107425
0.983082490809
107445
0.983217007506
107465
0.983147116268
107485
0.983137063419
107505
0.983219879749
107525
0.962967218137
107545
0.941997453278
107565
0.934594726562
107585
0.934522920496
107605
0.934737381281
107625
0.934217505362
107645
0.934899184283
107665
0.934648341759
107685
0.934673234528
107705
0.920840035233
107725
0.908611462163
107745
0.894160251991
107765
0.917403875613
107785
0.926099590227
107805
0.925692689185
107825
0.925694604013
107845
0.926311178768
107865
0.926301604626
107885
0.920264629289
107905
0.894573376225
107925
0.900054093903
107945
0.90714374617
107965
0.907682291667
107985
0.908630610447
108005
0.909178730086
108025
0.909041819853
108045
0.908649758732
108065
0.908359183517
108085
0.910437729779
108105
0.919389073989
108125
0.928243240656
108145
0.928089575674
108165
0.930663105086
108185
0.922562902114
108205
0.921336454504
108225
0.922491574755
108245
0.922039675245
108265
0.922373334099
108285
0.922049728094
108305
0.926770737592
108325
0.916906498928
108345
0.914768114277
108365
0.911939912684
108385
0.920154047947
108405
0.920629404105
108425
0.92048291973
108445
0.920324946385
108465
0.920099954044
108485
0.920551374847
108505
0.921785003064
108525
0.924128274357
108545
0.934205537684
108565
0.934898226869
108585
0.9447332644
108605
0.928206858915
108625
0.902996706495
108645
0.885251034007
108665
0.86333917356
108685
0.851551968444
108705
0.822087545956
108725
0.800876034007
108745
0.819286630668
108765
0.838820752911
108785
0.848411649816
108805
0.866180300245
108825
0.893524528952
108845
0.90675982307
108865
0.924680702359
108885
0.917633176317
108905
0.923559091605
108925
0.942351696538
108945
0.919054936428
108965
0.909756050858
108985
0.909614832261
109005
0.909511431526
109025
0.910245289522
109045
0.909492283241
109065
0.910178749234
109085
0.936836033241
109105
0.929615693934
109125
0.909711531097
109145
0.904551068474
109165
0.882882869945
109185
0.857013537837
109205
0.830493164062
109225
0.829016352635
109245
0.831048943015
109265
0.829798560049
109285
0.829784677543
109305
0.840304744945
109325
0.862259210325
109345
0.892533126532
109365
0.913056736366
109385
0.926258999694
109405
0.931990559896
109425
0.927402152267
109445
0.917666207108
109465
0.908891027114
109485
0.883303653493
109505
0.868647556679
109525
0.85152946921
109545
0.832329005821
109565
0.802088120404
109585
0.80513604856
109605
0.815150122549
109625
0.812320006127
109645
0.805641563266
109665
0.805661190257
109685
0.808062863817
109705
0.805658318015
109725
0.804513250613
109745
0.813905962776
109765
0.807878082874
109785
0.81437030867
109805
0.818217677696
109825
0.818258846507
109845
0.820430740656
109865
0.819841452206
109885
0.825886565564
109905
0.827266678156
109925
0.830525716146
109945
0.830908203125
109965
0.832369695925
109985
0.840655158548
110005
0.847276156556
110025
0.850594075521
110045
0.845416379442
110065
0.835589001225
110085
0.832654526654
110105
0.830711933211
110125
0.834753178615
110145
0.839585726869
110165
0.84091126685
110185
0.83127489277
110205
0.828340896906
110225
0.825696518842
110245
0.818941004136
110265
0.82874731924
110285
0.829545323989
110305
0.832795266544
110325
0.829426604626
110345
0.836707739737
110365
0.83414665671
110385
0.835715858609
110405
0.838313802083
110425
0.841924689798
110445
0.841809800092
110465
0.846964996936
110485
0.841773418352
110505
0.834011661305
110525
0.823956897212
110545
0.819403435202
110565
0.815997912837
110585
0.809655522365
110605
0.813121361826
110625
0.810995902267
110645
0.819947246477
110665
0.812563189338
110685
0.820134420956
110705
0.831131759344
110725
0.829243259804
110745
0.83361194087
110765
0.841087909773
110785
0.854246610754
110805
0.854737285539
110825
0.848291015625
110845
0.85064051011
110865
0.840011297488
110885
0.837758501838
110905
0.839278875613
110925
0.837406652114
110945
0.848872166054
110965
0.860903511795
110985
0.878398820466
111005
0.888236730239
111025
0.899710860907
111045
0.926535213695
111065
0.944528856464
111085
0.939112764246
111105
0.894755763634
111125
0.880216471354
111145
0.869621725643
111165
0.869962565104
111185
0.869735657935
111205
0.869733743107
111225
0.869864430147
111245
0.871674900429
111265
0.870354147518
111285
0.873222560509
111305
0.900294404871
111325
0.937465533088
111345
0.969533164828
111365
0.969790230545
111385
0.969808900123
111405
0.969755284926
111425
0.969717945772
111445
0.95798962163
111465
0.931666475184
111485
0.930846449908
111505
0.95507477405
111525
0.961539234835
111545
0.961546894148
111565
0.961758003983
111585
0.961529660692
111605
0.949054074755
111625
0.903595569087
111645
0.876158949908
111665
0.87958984375
111685
0.85840178845
111705
0.834749348958
111725
0.809676106771
111745
0.790665211397
111765
0.759300321691
111785
0.723835784314
111805
0.696396292892
111825
0.717734183517
111845
0.726518937653
111865
0.71452923943
111885
0.703054630055
111905
0.7009698606
111925
0.721038698683
111945
0.739146752451
111965
0.763648897059
111985
0.803369619332
112005
0.833403703278
112025
0.857332356771
112045
0.892787320006
112065
0.89669452742
112085
0.936997836244
112105
0.962527765012
112125
0.972456629136
112145
0.972430300245
112165
0.972461894914
112185
0.97271752451
112205
0.97259162454
112225
0.967534562653
112245
0.953841145833
112265
0.956450578278
112285
0.959174421722
112305
0.950134516697
112325
0.947715130974
112345
0.94750402114
112365
0.947600719975
112385
0.944233972886
112405
0.932495595895
112425
0.914043830423
112445
0.903778913909
112465
0.89888269761
112485
0.891956284467
112505
0.884818282782
112525
0.890869140625
112545
0.891401462929
112565
0.889931832108
112585
0.891663315717
112605
0.901200597426
112625
0.919202378217
112645
0.934155273438
112665
0.937178308824
112685
0.941845703125
112705
0.966902669271
112725
0.966548904718
112745
0.96654028799
112765
0.966657092525
112785
0.96651874617
112805
0.966430664062
112825
0.943783988205
112845
0.917403875613
112865
0.873642386642
112885
0.844642310049
112905
0.779755955116
112925
0.726970837163
112945
0.683209348192
112965
0.62371227788
112985
0.584883865656
113005
0.584129901961
113025
0.595672966452
113045
0.625230258119
113065
0.67458448223
113085
0.736267807904
113105
0.780574544271
113125
0.811342486213
113145
0.866575233609
113165
0.909249578738
113185
0.968096086091
113205
0.972810393689
113225
0.972538488051
113245
0.972655771293
113265
0.97217467065
113285
0.972530350031
113305
0.972482000613
113325
0.978888537837
113345
0.418844784007
113365
0.1587823606
113385
0.188672832414
113405
0.140456016391
113425
0.158240942862
113445
0.209834558824
113465
0.126227883732
113485
0.178695618873
113505
0.134004001991
113525
0.129961799173
113545
0.12267444087
113565
0.143846220129
113585
0.138414809283
113605
0.113666609222
113625
0.163731713388
113645
0.74037511489
113665
1.0
113685
1.0
113705
1.0
113725
1.0
113745
1.0
113765
1.0
113785
1.0
113805
1.0
113825
1.0
113845
1.0
113865
1.0
113885
1.0
113905
1.0
113925
1.0
113945
1.0
113965
1.0
113985
1.0
114005
1.0
114025
1.0
114045
1.0
114065
1.0
114085
1.0
114105
1.0
114125
1.0
114145
1.0
114165
1.0
114185
1.0
114205
1.0
114225
1.0
114245
1.0
114265
1.0
114285
1.0
114305
1.0
114325
1.0
114345
1.0
114365
1.0
114385
1.0
114405
1.0
