193114
0.190675657006
193134
0.189871882121
193154
0.190508079537
193174
0.192273612646
193194
0.191154723894
193214
0.19084728533
193234
0.189882329062
193254
0.190627473153
193274
0.190964973324
193294
0.190862209532
193314
0.191770240629
193334
0.188966622662
193354
0.191403105257
193374
0.191757874862
193394
0.189352946293
193414
0.189575743311
193434
0.189151043159
193454
0.189438653854
193474
0.192332669846
193494
0.193254345928
193514
0.192341411164
193534
0.196602057664
193554
0.19231966447
193574
0.191968519314
193594
0.196845961767
193614
0.26565825965
193634
0.264442576787
193654
0.248062625363
193674
0.185875393999
193694
0.129095414262
193714
0.214082775595
193734
0.234699068389
193754
0.192577639963
193774
0.214363990203
193794
0.187402566281
193814
0.244061873184
193834
0.219677645763
193854
0.199196310396
193874
0.179264825276
193894
0.234727424373
193914
0.230442472744
193934
0.233488502395
193954
0.224599221212
193974
0.223869001324
193994
0.223293779934
194014
0.224167272163
194034
0.222596393289
194054
0.222262091162
194074
0.222622830447
194094
0.222592982043
194114
0.220467136054
194134
0.142635929633
194154
0.151870812695
194174
0.141786316127
194194
0.145179013672
194214
0.14518327773
194234
0.149259716935
194254
0.141667562119
194274
0.14327958915
194294
0.146458444199
194314
0.144086562078
194334
0.14506516333
194354
0.144223864737
194374
0.142860432273
194394
0.144677134076
194414
0.146936231869
194434
0.142471976612
194454
0.144198067188
194474
0.145115266009
194494
0.144653468555
194514
0.174810590555
194534
0.174343889435
194554
0.173284910694
194574
0.161581138196
194594
0.15657193636
194614
0.18787736911
194634
0.199915870141
194654
0.203111781421
194674
0.213710523353
194694
0.179431549934
194714
0.154713659994
194734
0.163805483919
194754
0.169825480645
194774
0.177692240779
194794
0.183106741305
194814
0.195662685742
194834
0.189702172623
194854
0.194507552499
194874
0.187578671865
194894
0.183821610586
194914
0.192951811031
194934
0.197109906941
194954
0.195199609071
194974
0.190023042968
194994
0.193196781148
195014
0.203580401367
195034
0.197407111766
195054
0.197006077135
195074
0.202142561095
195094
0.200197511155
195114
0.201173767176
195134
0.192133111943
195154
0.192757156795
195174
0.195434132247
195194
0.193440045642
195214
0.185342173578
195234
0.177664524404
195254
0.171754327166
195274
0.196684140775
195294
0.220137950796
195314
0.200401119912
195334
0.204878380545
195354
0.205214814701
195374
0.209408302291
195394
0.220015572339
195414
0.242376077954
195434
0.242548985495
195454
0.238635006891
195474
0.238970588235
195494
0.238830513938
195514
0.255912116064
195534
0.268577646786
195554
0.262555091626
195574
0.271555877918
195594
0.277863485338
195614
0.271692967375
195634
0.275685617845
195654
0.301142255789
195674
0.300096282424
195694
0.299196139834
195714
0.297121249335
195734
0.294445553099
195754
0.298484681799
195774
0.287135039298
195794
0.291508256921
195814
0.296162689154
195834
0.302630625145
195854
0.302399086809
195874
0.299230678702
195894
0.280694180073
195914
0.282181057009
195934
0.296663502736
195954
0.297808189038
195974
0.292823079127
195994
0.283978570551
196014
0.272689690873
196034
0.266119843901
196054
0.275903297993
196074
0.303911121686
196094
0.305733366764
196114
0.314422450435
196134
0.322743332719
196154
0.332980482555
196174
0.342741123937
196194
0.341757619018
196214
0.34460878123
196234
0.3346748059
196254
0.321307411273
196274
0.304795700465
196294
0.291169690736
196314
0.280468611418
196334
0.269386751743
196354
0.259069650825
196374
0.25151821776
196394
0.242745984963
196414
0.236213235294
196434
0.231098711231
196454
0.223664539755
196474
0.217904010943
196494
0.214926845825
196514
0.213833754622
196534
0.21105124374
196554
0.209535158009
196574
0.209426211334
196594
0.207511223
196614
0.205836087915
196634
0.201376309919
196654
0.201937886324
196674
0.202642308663
196694
0.200524351181
196714
0.199262829697
196734
0.19957026826
196754
0.199491809598
196774
0.217410659462
196794
0.234937002811
196814
0.218286070517
196834
0.204850237764
196854
0.211106676491
196874
0.208607085841
196894
0.200805139384
196914
0.213642724835
196934
0.199845086782
196954
0.199108044401
196974
0.18246990428
196994
0.184636685224
197014
0.177823786961
197034
0.181755887811
197054
0.16794289915
197074
0.158634887497
197094
0.161598620833
197114
0.169857461078
197134
0.172646581249
197154
0.189902156931
197174
0.186161299071
197194
0.179927033444
197214
0.163383768608
197234
0.154721974907
197254
0.147869847313
197274
0.155488226084
197294
0.172098863032
197314
0.185487151541
197334
0.195183405652
197354
0.203558867876
197374
0.200359118943
197394
0.204464980147
197414
0.211528605005
197434
0.209637068989
197454
0.206963504783
197474
0.209469065114
197494
0.204464980147
197514
1.0
197534
0.997361827473
197554
0.996916233438
197574
0.996648663815
197594
0.996624145483
197614
0.996634166019
197634
0.996680217842
197654
0.996674674567
197674
0.996681283857
197694
0.99576664347
197714
0.99466715618
197734
0.993691326565
197754
0.99268522214
197774
0.991793607666
197794
0.991705554873
197814
0.991869081488
197834
0.992446861312
197854
0.994508959638
197874
0.994519193377
197894
0.994537742028
197914
0.995540222004
197934
0.996916659844
197954
0.998074351522
197974
0.999255708721
197994
1.0
198014
0.99174073335
198034
0.991622192544
198054
0.991645858065
198074
0.991669310382
198094
0.992776686179
198114
1.0
198134
1.0
198154
0.999745435753
198174
0.994120290775
198194
0.987150688389
198214
0.981724461705
198234
0.973708033144
198254
0.964331796567
198274
0.957553650375
198294
0.94922466638
198314
0.94006525714
198334
0.932802500785
198354
0.923129485789
198374
0.915434140775
198394
0.905846620137
198414
0.899747525141
198434
0.892728672889
198454
0.892791780943
198474
0.890599628856
198494
0.887080501999
198514
0.886704198903
198534
0.884017416117
198554
0.879554866484
198574
0.881219767831
198594
0.88558083289
198614
0.886710168584
198634
0.886365632718
198654
0.885023946948
198674
0.886739803785
198694
0.884307585247
198714
0.88445107079
198734
0.881977704095
198754
0.879521180428
198774
0.880486136695
198794
0.878662612401
198814
0.887916044114
198834
0.882393662928
198854
0.874842656269
198874
0.878046882462
198894
0.876979588808
198914
0.877622608716
198934
0.871571057964
198954
0.878834027522
198974
0.876516085731
198994
0.884536565148
199014
0.886232594116
199034
0.885924729147
199054
0.888339465048
199074
0.885287039311
199094
0.89395970636
199114
0.900943593339
199134
0.898040409622
199154
0.900883256921
199174
0.902916146452
199194
0.905746841186
199214
0.90469489814
199234
0.908506326156
199254
0.903829934026
199274
0.896072120567
199294
0.897485442507
199314
0.893020334439
199334
0.90298394497
199354
0.900504395391
199374
0.898805381582
199394
0.89602436312
199414
0.894663915497
199434
0.8926039492
199454
0.896368259378
199474
0.892768968234
199494
0.892187777164
199514
0.894330466181
199534
0.892687098326
199554
0.89439464025
199574
0.890536094396
199594
0.891615753817
199614
0.885462931693
199634
0.887383889708
199654
0.88846440194
199674
0.886505920218
199694
0.888648182829
199714
0.888480392157
199734
0.882289619919
199754
0.881130009415
199774
0.877023721806
199794
0.881014879856
199814
0.880362265818
199834
0.882132062985
199854
0.878611870113
199874
0.876430804577
199894
0.879068337495
199914
0.883384843151
199934
0.890079627014
199954
0.891295096675
199974
0.889274786115
199994
0.89236473556
200014
0.895752955845
200034
0.894761988825
200054
0.89935459222
200074
0.897543646895
200094
0.899687188724
200114
0.897417857192
200134
0.899326662641
200154
0.898701764979
200174
0.892393304747
200194
0.890649091926
200214
0.884814155307
200234
0.883691428903
200254
0.878713781094
200274
0.876530157122
200294
0.877588709457
200314
0.880177632118
200334
0.879370019581
200354
0.880740700943
200374
0.885839874398
200394
0.885224357662
200414
0.882836485325
200434
0.886666461992
200454
0.887583021204
200474
0.889859601635
200494
0.892503743843
200514
0.891770965519
200534
0.894229194809
200554
0.892832502695
200574
0.889177778801
200594
0.890176847531
200614
0.890159578097
200634
0.885825803007
200654
0.891181885942
200674
0.896562487208
200694
0.888628354961
200714
0.892539775131
200734
0.897143251873
200754
0.898936074952
200774
0.901775724208
200794
0.903188193336
200814
0.903054301923
200834
0.898084116214
200854
0.894601233848
200874
0.892759374105
200894
0.89828537974
200914
0.894632148266
200934
0.891995254957
200954
0.890859736379
200974
0.890764221485
200994
0.886914630153
201014
0.880736650088
201034
0.875881167533
201054
0.878900760026
201074
0.87586027365
201094
0.878958751211
201114
0.885543095979
201134
0.89359640864
201154
0.89533763662
201174
0.901215213817
201194
0.897403359395
201214
0.904982295632
201234
0.902350945597
201254
0.896570162512
201274
0.900096325064
201294
0.90520658507
201314
0.903870655778
201334
0.899587409773
201354
0.901779348657
201374
0.899880563743
201394
0.899465670924
201414
0.898405839371
201434
0.897360505615
201454
0.90716272156
201474
0.906639521675
201494
0.912979749137
201514
0.922526974429
201534
0.925744845607
201554
0.92798837959
201574
0.933005683136
201594
0.931480642883
201614
0.929932150313
201634
0.934542875953
201654
0.929948780138
201674
0.928693228335
201694
0.936580455947
201714
0.933637403291
201734
0.919928457639
201754
0.917051071472
201774
0.911100578888
201794
0.910606161393
201814
0.899643268929
201834
0.894876052369
201854
0.89251461719
201874
0.886040285112
201894
0.893045279176
201914
0.88926412597
201934
0.88336778692
201954
0.878957898399
201974
0.881794562815
201994
0.880068685442
202014
0.880670557193
202034
0.898941618227
202054
0.88945536896
202074
0.895741656092
202094
0.893730726459
202114
0.900898394326
202134
0.899657553522
202154
0.897794586693
202174
0.885639250481
202194
0.878427662819
202214
0.875746423308
202234
0.880440298075
202254
0.873434451199
202274
0.855658234066
202294
0.837918474627
202314
0.84376918826
202334
0.835444468323
202354
0.828917261929
202374
0.813588187537
202394
0.815457976858
202414
0.821929537299
202434
0.842411938679
202454
0.851576038383
202474
0.853167597937
202494
0.848470525127
202514
0.847925365344
202534
0.873658527433
202554
0.885876118889
202574
0.877030544298
202594
0.882102001378
202614
0.887245521034
202634
0.896345446669
202654
0.898019089334
202674
0.884518869308
202694
0.88521092588
202714
0.884056219043
202734
0.861036490101
202754
0.855081307053
202774
0.850096836751
202794
0.848080577046
202814
0.854514613779
202834
0.866251006318
202854
0.879108206435
202874
0.880075721137
202894
0.896092161638
202914
0.9026539069
202934
0.92342200015
202954
0.938981333661
202974
0.947192416459
202994
0.95702831846
203014
0.975079567318
203034
0.993500509981
203054
0.996340798846
203074
1.0
203094
1.0
