128523
0.419310087316
128543
0.428251378676
128563
0.422249827665
128583
0.0979731541054
128603
0.0809192133885
128623
0.080286841299
128643
0.0819608800551
128663
0.0824999042586
128683
0.0868417777267
128703
0.0926216873468
128723
0.177155618107
128743
0.163920802696
128763
0.155340935202
128783
0.158003982843
128803
0.155927351409
128823
0.16125201057
128843
0.161186906403
128863
0.1611395144
128883
0.157862285539
128903
0.160428155637
128923
0.16015289905
128943
0.349695542279
128963
0.339343022365
128983
0.326843979779
129003
0.328318397672
129023
0.0597526999081
129043
0.059738817402
129063
0.0590470856311
129083
0.0614731732537
129103
0.069802198223
129123
0.0680865119485
129143
0.069566674326
129163
0.0710726868873
129183
0.0716093175551
129203
0.0744150199142
129223
0.0760756548713
129243
0.0772307751225
129263
0.0797889859069
129283
0.079563036152
129303
0.0789488549326
129323
0.0785395603554
129343
0.0747132544424
129363
0.0751364315257
129383
0.0712215647978
129403
0.0720339307598
129423
0.0737362132353
129443
0.0739803538603
129463
0.0723790785846
129483
0.0745007084865
129503
0.0735916436887
129523
0.0778861251532
129543
0.0791010837929
129563
0.0776726217831
129583
0.0771900850184
129603
0.0753748276654
129623
0.074564855239
129643
0.073841528799
129663
0.370849130668
129683
0.372374291513
129703
0.370982689951
129723
0.0693876378676
129743
0.0730215035233
129763
0.0930319393382
129783
0.221466662837
129803
0.216273169424
129823
0.207297889859
129843
0.0621299594056
129863
0.0632046568627
129883
0.0629136029412
129903
0.0672966452206
129923
0.0702210669424
129943
0.0700477749694
129963
0.0713618259804
129983
0.0695240693934
130003
0.0715829886642
130023
0.284401807598
130043
0.28697533701
130063
0.0670304840686
130083
0.066019933364
130103
0.0729999617034
130123
0.17741986443
130143
0.0723340801164
130163
0.0661735983456
130183
0.0671951593137
130203
0.154347617953
130223
0.156653071385
130243
0.288407149969
130263
0.3011651731
130283
0.541246361826
130303
0.509458295037
130323
0.193134861366
130343
0.332821116728
130363
0.723530369179
130383
0.399868834252
130403
0.335034179687
130423
0.182604262408
130443
0.22808191636
130463
0.221729473039
130483
0.210270660999
130503
0.353784179687
130523
0.214331533395
130543
0.223112457874
130563
0.0670323988971
130583
0.0678926355699
130603
0.0715370327819
130623
0.402830116422
130643
0.388735064338
130663
0.372976983762
130683
0.378778913909
130703
0.395690199908
130723
0.408555453431
130743
0.412677600337
130763
0.123781690411
130783
0.119743317249
130803
0.127776979933
130823
0.116097962623
130843
0.148941099877
130863
0.121120078891
130883
0.120972637102
130903
0.121037741268
130923
0.0940444048713
130943
0.0983561197917
130963
0.0920893650429
130983
0.0949582567402
131003
0.0964192708333
131023
0.0957088694853
131043
0.0979228898591
131063
0.0980799057904
131083
0.133159083946
131103
0.12806037454
131123
0.147562902114
131143
0.140232460172
131163
0.131420898437
131183
0.131847905178
131203
0.120607383578
131223
0.130574544271
131243
0.127249923407
131263
0.0700410730699
131283
0.0688577090993
131303
0.0672693589154
131323
0.159401807598
131343
0.162770948223
131363
0.160866651348
131383
0.159307981005
131403
0.161503810509
131423
0.160021254596
131443
0.265785845588
131463
0.147611251532
131483
0.156050857843
131503
0.152856445313
131523
0.147841030944
131543
0.149153645833
131563
0.145664349724
131583
0.142613070619
131603
0.150996189491
131623
0.131152822457
131643
0.128220262714
131663
0.138220932904
131683
0.166239181219
131703
0.152720013787
131723
0.452382046569
131743
0.112069163603
131763
0.138282207414
131783
0.128243240656
131803
0.0730373008578
131823
0.0618542241115
131843
0.0663703469669
131863
0.0638164445466
131883
0.128512752757
131903
0.131171013327
131923
0.117709769455
131943
0.109407073376
131963
0.114210899203
131983
0.115542662377
132003
0.103375363817
132023
0.104706648284
132043
0.10865502451
132063
0.113455499387
132083
0.102516563266
132103
0.0939740349265
132123
0.0948112936581
132143
0.0940013212316
132163
0.0962656058517
132183
0.0763810700061
132203
0.110300819547
132223
0.185349647672
132243
0.63780780867
132263
1.0
132283
1.0
132303
0.999998563879
132323
0.987599571078
132343
0.971348900888
132363
0.960596660539
132383
0.96008013557
132403
0.957743087469
132423
0.958296472886
132443
0.954125497855
132463
0.939735083487
132483
0.930336148131
132503
0.93449754902
132523
0.938315238205
132543
0.925965073529
132563
0.908864219516
132583
0.903083352482
132603
0.894019512102
132623
0.888434914982
132643
0.88641094133
132663
0.872439874387
132683
0.88572064568
132703
0.882011144301
132723
0.887406173407
132743
0.881346220129
132763
0.87337622549
132783
0.880664541207
132803
0.874037798713
132823
0.8750943053
132843
0.87402008655
132863
0.868779679841
132883
0.878658279718
132903
0.876399260876
132923
0.8817416322
132943
0.882413736979
132963
0.882238530178
132983
0.884660788143
133003
0.888700118719
133023
0.885428634344
133043
0.887418141085
133063
0.885395124847
133083
0.879938821232
133103
0.880350509344
133123
0.882497510723
133143
0.88583314185
133163
0.881205480239
133183
0.87054084329
133203
0.878358609069
133223
0.883808210784
133243
0.897959271599
133263
0.910041360294
133283
0.923807540594
133303
0.935600011489
133323
0.938043811275
133343
0.955996285233
133363
0.967463235294
133383
0.97648973652
133403
0.98158605239
133423
0.965113740809
133443
0.965240598192
133463
0.96441674326
133483
0.953737266391
133503
0.954723403033
133523
0.955524758732
133543
0.952255189185
133563
0.946111462163
133583
0.942703546262
133603
0.944094669118
133623
0.933280196844
133643
0.916288966759
133663
0.908701459099
133683
0.907701918658
133703
0.893210497089
133723
0.896002316942
133743
0.876682176777
133763
0.875195791207
133783
0.87415412454
133803
0.88379241345
133823
0.88712756587
133843
0.878786094516
133863
0.893468998928
133883
0.884705307904
133903
0.873007621017
133923
0.886244829963
133943
0.879425647212
133963
0.875142176011
133983
0.878418926164
134003
0.867325367647
134023
0.890134803922
134043
0.874460975797
134063
0.884944182751
134083
0.884204101562
134103
0.887283624387
134123
0.883741191789
134143
0.886271158854
134163
0.895143037684
134183
0.904304055607
134203
0.894470932904
134223
0.898650524663
134243
0.892080748315
134263
0.893661439185
134283
0.904380648744
134303
0.895895565257
134323
0.902858360141
134343
0.915198471967
134363
0.911444450827
134383
0.904042202819
134403
0.895021924786
134423
0.893650428922
134443
0.883146637561
134463
0.866496725643
134483
0.873995672488
134503
0.881781843597
134523
0.873140222886
134543
0.878937844669
134563
0.8830011106
134583
0.896667241115
134603
0.897119619332
134623
0.911706782322
134643
0.917288028493
134663
0.917464192708
134683
0.910153377757
134703
0.907837871477
134723
0.916506778493
134743
0.91281786152
134763
0.912036132812
134783
0.908060948989
134803
0.90570714614
134823
0.899055510876
134843
0.90500201057
134863
0.906075750613
134883
0.906386910233
134903
0.892659026501
134923
0.900735294118
134943
0.891293275123
134963
0.891963943781
134983
0.891656613817
135003
0.895177983303
135023
0.889995500153
135043
0.886954752604
135063
0.892293772978
135083
0.903436638327
135103
0.889949065564
135123
0.89023772595
135143
0.89057042739
135163
0.887712545956
135183
0.882268210018
135203
0.881287339154
135223
0.882088216146
135243
0.885165345435
135263
0.886521522672
135283
0.885656977635
135303
0.876997166054
135323
0.881092026654
135343
0.884632544424
135363
0.887105066636
135383
0.885585650276
135403
0.887845626532
135423
0.883174881281
135443
0.880202588848
135463
0.86558526731
135483
0.876886584712
135503
0.894801719516
135523
0.904777496936
135543
0.89641974954
135563
0.894455614277
135583
0.90177935432
135603
0.898494944853
135623
0.910499004289
135643
0.927811925551
135663
0.9204068053
135683
0.921062155331
135703
0.91068761489
135723
0.922060738358
135743
0.913822189032
135763
0.919233972886
135783
0.918324429381
135803
0.93322466682
135823
0.929380648744
135843
0.923321174173
135863
0.924409275429
135883
0.92740837546
135903
0.933399394914
135923
0.946160290288
135943
0.922476256127
135963
0.901996687347
135983
0.867583869485
136003
0.85175446155
136023
0.845500631893
136043
0.810754633885
136063
0.788698203891
136083
0.776853553922
136103
0.76291216682
136123
0.771514054841
136143
0.762390854779
136163
0.783439127604
136183
0.776534256281
136203
0.773852539062
136223
0.764401424632
136243
0.787068206189
136263
0.786665134804
136283
0.770354626225
136303
0.7487338197
136323
0.750497855392
136343
0.736697686887
136363
0.752239870558
136383
0.760148111979
136403
0.766761929381
136423
0.738841816023
136443
0.73596239277
136463
0.753189146752
136483
0.764308076746
136503
0.771076516544
136523
0.779099168964
136543
0.744828527114
136563
0.742767214308
136583
0.727683632047
136603
0.745283777574
136623
0.741862936581
136643
0.751618030025
136663
0.737506223192
136683
0.722260359222
136703
0.739217601103
136723
0.741801662071
136743
0.759633501838
136763
0.75406853171
136783
0.778701363358
136803
0.806807215074
136823
0.826071346507
136843
0.84109509038
136863
0.853957950368
136883
0.861292221967
136903
0.876159907322
136923
0.897286209406
136943
0.906765088848
136963
0.886782896752
136983
0.885784313725
137003
0.884871897978
137023
0.900011967678
137043
0.905385454963
137063
0.908251953125
137083
0.912120385263
137103
0.904069489124
137123
0.911916934743
137143
0.915852385876
137163
0.910661764706
137183
0.904584577972
137203
0.902792777267
137223
0.903386852788
137243
0.916379921109
137263
0.920080327053
137283
0.923865464154
137303
0.932341930913
137323
0.938975375306
137343
0.945552332261
137363
0.959414253983
137383
0.947268497243
137403
0.954211665135
137423
0.951183842678
137443
0.945351753983
137463
0.930958946078
137483
0.931494140625
137503
0.928883750766
137523
0.923810891544
137543
0.91375469133
137563
0.909778550092
137583
0.903508444393
137603
0.897584443934
137623
0.898855890012
137643
0.883872357537
137663
0.870866364124
137683
0.856244734222
137703
0.837682387408
137723
0.864558919271
137743
0.882004921109
137763
0.890405752145
137783
0.904431391697
137803
0.918626014859
137823
0.948485370711
137843
0.968010876225
137863
1.0
137883
0.98565123315
137903
0.907879040288
137923
0.90036908318
137943
0.896342677696
137963
0.897805127911
137983
0.897502585018
138003
0.898209635417
138023
0.900633808211
138043
0.914888269761
138063
1.0
138083
1.0
138103
1.0
