116374
0.384494920267
116394
0.352463509516
116414
0.329298000257
116434
0.915279867541
116454
0.690632555298
116474
0.468777166924
116494
0.848080954218
116514
0.825340309928
116534
0.871942836934
116554
0.858286715535
116574
0.859258777006
116594
0.138673321759
116614
0.441413323045
116634
0.417955246914
116654
0.738962352109
116674
0.742996399177
116694
0.741049543467
116714
0.954973315329
116734
0.952648533951
116754
0.950993923611
116774
0.517792084619
116794
0.52079218107
116814
0.522904128086
116834
0.532699652778
116854
0.734083879887
116874
0.672892071759
116894
0.701476176698
116914
0.627382973251
116934
0.573688914609
116954
0.56576404964
116974
0.359583976337
116994
0.960888470936
117014
0.0746465084877
117034
0.0726409786523
117054
0.0728427211934
117074
0.0752047968107
117094
0.0526859889403
117114
0.127930330504
117134
0.0725819830247
117154
0.0723498585391
117174
0.64938593107
117194
0.813255047582
117214
0.372446630658
117234
0.26986561214
117254
0.324384162809
117274
0.714972833076
117294
0.46475003215
117314
0.116098090278
117334
0.448295556842
117354
0.380610371656
117374
0.451751221708
117394
0.052918434928
117414
0.0491989776235
117434
0.0622243119856
117454
0.0912120627572
117474
0.131677758488
117494
0.175116383745
117514
0.105321019805
117534
0.0879478523663
117554
0.08149530607
117574
0.107200360082
117594
0.112673289609
117614
0.116207400977
117634
0.0966595936214
117654
0.0856031378601
117674
0.0803708526235
117694
0.105465374228
117714
0.0692002636317
117734
0.05208124357
117754
0.0484018132716
117774
0.0542095871914
117794
0.152282503858
117814
0.0612749164095
117834
0.181283275463
117854
0.125970936214
117874
0.118459522891
117894
0.113953510802
117914
0.213407921811
117934
0.214463091564
117954
0.223183834877
117974
0.222663483796
117994
0.163910590278
118014
0.166461066101
118034
0.0610942322531
118054
0.0603888567387
118074
0.0573130465535
118094
0.0635009966564
118114
0.0613255529835
118134
0.0643999164095
118154
0.0688827803498
118174
0.0723231738683
118194
0.0739310056584
118214
0.0724135159465
118234
0.323393293467
118254
0.355340470679
118274
0.339559220679
118294
0.290102237654
118314
0.232898662551
118334
0.255733828447
118354
0.226380851337
118374
0.0617513824588
118394
0.0634685249486
118414
0.0796222350823
118434
0.105188882459
118454
0.117193447788
118474
0.0853491512346
118494
0.0836331340021
118514
0.0832380079733
118534
0.076104841821
118554
0.0828940007716
118574
0.0947815393519
118594
0.106111111111
118614
0.107413837449
118634
0.107443576389
118654
0.108533146862
118674
0.107661233282
118694
0.294829282407
118714
0.257172550154
118734
0.18624694573
118754
0.181056455761
118774
0.125732381687
118794
0.116159175669
118814
0.0674991962449
118834
0.157635834619
118854
0.168363393776
118874
0.222585519547
118894
0.261002604167
118914
0.192065972222
118934
0.155334844393
118954
0.143120820473
118974
0.156159497171
118994
0.142278806584
119014
0.124926858282
119034
0.131573913323
119054
0.183867026749
119074
0.219246077675
119094
0.21177035108
119114
0.2121172518
119134
0.218847415123
119154
0.215998585391
119174
0.208398598251
119194
0.221038451646
119214
0.181027520576
119234
0.143748070988
119254
0.150814686214
119274
0.149502314815
119294
0.0858932934671
119314
0.0842341820988
119334
0.0823411779835
119354
0.189474665638
119374
0.153932291667
119394
0.113780060442
119414
0.0820371977881
119434
0.0865004501029
119454
0.0924596514918
119474
0.102216435185
119494
0.0696162872942
119514
0.0637244405864
119534
0.06655156893
119554
0.0719389789095
119574
0.0720335005144
119594
0.0672571051955
119614
0.0659106545782
119634
0.0694770769033
119654
0.0786527456276
119674
0.0810521154835
119694
0.0853454539609
119714
0.105941518776
119734
0.100042759774
119754
1.0
119774
1.0
119794
1.0
119814
1.0
119834
0.999281442901
119854
0.992831147119
119874
0.985069444444
119894
0.973263888889
119914
0.965674672068
119934
0.956196148405
119954
0.949497653035
119974
0.93959217464
119994
0.931223636831
120014
0.923441840278
120034
0.916121077675
120054
0.907327192644
120074
0.899629468879
120094
0.894347350823
120114
0.885894257973
120134
0.873633777006
120154
0.866108378344
120174
0.868349890689
120194
0.871241801698
120214
0.867586966307
120234
0.870851015947
120254
0.872455632716
120274
0.870008037551
120294
0.873905285494
120314
0.876608635545
120334
0.872488908179
120354
0.875494791667
120374
0.875176343879
120394
0.882293113426
120414
0.882089924126
120434
0.884698913323
120454
0.891743987912
120474
0.894338348765
120494
0.895983796296
120514
0.895148051698
120534
0.902383294753
120554
0.903222736626
120574
0.903458236883
120594
0.905375996656
120614
0.898010384516
120634
0.89466097608
120654
0.89670315715
120674
0.895236143261
120694
0.891885288066
120714
0.890060281636
120734
0.883240901492
120754
0.876822273663
120774
0.870189203961
120794
0.866081693673
120814
0.858272730195
120834
0.864857896091
120854
0.854047871656
120874
0.852697402263
120894
0.848682645319
120914
0.851960841049
120934
0.860405253344
120954
0.854002700617
120974
0.855684156379
120994
0.851028002829
121014
0.845758905607
121034
0.837975983796
121054
0.847981770833
121074
0.852519933128
121094
0.861669720936
121114
0.860810828189
121134
0.863011831276
121154
0.865844425154
121174
0.869551665381
121194
0.865184059928
121214
0.871732413837
121234
0.866443383488
121254
0.870594618056
121274
0.867762345679
121294
0.868767039609
121314
0.878497620885
121334
0.889675765175
121354
0.892065329218
121374
0.895167341821
121394
0.892935796039
121414
0.895030864198
121434
0.885050475823
121454
0.890516814558
121474
0.887347608025
121494
0.892092496142
121514
0.889541538066
121534
0.887481674383
121554
0.888795653292
121574
0.889950810185
121594
0.89148903678
121614
0.89143598894
121634
0.886760545267
121654
0.889087416409
121674
0.883296682099
121694
0.88379211677
121714
0.884027777778
121734
0.888199427726
121754
0.88162503215
121774
0.878840020576
121794
0.881666827418
121814
0.888206983025
121834
0.889146251286
121854
0.885270061728
121874
0.887989808385
121894
0.897237332819
121914
0.892230099023
121934
0.895026684671
121954
0.892027231224
121974
0.892937885802
121994
0.896457208076
122014
0.89543274177
122034
0.888178851595
122054
0.889229359568
122074
0.892833076132
122094
0.890476305298
122114
0.887899305556
122134
0.888273855453
122154
0.892044431584
122174
0.887356449331
122194
0.88393438143
122214
0.879582690329
122234
0.87755626286
122254
0.875120563272
122274
0.872439236111
122294
0.870883648405
122314
0.865212673611
122334
0.869769804527
122354
0.870854230967
122374
0.873303915895
122394
0.877704314558
122414
0.879964152521
122434
0.882295846193
122454
0.88262651106
122474
0.884494277263
122494
0.881511541924
122514
0.883966531636
122534
0.889156378601
122554
0.898314686214
122574
0.896683384774
122594
0.901377636317
122614
0.907140078447
122634
0.906519418724
122654
0.908331886574
122674
0.909245595422
122694
0.909823656121
122714
0.911867766204
122734
0.907844328704
122754
0.906362847222
122774
0.90534690072
122794
0.906363329475
122814
0.909684767233
122834
0.911048739712
122854
0.912885480967
122874
0.910938625257
122894
0.913164223251
122914
0.913208108282
122934
0.908660461677
122954
0.908967335391
122974
0.910970775463
122994
0.907746431327
123014
0.906364936986
123034
0.908067933385
123054
0.90555941358
123074
0.907074813529
123094
0.906747524434
123114
0.905361689815
123134
0.902101980453
123154
0.900961934156
123174
0.903451806842
123194
0.901164641204
123214
0.902880658436
123234
0.900950360082
123254
0.903926665381
123274
0.898702899949
123294
0.897272858796
123314
0.904520640432
123334
0.89734841178
123354
0.893224504887
123374
0.892392779064
123394
0.894884580761
123414
0.887864422582
123434
0.888701131687
123454
0.887909915123
123474
0.892090727881
123494
0.888989358282
123514
0.893080632716
123534
0.884007040895
123554
0.884386734825
123574
0.881810056584
123594
0.878052662037
123614
0.869239808385
123634
0.870987975823
123654
0.877408532665
123674
0.878982285237
123694
0.882006012088
123714
0.877091692387
123734
0.880108346193
123754
0.874451195988
123774
0.86701404964
123794
0.857768454218
123814
0.850336291152
123834
0.838315329218
123854
0.834622395833
123874
0.837343428498
123894
0.839123103138
123914
0.836548836163
123934
0.835556359311
123954
0.837245209619
123974
0.828649209105
123994
0.827667663323
124014
0.822777456276
124034
0.828313078704
124054
0.826716499486
124074
0.837808481224
124094
0.844866255144
124114
0.850472608025
124134
0.851278292181
124154
0.865836709105
124174
0.868570441101
124194
0.8724297518
124214
0.879361496914
124234
0.889225823045
124254
0.888252475566
124274
0.897031893004
124294
0.900149176955
124314
0.900929783951
124334
0.897659625772
124354
0.90360468107
124374
0.902523951903
124394
0.905058191872
124414
0.893702096193
124434
0.903517071759
124454
0.902216274434
124474
0.89812660751
124494
0.899797292953
124514
0.895027970679
124534
0.893360821759
124554
0.890302533436
124574
0.890093557099
124594
0.882619759516
124614
0.879991480195
124634
0.881868569959
124654
0.884639596193
124674
0.880522280093
124694
0.885674189815
124714
0.881870981224
124734
0.891722286523
124754
0.891424093364
124774
0.894883455504
124794
0.898256976595
124814
0.897601755401
124834
0.90334538966
124854
0.90558432999
124874
0.900771122685
124894
0.904061213992
124914
0.904539448302
124934
0.90872492284
124954
0.913087705761
124974
0.914990837191
124994
0.914583976337
125014
0.916255626286
125034
0.914645865484
125054
0.91229375643
125074
0.908272087191
125094
0.911243248457
125114
0.907222222222
125134
0.905664223251
125154
0.904423707562
125174
0.904296071245
125194
0.902960712449
125214
0.90701871142
125234
0.906492894805
125254
0.904856610082
125274
0.903299897119
125294
0.904796649949
125314
0.905602816358
125334
0.907099890689
125354
0.907777617027
125374
0.909822370113
125394
0.911091499486
125414
0.899964313272
125434
0.903253922325
125454
0.905776427469
125474
0.905525334362
125494
0.907661876286
125514
0.91079378858
125534
0.905597190072
125554
0.899338348765
125574
0.902527488426
125594
0.89934220679
125614
0.89542502572
125634
0.895574524177
125654
0.89606401106
125674
0.895638503086
125694
0.89436567644
125714
0.896567322531
125734
0.896499324846
125754
0.896997010031
125774
0.901758455504
125794
0.907496624228
125814
0.910422453704
125834
0.910619695216
125854
0.913045588992
125874
0.905630787037
125894
0.913715117027
125914
0.915616640947
125934
0.921613458076
125954
0.924969618056
125974
0.929846965021
125994
0.936413001543
126014
0.939283532665
126034
0.949365837191
126054
0.958222254372
126074
0.959453125
126094
0.959350565844
126114
0.96438593107
126134
0.967147472994
126154
0.967714281121
126174
0.967735178755
126194
0.967735178755
126214
0.967763792438
126234
0.970338863169
126254
1.0
126274
1.0
126294
1.0
126314
1.0
126334
1.0
126354
1.0
