159823
0.107127013687
159843
0.084808775436
159863
0.0922734223595
159883
0.104271893169
159903
0.106096323886
159923
0.590922510901
159943
0.635346641836
159963
0.587512112403
159983
0.524432609617
160003
0.28978545906
160023
0.263401617006
160043
0.266828291546
160063
0.267810910247
160083
0.28493330608
160103
0.217815830911
160123
0.3166977047
160143
0.284259932171
160163
0.950934926114
160183
0.442882449128
160203
0.431413895954
160223
0.423660822432
160243
0.419810970809
160263
0.382606589147
160283
0.0512112403101
160303
0.0529682957849
160323
0.05295883297
160343
0.051658263687
160363
0.0519762142684
160383
0.105658006298
160403
0.0989352440649
160423
0.0961830789729
160443
0.0954892653828
160463
0.0982368883236
160483
0.102807427931
160503
0.0853292302568
160523
0.0754508085029
160543
0.076830108406
160563
0.0730147014293
160583
0.0736657430959
160603
0.0736831546754
160623
0.0731290122335
160643
0.0723174812258
160663
0.072359496124
160683
0.0733580123547
160703
0.0710225896318
160723
0.0701292999031
160743
0.0720184562742
160763
0.0711770227713
160783
0.0706849563953
160803
0.0740628028101
160823
0.0719461603682
160843
0.0715892229893
160863
0.0701296784157
160883
0.0749227834302
160903
0.0729068253391
160923
0.0715494791667
160943
0.0765511446221
160963
0.0786212300145
160983
0.0761911791424
161003
0.0720441951308
161023
0.0806106922238
161043
0.0773679748062
161063
0.0790534914002
161083
0.0750166545543
161103
0.0834393168605
161123
0.081341978561
161143
0.0786200944767
161163
0.0764996669089
161183
0.085228545906
161203
0.0862562076066
161223
0.0826009114583
161243
0.085324309593
161263
0.0903891866521
161283
0.0877721505572
161303
0.088355438469
161323
0.0896363250969
161343
0.0854564104893
161363
0.085279266594
161383
0.0829252967539
161403
0.0898210392442
161423
0.0918135295543
161443
0.0880965358527
161463
0.0852277888808
161483
0.0864670391231
161503
0.0857804172723
161523
0.088919800751
161543
0.0944192102713
161563
0.0945475260417
161583
0.0971399588178
161603
0.100169952156
161623
0.102747622941
161643
0.108078594356
161663
0.103452413396
161683
0.107232240189
161703
0.110649451914
161723
0.10482603561
161743
0.10070403343
161763
0.0983152404312
161783
0.0991623516231
161803
0.0954343810562
161823
0.0917798419331
161843
0.0930834393169
161863
0.0978239310804
161883
0.0989579548207
161903
0.104233663396
161923
0.101721853803
161943
0.100618868096
161963
0.103368005087
161983
0.100722580547
162003
0.0938291091328
162023
0.098660065407
162043
0.102507645954
162063
0.096658112282
162083
0.0977633690649
162103
0.102409232679
162123
0.109533596778
162143
0.113196463178
162163
0.117388490189
162183
0.119403691255
162203
0.122957167515
162223
0.122957167515
162243
0.124496956759
162263
0.127656022892
162283
0.124840267684
162303
0.124440558382
162323
0.126946311773
162343
0.122728545906
162363
0.12301772953
162383
0.120724700218
162403
0.120320827277
162423
0.118096308745
162443
0.115154508842
162463
0.114254405887
162483
0.111752816134
162503
0.106420709181
162523
0.102637475775
162543
0.0961009417393
162563
0.0887142684109
162583
0.0806394591812
162603
0.0730366551599
162623
0.069507782219
162643
0.0691644712936
162663
0.0702027313469
162683
0.0707477894864
162703
0.0704737463663
162723
0.0691357043362
162743
0.0690914183624
162763
0.0709082788275
162783
0.0860226653343
162803
0.0956917696221
162823
0.105461558261
162843
0.114381964632
162863
0.149701732074
162883
0.18317397953
162903
0.202296814438
162923
0.210873909884
162943
0.222612721051
162963
0.235688817224
162983
0.266840782461
163003
0.941022059714
163023
0.997588874758
163043
0.99684434048
163063
0.996859859496
163083
0.997495003634
163103
0.995303415698
163123
0.993980892684
163143
0.993968401768
163163
0.994912033672
163183
0.996100941739
163203
0.995122108164
163223
0.995120972626
163243
0.996247804627
163263
0.996534338663
163283
0.995652404312
163303
0.995653918362
163323
0.996654705669
163343
0.996871214874
163363
0.991564846778
163383
0.987654054627
163403
0.98359526405
163423
0.979986903464
163443
0.975960286458
163463
0.97339813469
163483
0.970660353077
163503
0.966516018653
163523
0.961975760053
163543
0.957954063711
163563
0.955126953125
163583
0.955002043968
163603
0.954605741279
163623
0.954025481468
163643
0.954441845325
163663
0.955904039486
163683
0.956023649467
163703
0.956927916061
163723
0.958146726623
163743
0.958695191376
163763
0.959013898983
163783
0.957791681807
163803
0.957024436773
163823
0.956010023014
163843
0.961308820858
163863
0.963395182292
163883
0.95948136204
163903
0.955090994428
163923
0.951719582728
163943
0.947097186894
163963
0.948313726381
163983
0.944331016836
164003
0.943281779918
164023
0.939131389293
164043
0.937830441497
164063
0.931619428295
164083
0.926414501575
164103
0.925226350533
164123
0.928529629966
164143
0.930669361676
164163
0.929322235344
164183
0.931918831759
164203
0.931094431323
164223
0.93595793968
164243
0.936052567829
164263
0.936242581153
164283
0.935270182292
164303
0.93263611313
164323
0.935046102834
164343
0.935353455063
164363
0.934948825097
164383
0.93073257328
164403
0.933010462088
164423
0.932425281613
164443
0.930396454094
164463
0.929276056807
164483
0.929019803779
164503
0.929168937742
164523
0.934924600291
164543
0.936517381298
164563
0.935238008721
164583
0.931741687863
164603
0.931018728803
164623
0.935162684714
164643
0.9380859375
164663
0.939803627665
164683
0.939624212694
164703
0.937635886022
164723
0.938746441982
164743
0.943324930354
164763
0.936258478682
164783
0.935543089874
164803
0.935057458212
164823
0.935875423934
164843
0.931554702641
164863
0.933438938348
164883
0.928130677689
164903
0.924420118702
164923
0.928296087694
164943
0.924041227592
164963
0.925221429869
164983
0.925871714511
165003
0.930779130329
165023
0.932559275073
165043
0.93111449249
165063
0.931093295785
165083
0.930369201187
165103
0.931690967175
165123
0.933411685441
165143
0.936366354772
165163
0.931434714147
165183
0.930770046027
165203
0.930473670664
165223
0.935630904797
165243
0.930931292393
165263
0.929780614099
165283
0.931112599927
165303
0.929125787306
165323
0.92686417454
165343
0.927720370034
165363
0.926998925024
165383
0.931373395107
165403
0.932354121245
165423
0.927465252544
165443
0.924341766594
165463
0.925224836483
165483
0.922462830063
165503
0.930089858891
165523
0.927172662306
165543
0.923838723353
165563
0.916509962452
165583
0.91010666485
165603
0.906653115916
165623
0.915114765019
165643
0.909125560199
165663
0.906141366885
165683
0.900347474564
165703
0.9012199461
165723
0.895960892078
165743
0.899250166546
165763
0.899939816497
165783
0.909839434956
165803
0.911625257389
165823
0.912544664486
165843
0.910267532703
165863
0.911579078852
165883
0.915090540213
165903
0.924263414486
165923
0.925804339268
165943
0.922982149346
165963
0.927914546996
165983
0.930788214632
166003
0.930520606226
166023
0.932124742611
166043
0.934459029797
166063
0.93507903343
166083
0.934421557049
166103
0.933055505087
166123
0.933153918362
166143
0.936367111797
166163
0.937680550509
166183
0.934468492611
166203
0.938774451914
166223
0.938802083333
166243
0.938439468266
166263
0.936827761628
166283
0.937545421512
166303
0.938990961119
166323
0.936348186168
166343
0.931308669453
166363
0.92850691921
166383
0.928325611676
166403
0.926551523135
166423
0.922646408672
166443
0.921351138566
166463
0.921291333576
166483
0.918374136991
166503
0.930165939922
166523
0.93275420906
166543
0.937653297602
166563
0.942162518169
166583
0.942653449007
166603
0.937015125363
166623
0.938939861919
166643
0.936849715359
166663
0.938523876575
166683
0.938087830063
166703
0.941976668484
166723
0.941732149346
166743
0.935953019016
166763
0.930883599806
166783
0.934053264293
166803
0.92942367672
166823
0.931178082607
166843
0.930185622578
166863
0.935100608648
166883
0.936321690286
166903
0.935357997214
166923
0.928413048086
166943
0.930230665577
166963
0.926051129482
166983
0.926564392563
167003
0.926145757631
167023
0.922020348837
167043
0.924319434351
167063
0.924685834545
167083
0.92406280281
167103
0.92290833939
167123
0.9268058836
167143
0.928370654675
167163
0.92405106892
167183
0.928581486192
167203
0.925708954094
167223
0.927541712088
167243
0.933388596172
167263
0.936388308503
167283
0.936938665819
167303
0.935755056928
167323
0.940036412912
167343
0.937735056323
167363
0.937385310683
167383
0.938437575703
167403
0.931939649952
167423
0.936282324976
167443
0.935725154433
167463
0.931577791909
167483
0.936998849322
167503
0.93477584484
167523
0.937702882752
167543
0.935993141352
167563
0.933476789608
167583
0.926127967539
167603
0.927010658915
167623
0.924053718508
167643
0.924760401526
167663
0.923798601017
167683
0.92666886204
167703
0.91775299782
167723
0.914445554748
167743
0.908714495518
167763
0.909673267926
167783
0.912586679385
167803
0.913976577641
167823
0.922990476623
167843
0.929609526405
167863
0.931086861071
167883
0.932912805838
167903
0.936491642442
167923
0.946191784763
167943
0.940805929021
167963
0.94371063469
167983
0.940290394864
168003
0.937228984981
168023
0.934499530644
168043
0.932250787306
168063
0.928293059593
168083
0.918888914123
168103
0.916196554021
168123
0.90635636204
168143
0.907203473232
168163
0.912811515867
168183
0.917659505208
168203
0.913428869913
168223
0.926740400921
168243
0.926293756056
168263
0.929437681686
168283
0.927824460998
168303
0.925076838057
168323
0.931442662912
168343
0.929084907946
168363
0.930933563469
168383
0.92844711422
168403
0.921812166909
168423
0.923784217539
168443
0.92296965843
168463
0.920247395833
168483
0.918746593387
168503
0.92673888687
168523
0.929738599201
168543
0.940949385296
168563
0.948978015988
168583
0.944845036943
168603
0.946420027859
168623
0.950736964026
168643
0.962912578731
168663
0.949533672481
168683
0.951352425509
168703
0.957794331395
168723
0.955921829578
168743
0.94725691921
168763
0.946348488978
168783
0.945783748183
168803
0.937329669331
168823
0.943991869549
168843
0.934425342175
168863
0.930064498547
168883
0.93253845688
168903
0.934443132267
168923
0.923051038639
168943
0.917541409278
168963
0.913274058261
168983
0.923381480136
169003
0.923563923207
169023
0.93180527798
169043
0.935845142926
169063
0.943342341933
169083
0.953803673086
169103
0.960384114583
169123
0.96643388142
169143
0.972822038517
169163
0.98315353985
169183
0.996427976623
169203
0.999995836361
169223
0.975727122699
169243
0.972398482922
169263
0.972653600412
169283
0.988812303173
169303
1.0
169323
0.988804354409
169343
0.983852652616
169363
0.984068026284
169383
0.98841675751
169403
1.0
