141715
0.461566840278
141735
0.485024836034
141755
0.312209442515
141775
0.272479021991
141795
0.156078800154
141815
0.162052710262
141835
0.146785783179
141855
0.139966724537
141875
0.141693190586
141895
0.214068528164
141915
0.212401138117
141935
0.221377073688
141955
0.234273726852
141975
0.191716097608
141995
0.162588011188
142015
0.163741801698
142035
0.161977961034
142055
0.14996021412
142075
0.141983748071
142095
0.132904128086
142115
0.136014660494
142135
0.254513888889
142155
0.258819203318
142175
0.209477478781
142195
0.188700810185
142215
0.187055121528
142235
0.180784625772
142255
0.181383825231
142275
0.177733169367
142295
0.177643952546
142315
0.117749324846
142335
0.125516010802
142355
0.236013454861
142375
0.218904320988
142395
0.158868634259
142415
0.139076967593
142435
0.139313271605
142455
0.131111352238
142475
0.131281346451
142495
0.13413507909
142515
0.132544849537
142535
0.229007523148
142555
0.234847608025
142575
0.116222993827
142595
0.117983217593
142615
0.120332995756
142635
0.126025993441
142655
0.130975115741
142675
0.13119212963
142695
0.128796537423
142715
0.123350694444
142735
0.251873553241
142755
0.232307339892
142775
0.24617814429
142795
0.119657841435
142815
0.12490234375
142835
0.125672743056
142855
0.127489631559
142875
0.130289110725
142895
0.129944299769
142915
0.130706259645
142935
0.131576726466
142955
0.131688850309
142975
0.133329716435
142995
0.127026668596
143015
0.125401475694
143035
0.111400462963
143055
0.146736352238
143075
0.149042727623
143095
0.144694010417
143115
0.197862413194
143135
0.197055844907
143155
0.20962818287
143175
0.210079089506
143195
0.212408371914
143215
0.147270447531
143235
0.15146484375
143255
0.153868875386
143275
0.151094714506
143295
0.146819540895
143315
0.145765817901
143335
0.134431664738
143355
0.135441984954
143375
0.255855758102
143395
0.257588252315
143415
0.279269145448
143435
0.143868152006
143455
0.147190875772
143475
0.144209346065
143495
0.189312065972
143515
0.20860701196
143535
0.234447337963
143555
0.232646122685
143575
0.240077642747
143595
0.258945794753
143615
0.205227623457
143635
0.212374614198
143655
0.201046489198
143675
0.182655767747
143695
0.173964361497
143715
0.197685185185
143735
0.211498119213
143755
0.219118923611
143775
0.208098234954
143795
0.232681086034
143815
0.18436173804
143835
0.21888744213
143855
0.213269193673
143875
0.21909601659
143895
0.205133584105
143915
0.194913435571
143935
0.186038773148
143955
0.167803578318
143975
0.0763298128858
143995
0.0801239390432
144015
0.0732626832562
144035
0.0807460455247
144055
0.0958369502315
144075
0.1046875
144095
0.119654224537
144115
0.099983121142
144135
0.11388044946
144155
0.117925347222
144175
0.088744212963
144195
0.0770001446759
144215
0.0825460551698
144235
0.0774377893519
144255
0.067748119213
144275
0.0644253954475
144295
0.0625265239198
144315
0.0637201003086
144335
0.127813946759
144355
0.134184510031
144375
0.133215181327
144395
0.0943202642747
144415
0.110510706019
144435
0.112444540895
144455
0.13189380787
144475
0.189992042824
144495
1.0
144515
1.0
144535
1.0
144555
0.995025559414
144575
0.986975549769
144595
0.987498794367
144615
0.985503472222
144635
0.98682966821
144655
0.98718050733
144675
0.986149691358
144695
0.986832079475
144715
0.986957465278
144735
0.976584201389
144755
0.975283323688
144775
0.974606963735
144795
0.97984302662
144815
0.981839554398
144835
0.982068624614
144855
0.981929976852
144875
0.979916570216
144895
0.981305459105
144915
0.978143084491
144935
0.972963686343
144955
0.972151089892
144975
0.964261429398
144995
0.959294222608
145015
0.950759548611
145035
0.935580632716
145055
0.934711371528
145075
0.92240306713
145095
0.901352719907
145115
0.894762731481
145135
0.894194878472
145155
0.897370515046
145175
0.892550395448
145195
0.898700327932
145215
0.885380497685
145235
0.881427228009
145255
0.893453414352
145275
0.886460744599
145295
0.883357445988
145315
0.887067177855
145335
0.86997974537
145355
0.862342062114
145375
0.878141878858
145395
0.880158902392
145415
0.871789400077
145435
0.867685426312
145455
0.857315779321
145475
0.85825617284
145495
0.859878954475
145515
0.850590760031
145535
0.848178288966
145555
0.846809895833
145575
0.829956356096
145595
0.836252170139
145615
0.840492380401
145635
0.824064429012
145655
0.823236159336
145675
0.825247154707
145695
0.815303096065
145715
0.830642361111
145735
0.837010513117
145755
0.833831259645
145775
0.833273051698
145795
0.851678240741
145815
0.831541763117
145835
0.849106626157
145855
0.859535349151
145875
0.870017119985
145895
0.870360725309
145915
0.885602334105
145935
0.878516830633
145955
0.889838927469
145975
0.885929060571
145995
0.888681520062
146015
0.878466194059
146035
0.888781587577
146055
0.877731963735
146075
0.880787037037
146095
0.869839891975
146115
0.846984712577
146135
0.844255160108
146155
0.857063802083
146175
0.850758342978
146195
0.858556375386
146215
0.869284095293
146235
0.866447241512
146255
0.866702835648
146275
0.877049575617
146295
0.868172501929
146315
0.881000434028
146335
0.884911506559
146355
0.87289617091
146375
0.865107783565
146395
0.878855613426
146415
0.863140190972
146435
0.868642698688
146455
0.870902054398
146475
0.860498649691
146495
0.854686294367
146515
0.869218991127
146535
0.848078221451
146555
0.85502507716
146575
0.847479021991
146595
0.842933786651
146615
0.846826774691
146635
0.851674623843
146655
0.847776813272
146675
0.848812451775
146695
0.863980516975
146715
0.850078366127
146735
0.851972415123
146755
0.864890769676
146775
0.863048562886
146795
0.864779851466
146815
0.856339216821
146835
0.859467833719
146855
0.852604166667
146875
0.868840422454
146895
0.860844666281
146915
0.855085358796
146935
0.86477261767
146955
0.85037736304
146975
0.856829909336
146995
0.864444685571
147015
0.863575424383
147035
0.85772810571
147055
0.862052710262
147075
0.848608699846
147095
0.847342785494
147115
0.83952425733
147135
0.839277102623
147155
0.828738667052
147175
0.839775028935
147195
0.822946807485
147215
0.827235243056
147235
0.831454957562
147255
0.825446084105
147275
0.826065779321
147295
0.836127989969
147315
0.838193238812
147335
0.839737654321
147355
0.852652391975
147375
0.84303988233
147395
0.847302999614
147415
0.858631124614
147435
0.827466724537
147455
0.823186728395
147475
0.833854166667
147495
0.82925708912
147515
0.826010320216
147535
0.84165943287
147555
0.825772810571
147575
0.825784866898
147595
0.830186631944
147615
0.82543523341
147635
0.824839650849
147655
0.860490210262
147675
0.852822386188
147695
0.859831934799
147715
0.874346547068
147735
0.859729456019
147755
0.852869405864
147775
0.866136188272
147795
0.862157600309
147815
0.853829089506
147835
0.860402199074
147855
0.859063946759
147875
0.846805073302
147895
0.854333043981
147915
0.840814284336
147935
0.836982783565
147955
0.850677565586
147975
0.843294270833
147995
0.848163821373
148015
0.843453414352
148035
0.823497781636
148055
0.826400945216
148075
0.819546923225
148095
0.812606095679
148115
0.810175540123
148135
0.833344184028
148155
0.82527970679
148175
0.81997974537
148195
0.815653935185
148215
0.815177710262
148235
0.833763744213
148255
0.855145640432
148275
0.840192177855
148295
0.84644458912
148315
0.849354986497
148335
0.858262201003
148355
0.87678433642
148375
0.877602961034
148395
0.869292534722
148415
0.872967303241
148435
0.881344039352
148455
0.869884500386
148475
0.885901331019
148495
0.885699990355
148515
0.88039761767
148535
0.876433497299
148555
0.869297357253
148575
0.853672357253
148595
0.849815538194
148615
0.872483844522
148635
0.858784239969
148655
0.848461612654
148675
0.857512297454
148695
0.862147955247
148715
0.889975163966
148735
0.882175925926
148755
0.891657021605
148775
0.875247154707
148795
0.888233024691
148815
0.87141324267
148835
0.883866222994
148855
0.878801359954
148875
0.889756944444
148895
0.884661940586
148915
0.893829571759
148935
0.878632571373
148955
0.883581693673
148975
0.898067370756
148995
0.903208188657
149015
0.898314525463
149035
0.917091049383
149055
0.913972077546
149075
0.907535204475
149095
0.900119357639
149115
0.89503279321
149135
0.872702064043
149155
0.868737943673
149175
0.831723813657
149195
0.828952064043
149215
0.819162326389
149235
0.802988763503
149255
0.786260609568
149275
0.797845534336
149295
0.789156539352
149315
0.786402874228
149335
0.788252314815
149355
0.778955680941
149375
0.783252555941
149395
0.799227189429
149415
0.80708429784
149435
0.801719232253
149455
0.802178578318
149475
0.794490258488
149495
0.812010513117
149515
0.82622974537
149535
0.812861689815
149555
0.801862702546
149575
0.806500771605
149595
0.793121865355
149615
0.78775318287
149635
0.792148919753
149655
0.7904296875
149675
0.785962818287
149695
0.79378978588
149715
0.778765190972
149735
0.791204909336
149755
0.791344762731
149775
0.817010271991
149795
0.782900511188
149815
0.795185908565
149835
0.791343557099
149855
0.810998987269
149875
0.807682291667
149895
0.805121527778
149915
0.795918933256
149935
0.808268229167
149955
0.807342303241
149975
0.823752170139
149995
0.83432195216
150015
0.853030960648
150035
0.870361930941
150055
0.889513406636
150075
0.894237075617
150095
0.917926552855
150115
0.930195071373
150135
0.94260464892
150155
0.949803481867
150175
0.964990837191
150195
0.954999758873
150215
0.962338445216
150235
0.950295380015
150255
0.951487750772
150275
0.933322482639
150295
0.925456934799
150315
0.92798273534
150335
0.923320553627
150355
0.907386911651
150375
0.90162037037
150395
0.903143084491
150415
0.902413676698
150435
0.894126157407
150455
0.887267312886
150475
0.859802999614
150495
0.866239872685
150515
0.862807436343
150535
0.861812789352
150555
0.85466097608
150575
0.866436390818
150595
0.840145158179
150615
0.82096956983
150635
0.837972608025
150655
0.861924913194
150675
0.883527440201
150695
0.911388406636
150715
0.914375964506
150735
0.92315779321
150755
0.939337384259
150775
0.936371527778
150795
0.953384211034
150815
0.978251591435
150835
0.985616801698
150855
0.986143663194
150875
0.984083236883
150895
0.985262345679
150915
0.985390142747
150935
0.990640673225
150955
1.0
150975
1.0
150995
0.252054398148
151015
0.239389226466
151035
0.235902536651
151055
0.82858675733
151075
0.999993971836
151095
0.999993971836
151115
0.639567660108
151135
0.638905767747
151155
0.6384765625
151175
0.774585262346
151195
1.0
151215
1.0
151235
0.419398630401
151255
0.407404996142
151275
0.40428361304
151295
0.793563126929
