145808
0.59038591056
145828
0.617921605603
145848
0.231155711207
145868
0.245394441451
145888
0.259381734914
145908
0.247309776102
145928
0.224427158166
145948
0.24198620091
145968
0.23300182591
145988
0.241126751078
146008
0.275693321959
146028
0.212591295498
146048
0.185904573755
146068
0.449112488027
146088
0.534377619133
146108
0.193000179598
146128
0.162104885057
146148
0.310782971145
146168
0.225674239703
146188
0.192741259579
146208
0.189449383381
146228
0.199434267241
146248
0.308823859555
146268
0.190107534124
146288
0.206843420738
146308
0.0868238894875
146328
0.192872590398
146348
0.0867213691331
146368
0.211129819205
146388
0.241566391284
146408
0.497274979047
146428
0.512334246288
146448
0.503678011255
146468
0.502521851054
146488
0.498546006944
146508
0.497655127514
146528
0.49931640625
146548
0.730919615062
146568
0.727089694085
146588
1.0
146608
0.165182740661
146628
0.166351996528
146648
0.11273123204
146668
0.11126638829
146688
0.989770414272
146708
0.989773033405
146728
0.989784258261
146748
0.997777478448
146768
0.997777478448
146788
0.997777478448
146808
0.984262003113
146828
0.984266867217
146848
0.984263873922
146868
0.984269112189
146888
0.984244043343
146908
0.99711221863
146928
0.986095396312
146948
0.986078559028
146968
0.986058728448
146988
0.986075939895
147008
0.986063592553
147028
0.14216355364
147048
0.13707345546
147068
0.133814505508
147088
0.128679507902
147108
0.320413897869
147128
0.302652433549
147148
0.301798596145
147168
0.309383605723
147188
0.208100604646
147208
0.219320971025
147228
0.225397359914
147248
0.184633545857
147268
0.166827556274
147288
0.167422847821
147308
0.171590636973
147328
0.114053520115
147348
0.112556498443
147368
0.112056992337
147388
0.0510330609435
147408
0.0497698904454
147428
0.058752394636
147448
0.0563368055556
147468
0.0930982100096
147488
0.0799176095546
147508
0.0814419450431
147528
0.0814273527299
147548
0.212270264607
147568
0.199399844349
147588
0.205493818846
147608
0.177955878831
147628
0.603833662596
147648
0.5202447767
147668
0.407123293822
147688
0.379716310465
147708
0.308220710608
147728
0.817933952945
147748
0.379190987189
147768
0.251284871887
147788
0.265875688458
147808
0.268717447917
147828
0.26647995989
147848
0.261092028855
147868
1.0
147888
0.997140654933
147908
0.992641358357
147928
0.986480408884
147948
0.980445926125
147968
0.974005103568
147988
0.967342777179
148008
0.961583677562
148028
0.956823215996
148048
0.949448485393
148068
0.943742142601
148088
0.936200909962
148108
0.937482414392
148128
0.935658749401
148148
0.935553984076
148168
0.934323365661
148188
0.933294420498
148208
0.932115436422
148228
0.930644606082
148248
0.93089117876
148268
0.933281324832
148288
0.930114792864
148308
0.9313098659
148328
0.934437110872
148348
0.938638200431
148368
0.944631899545
148388
0.948983776341
148408
0.94822422773
148428
0.94236485273
148448
0.93518805376
148468
0.926893633261
148488
0.924731725934
148508
0.929949787476
148528
0.93117030352
148548
0.926586820522
148568
0.924921426006
148588
0.92084867397
148608
0.919625538793
148628
0.923162865182
148648
0.930969752754
148668
0.935714125359
148688
0.941992935824
148708
0.939247710129
148728
0.934414661159
148748
0.934158360273
148768
0.934579292385
148788
0.930950296336
148808
0.928706821719
148828
0.9281848659
148848
0.936923042385
148868
0.933080774066
148888
0.938485168223
148908
0.938091175766
148928
0.943318591355
148948
0.943719318726
148968
0.944343794899
148988
0.94282133022
149008
0.941492681394
149028
0.942569893439
149048
0.945083887093
149068
0.941068755987
149088
0.939042295259
149108
0.939272404813
149128
0.943612682591
149148
0.944783060943
149168
0.945528017241
149188
0.943256854646
149208
0.945901804957
149228
0.945038239344
149248
0.945310629191
149268
0.946156235034
149288
0.945391448156
149308
0.945179672534
149328
0.943087733477
149348
0.941387916068
149368
0.941744118175
149388
0.941665170019
149408
0.934950460967
149428
0.941240122126
149448
0.940365705819
149468
0.93462419181
149488
0.937938143558
149508
0.93511434387
149528
0.930568277059
149548
0.932503068127
149568
0.934920153855
149588
0.930565657926
149608
0.931155711207
149628
0.930259593511
149648
0.933398063338
149668
0.933090128113
149688
0.938402104286
149708
0.935306663075
149728
0.938941645714
149748
0.942473733836
149768
0.939014981442
149788
0.943036099138
149808
0.945512302443
149828
0.943451418822
149848
0.94317004909
149868
0.943187634698
149888
0.94672159363
149908
0.946626182352
149928
0.943834186422
149948
0.940763065733
149968
0.942942558669
149988
0.941085593271
150008
0.938051888769
150028
0.938695073036
150048
0.93904454023
150068
0.934632797534
150088
0.936933144756
150108
0.934089888649
150128
0.935011823515
150148
0.937486904334
150168
0.937886509219
150188
0.940239239104
150208
0.945875613625
150228
0.945223075311
150248
0.942186003352
150268
0.951364942529
150288
0.948877140206
150308
0.953010506466
150328
0.956703858357
150348
0.952272659243
150368
0.948748054358
150388
0.945212598779
150408
0.941318696121
150428
0.934639532447
150448
0.928572497605
150468
0.92088646432
150488
0.919236410441
150508
0.917643229167
150528
0.913796845067
150548
0.915604795259
150568
0.921642645474
150588
0.919918133381
150608
0.926916082974
150628
0.932849916188
150648
0.939298596145
150668
0.943128517122
150688
0.945788433908
150708
0.938698066331
150728
0.942849018199
150748
0.93809791068
150768
0.942780172414
150788
0.936074069085
150808
0.936370405292
150828
0.938002125239
150848
0.942337538913
150868
0.944330325072
150888
0.94490204442
150908
0.942065523228
150928
0.939087194684
150948
0.945121677443
150968
0.936678340517
150988
0.942195731561
151008
0.943493324952
151028
0.939846743295
151048
0.934455070642
151068
0.936122335967
151088
0.936200161638
151108
0.940571869013
151128
0.939533195642
151148
0.937108626676
151168
0.936098763769
151188
0.940500404095
151208
0.941782282687
151228
0.940945282567
151248
0.943736904334
151268
0.94436175467
151288
0.941845890206
151308
0.936362547893
151328
0.937090292744
151348
0.937584934746
151368
0.934545617816
151388
0.941114029574
151408
0.941815957256
151428
0.941061272749
151448
0.942376451748
151468
0.944332195881
151488
0.94734532148
151508
0.944876227251
151528
0.946049224737
151548
0.947884488745
151568
0.950295962045
151588
0.947347940613
151608
0.934000838123
151628
0.926646686422
151648
0.914589694085
151668
0.903050167625
151688
0.903629370211
151708
0.892571015924
151728
0.901786997126
151748
0.902940538194
151768
0.903501032687
151788
0.904684880867
151808
0.914747590398
151828
0.929724916188
151848
0.936053490182
151868
0.949332121049
151888
0.947356920498
151908
0.955961147031
151928
0.953969857519
151948
0.954212688578
151968
0.952552532328
151988
0.956348404574
152008
0.947542504789
152028
0.946358282447
152048
0.947170587883
152068
0.94417055795
152088
0.944548087284
152108
0.939150428041
152128
0.938543537476
152148
0.940612652658
152168
0.943786293702
152188
0.941737757423
152208
0.946536383501
152228
0.943026745091
152248
0.931813113625
152268
0.922518932591
152288
0.923824009219
152308
0.914084575551
152328
0.920098853568
152348
0.915773542265
152368
0.920332704741
152388
0.918236649904
152408
0.914025457974
152428
0.917356247007
152448
0.928278032208
152468
0.939091310465
152488
0.935891852251
152508
0.950958228568
152528
0.944368863745
152548
0.946627678999
152568
0.942104810225
152588
0.946959560584
152608
0.939273901461
152628
0.944578394397
152648
0.94319399545
152668
0.942157941212
152688
0.948004220546
152708
0.946292055795
152728
0.942702720905
152748
0.943442813099
152768
0.945822482639
152788
0.944817483836
152808
0.946962928041
152828
0.947419779693
152848
0.94372418283
152868
0.9403698216
152888
0.941533465038
152908
0.93911825012
152928
0.945917519756
152948
0.945079771312
152968
0.945192019875
152988
0.943852894516
153008
0.942764831777
153028
0.949688697318
153048
0.95028099557
153068
0.938674868295
153088
0.942606935465
153108
0.938576089559
153128
0.936493130388
153148
0.940580100575
153168
0.92701897749
153188
0.93304373204
153208
0.926159527658
153228
0.93019561183
153248
0.930897539511
153268
0.93156691511
153288
0.936365541188
153308
0.930601203305
153328
0.930920737548
153348
0.927164900623
153368
0.936055360991
153388
0.939174748563
153408
0.939396626557
153428
0.935249042146
153448
0.936193052562
153468
0.936475918942
153488
0.931963152538
153508
0.927646072797
153528
0.931926484674
153548
0.930196734315
153568
0.934662730484
153588
0.930207210848
153608
0.927393139368
153628
0.931966145833
153648
0.934569190014
153668
0.935481396671
153688
0.934208497965
153708
0.93793253113
153728
0.943747755029
153748
0.939749461207
153768
0.943509039751
153788
0.942157941212
153808
0.943229540829
153828
0.94265782148
153848
0.947499476173
153868
0.950743833812
153888
0.947740810584
153908
0.945675437021
153928
0.945149739583
153948
0.948459575551
153968
0.94748076808
153988
0.950796964799
154008
0.953764068487
154028
0.950922309028
154048
0.945629789272
154068
0.948074562979
154088
0.946658734435
154108
0.953645459171
154128
0.942353627874
154148
0.944091235632
154168
0.947318755987
154188
0.937599901221
154208
0.934697527538
154228
0.937647045618
154248
0.938541292505
154268
0.932073904454
154288
0.936886374521
154308
0.923350320283
154328
0.930789780891
154348
0.937085802802
154368
0.937276251197
154388
0.952207929239
154408
0.95083700012
154428
0.930846653496
154448
0.91549142421
154468
0.905940942289
154488
0.90330048192
154508
0.893759728209
154528
0.90240548671
154548
0.905252110273
154568
0.904068636255
154588
0.902147315014
154608
0.901811317648
154628
0.902087823276
154648
0.902559641403
154668
1.0
154688
0.135674090038
154708
0.142566900144
154728
0.132632528137
154748
0.18849452227
154768
0.203162416188
154788
0.234144890445
154808
0.214150053879
154828
0.129091834291
154848
0.0828031459531
154868
0.113521087763
154888
1.0
154908
0.233601233238
154928
0.368701358956
154948
0.124210518439
154968
0.106378711686
154988
0.101271027898
155008
0.102158914033
155028
0.116805106561
155048
0.123276984555
155068
0.131059925766
155088
0.143323081298
155108
0.163648302802
155128
0.155873593151
155148
0.0947288074713
155168
0.0824641552921
155188
1.0
155208
1.0
155228
1.0
155248
0.167019501317
155268
0.163445507064
155288
0.158658105843
155308
0.158615451389
155328
0.158101727131
155348
0.158611335608
155368
1.0
155388
1.0
