135924
0.262146469234
135944
0.252839980015
135964
0.0603746517684
135984
0.0635552931202
136004
0.0636499212694
136024
0.062546935562
136044
0.0617058805717
136064
0.0570448764535
136084
0.0555130359738
136104
0.0540898286095
136124
0.0521616854409
136144
0.0532707273498
136164
0.0543680353682
136184
0.0540050417878
136204
0.0541333575581
136224
0.208113417515
136244
0.209118368459
136264
0.20144591812
136284
0.199757751938
136304
0.199685077519
136324
0.191429339268
136344
0.203615173813
136364
0.212503785126
136384
0.201609057049
136404
0.206596339026
136424
0.204840419089
136444
0.212635128997
136464
0.197321644864
136484
0.208441587936
136504
0.204574324734
136524
0.206143259448
136544
0.209415122335
136564
0.210402661701
136584
0.206340464511
136604
0.217645500242
136624
0.20889693859
136644
0.217950202883
136664
0.208525617733
136684
0.206010780039
136704
0.203481937379
136724
0.208989674176
136744
0.203709044937
136764
0.20520644077
136784
0.204191648498
136804
0.21073348171
136824
0.211330774588
136844
0.211730483891
136864
0.207952928173
136884
0.206761370518
136904
0.207380617127
136924
0.205732951793
136944
0.205872244428
136964
0.205803355136
136984
0.206106543726
137004
0.205810546875
137024
0.205612584787
137044
0.207570630451
137064
0.208625923571
137084
0.200554142442
137104
0.200618111071
137124
0.205941512234
137144
0.204022453367
137164
0.203977788881
137184
0.204774557897
137204
0.207820448765
137224
0.201831622456
137244
0.201854333212
137264
0.202318389656
137284
0.205684880693
137304
0.202156007752
137324
0.213583681565
137344
0.201676053779
137364
0.275472762234
137384
0.454974412548
137404
0.296166424419
137424
0.265223019622
137444
0.262495457849
137464
0.267660640746
137484
0.281913532582
137504
0.269795830305
137524
0.265901314196
137544
0.270413184351
137564
0.265237403101
137584
0.267939226017
137604
0.268840464511
137624
0.260780417272
137644
0.239930807897
137664
0.246083151647
137684
0.237800917515
137704
0.237199082485
137724
0.234052507267
137744
0.230879057655
137764
0.234683109254
137784
0.227545497214
137804
0.237307715601
137824
0.235063135901
137844
0.235148679748
137864
0.241199960635
137884
0.243069055838
137904
0.111289895228
137924
0.109896590359
137944
0.111526087088
137964
0.11244322311
137984
0.111145303416
138004
0.11139512173
138024
0.111422374637
138044
0.112019667515
138064
0.112683957122
138084
0.114367202641
138104
0.113628724564
138124
0.112092341933
138144
0.113261945858
138164
0.112200218023
138184
0.112138898983
138204
0.111642290455
138224
0.112716509205
138244
0.226663562863
138264
0.226188151042
138284
0.226627982679
138304
0.228027722263
138324
0.224056746609
138344
0.222665712815
138364
0.221118731831
138384
0.219162200218
138404
0.218000545058
138424
0.21727493641
138444
0.217425205911
138464
0.249900451187
138484
0.261180505087
138504
0.250271015019
138524
0.267567148135
138544
0.287994715964
138564
0.261829654191
138584
0.26606521015
138604
0.26724427689
138624
0.268648180111
138644
0.268512294089
138664
0.284384084302
138684
0.626313817224
138704
0.283503285489
138724
0.283226971294
138744
0.28453965298
138764
0.283146726623
138784
0.283740234375
138804
0.283425311894
138824
0.0483655826066
138844
0.0524773649467
138864
0.0585895863614
138884
0.0532627785853
138904
0.0553794210271
138924
0.0589204063711
138944
0.142196584302
138964
0.167805232558
138984
0.19281280281
139004
0.178677628391
139024
0.134628224927
139044
0.144877589026
139064
0.158535837573
139084
0.195388959545
139104
0.195173585877
139124
0.195132706516
139144
0.195346566134
139164
0.194751544331
139184
0.194782960877
139204
0.195258751211
139224
0.195169800751
139244
0.195472232316
139264
0.195877240795
139284
0.195678143169
139304
0.195341266957
139324
0.196483239462
139344
0.196325778222
139364
0.196817466085
139384
0.196538502301
139404
0.196985147166
139424
0.196539637839
139444
0.196012369792
139464
0.19547866703
139484
0.195956349927
139504
0.196349246003
139524
0.196267487282
139544
0.195701989462
139564
0.195404857074
139584
0.195163744549
139604
0.19549910671
139624
0.195303415698
139644
0.19556458939
139664
0.19543059593
139684
0.195618716691
139704
0.195588435683
139724
0.195356028949
139744
0.195669815891
139764
0.196203140141
139784
0.195678143169
139804
0.196502922117
139824
0.194299221778
139844
0.193990734012
139864
0.194283324249
139884
0.193942662912
139904
0.194147438227
139924
0.194086119186
139944
0.194045996851
139964
0.194326474685
139984
0.194320418484
140004
0.194717478198
140024
0.195028994065
140044
1.0
140064
1.0
140084
0.983895803052
140104
0.977306277253
140124
0.977305141715
140144
0.977307034278
140164
0.977298707001
140184
0.977359269016
140204
0.978846066497
140224
0.984300054506
140244
1.0
140264
0.981888172238
140284
0.981003966812
140304
0.981011537064
140324
0.98164933079
140344
0.981648573765
140364
0.98164933079
140384
0.98209976078
140404
0.984709226623
140424
1.0
140444
0.99954237827
140464
0.991240839995
140484
0.991083378755
140504
0.99108262173
140524
0.991243111071
140544
0.9912109375
140564
0.986714207849
140584
0.987080608043
140604
0.986825490552
140624
0.989959196342
140644
0.990569737161
140664
0.985765276768
140684
0.981190573522
140704
0.976339177568
140724
0.968940770349
140744
0.964771454094
140764
0.957100896318
140784
0.950582152374
140804
0.951260068435
140824
0.943656885901
140844
0.936736918605
140864
0.933116445615
140884
0.927964132146
140904
0.924781598232
140924
0.920449143047
140944
0.925344824976
140964
0.919507782219
140984
0.92222777374
141004
0.923767562984
141024
0.924150996245
141044
0.926378921391
141064
0.919064165455
141084
0.92471725109
141104
0.922426492854
141124
0.918781038033
141144
0.921216009569
141164
0.923666878634
141184
0.919683790577
141204
0.92377853985
141224
0.925179414971
141244
0.921286034399
141264
0.923619186047
141284
0.920173585877
141304
0.92586868641
141324
0.933113039002
141344
0.927949748668
141364
0.930964980015
141384
0.936520030887
141404
0.931464995155
141424
0.931963496245
141444
0.93570433624
141464
0.927924009811
141484
0.929484617248
141504
0.928699582122
141524
0.928109480984
141544
0.926154084908
141564
0.924142668968
141584
0.928227576914
141604
0.929278327883
141624
0.929375984133
141644
0.93163911095
141664
0.934312166909
141684
0.934575611676
141704
0.935685032098
141724
0.93811508297
141744
0.938631752665
141764
0.937127922117
141784
0.937970869671
141804
0.93812530281
141824
0.935191830184
141844
0.935476093144
141864
0.937989038275
141884
0.938883463542
141904
0.934480605015
141924
0.929829063711
141944
0.93194381359
141964
0.933704275678
141984
0.930952489099
142004
0.933279206032
142024
0.937178264293
142044
0.935735752786
142064
0.933985132025
142084
0.930959302326
142104
0.928708287912
142124
0.930444146681
142144
0.929640185925
142164
0.93420731892
142184
0.93931610344
142204
0.93705978985
142224
0.936812621124
142244
0.943944555475
142264
0.94125181686
142284
0.934276208212
142304
0.929702640504
142324
0.925977319525
142344
0.923249379239
142364
0.91926591267
142384
0.917440346415
142404
0.910552931202
142424
0.905261325097
142444
0.904123894743
142464
0.9036117672
142484
0.899702489099
142504
0.902135568072
142524
0.908912079094
142544
0.909396575218
142564
0.906869246609
142584
0.910433321221
142604
0.912540500848
142624
0.915064044331
142644
0.917331713299
142664
0.915556867733
142684
0.916235540819
142704
0.919063786943
142724
0.920234904918
142744
0.913053763929
142764
0.912900087815
142784
0.919603545906
142804
0.919498697917
142824
0.918567178416
142844
0.925112418241
142864
0.926165061773
142884
0.930520984738
142904
0.933555520228
142924
0.938709347747
142944
0.939955032703
142964
0.938763475048
142984
0.940624242975
143004
0.943834786822
143024
0.940561031371
143044
0.938852804021
143064
0.939468265504
143084
0.937483723958
143104
0.931855241642
143124
0.9304206789
143144
0.929579245397
143164
0.920854908551
143184
0.921425327035
143204
0.921454093992
143224
0.916184063106
143244
0.916214722626
143264
0.916694676599
143284
0.920506676962
143304
0.920139898256
143324
0.914248728198
143344
0.919846172481
143364
0.918720097505
143384
0.921871593387
143404
0.917143214026
143424
0.918712905766
143444
0.920998743338
143464
0.921368171633
143484
0.920583515019
143504
0.91801833515
143524
0.919085740673
143544
0.921680444525
143564
0.922685016957
143584
0.920659974564
143604
0.921124788033
143624
0.926828215843
143644
0.9284164547
143664
0.93056640625
143684
0.930227258963
143704
0.936810350048
143724
0.939433063832
143744
0.943651965237
143764
0.946956380208
143784
0.944261370518
143804
0.940596611555
143824
0.945012339511
143844
0.952131404433
143864
0.947658899588
143884
0.946272786458
143904
0.946750469356
143924
0.948882630814
143944
0.944939286579
143964
0.940096217902
143984
0.933600184714
144004
0.927164713542
144024
0.926411094961
144044
0.927327473958
144064
0.927372516957
144084
0.925789198765
144104
0.927659808018
144124
0.921127059109
144144
0.914470915092
144164
0.916087542393
144184
0.919656916182
144204
0.915720385174
144224
0.912724079457
144244
0.899710816376
144264
0.881572871245
144284
0.873582091812
144304
0.852608708818
144324
0.831711406856
144344
0.824508690649
144364
0.811308063832
144384
0.812492808261
144404
0.796091857437
144424
0.795816678779
144444
0.798739553052
144464
0.812858829942
144484
0.820692526647
144504
0.828908521076
144524
0.850617354046
144544
0.859754269622
144564
0.86828064438
144584
0.880564135174
144604
0.896916636386
144624
0.909572205063
144644
0.917232921512
144664
0.921412079094
144684
0.918464980015
144704
0.91979507328
144724
0.919133433261
144744
0.920705396076
144764
0.920524467054
144784
0.928774527616
144804
0.927469794695
144824
0.938992096657
144844
0.935078654918
144864
0.938210468144
144884
0.936391336604
144904
0.941121230015
144924
0.947268274588
144944
0.943279887355
144964
0.942060319767
144984
0.939229045543
145004
0.940769591812
145024
0.939152207485
145044
0.925835755814
145064
0.913398967418
145084
0.910747865189
145104
0.908965070858
145124
0.905545209545
145144
0.913587845203
145164
0.896505193193
145184
0.894871532825
145204
0.899891366885
145224
0.902776768411
145244
0.90896544937
145264
0.906641382025
145284
0.913809275073
145304
0.928639777132
145324
0.927599624516
145344
0.919430565649
145364
0.940024679021
145384
0.942184471899
145404
0.947436334181
145424
0.956888550751
145444
0.949805823038
145464
0.94187560562
145484
0.949947386749
145504
0.949093083818
145524
0.956274224806
145544
0.956142502422
145564
0.967016033794
145584
0.974841024709
145604
0.977815376696
145624
0.977963375121
145644
0.970989659036
145664
0.978026586725
145684
0.979428975896
145704
0.990988372093
145724
0.993475578367
145744
0.99304748062
145764
0.99331849564
145784
0.993337042757
145804
0.993336285732
145824
0.993352940286
145844
0.993614113978
145864
0.994220869671
145884
1.0
145904
1.0
