161192
0.890388390081
161212
0.886216379042
161232
0.892256976835
161252
0.892154462065
161272
0.895068116449
161292
0.886875680193
161312
0.897893345771
161332
0.904597617382
161352
0.89783698694
161372
0.900961501088
161392
0.893847170398
161412
0.887470848881
161432
0.890206681437
161452
0.884247220927
161472
0.884998833955
161492
0.891180814677
161512
0.895057913557
161532
0.891621482432
161552
0.886664334577
161572
0.877806281095
161592
0.882955340485
161612
0.878072042133
161632
0.880256918532
161652
0.886967506219
161672
0.880121851679
161692
0.886962161847
161712
0.881393326337
161732
0.879610249534
161752
0.88516110852
161772
0.893444399098
161792
0.884614039179
161812
0.890355837998
161832
0.887257074005
161852
0.891268753887
161872
0.879941600591
161892
0.887146785603
161912
0.88836190143
161932
0.889331662002
161952
0.888163187966
161972
0.888025206001
161992
0.89132074005
162012
0.895197353078
162032
0.891468924907
162052
0.886319379664
162072
0.889327289335
162092
0.898430698072
162112
0.899911089086
162132
0.893805872979
162152
0.896972170398
162172
0.885184915267
162192
0.890296564055
162212
0.893663518346
162232
0.894856284981
162252
0.891613222948
162272
0.903619597326
162292
0.898717350746
162312
0.900236124067
162332
0.894029850746
162352
0.896733617071
162372
0.894755227767
162392
0.89172351135
162412
0.898756704757
162432
0.892692300218
162452
0.895137593284
162472
0.89181387982
162492
0.898483655939
162512
0.898692572295
162532
0.896007268346
162552
0.892790928172
162572
0.892981868004
162592
0.881209674285
162612
0.880335626555
162632
0.888037352301
162652
0.891480585354
162672
0.890380616449
162692
0.897532843595
162712
0.892108791978
162732
0.889074160448
162752
0.898972908893
162772
0.902894220305
162792
0.898754275498
162812
0.905606246113
162832
0.902064870958
162852
0.902899564677
162872
0.894043940454
162892
0.903509308924
162912
0.888166103078
162932
0.885595460199
162952
0.873756218905
162972
0.875847811723
162992
0.86991944574
163012
0.875051500311
163032
0.881878206623
163052
0.879013137438
163072
0.883019472948
163092
0.880945370802
163112
0.872350649098
163132
0.88097160681
163152
0.881595926617
163172
0.887396027674
163192
0.899073480255
163212
0.88837890625
163232
0.891234258396
163252
0.88770502954
163272
0.88243159204
163292
0.881517218595
163312
0.885522096549
163332
0.884308924129
163352
0.881627506996
163372
0.878079815765
163392
0.870887748756
163412
0.862404287158
163432
0.847391946517
163452
0.850055387127
163472
0.841565609453
163492
0.852709596549
163512
0.848660506063
163532
0.855164120802
163552
0.856975377021
163572
0.851921058769
163592
0.849791569496
163612
0.85662119092
163632
0.856208216729
163652
0.87871822528
163672
0.884993975435
163692
0.885510436101
163712
0.892648087687
163732
0.892162235697
163752
0.888450326493
163772
0.899645813899
163792
0.897819496269
163812
0.902157182836
163832
0.899973278141
163852
0.904512107432
163872
0.899193485697
163892
0.89305183069
163912
0.896968769434
163932
0.895736162935
163952
0.894735307836
163972
0.901516829913
163992
0.893131024565
164012
0.899578766325
164032
0.899510261194
164052
0.893259775342
164072
0.895503925684
164092
0.893602786847
164112
0.904105935168
164132
0.9023558963
164152
0.897592117537
164172
0.89229487329
164192
0.889534748134
164212
0.89598394745
164232
0.892033970771
164252
0.883760883085
164272
0.890361182369
164292
0.886571536847
164312
0.888991565609
164332
0.884779228856
164352
0.884013040267
164372
0.888409514925
164392
0.895558826959
164412
0.892286613806
164432
0.895235249534
164452
0.892023282027
164472
0.904251690765
164492
0.903747376399
164512
0.906050314832
164532
0.906785894745
164552
0.904237601057
164572
0.901345810012
164592
0.902154267724
164612
0.907851368159
164632
0.90958002954
164652
0.903350921175
164672
0.902039120802
164692
0.898972423041
164712
0.895836248445
164732
0.893963289024
164752
0.895175975591
164772
0.903809565454
164792
0.892216651119
164812
0.893357431592
164832
0.884810809235
164852
0.891421797264
164872
0.884016927083
164892
0.887625835665
164912
0.880786983053
164932
0.879746288091
164952
0.889690220771
164972
0.881288868159
164992
0.88778811023
165012
0.896908037935
165032
0.895768715019
165052
0.895340679415
165072
0.898992342973
165092
0.903885844216
165112
0.897212667133
165132
0.906583294465
165152
0.899469449627
165172
0.901886077425
165192
0.907496696206
165212
0.907244539024
165232
0.913465873756
165252
0.906613417289
165272
0.922066425684
165292
0.917227339863
165312
0.91140877643
165332
0.913592195274
165352
0.923809662624
165372
0.922395833333
165392
0.919254800218
165412
0.915852378731
165432
0.91052744092
165452
0.915411710976
165472
0.911034184546
165492
0.904283756996
165512
0.895708955224
165532
0.899478194963
165552
0.896011641014
165572
0.899029267724
165592
0.889529889614
165612
0.887501457556
165632
0.89568126166
165652
0.890011368937
165672
0.888100027208
165692
0.890018170864
165712
0.886634211754
165732
0.893873892257
165752
0.887437810945
165772
0.891819710044
165792
0.891469896611
165812
0.885713036381
165832
0.881460859764
165852
0.887443641169
165872
0.876941464552
165892
0.883995063744
165912
0.87556893268
165932
0.876854011194
165952
0.881101329291
165972
0.892492129198
165992
0.885871424129
166012
0.894747454136
166032
0.898850474192
166052
0.8904539801
166072
0.89933098181
166092
0.897170883862
166112
0.904469838308
166132
0.910048390858
166152
0.910542502332
166172
0.912073907805
166192
0.912010747046
166212
0.915505966262
166232
0.91513671875
166252
0.910402576959
166272
0.919646882774
166292
0.909092234142
166312
0.907445195896
166332
0.904075326493
166352
0.901874416978
166372
0.90382559857
166392
0.905120879975
166412
0.901483306126
166432
0.892937169621
166452
0.885043532338
166472
0.89197032416
166492
0.881914645522
166512
0.891175470305
166532
0.888380363806
166552
0.892625738495
166572
0.884868625622
166592
0.892861862562
166612
0.884348763993
166632
0.885230585354
166652
0.890451064988
166672
0.891944088153
166692
0.891969838308
166712
0.893184468284
166732
0.88875495569
166752
0.872597461909
166772
0.874120607898
166792
0.868131024565
166812
0.867513020833
166832
0.852703766325
166852
0.84737299829
166872
0.837380966262
166892
0.837546155939
166912
0.833823557991
166932
0.842664120802
166952
0.846521785603
166972
0.853429143346
166992
0.848501632463
167012
0.843623192631
167032
0.843031910759
167052
0.85507569574
167072
0.840924770678
167092
0.843567319652
167112
0.853202250466
167132
0.848198460821
167152
0.859105352146
167172
0.847283115672
167192
0.846390605566
167212
0.844180464863
167232
0.836423837842
167252
0.835860735386
167272
0.835049362562
167292
0.825132637593
167312
0.838440123601
167332
0.829290558924
167352
0.828924226524
167372
0.828836287313
167392
0.812208488806
167412
0.798241215796
167432
0.7867308963
167452
0.8005616449
167472
0.801822430815
167492
0.794930620336
167512
0.824172594061
167532
0.812759930815
167552
0.79725833722
167572
0.788727262127
167592
0.777205768035
167612
0.799758531561
167632
0.793864175218
167652
0.803385416667
167672
0.81652091107
167692
0.828536030784
167712
0.832630305504
167732
0.846672885572
167752
0.847681028451
167772
0.862968361318
167792
0.861047788402
167812
0.872255422108
167832
0.886511777052
167852
0.886311606032
167872
0.887027751866
167892
0.881142140858
167912
0.889918085354
167932
0.888243353545
167952
0.890464668843
167972
0.897125699627
167992
0.903221684546
168012
0.901557155628
168032
0.903973297575
168052
0.895637534981
168072
0.886978680815
168092
0.873178055037
168112
0.870794465174
168132
0.86932864972
168152
0.863573247046
168172
0.844810129042
168192
0.846515955379
168212
0.827640605566
168232
0.835043532338
168252
0.815356809701
168272
0.822352106654
168292
0.816482528762
168312
0.825794853856
168332
0.815657066231
168352
0.804218166978
168372
0.804705476524
168392
0.803449549129
168412
0.808646707867
168432
0.800034981343
168452
0.797052821828
168472
0.803235288402
168492
0.791156036225
168512
0.800364874845
168532
0.797047963308
168552
0.78817387671
168572
0.801921544621
168592
0.809378886816
168612
0.812810459422
168632
0.832105585354
168652
0.829579155006
168672
0.840185303949
168692
0.852306825249
168712
0.858180289956
168732
0.865715854322
168752
0.87179677783
168772
0.885885999689
168792
0.895145852767
168812
0.896608753109
168832
0.889436606032
168852
0.895662313433
168872
0.893138798197
168892
0.883848336443
168912
0.885676111629
168932
0.873964649409
168952
0.864953066698
168972
0.864347209266
168992
0.860564851524
169012
0.86700919232
169032
0.856336481654
169052
0.851189851524
169072
0.843602786847
169092
0.852017257463
169112
0.853501535292
169132
0.859776313744
169152
0.861559390547
169172
0.869776119403
169192
0.884244791667
169212
0.882067203047
169232
0.882423332556
169252
0.894451570274
169272
0.899696828358
169292
0.90105478467
169312
0.913340523943
169332
0.904929940143
169352
0.903935886971
169372
0.899641441231
169392
0.898302433147
169412
0.895881918532
169432
0.902038149098
169452
0.902689190765
169472
0.901974502488
169492
0.9070191037
169512
0.910159650964
169532
0.906931650342
169552
0.90546875
169572
0.901920087065
169592
0.907106557058
169612
0.902208683147
169632
0.905058205068
169652
0.91661613806
169672
0.916948460821
169692
0.917944943252
169712
0.92287342584
169732
0.927011427239
169752
0.926026119403
169772
0.934884172886
169792
0.916953805193
169812
0.925449413091
169832
0.932874203203
169852
0.93350824005
169872
0.932413129664
169892
0.924674479167
169912
0.917998872823
169932
0.920682719216
169952
0.919337395056
169972
0.9234132074
169992
0.931162546642
170012
0.94346431903
170032
0.954046661225
170052
0.954001962842
170072
0.944082808613
170092
0.958396494092
170112
0.950620918843
170132
0.955154889614
170152
0.955246229789
170172
0.955196187034
170192
0.95333731732
170212
0.95127196051
170232
0.934191347948
170252
0.93739505597
170272
0.918489097481
170292
0.926074704602
170312
0.910653762438
170332
0.910098919465
170352
0.915382074005
170372
0.92814686334
170392
0.930769492382
170412
0.932699782338
170432
0.94121579602
170452
0.947111609919
170472
0.958740477301
170492
0.96883550995
170512
0.975226892879
170532
0.991426169932
170552
1.0
170572
1.0
170592
1.0
170612
1.0
170632
0.776451239894
170652
0.777920942164
170672
0.780003303794
170692
0.777842234142
170712
0.775646668999
170732
0.776303540889
170752
1.0
170772
1.0
