136394
0.971399588178
136414
0.967068647045
136434
0.876022362524
136454
0.894260234981
136474
0.9032211422
136494
0.893255284036
136514
0.952972837936
136534
0.959977970567
136554
0.958611918605
136574
0.915533778464
136594
0.879954351381
136614
0.835368974079
136634
0.826189286579
136654
0.913397074855
136674
0.978184047965
136694
0.945854151526
136714
0.886438272166
136734
0.673082833697
136754
0.413743792393
136774
0.408472625969
136794
0.409060834545
136814
0.228668165577
136834
0.58491135235
136854
0.750866415334
136874
0.48912079094
136894
0.467549736555
136914
0.605937727108
136934
0.688252483043
136954
0.704122759205
136974
0.728932745882
136994
0.64910216812
137014
0.639525420906
137034
0.641451671512
137054
0.643338178295
137074
0.643954775315
137094
0.643046723595
137114
0.638096914365
137134
0.732209150921
137154
0.715017865795
137174
0.7100090086
137194
0.710624848595
137214
0.74030439983
137234
0.740487221415
137254
0.736423131662
137274
0.696221687258
137294
0.698914047359
137314
0.698672556323
137334
0.698531371124
137354
0.715876332364
137374
0.750692678052
137394
0.722124818314
137414
0.71532181141
137434
0.70430558079
137454
0.709263717297
137474
0.730012263808
137494
0.743802991764
137514
0.698860677083
137534
0.697648301235
137554
0.697396590359
137574
0.696335998062
137594
0.728089798328
137614
0.706154614826
137634
0.704017154191
137654
0.703771499516
137674
0.706156128876
137694
0.709618005087
137714
0.730286685441
137734
0.712447765262
137754
0.71209044937
137774
0.716336982195
137794
0.71253065952
137814
0.730770046027
137834
0.710021878028
137854
0.709099064317
137874
0.709335256177
137894
0.709870094477
137914
0.729129572432
137934
0.729653812379
137954
0.708806852592
137974
0.709058563469
137994
0.708770515383
138014
0.708616082243
138034
0.730182215964
138054
0.712295224685
138074
0.710329987282
138094
0.710183124394
138114
0.707834075218
138134
0.709202398256
138154
0.726687030644
138174
0.704421784157
138194
0.704769637234
138214
0.705707591449
138234
0.705597444283
138254
0.729287412185
138274
0.729449037064
138294
0.717131480136
138314
0.71664092781
138334
0.72549850109
138354
0.724916727229
138374
0.73005049358
138394
0.722694479772
138414
0.719616036822
138434
0.720192890019
138454
0.720265185925
138474
0.720100154433
138494
0.730386234254
138514
0.714752528464
138534
0.714062121487
138554
0.714280144743
138574
0.714156749637
138594
0.729605362766
138614
0.718637960271
138634
0.714097701672
138654
0.717388868702
138674
0.714816497093
138694
0.717924464026
138714
0.728938045058
138734
0.715197659278
138754
0.71463821766
138774
0.715078806323
138794
0.714899012839
138814
0.728843795422
138834
0.720311742975
138854
0.735466251817
138874
0.720334075218
138894
0.708836755087
138914
0.706089132146
138934
0.72011870155
138954
0.674230483891
138974
0.674718386628
138994
0.674489765019
139014
0.675079109133
139034
0.674797117248
139054
0.722304233285
139074
0.722660035126
139094
0.651568934714
139114
0.65147506359
139134
0.650538623425
139154
0.703187076066
139174
0.699903100775
139194
0.72291855923
139214
0.722541182171
139234
0.694785610465
139254
0.689311561289
139274
0.688825929627
139294
0.689475078731
139314
0.68906098595
139334
0.722590388808
139354
0.720771257267
139374
0.707395379118
139394
0.693836300872
139414
0.693446432897
139434
0.684686137355
139454
0.636431837452
139474
0.942233678537
139494
0.918394198159
139514
0.86503035671
139534
0.918793907461
139554
0.946275814559
139574
0.950541273014
139594
0.931622834908
139614
0.940953170422
139634
0.937277813106
139654
0.926513671875
139674
0.913961815649
139694
0.903643183745
139714
0.888213496245
139734
0.867354802568
139754
0.869212542393
139774
0.860376544331
139794
0.856024406492
139814
0.839188166182
139834
0.82194351078
139854
0.809250090843
139874
0.809089980015
139894
0.825670345809
139914
0.837951565528
139934
0.833715631056
139954
0.837703639777
139974
0.834230029675
139994
0.839374772892
140014
0.851820645591
140034
0.850373970446
140054
0.8462409914
140074
0.865398649467
140094
0.875554142442
140114
0.877562151768
140134
0.887660110828
140154
0.896585816376
140174
0.888039001938
140194
0.886908006298
140214
0.882172813711
140234
0.886212678658
140254
0.878134462815
140274
0.867443374516
140294
0.856213662791
140314
0.848773997699
140334
0.831641382025
140354
0.84548018108
140374
0.833296617611
140394
0.844428294574
140414
0.83572326187
140434
0.830603878997
140454
0.800550735828
140474
0.783794361676
140494
0.753944479772
140514
0.741595127786
140534
0.737217629603
140554
0.771173237645
140574
0.774772892442
140594
0.784715661337
140614
0.799428824491
140634
0.802073113493
140654
0.778629557292
140674
0.807525587452
140694
0.835480635296
140714
0.85496154312
140734
0.886021908309
140754
0.917385083576
140774
0.951121154312
140794
0.95665955063
140814
0.96086898922
140834
0.964248349685
140854
0.956885901163
140874
0.947977985707
140894
0.957070236797
140914
0.947273195252
140934
0.948049146076
140954
0.936041212452
140974
0.924465161701
140994
0.902132918484
141014
0.904513005693
141034
0.899584393169
141054
0.888381555838
141074
0.861135462088
141094
0.863165425145
141114
0.841559926114
141134
0.821381041061
141154
0.809448809956
141174
0.79440444828
141194
0.740088269138
141214
0.787738841449
141234
0.806819661458
141254
0.812994337452
141274
0.821237584787
141294
0.820551341449
141314
0.813803975896
141334
0.796266730257
141354
0.801111691497
141374
0.803287760417
141394
0.830815089026
141414
0.832180762476
141434
0.842742399467
141454
0.847745957485
141474
0.872564649952
141494
0.866961149467
141514
0.865289637839
141534
0.858258766352
141554
0.866889232074
141574
0.867620896923
141594
0.863748713057
141614
0.848274739583
141634
0.842190528101
141654
0.794496805354
141674
0.83808745155
141694
0.831131147045
141714
0.814229424055
141734
0.796437817951
141754
0.782073643411
141774
0.777871775073
141794
0.777356619428
141814
0.770427946342
141834
0.766377861555
141854
0.775718416909
141874
0.773492384327
141894
0.784544952156
141914
0.786540092054
141934
0.786683169816
141954
0.780388505329
141974
0.787182049419
141994
0.794222383721
142014
0.822744064922
142034
0.815894500969
142054
0.817777979651
142074
0.807505526284
142094
0.790739310804
142114
0.788800569283
142134
0.781135689196
142154
0.778469824976
142174
0.78620132328
142194
0.787165773377
142214
0.782111116158
142234
0.773236509811
142254
0.769125105984
142274
0.762762687742
142294
0.763205547481
142314
0.771510492369
142334
0.786120321584
142354
0.795980953246
142374
0.795742111797
142394
0.794597111192
142414
0.792994110344
142434
0.799819070979
142454
0.794400663154
142474
0.79258683079
142494
0.791691648498
142514
0.785221354167
142534
0.793566799903
142554
0.812361085877
142574
0.834443889293
142594
0.816335846657
142614
0.806691724201
142634
0.804212845203
142654
0.793558851139
142674
0.787091963421
142694
0.780402510296
142714
0.767163653706
142734
0.777375923571
142754
0.787281976744
142774
0.782555489947
142794
0.766785898135
142814
0.757782218992
142834
0.740669664486
142854
0.744077413396
142874
0.73966887718
142894
0.780075475412
142914
0.777198401163
142934
0.769506646681
142954
0.748706622456
142974
0.737648376938
142994
0.748813363009
143014
0.745116051962
143034
0.742088708212
143054
0.757847323159
143074
0.768547495761
143094
0.778618580426
143114
0.783652797965
143134
0.798387157825
143154
0.80438582546
143174
0.812465933866
143194
0.813760068435
143214
0.835682761022
143234
0.839652222626
143254
0.814754421027
143274
0.822479484617
143294
0.811480665577
143314
0.83125
143334
0.847847398861
143354
0.856586497699
143374
0.865801765383
143394
0.863042030039
143414
0.846420027859
143434
0.847755798813
143454
0.854757146318
143474
0.863412215359
143494
0.911111237282
143514
0.915407733769
143534
0.871595279191
143554
0.859066512234
143574
0.836505647408
143594
0.83892699249
143614
0.839052658672
143634
0.839684017684
143654
0.83710786095
143674
0.84134795906
143694
0.849048797844
143714
0.852967917272
143734
0.863375499637
143754
0.854160988978
143774
0.852490234375
143794
0.853655674661
143814
0.883166409278
143834
0.911650996245
143854
0.912837254724
143874
0.890123092297
143894
0.866290803658
143914
0.865698809956
143934
0.86594862827
143954
0.855942269259
143974
0.836240310078
143994
0.801540167757
144014
0.85165145046
144034
0.870920769743
144054
0.919297707728
144074
0.916646605499
144094
0.907738311531
144114
0.899599912185
144134
0.898971581274
144154
0.891806716328
144174
0.881179596657
144194
0.879619367733
144214
0.851247956032
144234
0.867718553173
144254
0.886523058987
144274
0.906046738735
144294
0.883818964995
144314
0.870326126453
144334
0.868701550388
144354
0.873318268532
144374
0.876419422238
144394
0.876442511507
144414
0.885623713057
144434
0.904101183987
144454
0.904528524709
144474
0.892827186289
144494
0.894196644864
144514
0.881237130572
144534
0.882183412064
144554
0.87432662609
144574
0.875192284399
144594
0.877868746972
144614
0.860002195373
144634
0.845796617611
144654
0.840577685925
144674
0.844415046633
144694
0.844931337815
144714
0.857474109738
144734
0.858426447432
144754
0.850626059835
144774
0.849115794574
144794
0.839213526526
144814
0.834891669695
144834
0.836375060562
144854
0.837308851139
144874
0.832301886507
144894
0.828410019985
144914
0.842377513324
144934
0.855606907098
144954
0.857613780887
144974
0.86605499031
144994
0.87623167999
145014
0.890912669574
145034
0.899883039608
145054
0.919564559109
145074
0.900823643411
145094
0.888602985707
145114
0.90607361313
145134
0.909611570373
145154
0.920418483527
145174
0.900169952156
145194
0.90076081032
145214
0.936585513566
145234
0.934203533794
145254
0.914859269016
145274
0.899756994913
145294
0.894565316134
145314
0.884991975533
145334
0.877383872335
145354
0.879076580669
145374
0.879023588905
145394
0.874256979772
145414
0.868007736797
145434
0.873621457122
145454
0.860873909884
145474
0.828835846657
145494
0.822308775436
145514
0.833752346778
145534
0.808169437379
145554
0.812174479167
145574
0.819150087815
145594
0.834524890988
145614
0.835339071584
145634
0.846279978198
145654
0.855228015988
145674
0.847351547359
145694
0.873195251938
145714
0.897524527616
145734
0.915191224564
145754
0.950155568677
145774
0.954529281734
145794
0.977809320494
145814
0.975823643411
145834
0.987145712209
145854
0.989905826066
145874
0.989905826066
145894
0.989905826066
145914
0.989895227713
145934
1.0
145954
1.0
145974
1.0
