115606
0.160997308612
115626
0.113261002293
115646
0.114175264155
115666
0.106476462819
115686
0.109470008473
115706
0.11237789075
115726
0.111256479266
115746
0.10968650319
115766
0.109404592803
115786
0.119677968002
115806
0.108375074761
115826
0.0951611094498
115846
0.170041803728
115866
0.168252217903
115886
0.160935007974
115906
0.107264565889
115926
0.111782919657
115946
0.108638294956
115966
0.105105848784
115986
0.134131716009
116006
0.148439057516
116026
0.142659115829
116046
0.144951779306
116066
0.119783879087
116086
0.110526004286
116106
0.106164959629
116126
0.100732343999
116146
0.140237178529
116166
0.125906474282
116186
0.100265089215
116206
0.129395310008
116226
0.107527786085
116246
0.106449985048
116266
0.0992371286882
116286
0.0974350827352
116306
0.100749476675
116326
0.103993782396
116346
0.101550039872
116366
0.098998828748
116386
0.101056307317
116406
0.09137011563
116426
0.0934852222887
116446
0.0836837744219
116466
0.096770023425
116486
0.0843737539872
116506
0.0935584255383
116526
0.0881881105463
116546
0.110747171551
116566
0.0971048893541
116586
0.0995969148724
116606
0.0936238412081
116626
0.0993414822568
116646
0.0883236144338
116666
0.0793055970893
116686
0.0795781623804
116706
0.0919759893341
116726
0.100783742026
116746
0.0889154704944
116766
0.0711691337719
116786
0.077604789673
116806
0.0831152811005
116826
0.0680260665869
116846
0.0782527163078
116866
0.0746346067584
116886
0.0736518141946
116906
0.0745894387959
116926
0.0747249426834
116946
0.0761329371013
116966
0.0771017120215
116986
0.0727624725877
117006
0.0689590186404
117026
0.0707267992424
117046
0.0696334230463
117066
0.122707336523
117086
0.0713980886164
117106
0.0715429375997
117126
0.0701131379585
117146
0.0707859848485
117166
0.0707174541467
117186
0.0706021979665
117206
0.070648923445
117226
0.0692642917663
117246
0.120424018142
117266
0.125535785486
117286
0.0754678777911
117306
0.0705383398126
117326
0.0719354316188
117346
0.0727593575558
117366
0.116888456938
117386
0.11662990929
117406
0.116248317883
117426
0.0891459828549
117446
0.0901412355463
117466
0.0990860496411
117486
0.0930896132376
117506
0.0784567508971
117526
0.0809783692185
117546
0.0828582909689
117566
0.0828707510965
117586
0.0975378787879
117606
0.0991343326356
117626
0.0972871187201
117646
0.0925351375598
117666
0.0965083607456
117686
0.107535573664
117706
0.113407408792
117726
0.113279692484
117746
0.106326941288
117766
0.0850793087121
117786
0.0682176410486
117806
0.068907620614
117826
0.10198925937
117846
0.121095307516
117866
0.141652960526
117886
0.130753463915
117906
0.118673370215
117926
0.111272054426
117946
0.103348970793
117966
0.100877192982
117986
0.124182304127
118006
0.117458507775
118026
0.120054886862
118046
0.124609063497
118066
0.117157907197
118086
0.115785735646
118106
0.123634058513
118126
0.11987888756
118146
0.119911595395
118166
0.1202246561
118186
0.122902026017
118206
0.123093600478
118226
0.121483128987
118246
0.114575545754
118266
0.120693468401
118286
0.119380482456
118306
0.120000373804
118326
0.124121561005
118346
0.115022552831
118366
0.114489882376
118386
0.121654455742
118406
0.102211984151
118426
0.113435444079
118446
0.0968697044458
118466
0.101065652412
118486
0.107295716208
118506
0.10700290321
118526
0.117713940391
118546
0.119964550937
118566
0.116978792863
118586
0.119626569976
118606
0.126948452452
118626
0.126252242823
118646
0.128392269737
118666
0.133639540969
118686
0.127865829346
118706
0.170454545455
118726
0.0732998155901
118746
0.910199860447
118766
0.910537841407
118786
0.912395957935
118806
0.912436453349
118826
0.912441125897
118846
1.0
118866
0.995693468401
118886
0.988337320574
118906
0.97636625299
118926
0.971136114434
118946
0.964558724581
118966
0.965111642743
118986
0.964278371711
119006
0.966240841806
119026
0.964641272927
119046
0.954990904107
119066
0.956917551336
119086
0.966611530602
119106
0.973595432117
119126
0.979112153608
119146
0.989665881679
119166
0.984683388158
119186
0.973288601475
119206
0.966287567285
119226
0.955953448963
119246
0.950076941288
119266
0.944588255084
119286
0.936152748704
119306
0.92657714065
119326
0.915518777412
119346
0.906158106559
119366
0.890092329545
119386
0.887617436703
119406
0.887101898923
119426
0.877881404506
119446
0.881214488636
119466
0.875412741726
119486
0.87531929077
119506
0.866386936802
119526
0.861406000797
119546
0.86938671252
119566
0.860692658493
119586
0.86175488437
119606
0.868047248804
119626
0.859417052931
119646
0.867231110447
119666
0.864458732057
119686
0.866182902213
119706
0.872176223585
119726
0.870112514952
119746
0.878445225279
119766
0.87890625
119786
0.880181855562
119806
0.890290134071
119826
0.893616988138
119846
0.885580205841
119866
0.895834890849
119886
0.897152549342
119906
0.90190920305
119926
0.901144462719
119946
0.900329881878
119966
0.902124140251
119986
0.898124439294
120006
0.905633223684
120026
0.900591544557
120046
0.900072891746
120066
0.891179475678
120086
0.882676996112
120106
0.881510416667
120126
0.868536308812
120146
0.857599431818
120166
0.853772615132
120186
0.84968257825
120206
0.835032583234
120226
0.834778708134
120246
0.833641721491
120266
0.824382289175
120286
0.830472176535
120306
0.837442060407
120326
0.838733241128
120346
0.848843077153
120366
0.853781960227
120386
0.857580741627
120406
0.860167775618
120426
0.857485733154
120446
0.85792183762
120466
0.852989184609
120486
0.859088417065
120506
0.855056008274
120526
0.845492860347
120546
0.842321757875
120566
0.826723235646
120586
0.835358104067
120606
0.830747856858
120626
0.827475515849
120646
0.83171974681
120666
0.845992822967
120686
0.830922298644
120706
0.842639491128
120726
0.842935419159
120746
0.847695187899
120766
0.844315378289
120786
0.851084342604
120806
0.832328735546
120826
0.83952445923
120846
0.841726786782
120866
0.845907159589
120886
0.838097774621
120906
0.842002467105
120926
0.851822605163
120946
0.8419043436
120966
0.84546482506
120986
0.850808662281
121006
0.855383086623
121026
0.865172074362
121046
0.853576368122
121066
0.847411719996
121086
0.846955367823
121106
0.842385616029
121126
0.850057939593
121146
0.847861842105
121166
0.844569253389
121186
0.838603967305
121206
0.836996610845
121226
0.83167769388
121246
0.828537741726
121266
0.828511263955
121286
0.844539660586
121306
0.842276589912
121326
0.852803840211
121346
0.856309808612
121366
0.853666704047
121386
0.863910486443
121406
0.867249800638
121426
0.879320549242
121446
0.883927681419
121466
0.888656299841
121486
0.895320910586
121506
0.895574785686
121526
0.887388481858
121546
0.892237029007
121566
0.888047311104
121586
0.8845117499
121606
0.882815615032
121626
0.8821972812
121646
0.881731583931
121666
0.881429425837
121686
0.89281642494
121706
0.891399085427
121726
0.884891783792
121746
0.883036782297
121766
0.879146107456
121786
0.87968656549
121806
0.875096565989
121826
0.876650966906
121846
0.864617598684
121866
0.872987689394
121886
0.860365580144
121906
0.848570511862
121926
0.866882226874
121946
0.86010547498
121966
0.863885566188
121986
0.865916566986
122006
0.861510354366
122026
0.866105026415
122046
0.867791816188
122066
0.877297336025
122086
0.87652636563
122106
0.883840460526
122126
0.880286209131
122146
0.879934210526
122166
0.875831713517
122186
0.882513456938
122206
0.888682777612
122226
0.894732169557
122246
0.897943767444
122266
0.889084616726
122286
0.8889257501
122306
0.885834080941
122326
0.878284801136
122346
0.896093438497
122366
0.888782458632
122386
0.897172797049
122406
0.903831177731
122426
0.896448552133
122446
0.896548233154
122466
0.904930783991
122486
0.890603194777
122506
0.894624700957
122526
0.902142830443
122546
0.898767693381
122566
0.891961348684
122586
0.90032520933
122606
0.887890001994
122626
0.879401540072
122646
0.888206177731
122666
0.893598297947
122686
0.893221379087
122706
0.888472512959
122726
0.889692047947
122746
0.889863374701
122766
0.889964613238
122786
0.872906698565
122806
0.888815166467
122826
0.89581152811
122846
0.892813309908
122866
0.882041529605
122886
0.884159751296
122906
0.883840460526
122926
0.894869230961
122946
0.887520870714
122966
0.899996573465
122986
0.901435718202
123006
0.908025568182
123026
0.888341681619
123046
0.886394786683
123066
0.894680771531
123086
0.897495202851
123106
0.896652586722
123126
0.898861144338
123146
0.904328025319
123166
0.909019263357
123186
0.911833694677
123206
0.916574773226
123226
0.911128139952
123246
0.924150530801
123266
0.928231222588
123286
0.933813359749
123306
0.939164984549
123326
0.923940266148
123346
0.924296937301
123366
0.908076966208
123386
0.895197866826
123406
0.909403969797
123426
0.923309472189
123446
0.924047734749
123466
0.9189453125
123486
0.921188135467
123506
0.919957697867
123526
0.917827016049
123546
0.930869654605
123566
0.936912816487
123586
0.945264217006
123606
0.9351855313
123626
0.932045579147
123646
0.933156088018
123666
0.916685356858
123686
0.91967578748
123706
0.902678615929
123726
0.897532583234
123746
0.89716500947
123766
0.89208594996
123786
0.879082249302
123806
0.859731671152
123826
0.848942758174
123846
0.828243371212
123866
0.816667912679
123886
0.822785835327
123906
0.835174317185
123926
0.812534265351
123946
0.805768416069
123966
0.825030215809
123986
0.843268727572
124006
0.85692191238
124026
0.889760578648
124046
0.870668548146
124066
0.83575682815
124086
0.855102733752
124106
0.859368769936
124126
0.878766073565
124146
0.905123915969
124166
0.907500685307
124186
0.908215585128
124206
0.908995900618
124226
0.907816861045
124246
0.928773238138
124266
0.97814649372
124286
0.761969510068
124306
0.115601948764
124326
0.118378999701
124346
0.119193580542
124366
0.118587706838
124386
0.139921002791
124406
1.0
124426
1.0
124446
1.0
124466
1.0
124486
0.540545255183
124506
0.542356646232
124526
0.542235159988
124546
0.546061976675
124566
0.54406835626
124586
0.545680385267
124606
0.544963927931
124626
0.545261413477
124646
0.543781773325
124666
0.546065091707
124686
0.541894063995
124706
0.543979577851
124726
0.601831950259
124746
0.597523861144
124766
0.596109636663
124786
0.596207760167
124806
0.598364919757
124826
0.599325907097
124846
0.596436715012
124866
0.597061278907
124886
0.598995713716
124906
0.597681170255
124926
0.597452215411
124946
0.599752666467
124966
0.501964027612
124986
0.511137796551
125006
0.511410361842
125026
0.511921227073
125046
0.513689007675
125066
0.512483490331
125086
0.511425937002
125106
0.512603419059
125126
0.511966395036
125146
0.50652443431
125166
0.505460650917
125186
0.509306157795
