133351
0.0472192028986
133371
0.051065821256
133391
0.0508172302738
133411
0.0525261674718
133431
0.126394927536
133451
0.125331119163
133471
0.128683574879
133491
0.127559380032
133511
0.127125603865
133531
0.128340378422
133551
0.12915257649
133571
0.128658413849
133591
0.127693236715
133611
0.126561996779
133631
0.0784198872786
133651
0.0833041465378
133671
0.075539452496
133691
0.0709591384863
133711
0.0987449677939
133731
0.192548309179
133751
0.217331924316
133771
0.2126318438
133791
0.207092391304
133811
0.201564009662
133831
0.188385668277
133851
0.174101247987
133871
0.173796296296
133891
0.189640700483
133911
0.181838768116
133931
0.185151972625
133951
0.189085144928
133971
0.186649557166
133991
0.188590982287
134011
0.185584742351
134031
0.182627818035
134051
0.171599235105
134071
0.161515700483
134091
0.167319847021
134111
0.0472443639291
134131
0.0406260064412
134151
0.0491294283414
134171
0.0571749194847
134191
0.11083031401
134211
0.110678341385
134231
0.0893699677939
134251
0.0579347826087
134271
0.0551831723027
134291
0.131382850242
134311
0.113234702093
134331
0.106972624799
134351
0.0871608293076
134371
0.100178140097
134391
0.101310386473
134411
0.100022141707
134431
0.0850694444444
134451
0.112232286634
134471
0.0896698872786
134491
0.0742562399356
134511
0.0539845008052
134531
0.0437117552335
134551
0.0579025764895
134571
0.0643619162641
134591
0.072392310789
134611
0.0839754428341
134631
0.0847010869565
134651
0.0812952898551
134671
0.0829337761675
134691
0.0819726247987
134711
0.0814724235105
134731
0.0844394122383
134751
0.075220410628
134771
0.128572866345
134791
0.123157206119
134811
0.126036634461
134831
0.123402777778
134851
0.120223429952
134871
0.116894122383
134891
0.118558776167
134911
0.0687892512077
134931
0.0716032608696
134951
0.0728592995169
134971
0.0727234299517
134991
0.0761372785829
135011
0.077472826087
135031
0.0915841384863
135051
0.0825322061192
135071
0.0803341384863
135091
0.0615307971014
135111
0.0564764492754
135131
0.0635859500805
135151
0.0615519323671
135171
0.0525201288245
135191
0.0508735909823
135211
0.0476469404187
135231
0.0497312801932
135251
0.0492441626409
135271
0.048777173913
135291
0.048606078905
135311
0.0455152979066
135331
0.0460235507246
135351
0.0457890499195
135371
0.0486080917874
135391
0.0490730676329
135411
0.0483605072464
135431
0.0581904186795
135451
0.0867834138486
135471
0.120736714976
135491
0.0465036231884
135511
0.088777173913
135531
0.0659853059581
135551
0.0866596215781
135571
0.0736211755233
135591
0.0634078099839
135611
0.0502657004831
135631
0.0588818438003
135651
0.0757719404187
135671
0.0608685587762
135691
0.0682306763285
135711
0.0670752818035
135731
0.0615992351047
135751
0.0665972222222
135771
0.0672081320451
135791
0.0669072061192
135811
0.0686312399356
135831
0.0765982286634
135851
0.0797413446055
135871
0.0750623993559
135891
0.0760950080515
135911
0.0717612721417
135931
0.0626791465378
135951
0.0562781803543
135971
0.0536040660225
135991
0.073385668277
136011
0.0726801529791
136031
0.0489754428341
136051
0.0496205716586
136071
0.049694041868
136091
0.0494726247987
136111
0.17515599839
136131
0.1860034219
136151
0.173786231884
136171
0.153873792271
136191
0.16837962963
136211
0.178439009662
136231
0.176146336554
136251
0.18305958132
136271
0.18244263285
136291
0.187235305958
136311
0.184347826087
136331
0.180135869565
136351
0.195113727858
136371
0.214746376812
136391
0.214773550725
136411
0.253709742351
136431
0.25454810789
136451
0.268202495974
136471
0.274241143317
136491
0.25188305153
136511
0.0926962560386
136531
0.121339573269
136551
0.145809178744
136571
0.117970008052
136591
0.14768921095
136611
0.0951429146538
136631
0.258208534622
136651
0.0777818035427
136671
0.0705414653784
136691
0.0765388486312
136711
0.0617995169082
136731
0.0800251610306
136751
0.0571658615137
136771
0.0868830515298
136791
0.0834853059581
136811
0.0717431561997
136831
0.0742824074074
136851
0.0712701288245
136871
0.0621366747182
136891
0.0772061191626
136911
0.0783212560386
136931
0.0761996779388
136951
0.0783031400966
136971
0.0780032206119
136991
0.0819041867955
137011
0.0776157407407
137031
0.0838234702093
137051
0.0664422302738
137071
0.067981078905
137091
0.0768458132045
137111
0.0808655394525
137131
0.0529861111111
137151
0.0542733494364
137171
0.0542502012882
137191
0.0538305152979
137211
0.0574003623188
137231
0.0638194444444
137251
0.061893115942
137271
0.0809198872786
137291
0.0673027375201
137311
0.0670048309179
137331
0.0594887278583
137351
0.0606390901771
137371
0.0874225040258
137391
0.0635245571659
137411
0.0494434380032
137431
0.0639382045089
137451
0.0630948067633
137471
0.0623037439614
137491
0.0618538647343
137511
0.0595642109501
137531
0.0596185587762
137551
0.0604216988728
137571
0.0586070853462
137591
0.0673419887279
137611
0.0666183574879
137631
0.0649969806763
137651
0.0667099436393
137671
0.0646618357488
137691
0.0652797906602
137711
0.0654438405797
137731
0.063030394525
137751
0.0612349033816
137771
0.0576771336554
137791
0.0590710547504
137811
0.0588244766506
137831
0.0571779388084
137851
0.0559943639291
137871
0.0551912238325
137891
0.0576892109501
137911
0.0594555152979
137931
0.060625
137951
0.0611714975845
137971
0.0530545491143
137991
0.0511976650564
138011
0.051749194847
138031
0.0509168679549
138051
0.0509410225443
138071
0.0489734299517
138091
0.0503884863124
138111
0.974806763285
138131
0.991802536232
138151
0.991662640902
138171
0.99265599839
138191
0.993909017713
138211
0.976649557166
138231
0.991401972625
138251
0.991468397746
138271
0.28384863124
138291
0.301706924316
138311
0.301416062802
138331
0.311937399356
138351
0.307830112721
138371
0.294640700483
138391
0.293954307568
138411
0.280380434783
138431
0.294132447665
138451
0.311566022544
138471
0.296564009662
138491
0.293764090177
138511
0.277675120773
138531
0.274013687601
138551
0.280947061192
138571
0.289647745572
138591
0.282092391304
138611
0.283237721417
138631
0.291157407407
138651
0.280280797101
138671
0.284793679549
138691
0.284998993559
138711
0.288699677939
138731
0.279766505636
138751
0.275473027375
138771
0.278419887279
138791
0.278289049919
138811
0.285446859903
138831
0.280611916264
138851
0.27705615942
138871
0.29388989533
138891
0.293408816425
138911
0.301679750403
138931
0.999995974235
138951
1.0
138971
1.0
138991
1.0
139011
1.0
139031
1.0
139051
1.0
139071
0.996605273752
139091
0.996597222222
139111
0.996639492754
139131
0.996642512077
139151
0.999979871176
139171
1.0
139191
1.0
139211
1.0
139231
0.997102455717
139251
0.997082326892
139271
0.997082326892
139291
0.997095410628
139311
1.0
139331
1.0
139351
1.0
139371
1.0
139391
0.997477858293
139411
0.997534219002
139431
0.997528180354
139451
0.997537238325
139471
1.0
139491
1.0
139511
1.0
139531
0.995626006441
139551
0.995647141707
139571
0.995661231884
139591
0.995660225443
139611
1.0
139631
1.0
139651
1.0
139671
1.0
139691
1.0
139711
0.994718196457
139731
0.994703099839
139751
0.99472020934
139771
0.99470410628
139791
0.99466284219
139811
0.994702093398
139831
1.0
139851
1.0
139871
1.0
139891
1.0
139911
1.0
139931
0.995643115942
139951
0.995652173913
139971
0.995665257649
139991
0.995663244767
140011
0.995671296296
140031
1.0
140051
1.0
140071
1.0
140091
1.0
140111
0.995441827697
140131
0.995507246377
140151
0.995448872786
140171
0.995480072464
140191
1.0
140211
1.0
140231
1.0
140251
1.0
140271
0.995072463768
140291
0.99504126409
140311
0.99506541868
140331
0.995073470209
140351
1.0
140371
1.0
140391
0.993131038647
140411
0.993055555556
140431
0.993073671498
140451
0.993084742351
140471
0.993081723027
140491
0.993079710145
140511
0.99999194847
140531
0.996436191626
140551
0.996505636071
140571
0.996506642512
140591
0.996473429952
140611
0.996519726248
140631
0.99999194847
140651
1.0
140671
1.0
140691
0.991592190016
140711
0.98328099839
140731
0.975787037037
140751
0.966720008052
140771
0.959554146538
140791
0.953258856683
140811
0.946956521739
140831
0.940227455717
140851
0.934114331723
140871
0.92729468599
140891
0.926126207729
140911
0.9297534219
140931
0.930676328502
140951
0.933852657005
140971
0.928580917874
140991
0.927835144928
141011
0.924517914654
141031
0.918119967794
141051
0.909611513688
141071
0.910228462158
141091
0.908764090177
141111
0.903963365539
141131
0.899540056361
141151
0.899407206119
141171
0.90451489533
141191
0.904874194847
141211
0.903164251208
141231
0.908328301127
141251
0.914357890499
141271
0.913579911433
141291
0.914438405797
141311
0.913523550725
141331
0.915546497585
141351
0.914313607085
141371
0.910628019324
141391
0.909316626409
141411
0.906070853462
141431
0.90501610306
141451
0.905976247987
141471
0.9051318438
141491
0.905480072464
141511
0.903356481481
141531
0.905697463768
141551
0.910341183575
141571
0.912809983897
141591
0.912504025765
141611
0.9144897343
141631
0.916599235105
141651
0.914368961353
141671
0.917774758454
141691
0.920368357488
141711
0.919791666667
141731
0.924976851852
141751
0.919499798712
141771
0.917543276973
141791
0.919620571659
141811
0.92140599839
141831
0.92214673913
141851
0.924234098229
141871
0.919431360709
141891
0.918849637681
141911
0.918675523349
141931
0.919938607085
141951
0.927896537842
141971
0.928377616747
141991
0.924838969404
142011
0.926661634461
142031
0.927600644122
142051
0.928265901771
142071
0.936778381643
142091
0.936430152979
142111
0.933516505636
142131
0.93184178744
142151
0.927534219002
142171
0.928273953301
142191
0.935094605475
142211
0.931664653784
142231
0.931280193237
142251
0.93667773752
142271
0.935150966184
142291
0.925601851852
142311
0.920481078905
142331
0.914433373591
142351
0.91078099839
142371
0.891876006441
142391
0.876723027375
142411
0.868105877617
142431
0.85808373591
142451
0.861090982287
142471
0.842920692432
142491
0.826195652174
142511
0.822745571659
142531
0.821909219002
142551
0.829869162641
142571
0.846168478261
142591
0.863122987118
142611
0.872201086957
142631
0.881732085346
142651
0.890875603865
142671
0.89694041868
142691
0.91768115942
142711
0.941013486312
142731
0.963316223833
142751
0.972770732689
142771
0.974799718196
142791
0.979509863124
142811
0.984030797101
142831
0.988645330113
142851
0.991491545894
142871
1.0
142891
1.0
142911
1.0
142931
1.0
