119526
0.133288758867
119546
0.132747267601
119566
0.132934415994
119586
0.130989392242
119606
0.0932908186254
119626
0.0942746752662
119646
0.093712264576
119666
0.0949024189292
119686
0.137462827791
119706
0.115552948673
119726
0.116397127924
119746
0.112166415634
119766
0.11389709574
119786
0.114611413638
119806
0.104687399426
119826
0.0958059771624
119846
0.119318927896
119866
0.130549118809
119886
0.121887350507
119906
0.129098276239
119926
0.120167291031
119946
0.124169820672
119966
0.0861186742878
119986
0.0842899947219
120006
0.0863006732836
120026
0.0863938451834
120046
0.0874180924059
120066
0.0876617232457
120086
0.0871223239228
120106
0.0857223316469
120126
0.085845917172
120146
0.0848161987152
120166
0.0871899097568
120186
0.08438574132
120206
0.0864986032261
120226
0.120280255925
120246
0.127364699597
120266
0.139338817441
120286
0.109534751992
120306
0.147649783082
120326
0.0632727313688
120346
0.083754779284
120366
0.0750896316894
120386
0.105547348704
120406
0.0543351484957
120426
0.058513562224
120446
0.0566227680583
120466
0.0516334852405
120486
0.0618328312671
120506
0.051405946266
120526
0.060442655029
120546
0.0619993820724
120566
0.117355881255
120586
0.227635525689
120606
0.215926440866
120626
0.068742356364
120646
0.0694051802933
120666
0.0769155756382
120686
0.0755212155151
120706
0.0618711299064
120726
0.0657552234195
120746
0.0889326587623
120766
0.0700081424838
120786
0.0708314023095
120806
0.0711921819282
120826
0.0713180203144
120846
0.0697456841617
120866
0.0660273368607
120886
0.0655677531894
120906
0.0663749211499
120926
0.0687602183344
120946
0.0685873917017
120966
0.0824537519793
120986
0.0648152975708
121006
0.0702199114304
121026
0.070450186022
121046
0.137154990409
121066
0.178713036986
121086
0.183177242241
121106
0.174210050335
121126
0.091964205255
121146
0.114645045637
121166
0.171201032454
121186
0.132764485897
121206
0.0882785244403
121226
0.0895005406867
121246
0.0942239858907
121266
0.105354889996
121286
0.0916508966387
121306
0.104519239434
121326
0.111873382768
121346
0.109277925823
121366
0.115071480065
121386
0.25364207186
121406
0.0541621609444
121426
0.122109257328
121446
0.0831481159644
121466
0.105216821792
121486
0.277936443569
121506
0.184069697087
121526
0.220483013427
121546
0.421910040037
121566
0.169946027884
121586
0.186245800023
121606
0.0844307985427
121626
0.0816427219712
121646
0.0583957697705
121666
0.0699391083819
121686
0.0782772692748
121706
0.123024562623
121726
0.0819544214009
121746
0.0633301793277
121766
0.0627108034346
121786
0.0609986289731
121806
0.0584487120071
121826
0.0535682101984
121846
0.050484686981
121866
0.0514112565816
121886
0.0427900397791
121906
0.0625616318439
121926
0.0611766050026
121946
0.0576132223638
121966
0.0570409956359
121986
0.0592668224359
122006
0.0651110660539
122026
0.0666497702082
122046
0.0617414294726
122066
0.0629085724585
122086
0.0635221552801
122106
0.0635395344945
122126
0.0639968653047
122146
0.149806736698
122166
0.154335309414
122186
0.152025643996
122206
0.153203246695
122226
0.154338849625
122246
0.162543769873
122266
0.164165508052
122286
0.165251065281
122306
0.166341610989
122326
0.166333404138
122346
0.163473557847
122366
0.163180203144
122386
0.165783062346
122406
0.173429433953
122426
0.217020687702
122446
0.113570913632
122466
0.123411732901
122486
0.130262039934
122506
0.132286235662
122526
0.240578856576
122546
0.229264987963
122566
0.226518589323
122586
0.176365072928
122606
0.166450552916
122626
0.31784362569
122646
0.253594118101
122666
0.197909988543
122686
0.13653400533
122706
0.13028279844
122726
0.137401839622
122746
0.138776889507
122766
0.13422932839
122786
0.138912222093
122806
0.14582898853
122826
0.134717394663
122846
0.127745915885
122866
0.124711311938
122886
0.144697730403
122906
0.144594581547
122926
0.176889506817
122946
0.174253498372
122966
0.171849212786
122986
0.22769635294
123006
0.230081650124
123026
0.224943517553
123046
0.223980419418
123066
0.22303325223
123086
0.216994779799
123106
0.0962703883933
123126
0.0936507936508
123146
0.11847056476
123166
0.115786441638
123186
0.116283841193
123206
0.149585795389
123226
0.16382065938
123246
0.170130762497
123266
0.179959673786
123286
0.191982549981
123306
0.226648611594
123326
0.226351877599
123346
0.249102234838
123366
0.226063511374
123386
0.20760887756
123406
0.271543628265
123426
0.220658575677
123446
0.119046814454
123466
0.120454530826
123486
0.123790857246
123506
0.118298864558
123526
0.118301600175
123546
0.111848923132
123566
0.104087816527
123586
0.0973610950192
123606
0.0966435587482
123626
0.0894297364796
123646
0.0918197003051
123666
0.0919996073585
123686
0.0896168848724
123706
0.0892795993769
123726
0.0936186099203
123746
0.0975521054596
123766
0.0967536271064
123786
0.0927689594356
123806
0.0886085685964
123826
0.0906556147736
123846
0.0978184258294
123866
0.0920110325828
123886
0.0942704913812
123906
0.089011991658
123926
0.0856946536387
123946
0.0981111368581
123966
0.113328409223
123986
0.11147301716
124006
0.116735700769
124026
0.12117045791
124046
0.123611111111
124066
0.119882947772
124086
0.121965556972
124106
0.122879413999
124126
0.111739981205
124146
0.105525785605
124166
0.106136471891
124186
0.097183923583
124206
0.0737330874496
124226
0.0544685500586
124246
0.0941815033664
124266
0.328156741204
124286
0.198259503856
124306
0.999873035183
124326
0.999957678394
124346
0.999956873801
124366
0.999954460021
124386
0.999955103696
124406
0.999956873801
124426
0.999957839313
124446
0.999946414089
124466
0.999947057763
124486
0.999953494509
124506
0.999953977265
124526
0.999956069208
124546
0.976605163558
124566
0.976442313881
124586
0.976426222016
124606
0.976394360123
124626
0.998826581187
124646
0.975655743509
124666
0.972346451422
124686
0.971947534083
124706
0.971976821277
124726
0.977938857349
124746
0.994646075516
124766
0.991714781344
124786
0.991848826581
124806
0.991763378777
124826
0.99322580749
124846
0.994561915061
124866
0.989426518107
124886
0.989427644537
124906
0.989324817518
124926
0.990391064509
124946
0.994407111317
124966
0.990579500251
124986
0.990568235945
125006
0.990511109824
125026
0.992080066685
125046
0.995338025721
125066
0.992196249952
125086
0.992264318542
125106
0.992256433528
125126
0.993309807026
125146
0.99368072452
125166
0.989700562572
125186
0.989709734935
125206
0.989770562185
125226
0.991143841965
125246
0.992939694126
125266
0.988342409145
125286
0.988335811481
125306
0.988281260057
125326
0.990079365079
125346
0.994131779503
125366
0.989678677635
125386
0.989513575098
125406
0.989537391058
125426
0.990982923313
125446
0.994263571879
125466
0.990530098225
125486
0.990331041852
125506
0.990513523604
125526
0.991871355193
125546
0.996279882594
125566
0.993593023855
125586
0.993418427117
125606
0.993445944206
125626
0.993267646339
125646
0.993082428971
125666
0.99310399207
125686
0.984682636234
125706
0.980452245781
125726
0.982861358926
125746
0.98679662457
125766
0.986465775821
125786
0.986856164472
125806
0.985982376189
125826
0.984106064702
125846
0.979256781112
125866
0.983927444998
125886
0.984765187502
125906
0.984268109785
125926
0.978709335857
125946
0.975048597433
125966
0.969892120135
125986
0.963649602853
126006
0.959691004004
126026
0.959367557512
126046
0.962473287504
126066
0.963148984925
126086
0.958049633749
126106
0.957494947154
126126
0.956339390311
126146
0.951440221939
126166
0.95294352399
126186
0.954398711363
126206
0.954791031038
126226
0.950841604552
126246
0.946708087128
126266
0.949982942623
126286
0.948238423512
126306
0.94968717414
126326
0.957034076134
126346
0.95437409081
126366
0.955789209439
126386
0.957355913439
126406
0.958854066093
126426
0.961941612276
126446
0.963437029313
126466
0.961471407974
126486
0.962748458399
126506
0.955587095611
126526
0.955903622601
126546
0.954732778486
126566
0.951628335844
126586
0.949687817814
126606
0.945355726773
126626
0.942476087488
126646
0.944778511567
126666
0.945991033613
126686
0.949246096113
126706
0.949657565108
126726
0.950009011445
126746
0.950669743431
126766
0.947121969902
126786
0.95066153658
126806
0.954133839262
126826
0.951480773439
126846
0.949536554281
126866
0.954662617953
126886
0.95407912692
126906
0.956187483104
126926
0.957179546596
126946
0.955865323961
126966
0.955325280964
126986
0.954260804078
127006
0.953207591498
127026
0.954115172698
127046
0.950364641666
127066
0.951075097517
127086
0.944386352811
127106
0.942807418994
127126
0.944744557731
127146
0.946641949562
127166
0.94791626437
127186
0.952192516639
127206
0.947399554577
127226
0.947198889018
127246
0.946200388779
127266
0.949981816192
127286
0.94907101662
127306
0.951219280629
127326
0.948008792595
127346
0.948741294301
127366
0.948284446247
127386
0.952597709806
127406
0.954592457421
127426
0.958141196462
127446
0.954416573334
127466
0.953821335239
127486
0.950714800654
127506
0.946092573282
127526
0.938795877908
127546
0.931363689028
127566
0.926298452606
127586
0.923895615289
127606
0.913609534108
127626
0.914031945571
127646
0.914929388895
127666
0.915788211743
127686
0.907397108614
127706
0.907743405554
127726
0.906441251818
127746
0.908316919631
127766
0.898411732901
127786
0.912233196874
127806
0.911970255796
127826
0.914288288984
127846
0.913061767016
127866
0.914672401807
127886
0.920823356377
127906
0.924799978115
127926
0.928363038917
127946
0.933611561683
127966
0.924757173754
127986
0.926898357342
128006
0.928528302373
128026
0.924431796238
128046
0.924921471698
128066
0.925445744667
128086
0.923185320357
128106
0.921571467192
128126
0.922145464025
128146
0.923034217742
128166
0.925501100684
128186
0.922929137862
128206
0.925065815729
128226
0.930879484803
128246
0.93408240966
128266
0.935064657115
128286
0.926502014702
128306
0.920931493711
128326
0.92632902715
128346
0.921523352515
128366
0.91989276381
128386
0.920987171565
128406
0.924130878358
128426
0.926415279548
128446
0.924341359956
128466
0.940523339641
128486
0.949780828795
128506
0.948690444007
128526
0.955910220265
128546
0.953260533735
128566
0.964114818677
128586
0.958086162283
128606
0.961908141196
128626
0.961560717826
128646
0.950925925926
128666
0.945516967263
128686
0.942691557564
128706
0.943392197376
128726
0.956483895261
128746
0.956381711917
128766
0.96455509211
128786
0.965282605337
128806
0.953805082455
128826
0.936538993808
128846
0.927323182585
128866
0.918633736274
128886
0.916313289306
128906
0.915894739891
128926
0.913713326639
128946
0.915903429498
128966
0.917603856898
128986
0.92658215219
129006
0.999953494509
129026
0.999949310624
129046
0.0773016194853
129066
0.077349895081
129086
0.0787395885632
129106
0.999870299566
