147150
0.0625429668819
147170
0.0631164813486
147190
0.0624962637494
147210
0.0634770295313
147230
0.0617919805117
147250
0.0574411166906
147270
0.139418191057
147290
0.138814786585
147310
0.139203356648
147330
0.139255664156
147350
0.0618909911526
147370
0.0614276960784
147390
0.0619526392874
147410
0.0622421987088
147430
0.134047330823
147450
0.136160180536
147470
0.136642156863
147490
0.137710724534
147510
0.0633201070062
147530
0.0632042832377
147550
0.132668654352
147570
0.12062485055
147590
0.159317461741
147610
0.120099907341
147630
0.14462278814
147650
0.137912482066
147670
0.138915665352
147690
0.138575666547
147710
0.143358067312
147730
0.13506545911
147750
0.14443597561
147770
0.145653993305
147790
0.149039036346
147810
0.146666517217
147830
0.14809563307
147850
0.063693732066
147870
0.0626868125299
147890
0.139175334768
147910
0.0906283626255
147930
0.0959132890961
147950
0.0935295612147
147970
0.0937556043759
147990
0.0936547256098
148010
0.0939368125299
148030
0.0955434002869
148050
0.0947531832855
148070
0.0909085814204
148090
0.0903817700861
148110
0.089769024988
148130
0.0898213324964
148150
0.0881773822334
148170
0.0917324246772
148190
0.0918800065758
148210
0.092793519847
148230
0.0920014347202
148250
0.0907236370158
148270
0.0919155009565
148290
0.0937798900048
148310
0.0938490106408
148330
0.0970659224055
148350
0.104585126734
148370
0.104323589192
148390
0.10494007054
148410
0.104710291129
148430
0.118099145146
148450
0.127086695959
148470
0.0940227462936
148490
0.0805087278814
148510
0.0792514795552
148530
0.0964288916786
148550
0.104327325442
148570
0.10284590208
148590
0.0979794356767
148610
0.102294805117
148630
0.100237999163
148650
0.0983474563606
148670
0.0863447513152
148690
0.08984375
148710
0.0878878228121
148730
0.127069882831
148750
0.130111190818
148770
0.129995367049
148790
0.131381516021
148810
0.130974264706
148830
0.131093824725
148850
0.130699650287
148870
0.132326787422
148890
0.132012942372
148910
0.130871517814
148930
0.130695914036
148950
0.127514496652
148970
0.0833800364658
148990
0.0846821197991
149010
0.0854088205404
149030
0.0869051889048
149050
0.0890908955045
149070
0.0922573678862
149090
0.125599668221
149110
0.128818448111
149130
0.128280428025
149150
0.130322288977
149170
0.128635371832
149190
0.129582511358
149210
0.12559219572
149230
0.122605063367
149250
0.12418923362
149270
0.124519891798
149290
0.124067805476
149310
0.125435273195
149330
0.126115270803
149350
0.126212413319
149370
0.125080329388
149390
0.200012703252
149410
0.205049169058
149430
0.215607813247
149450
0.102692715806
149470
0.0654441654711
149490
0.0754405039455
149510
0.0700098637016
149530
0.104022821019
149550
0.0895317730751
149570
0.0852220080105
149590
0.103034582736
149610
0.104829851148
149630
0.0896027618364
149650
0.0894533118125
149670
0.102900077714
149690
0.102348980751
149710
0.0990461352224
149730
0.0896457287183
149750
0.0943926351028
149770
0.093768681253
149790
0.0961860353898
149810
0.0914466015065
149830
0.0960720797465
149850
0.0968735054998
149870
0.0961150466284
149890
0.0909795701817
149910
0.0850725579866
149930
0.0844168460067
149950
0.0880783715925
149970
0.0882352941176
149990
0.0790590626495
150010
0.0803107065997
150030
0.0856628855811
150050
0.0900511119082
150070
0.0874226596126
150090
0.0870434301769
150110
0.079174886418
150130
0.0888237535868
150150
0.0838900346724
150170
0.0841384953372
150190
0.0865409044715
150210
0.0860888181492
150230
0.0865240913439
150250
0.0880241959589
150270
0.0862980481827
150290
0.0920294565997
150310
0.0796307089909
150330
0.0933128586801
150350
0.0828457526303
150370
0.0863148613104
150390
0.0863802456958
150410
0.0918575890722
150430
0.0915175902678
150450
0.0943851626016
150470
0.0829615763989
150490
0.0794009295791
150510
0.0845177247728
150530
0.0778840118364
150550
0.0823637763032
150570
0.0744335844094
150590
0.0780577474892
150610
0.081306417384
150630
0.0805479585127
150650
0.08525002989
150670
0.0850258548541
150690
0.0823208094213
150710
0.0839330015543
150730
0.0827542144907
150750
0.0799426859158
150770
0.0831595976805
150790
0.0846653066714
150810
0.0790366451459
150830
0.0809290560736
150850
0.0804283984935
150870
0.0872339789574
150890
0.0865353000956
150910
0.081237296748
150930
0.0925226416786
150950
0.0920201159732
150970
0.0918930834529
150990
0.0914428652559
151010
0.0903967150885
151030
0.0896008937111
151050
0.0918333034433
151070
0.0940993394309
151090
0.0960590028694
151110
0.0973722949546
151130
0.0923657191535
151150
0.0925600041846
151170
0.0951604346007
151190
0.0879961740794
151210
0.0875590327594
151230
0.089918475012
151250
0.0933446168101
151270
0.0914167115017
151290
0.0937612087518
151310
0.0951361489718
151330
0.09284395923
151350
0.0981737207078
151370
0.0912467120995
151390
0.0835089371114
151410
0.0826664126016
151430
0.0868547495218
151450
0.0866193657341
151470
0.084456076638
151490
0.0949399958154
151510
0.0933950561932
151530
0.092449784792
151550
0.0930531892635
151570
0.0865259594692
151590
0.0983306432329
151610
0.0872022208274
151630
0.108239179818
151650
0.120451114897
151670
0.134831943448
151690
0.161458333333
151710
0.194238327953
151730
0.225002615375
151750
0.191746248804
151770
0.231699844572
151790
0.419140064562
151810
1.0
151830
0.998991212339
151850
0.429328819943
151870
0.307222546031
151890
0.309735174558
151910
0.310284403396
151930
0.311276377929
151950
0.31375164395
151970
0.322036779651
151990
0.327891484338
152010
0.313859995218
152030
0.332092898135
152050
0.390477418101
152070
0.386636552487
152090
0.350535031086
152110
0.345083841463
152130
0.34712757054
152150
0.345031533955
152170
0.314166367767
152190
0.352651617049
152210
0.335261238642
152230
0.342490883549
152250
0.33887792922
152270
0.338621996055
152290
0.318248221545
152310
0.329724115256
152330
0.340310781325
152350
0.334145967838
152370
0.329045985772
152390
0.331336307389
152410
0.338418370397
152430
0.333839595289
152450
0.335462996174
152470
0.341809017814
152490
0.359072363702
152510
0.372681656504
152530
0.412284044715
152550
0.393442132951
152570
0.380014048302
152590
0.397903216165
152610
0.376754169656
152630
0.385095349115
152650
0.414977881396
152670
0.374095827355
152690
0.388136657102
152710
0.401844960545
152730
0.405334618604
152750
0.391579612028
152770
0.419268965208
152790
0.374828132473
152810
0.39815914933
152830
0.392659388451
152850
0.378736250598
152870
0.66812754065
152890
0.423311588355
152910
0.427070256456
152930
0.410655039455
152950
0.409836800574
152970
0.414032609995
152990
0.386406773075
153010
0.392403455285
153030
0.40293594572
153050
0.384542384027
153070
0.405532639885
153090
0.402078476208
153110
0.588169909732
153130
0.392691146581
153150
0.422880051411
153170
0.431008264586
153190
0.411888002152
153210
0.411426575203
153230
0.408547794118
153250
0.388874566595
153270
0.436778903635
153290
0.435766379723
153310
0.390045881157
153330
0.404940444165
153350
0.393705538618
153370
0.385739852343
153390
0.396759923482
153410
0.618659582736
153430
0.42137807867
153450
0.425230153037
153470
0.420653246055
153490
0.438944060856
153510
0.450253691416
153530
0.43159485593
153550
0.464275839909
153570
0.449009519967
153590
0.449351386896
153610
0.439930431014
153630
0.411006247011
153650
0.399887165232
153670
0.408796254782
153690
0.396724429101
153710
0.419074680177
153730
0.424451144787
153750
0.42615487506
153770
0.423651587159
153790
0.429622115615
153810
0.43362550813
153830
0.407815489
153850
0.385805236729
153870
0.395954761478
153890
0.407979884027
153910
0.429924751913
153930
0.403085395744
153950
0.408990539813
153970
0.400796942253
153990
0.296053024868
154010
0.294655667145
154030
0.293721604495
154050
0.292021610473
154070
0.296579836203
154090
0.298291038977
154110
0.325449844572
154130
0.304625851865
154150
0.30359091045
154170
0.300181581779
154190
0.306998370995
154210
0.302484980273
154230
0.315541307987
154250
0.31215813307
154270
0.315885043042
154290
0.348853718317
154310
0.353309197154
154330
0.356554130799
154350
0.364525421449
154370
0.358480167982
154390
0.359068627451
154410
0.374723517456
154430
0.365054100909
154450
0.374288244261
154470
0.408680431014
154490
0.374863626853
154510
0.372634953372
154530
0.373363522238
154550
0.372046493902
154570
0.371710231349
154590
0.373109457198
154610
0.370116720469
154630
0.37221836143
154650
0.370583751793
154670
0.371857813247
154690
0.375244724414
154710
0.367781563845
154730
0.391052800693
154750
0.379705807628
154770
0.386840178144
154790
0.38018591583
154810
0.372425723338
154830
0.365027947154
154850
0.363497952535
154870
0.362382681731
154890
0.371265617527
154910
0.37134407879
154930
0.369182657819
154950
0.360200711382
154970
0.366150690459
154990
0.361385102822
155010
0.354910180536
155030
0.374650660569
155050
0.373709125418
155070
0.364891574008
155090
0.358121487924
155110
0.352315354495
155130
0.351528873745
155150
0.35206315758
155170
0.360348293281
155190
0.354652379244
155210
0.35815885043
155230
0.348523060139
155250
0.340568582616
155270
0.336884639527
155290
0.33550035868
155310
0.335449919297
155330
0.358652035509
155350
0.32887598637
155370
0.315511417982
155390
0.312012419297
155410
0.321935900885
155430
0.319671733022
155450
0.340570450741
155470
0.32478292384
155490
0.352616122669
155510
0.332505753826
155530
0.371702758847
155550
0.37306462219
155570
0.379883279531
155590
0.377587353539
155610
0.372167922047
155630
0.376905487805
155650
0.38677853001
155670
0.385170074127
155690
0.380311080225
155710
0.382117557389
155730
0.377553727284
155750
0.37025122549
155770
0.371799901363
155790
0.370049467958
155810
0.371760670732
155830
0.359205000598
155850
0.360361370158
155870
0.356782042085
155890
0.349227343376
155910
0.326105556552
155930
0.333058718914
155950
0.335444314921
155970
0.334091792205
155990
0.338995621114
156010
0.344700875777
156030
0.345801201578
156050
0.346178562889
156070
0.348743498924
156090
0.350869425514
156110
0.350071736011
156130
0.354265677308
156150
0.353675349713
156170
0.355812485055
156190
0.3595300544
156210
0.360992796509
156230
0.362352791726
156250
0.378272955524
156270
0.378002077355
156290
0.378411196796
156310
0.359462801889
156330
0.371319793161
156350
0.366105855452
156370
0.36590409792
156390
0.373617587279
156410
0.398308599354
156430
0.383247773195
156450
0.368607275227
156470
0.375024285629
156490
0.358850056791
156510
0.361302905308
156530
0.364598278336
156550
0.35778148912
156570
0.36762464132
156590
0.376111534553
156610
0.307981004902
156630
0.323727433046
156650
0.331282131755
156670
0.329890378407
156690
0.338668699187
156710
0.338618259804
156730
0.987580703013
156750
0.994223756576
156770
0.998277588474
156790
0.0938135162602
156810
0.106856767097
156830
0.107958961023
156850
0.108418519847
156870
0.107191161526
156890
0.109296538737
156910
0.108644563008
156930
0.108805221784
156950
0.108838848039
156970
0.107790829747
156990
0.109205000598
157010
0.108870606169
157030
0.107067865256
157050
0.107079074008
157070
0.10584611131
157090
0.10718555715
157110
0.999992527499
157130
1.0
