146122
0.172993259804
146142
0.113814051011
146162
0.111106962316
146182
0.298549517463
146202
0.367268880208
146222
0.341325827206
146242
0.181565946691
146262
0.159880514706
146282
0.267374195772
146302
0.246803193934
146322
0.157589901195
146342
0.298364257812
146362
0.302220243566
146382
0.285171568627
146402
0.228631950827
146422
0.278613759957
146442
0.297040632659
146462
0.136250095741
146482
0.219238759957
146502
0.144880227482
146522
0.124656288297
146542
0.116078335631
146562
0.153429936428
146582
0.150539024203
146602
0.196831437653
146622
0.193361289828
146642
0.208577473958
146662
0.216279871324
146682
0.180659754136
146702
0.180800015319
146722
0.198112457874
146742
0.232744044884
146762
0.157959463082
146782
0.139273609835
146802
0.138027056526
146822
0.173818550858
146842
0.167560412837
146862
0.175148399203
146882
0.185397518382
146902
0.167440257353
146922
0.212532073376
146942
0.578993374694
146962
0.160797238817
146982
0.220553768382
147002
0.142996993719
147022
0.206254308364
147042
0.200891352635
147062
0.162349207261
147082
0.140894033395
147102
0.140648935355
147122
0.139014150582
147142
0.240828450521
147162
0.261502374387
147182
0.158218443627
147202
0.164230047488
147222
0.169660022212
147242
0.151719515931
147262
0.163239602482
147282
0.158442957261
147302
0.28984710095
147322
0.132580327053
147342
0.227756874234
147362
0.208110255821
147382
0.128391639859
147402
0.126926317402
147422
0.130780388327
147442
0.179845473346
147462
0.235755112592
147482
0.234942267923
147502
0.260206514246
147522
0.247801298254
147542
0.263475605086
147562
0.264119466146
147582
0.166257850797
147602
0.164976830576
147622
0.159366383272
147642
0.225475356158
147662
0.2528353822
147682
0.250247012868
147702
0.223717543658
147722
0.276861213235
147742
0.268989832261
147762
0.184543504902
147782
0.20628303079
147802
0.184206495098
147822
0.179726275276
147842
0.149921970741
147862
0.135261565564
147882
0.138614908854
147902
0.148193838082
147922
0.194357000613
147942
0.203450042126
147962
0.222137331495
147982
0.180415613511
148002
0.193017099418
148022
0.177552945006
148042
0.179727711397
148062
0.176593615962
148082
0.172244561887
148102
0.186409983915
148122
0.190736538756
148142
0.188460286458
148162
0.183247644761
148182
0.183819699755
148202
0.271987974877
148222
0.219432157629
148242
0.19699754902
148262
0.211102175245
148282
0.184064797794
148302
0.209516697304
148322
0.205379231771
148342
0.177648207721
148362
0.187647441789
148382
0.102100088082
148402
0.0953196806066
148422
0.0937892539828
148442
0.0894995595895
148462
0.0953938802083
148482
0.0993901271446
148502
0.105702359069
148522
0.102286305147
148542
0.0951023475797
148562
0.0921985102635
148582
0.157867551317
148602
0.235946116728
148622
0.259335746017
148642
0.299442306219
148662
0.191779162837
148682
0.277015356924
148702
0.257217945772
148722
0.267288985907
148742
0.281090111826
148762
0.284193091299
148782
0.242278933058
148802
0.214025160846
148822
0.308545879289
148842
0.267448395374
148862
0.0441904105392
148882
0.043967333027
148902
0.0434819240196
148922
0.0414316214767
148942
0.0407939836091
148962
0.0394009459252
148982
0.0387609145221
149002
0.0382338579963
149022
0.0373520795037
149042
0.0363410500919
149062
0.0359868068321
149082
0.0360959520527
149102
0.0359370212929
149122
0.1654363894
149142
0.119055415135
149162
0.170324946385
149182
0.13531182981
149202
0.133609547335
149222
0.163202742034
149242
0.159166283701
149262
0.158322801777
149282
0.181137025123
149302
0.143114276961
149322
0.154911056219
149342
0.130700922947
149362
0.126248946844
149382
0.0336540670956
149402
0.0344089882047
149422
0.0362974877451
149442
0.134243834252
149462
0.130629116881
149482
0.131317976409
149502
0.133310355392
149522
0.192964920343
149542
0.193878293505
149562
0.194799804687
149582
0.194858685662
149602
0.039546472886
149622
0.0398676853554
149642
0.0407374961703
149662
0.0399418849571
149682
0.0404220281863
149702
0.0396292892157
149722
0.0398863549326
149742
0.0401204427083
149762
0.0407882391238
149782
0.0407336665135
149802
0.0404804304534
149822
0.0400591681985
149842
0.0401941636029
149862
0.0395469515931
149882
0.0397044462316
149902
0.0396699793199
149922
1.0
149942
1.0
149962
1.0
149982
1.0
150002
0.981310317096
150022
0.981317976409
150042
0.981317976409
150062
0.981317976409
150082
1.0
150102
1.0
150122
0.971853936887
150142
0.971880744485
150162
0.971880744485
150182
0.971874042586
150202
1.0
150222
0.990595320159
150242
0.983187806373
150262
0.983195944393
150282
0.983195944393
150302
0.983195944393
150322
1.0
150342
0.965800685509
150362
0.965420592065
150382
0.96539665671
150402
0.965392827053
150422
0.965395220588
150442
1.0
150462
0.95338158701
150482
0.953134095435
150502
0.953085746017
150522
0.953105851716
150542
0.953105851716
150562
0.999979894301
150582
0.968582931219
150602
0.966478056066
150622
0.966439759498
150642
0.966439759498
150662
0.966439759498
150682
1.0
150702
0.986528703278
150722
0.986249138327
150742
0.986222330729
150762
0.986222330729
150782
0.986222330729
150802
1.0
150822
0.98508013557
150842
0.985153856464
150862
0.985164388021
150882
0.985164388021
150902
0.985164388021
150922
0.999766390931
150942
0.97979999617
150962
0.979693723192
150982
0.979693723192
151002
0.979693723192
151022
0.979693723192
151042
1.0
151062
0.97976026348
151082
0.979673138787
151102
0.979673138787
151122
0.979673138787
151142
0.979542930453
151162
0.999961703431
151182
0.980789483762
151202
0.980835439645
151222
0.980835439645
151242
0.980835439645
151262
0.980210726869
151282
1.0
151302
0.986196001838
151322
0.986166321998
151342
0.986166321998
151362
0.986166321998
151382
0.999996170343
151402
1.0
151422
0.988913143382
151442
0.988985906863
151462
0.988985906863
151482
0.988985906863
151502
0.999862132353
151522
1.0
151542
0.989253025429
151562
0.989177389706
151582
0.989177389706
151602
0.989177389706
151622
0.999858302696
151642
0.987165862439
151662
0.986660347733
151682
0.986686676624
151702
0.986686676624
151722
0.986686676624
151742
0.999977022059
151762
0.9864224303
151782
0.986199352788
151802
0.986193608303
151822
0.986193608303
151842
0.986193608303
151862
0.999954044118
151882
0.999888939951
151902
0.98790546492
151922
0.987878657322
151942
0.987878657322
151962
0.987878657322
151982
0.999950214461
152002
1.0
152022
0.988292260263
152042
0.988298004749
152062
0.988298004749
152082
0.988298004749
152102
0.999726179534
152122
0.985053806679
152142
0.984760837929
152162
0.984760837929
152182
0.984760837929
152202
0.984760837929
152222
0.999942555147
152242
0.984283566942
152262
0.983812040441
152282
0.983810125613
152302
0.983810125613
152322
0.983810125613
152342
0.99993872549
152362
0.999869791667
152382
0.967563763787
152402
0.967591050092
152422
0.967592007506
152442
0.967592007506
152462
1.0
152482
1.0
152502
0.98253437117
152522
0.98251953125
152542
0.98251953125
152562
0.98251953125
152582
0.999911917892
152602
0.985258693321
152622
0.984709616268
152642
0.984701478248
152662
0.984701478248
152682
0.984701478248
152702
0.999911917892
152722
1.0
152742
1.0
152762
0.991490502451
152782
0.980188227635
152802
0.967704024969
152822
0.955544385723
152842
0.94611529182
152862
0.940436868107
152882
0.939780081955
152902
0.947543275123
152922
0.958764648437
152942
0.962046185662
152962
0.97637053845
152982
0.981868489583
153002
0.987492340686
153022
0.96884765625
153042
0.960249597886
153062
0.948231655944
153082
0.946198586857
153102
0.935133272059
153122
0.927525658701
153142
0.915031881893
153162
0.92271752451
153182
0.927571135876
153202
0.941360772825
153222
0.955431889553
153242
0.953096756281
153262
0.964960554534
153282
0.974861174939
153302
0.988972981771
153322
0.976650582108
153342
0.967109949449
153362
0.958259133732
153382
0.951690314798
153402
0.946598785999
153422
0.931995346967
153442
0.924978936887
153462
0.919960171569
153482
0.917987898284
153502
0.913444967831
153522
0.915861960018
153542
0.913167317708
153562
0.911039943321
153582
0.908888633578
153602
0.914382276348
153622
0.911296530331
153642
0.916530235141
153662
0.907958984375
153682
0.911398973652
153702
0.909312768076
153722
0.903821040135
153742
0.906710037531
153762
0.925146963082
153782
0.936781460631
153802
0.951183842678
153822
0.956182981005
153842
0.970488664216
153862
0.987553615196
153882
0.988298962163
153902
0.972770182292
153922
0.966899797028
153942
0.965105602788
153962
0.972332165288
153982
0.972230679381
154002
0.965652765012
154022
0.966896446078
154042
0.986182598039
154062
0.993306238511
154082
0.978051279105
154102
0.961926987592
154122
0.958740713082
154142
0.962988759957
154162
0.964275045956
154182
0.959090647978
154202
0.957476926317
154222
0.972676834406
154242
0.988698682598
154262
0.988295132506
154282
0.97237812117
154302
0.959473613664
154322
0.944397690717
154342
0.940370327819
154362
0.932974303002
154382
0.932798617494
154402
0.935037530637
154422
0.952326516544
154442
0.960541609222
154462
0.97439587163
154482
0.985964786305
154502
0.991290881587
154522
0.978243240656
154542
0.965648456648
154562
0.956238989737
154582
0.947110523897
154602
0.93568091299
154622
0.923524624694
154642
0.913423904718
154662
0.91042432598
154682
0.910593788297
154702
0.905144186581
154722
0.89579407935
154742
0.890001723346
154762
0.874513633578
154782
0.890987859988
154802
0.897043504902
154822
0.907586550245
154842
0.909344841452
154862
0.91646082261
154882
0.929475911458
154902
0.933808210784
154922
0.927467256434
154942
0.928271005668
154962
0.926646273744
154982
0.922572476256
155002
0.921807981005
155022
0.922280943627
155042
0.928617589614
155062
0.935215609681
155082
0.925685508578
155102
0.884061446844
155122
0.887537339154
155142
0.883301738664
155162
0.858114085478
155182
0.866524969363
155202
0.855818684896
155222
0.846062634038
155242
0.886214192708
155262
0.91646417356
155282
0.908922143076
155302
0.927689376532
155322
0.930883789063
155342
0.902343271293
155362
0.878884229473
155382
0.875870768229
155402
0.86390021829
155422
0.863623046875
155442
0.875366210938
155462
0.886569872089
155482
0.921316348805
155502
0.965941425398
155522
0.970538928462
155542
0.970538928462
155562
1.0
155582
0.960121783088
155602
0.960316138174
155622
0.960238587623
155642
0.960147154565
155662
0.960145239737
155682
0.999996170343
155702
0.999996170343
