131156
0.243726490162
131176
0.219155092593
131196
0.142757161458
131216
0.118350332755
131236
0.11242223669
131256
0.0918041087963
131276
0.324584056713
131296
0.323976417824
131316
0.322249348958
131336
0.325338179977
131356
0.145274522569
131376
0.158503327546
131396
0.165749782986
131416
0.130900969329
131436
0.167008463542
131456
0.177587890625
131476
0.143699363426
131496
0.144368489583
131516
0.172303602431
131536
0.201244212963
131556
0.123884186921
131576
0.147256582755
131596
0.156105324074
131616
0.156794343171
131636
0.146695963542
131656
0.182971643519
131676
0.164614076968
131696
0.165252459491
131716
0.172708695023
131736
0.167238136574
131756
0.147522424769
131776
0.150851779514
131796
0.151578776042
131816
0.31167896412
131836
0.308069299769
131856
0.308224826389
131876
0.143268952546
131896
0.153193721065
131916
0.154398148148
131936
0.183595558449
131956
0.248046875
131976
0.15970775463
131996
0.147332537616
132016
0.149734157986
132036
0.142583550347
132056
0.141965060764
132076
0.142854817708
132096
0.139084201389
132116
0.137122034144
132136
0.137400535301
132156
0.132673249421
132176
0.133530454282
132196
0.136612051505
132216
0.135074869792
132236
0.132807074653
132256
0.154114221644
132276
0.164261429398
132296
0.137367983218
132316
0.132474320023
132336
0.152197265625
132356
0.145343243634
132376
0.113670066551
132396
0.116569010417
132416
0.11240234375
132436
0.111550564236
132456
0.113840060764
132476
0.113098596644
132496
0.163897931134
132516
0.125218822338
132536
0.152027271412
132556
0.143844039352
132576
0.146442780671
132596
0.15574182581
132616
0.153776041667
132636
0.146958188657
132656
0.144428168403
132676
0.175122974537
132696
0.136476417824
132716
0.175052445023
132736
0.187355324074
132756
0.200792100694
132776
0.172943793403
132796
0.153072554977
132816
0.145191333912
132836
0.180202907986
132856
0.158895760995
132876
0.163123914931
132896
0.144988787616
132916
0.153275101273
132936
0.173148148148
132956
0.162306495949
132976
0.153647641782
132996
0.15638744213
133016
0.15261682581
133036
0.165760633681
133056
0.0967900028935
133076
0.103466796875
133096
0.123741319444
133116
0.130830439815
133136
0.106032986111
133156
0.0960630063657
133176
0.0917408130787
133196
0.104616970486
133216
0.0980938946759
133236
0.103361906829
133256
0.0963722511574
133276
0.100721571181
133296
0.107107204861
133316
0.104767071759
133336
0.0999222366898
133356
0.103349247685
133376
0.106535734954
133396
0.109476273148
133416
0.100547960069
133436
0.183454499421
133456
0.118766276042
133476
0.160393156829
133496
0.163037109375
133516
0.187541594329
133536
0.119779007523
133556
0.116614221644
133576
0.118648726852
133596
0.116787832755
133616
0.114767795139
133636
0.110123697917
133656
0.109067563657
133676
0.106179470486
133696
0.105875651042
133716
0.128533709491
133736
0.0718551070602
133756
0.0963161892361
133776
0.0966417100694
133796
0.103463179977
133816
0.104105179398
133836
0.110510706019
133856
0.142243561921
133876
0.232034866898
133896
0.215970413773
133916
0.364422381366
133936
0.15013744213
133956
0.165842013889
133976
0.13775318287
133996
0.0819643373843
134016
0.209982638889
134036
0.22043004919
134056
0.144699435764
134076
0.121690538194
134096
0.0986870659722
134116
0.0809190538194
134136
0.0937698929398
134156
0.06728515625
134176
0.746862340856
134196
0.742055483218
134216
0.742587167245
134236
0.741512948495
134256
0.743126085069
134276
0.74654224537
134296
0.746377676505
134316
0.745930989583
134336
0.158213975694
134356
0.157940899884
134376
0.151293041088
134396
0.135085720486
134416
0.135876012731
134436
0.132817925347
134456
0.132054759838
134476
0.132995153356
134496
0.135271990741
134516
0.135736762153
134536
0.13005823206
134556
0.128889973958
134576
0.132879412616
134596
0.136080367477
134616
0.138970269097
134636
0.135856119792
134656
0.136398654514
134676
0.750168185764
134696
0.765310329861
134716
0.78039098669
134736
0.820252821181
134756
0.0465151186343
134776
0.0481029369213
134796
0.0477340133102
134816
0.0456452546296
134836
0.0431188512731
134856
0.042699291088
134876
0.0435149016204
134896
0.0433069299769
134916
0.043628833912
134936
0.0432653356481
134956
0.0446650752315
134976
0.0442889178241
134996
0.0449399594907
135016
0.0450701678241
135036
0.0454933449074
135056
0.0453794126157
135076
0.0865740740741
135096
0.11898509838
135116
0.144118923611
135136
0.224395978009
135156
0.0837275752315
135176
0.0567816840278
135196
0.136478226273
135216
0.102428747106
135236
0.113630280671
135256
0.121281828704
135276
0.101663773148
135296
0.0682671440972
135316
0.058080150463
135336
0.20503833912
135356
0.153068938079
135376
0.106902850116
135396
0.0578486689815
135416
0.0678819444444
135436
0.14095775463
135456
0.137225115741
135476
0.165049913194
135496
0.131049262153
135516
0.0709364149306
135536
0.081787109375
135556
0.101148365162
135576
0.078271484375
135596
0.108038556134
135616
0.122717737269
135636
0.111952039931
135656
0.177213541667
135676
0.136725983796
135696
0.0840766059028
135716
0.0782588252315
135736
0.0858091001157
135756
0.0666232638889
135776
0.0845504195602
135796
0.068578197338
135816
0.0862612123843
135836
0.127763310185
135856
0.113872612847
135876
0.205611617477
135896
0.156013093171
135916
0.0848723234954
135936
0.0722601996528
135956
0.0661892361111
135976
0.0710611979167
135996
0.0661476417824
136016
0.0720305266204
136036
0.0741048177083
136056
0.0700611255787
136076
0.0771014178241
136096
0.066650390625
136116
0.0872956452546
136136
0.0788212528935
136156
0.0719165943287
136176
0.145536747685
136196
0.164869068287
136216
0.166588903356
136236
0.17673791956
136256
0.158821614583
136276
0.152566189236
136296
0.144070095486
136316
0.125564236111
136336
0.129533781829
136356
0.115592447917
136376
0.108237485532
136396
0.122309027778
136416
0.122140842014
136436
0.124537037037
136456
0.130078125
136476
0.123970992477
136496
0.127124927662
136516
0.129041883681
136536
0.130304181134
136556
0.115706380208
136576
0.100710720486
136596
0.155441623264
136616
0.15998083044
136636
0.157400173611
136656
0.156291594329
136676
0.152063440394
136696
0.15519567419
136716
0.154088903356
136736
0.192892795139
136756
0.192583550347
136776
0.146786385995
136796
0.164717158565
136816
0.277958622685
136836
0.0793438946759
136856
0.0720323350694
136876
0.139536313657
136896
0.131631582755
136916
0.129193793403
136936
0.167352068866
136956
0.131608072917
136976
0.0946940104167
136996
0.0919397424769
137016
0.132848668981
137036
0.154812282986
137056
0.174399594907
137076
0.0678240740741
137096
0.0885109230324
137116
0.129278790509
137136
0.127540870949
137156
0.0817075376157
137176
0.0774793836806
137196
0.0872052228009
137216
0.0957447193287
137236
0.119220196759
137256
0.0630081741898
137276
0.0968967013889
137296
0.113373480903
137316
0.11378942419
137336
0.11374963831
137356
0.114659288194
137376
0.114458550347
137396
0.118122468171
137416
0.111935763889
137436
0.103087022569
137456
0.105210141782
137476
0.121238425926
137496
0.166939742477
137516
0.13212890625
137536
0.11439525463
137556
0.130523003472
137576
0.102917028356
137596
0.119044777199
137616
0.111272063079
137636
0.0994140625
137656
0.105745442708
137676
0.137642867477
137696
0.126927806713
137716
0.125188078704
137736
0.490534577546
137756
0.214615885417
137776
0.465313946759
137796
0.351739728009
137816
0.339359085648
137836
0.232237413194
137856
0.157713035301
137876
0.167003038194
137896
0.115653935185
137916
0.118762659144
137936
0.125790292245
137956
0.0700520833333
137976
0.107072844329
137996
0.0988679108796
138016
0.108179615162
138036
0.172072120949
138056
0.218225549769
138076
0.230305989583
138096
0.228352864583
138116
0.169670500579
138136
0.16871021412
138156
0.337908709491
138176
0.398072193287
138196
0.40834056713
138216
0.175674551505
138236
0.218431712963
138256
0.118214699074
138276
0.208385778356
138296
0.334458188657
138316
0.501714409722
138336
0.600972945602
138356
0.659563078704
138376
0.673497178819
138396
0.173916739005
138416
0.177844690394
138436
0.180674913194
138456
0.183264612269
138476
0.18890697338
138496
0.198274739583
138516
0.198446542245
138536
0.37621166088
138556
0.369080946181
138576
0.363668258102
138596
0.342006655093
138616
0.324972873264
138636
0.095531322338
138656
0.0836263020833
138676
0.147007016782
138696
0.119124348958
138716
0.16437536169
138736
0.192022931134
138756
0.189885344329
138776
0.191154875579
138796
0.197567635995
138816
0.193126085069
138836
0.198404947917
138856
0.203000217014
138876
0.201421440972
138896
0.197319878472
138916
0.191257957176
138936
0.193995949074
138956
0.193438946759
138976
0.193815104167
138996
0.198853443287
139016
0.191095196759
139036
0.183836082176
139056
0.178490306713
139076
0.175104890046
139096
0.111300998264
139116
0.0973524305556
139136
0.102544487847
139156
0.173544198495
139176
0.16615306713
139196
0.16566478588
139216
0.168820529514
139236
0.16900318287
139256
0.166541883681
139276
0.164822048611
139296
0.165185546875
139316
0.153850188079
139336
0.130003978588
139356
0.144835069444
139376
0.198936631944
139396
0.20435474537
139416
0.128709129051
139436
0.128597005208
139456
0.123746744792
139476
0.124696180556
139496
0.123509837963
139516
0.120869502315
139536
0.130665870949
139556
0.124282045718
139576
0.126770471644
139596
0.142746310764
139616
0.141610604745
139636
0.143532986111
139656
0.144856770833
139676
0.142686631944
139696
0.147211371528
139716
0.143493200231
139736
0.145249204282
139756
0.13160083912
139776
0.126372612847
139796
0.126007306134
139816
0.126455801505
139836
0.186783854167
139856
0.178347439236
139876
0.172701461227
139896
0.176482928241
139916
0.177376302083
139936
0.175694444444
139956
0.17691333912
139976
0.175649233218
139996
0.17478479456
140016
0.173918547454
140036
0.173363353588
140056
0.174837239583
140076
0.172587528935
140096
0.43798828125
140116
0.47777416088
140136
0.338462094907
140156
0.330070891204
140176
0.460306351273
140196
0.500298394097
140216
0.425517216435
140236
0.412013527199
140256
0.463444010417
140276
0.559474464699
140296
0.46283275463
140316
0.345697699653
140336
0.622088396991
140356
0.155242693866
140376
0.149059606481
140396
0.144073712384
140416
0.121323423032
140436
0.115200014468
140456
0.105919053819
140476
0.098121021412
140496
0.195323350694
140516
0.247853370949
140536
0.212145543981
140556
0.19683521412
140576
0.10218822338
140596
0.166044560185
140616
0.153119574653
140636
0.189554398148
140656
0.440561704282
140676
0.475582320602
140696
0.312387876157
140716
0.190060763889
140736
0.177562572338
140756
0.170516854745
140776
0.159100115741
140796
0.141818576389
140816
0.176256872106
140836
0.267959707755
140856
0.390711805556
140876
0.380995008681
140896
0.0877640335648
140916
0.0779640480324
140936
0.0767415364583
140956
0.0917299623843
140976
0.0948368778935
140996
0.10503833912
141016
0.132150607639
141036
0.121001519097
141056
0.196744791667
141076
0.226853660301
141096
0.122802734375
141116
0.0942690248843
141136
0.0842086226852
