111249
0.255660463419
111269
0.264803411786
111289
0.25824438971
111309
0.260665252691
111329
0.276325031928
111349
0.282630906769
111369
0.291145548258
111389
0.296459359606
111409
1.0
111429
0.661816958584
111449
0.0899961229703
111469
0.0890280058384
111489
0.0876710454297
111509
0.0895878945448
111529
0.0896186827221
111549
0.0887463510308
111569
0.0885661831783
111589
0.126897463966
111609
0.115805738004
111629
0.114760080277
111649
0.110845420544
111669
0.107701605546
111689
0.108908045977
111709
0.109786079183
111729
0.110815772669
111749
0.115935732531
111769
0.243533342456
111789
0.23729702609
111809
0.231329821201
111829
0.236780468893
111849
0.235448595147
111869
0.111285577449
111889
0.112395092136
111909
0.112180715198
111929
0.0791210545521
111949
0.0646756978654
111969
0.0961275314724
111989
0.0976760627623
112009
0.0976874657909
112029
0.0975928206532
112049
0.311296980478
112069
0.314325624886
112089
0.316722541507
112109
0.312074667032
112129
0.310993659916
112149
0.168640530925
112169
0.216459131545
112189
0.254656996898
112209
0.0598716018975
112229
0.0596047710272
112249
0.0597518700967
112269
0.0615809158913
112289
0.0619332694764
112309
0.0628705984309
112329
0.0653735632184
112349
0.0673474274767
112369
0.0661751961321
112389
0.0684660645868
112409
0.0695265462507
112429
0.0716064586754
112449
0.0749270206167
112469
0.0709279784711
112489
0.0722518700967
112509
0.0726646597336
112529
0.272061439518
112549
0.244106914797
112569
0.241622194855
112589
0.225904260172
112609
0.223456029922
112629
0.207281974092
112649
0.189674557562
112669
0.157892036125
112689
0.151279419814
112709
0.154476829046
112729
0.0407897737639
112749
0.0409539773764
112769
0.0405046980478
112789
0.0415868454662
112809
0.0408946816274
112829
0.0407624064952
112849
0.0403302317095
112869
0.0401546250684
112889
0.106897692027
112909
0.114165982485
112929
0.103148376209
112949
0.0762178434592
112969
0.080240831965
112989
0.0605683269476
113009
0.0710613939062
113029
0.0741618773946
113049
0.0693509396096
113069
0.0791906130268
113089
0.0754686644773
113109
0.0733351578179
113129
0.0812978927203
113149
0.0754698047801
113169
0.0760901295384
113189
0.0794449005656
113209
0.076076445904
113229
0.0765280058384
113249
0.0802191662105
113269
0.0770183360701
113289
0.0772577996716
113309
0.0790150063857
113329
0.0784243295019
113349
0.078440293742
113369
0.0798143586937
113389
0.0787082649152
113409
0.0872468527641
113429
0.0887395092136
113449
0.0856709542054
113469
0.0850369458128
113489
0.0841634738186
113509
0.080980888524
113529
0.0790857051633
113549
0.122068281336
113569
0.114500091224
113589
0.114941388433
113609
0.105776774311
113629
0.106409642401
113649
0.0974776500639
113669
0.093884555738
113689
0.0644738642583
113709
0.0685196588214
113729
0.0733408593322
113749
0.0703201970443
113769
0.0718641671228
113789
0.0821405765371
113809
0.0801895183361
113829
0.0789762360883
113849
0.0804814358694
113869
0.0775394544791
113889
0.0970648604269
113909
0.0852057106367
113929
0.0875114030286
113949
0.0910577449371
113969
0.0652435686918
113989
0.0734126984127
114009
0.0595785440613
114029
0.0517948367086
114049
0.0452563400839
114069
0.0539557106367
114089
0.0513079273855
114109
0.0520810527276
114129
0.0512269658821
114149
0.0897213099799
114169
0.0906985495348
114189
0.0887053001277
114209
0.0600825579274
114229
0.0607393723773
114249
0.0616436325488
114269
0.0613517150155
114289
0.0690647235906
114309
0.0718185550082
114329
0.0624600893997
114349
0.0611954935231
114369
0.0593174147053
114389
0.0545942802408
114409
0.0600301039956
114429
0.0685447454844
114449
0.0851851851852
114469
0.133549990878
114489
0.152035440613
114509
0.162941297209
114529
0.0721686279876
114549
0.069347518701
114569
0.070550538223
114589
0.0673006750593
114609
0.0631454114213
114629
0.0850757161102
114649
0.0937785075716
114669
0.0909904670681
114689
0.0942551541689
114709
0.0682083561394
114729
0.065351897464
114749
0.0680270479839
114769
0.0843835522715
114789
0.08236065499
114809
0.0841452289728
114829
0.082545384054
114849
0.0838191023536
114869
0.0845363528553
114889
0.0822443440978
114909
0.0628740193395
114929
0.0643393085203
114949
0.0611407589856
114969
0.0513729246488
114989
0.0487764550265
115009
0.048368226601
115029
0.0545669129721
115049
0.0812294745484
115069
0.0724924740011
115089
0.0596332785988
115109
0.0665150063857
115129
0.0719622331691
115149
0.0591965426017
115169
0.0602342182084
115189
0.056232895457
115209
0.0563856960409
115229
0.058235267287
115249
0.0580779054917
115269
0.0604885057471
115289
0.0586879675242
115309
0.097947454844
115329
0.0954764185368
115349
0.094515143222
115369
0.0662572979383
115389
0.0684261539865
115409
0.0687739463602
115429
0.0684569421638
115449
0.044103493888
115469
0.0453270388615
115489
0.0462438423645
115509
0.0443110290093
115529
0.0429209998176
115549
0.0440989326765
115569
0.0604850848385
115589
0.0593094325853
115609
0.0615569695311
115629
0.0552374110564
115649
0.0501254333151
115669
0.0518233442802
115689
0.0510878489327
115709
0.0501368363437
115729
0.133649197227
115749
0.132007161102
115769
0.129496214194
115789
0.133107553366
115809
0.130676427659
115829
0.126752645503
115849
0.0519966703156
115869
0.053903256705
115889
0.117944946178
115909
0.121091041781
115929
0.0743887976647
115949
0.0665936872833
115969
0.0653233898924
115989
0.0597256431308
116009
0.116324575807
116029
0.121454798394
116049
0.1021893815
116069
0.0944307608101
116089
0.103755017333
116109
0.10630587484
116129
0.109735905857
116149
0.111493112571
116169
0.111645913155
116189
0.112842090859
116209
0.115160326583
116229
0.0678058292282
116249
0.066949461777
116269
0.065023490239
116289
0.0684774676154
116309
0.0675287356322
116329
0.0490501277139
116349
0.0520434227331
116369
0.0505439244663
116389
0.0500319284802
116409
0.0525440156906
116429
0.0563412242292
116449
0.0532783707353
116469
0.0548246214194
116489
0.066991652983
116509
0.0696303138113
116529
0.0727136927568
116549
0.0728037766831
116569
0.0729542966612
116589
0.0704205436964
116609
0.0712826126619
116629
0.0699188104361
116649
0.0703224776501
116669
0.0716053183726
116689
0.0808737000547
116709
0.0895673690932
116729
0.0819113756614
116749
0.0789819376026
116769
0.0877052545156
116789
0.0998175515417
116809
0.0944512862616
116829
0.09508757526
116849
0.0955402754972
116869
0.165716794381
116889
0.155547573436
116909
0.172825442438
116929
0.153469941616
116949
0.162934455391
116969
0.13823663565
116989
0.116220808247
117009
0.139372377303
117029
0.117720306513
117049
0.148617952928
117069
0.181243158183
117089
0.0942232256887
117109
0.11184318555
117129
0.103069695311
117149
0.0681148513045
117169
0.0764744116037
117189
0.101546250684
117209
0.125434455391
117229
0.0971914340449
117249
0.103241881044
117269
0.11898490239
117289
0.0767936964058
117309
0.0638558201058
117329
0.0663279967159
117349
0.0631408502098
117369
0.0559694854953
117389
0.0562944718117
117409
0.0582067597154
117429
0.065275497172
117449
0.0719303046889
117469
0.0733020890348
117489
0.0726646597336
117509
0.0741721401204
117529
0.0705824667032
117549
0.0729999087758
117569
0.0721446816274
117589
0.066991652983
117609
0.0624190384966
117629
0.0609446268929
117649
0.0625273672687
117669
0.0614725871191
117689
0.0656346925743
117709
0.0657122331691
117729
0.0644715836526
117749
0.0661284437147
117769
0.0627656905674
117789
0.0592421547163
117809
0.0577996715928
117829
0.0553457398285
117849
0.0553514413428
117869
0.0598852855318
117889
0.0611282156541
117909
0.0601851851852
117929
0.0637132822478
117949
0.0630598887064
117969
0.0620769476373
117989
0.061423554096
118009
0.0616322295202
118029
0.0617029282978
118049
0.113488642583
118069
0.109734765554
118089
0.109061986864
118109
0.107773444627
118129
0.112583242109
118149
0.111683543149
118169
0.109757571611
118189
0.112764550265
118209
0.106620598431
118229
0.112295885787
118249
0.114023444627
118269
0.10715768108
118289
0.107693623426
118309
0.110147555191
118329
0.104663838716
118349
0.103840540047
118369
0.104370780879
118389
0.105535030104
118409
0.108556832695
118429
0.110984537493
118449
0.104582877212
118469
0.105818965517
118489
0.112826126619
118509
0.109524949827
118529
0.108296843642
118549
0.11160828316
118569
0.112580961503
118589
0.109680031016
118609
0.109560299215
118629
0.106913656267
118649
0.108884099617
118669
0.108567095421
118689
0.107740375844
118709
0.106813309615
118729
0.107277412881
118749
0.112847792374
118769
0.11208607006
118789
0.120097837986
118809
0.115502417442
118829
0.113482941069
118849
0.118565270936
118869
0.116808064222
118889
0.113259441708
118909
0.110921820836
118929
0.115522942894
118949
0.110306057289
118969
0.11408844189
118989
0.108897783251
119009
0.106868044153
119029
0.11176336435
119049
0.114383780332
119069
0.106520251779
119089
0.108315088488
119109
0.112031335523
119129
0.108938834154
119149
0.11203817734
119169
0.105801860974
119189
0.110349388798
119209
0.111474867725
119229
0.109873882503
119249
0.111493112571
119269
0.111434957125
119289
0.110383597884
119309
0.106849799307
119329
0.104118773946
119349
0.106784802043
119369
0.10150063857
119389
0.1045384054
119409
0.108313948185
119429
0.103781244298
119449
0.108342455756
119469
0.114184227331
119489
0.111513638022
119509
0.118318965517
119529
0.111375661376
119549
0.109965106732
119569
0.112810162379
119589
0.106231755154
119609
0.105509943441
119629
0.107215836526
119649
0.105588624339
119669
0.104950054735
119689
0.106264823937
119709
0.107175925926
119729
0.101998950921
119749
0.104065179712
119769
0.109158912607
119789
0.105743705528
119809
0.107041370188
119829
0.1048964605
119849
0.103319421638
119869
0.108215882138
119889
0.104057197592
119909
0.102946542602
119929
0.104117633643
119949
0.103890713373
119969
0.104180350301
119989
0.106504287539
120009
0.103549762817
120029
0.102063948185
120049
0.104245347564
120069
0.102956805327
120089
0.10154853129
120109
0.226550811896
120129
0.867091999635
120149
1.0
120169
1.0
120189
1.0
120209
0.971492428389
120229
0.9714969896
120249
0.971508392629
120269
0.971515234446
120289
0.971519795658
120309
0.97150497172
120329
0.973735404123
120349
0.970555099434
120369
0.970555099434
120389
0.970547117314
120409
0.970555099434
120429
0.970555099434
120449
0.968987182996
120469
1.0
120489
1.0
120509
1.0
120529
1.0
120549
1.0
120569
1.0
120589
1.0
120609
1.0
120629
1.0
120649
1.0
120669
1.0
120689
1.0
120709
1.0
120729
1.0
120749
1.0
120769
1.0
120789
1.0
120809
1.0
120829
1.0
120849
1.0
120869
1.0
120889
1.0
120909
1.0
120929
1.0
120949
1.0
120969
1.0
120989
1.0
121009
1.0
121029
1.0
121049
1.0
121069
1.0
121089
1.0
121109
1.0
121129
1.0
121149
1.0
121169
1.0
121189
1.0
121209
1.0
121229
1.0
