153630
0.183269080202
153650
0.208486306849
153670
0.194547419662
153690
0.363258484818
153710
0.513815699891
153730
0.375073614515
153750
0.323197720929
153770
0.265853077342
153790
0.257064014842
153810
0.324018756808
153830
0.330379178581
153850
0.4024694904
153870
0.357364430147
153890
0.329646650327
153910
0.298895569513
153930
0.307579954725
153950
0.313999310662
153970
0.312047462214
153990
0.312567018995
154010
0.318772552424
154030
0.324694265727
154050
0.319991234341
154070
0.305521301403
154090
0.305700231481
154110
0.29942406216
154130
0.282502510553
154150
0.280816823257
154170
0.282694418913
154190
0.277289922045
154210
0.280697678377
154230
0.273096873298
154250
0.276659517974
154270
0.270457388685
154290
0.271587350218
154310
0.281549989788
154330
0.277752033973
154350
0.28125170207
154370
0.273837486383
154390
0.278660088167
154410
0.288541028391
154430
0.295839503336
154450
0.284558610771
154470
0.280743421501
154490
0.286893212146
154510
0.285409007353
154530
0.287535317947
154550
0.281186385144
154570
0.279153475626
154590
0.274557036356
154610
0.276200171909
154630
0.295996306509
154650
0.339642905773
154670
0.328301164216
154690
0.305565767974
154710
0.262748714937
154730
0.250214673543
154750
0.264614821623
154770
0.262116608796
154790
0.263562304262
154810
0.263616770493
154830
0.252850966776
154850
0.254335809845
154870
0.253573282612
154890
0.259476698666
154910
0.249797666462
154930
0.217558125681
154950
0.184290322032
154970
0.153618600218
154990
0.172060951117
155010
0.209948384736
155030
0.138239336533
155050
0.143294270833
155070
0.134753923271
155090
0.137166181577
155110
0.13574708095
155130
0.135068806168
155150
0.136487694036
155170
0.142823648557
155190
0.151886318764
155210
0.1428759872
155230
0.153563495711
155250
0.214399509804
155270
0.248064746732
155290
0.30343775531
155310
0.375270841844
155330
0.306849979575
155350
0.315715635212
155370
0.310423049428
155390
0.310973668981
155410
0.3173828125
155430
0.293001727601
155450
0.286752791394
155470
0.287477660335
155490
0.288782084014
155510
0.29379467933
155530
0.479013054875
155550
0.472797521786
155570
0.476818023216
155590
0.480365562023
155610
0.67593847869
155630
0.872719652097
155650
1.0
155670
1.0
155690
0.48828954759
155710
0.183434393723
155730
0.167848754085
155750
0.168121297998
155770
0.196140769676
155790
0.197735396242
155810
0.19474145561
155830
0.154613459967
155850
0.182721226511
155870
0.192016016476
155890
0.176237404684
155910
0.186691729643
155930
0.189074201729
155950
0.121981166599
155970
0.108646514161
155990
0.107324644267
156010
0.0771473737064
156030
0.0808359715414
156050
0.0720975456155
156070
0.0787502978622
156090
0.0844375510621
156110
0.123177721609
156130
0.125311691517
156150
0.124110030297
156170
0.0534069052968
156190
0.053410522195
156210
0.195159526484
156230
0.0575693167892
156250
0.0629859409041
156270
0.231318082789
156290
0.125287649782
156310
0.152083758851
156330
0.183342269199
156350
0.19940406284
156370
0.202617783224
156390
0.206717643655
156410
0.113898463031
156430
0.111192597699
156450
0.113694640182
156470
0.136142386642
156490
0.136163875272
156510
0.158794594227
156530
0.162460639638
156550
0.165435219227
156570
0.171405228758
156590
0.173193252996
156610
0.173767063249
156630
0.171533309504
156650
0.168406607435
156670
0.163593367034
156690
0.161150258715
156710
0.160642190904
156730
1.0
156750
1.0
156770
1.0
156790
1.0
156810
0.999620863971
156830
0.995735038807
156850
0.991040305011
156870
0.984900514025
156890
0.979543887868
156910
0.974412573189
156930
0.970937585103
156950
0.964285471133
156970
0.960044977192
156990
0.9554919407
157010
0.953251804194
157030
0.946713516136
157050
0.950525939542
157070
0.95022339665
157090
0.946612668505
157110
0.950619127859
157130
0.946331827002
157150
0.948778126702
157170
0.947132438045
157190
0.948803870507
157210
0.945337180011
157230
0.946563095724
157250
0.946246936275
157270
0.946593945738
157290
0.948130489175
157310
0.948470690359
157330
0.95302904582
157350
0.952960750272
157370
0.956734238834
157390
0.954357511234
157410
0.956878276484
157430
0.951963762936
157450
0.952723524306
157470
0.952639697372
157490
0.952794160199
157510
0.954175177015
157530
0.958757361452
157550
0.957736757898
157570
0.954658777574
157590
0.955884055011
157610
0.962547232435
157630
0.966865170547
157650
0.974292577274
157670
0.97801734409
157690
0.978097554126
157710
0.977936708538
157730
0.981261488971
157750
0.981694027437
157770
0.98847166905
157790
0.993825316585
157810
0.989647160948
157830
0.984683712895
157850
0.98450244247
157870
0.984685414965
157890
0.984745412922
157910
0.990685210716
157930
0.990587128949
157950
0.980368753404
157970
0.980284288194
157990
0.975399135349
158010
0.971011199619
158030
0.972022867307
158050
0.971743089597
158070
0.967550679126
158090
0.964225047658
158110
0.957259965618
158130
0.954299428105
158150
0.953578388821
158170
0.95477685866
158190
0.956175321691
158210
0.954960043913
158230
0.959102668845
158250
0.959172240945
158270
0.956975932734
158290
0.952242902369
158310
0.953940291394
158330
0.947047972835
158350
0.948775786356
158370
0.950098507285
158390
0.949270450368
158410
0.943418734681
158430
0.94224537037
158450
0.939716733047
158470
0.935727719907
158490
0.940823078363
158510
0.939953959014
158530
0.940720103145
158550
0.94058861826
158570
0.938083171637
158590
0.937296177151
158610
0.938107851648
158630
0.940352668845
158650
0.936694495507
158670
0.94167432598
158690
0.937025548066
158710
0.938906547862
158730
0.941082005719
158750
0.946149492783
158770
0.946523735362
158790
0.949917662377
158810
0.947428598175
158830
0.951626540373
158850
0.955266629221
158870
0.955234715414
158890
0.9551806747
158910
0.952071844363
158930
0.951225064679
158950
0.953958163126
158970
0.957317835989
158990
0.955969158497
159010
0.955191950912
159030
0.954725371051
159050
0.955271097154
159070
0.95481664454
159090
0.957659313725
159110
0.956878702002
159130
0.961663219975
159150
0.957712716163
159170
0.95758250783
159190
0.956482545275
159210
0.959343086193
159230
0.959502229711
159250
0.956919764434
159270
0.9546875
159290
0.954358787786
159310
0.958305887459
159330
0.954832601443
159350
0.952617995983
159370
0.952517148352
159390
0.949323640046
159410
0.947993047045
159430
0.947065631808
159450
0.946572457108
159470
0.948120063998
159490
0.944044245302
159510
0.942805776825
159530
0.942235370711
159550
0.941587094907
159570
0.94324023012
159590
0.944658054194
159610
0.950265097358
159630
0.948424521718
159650
0.952984792007
159670
0.952709907748
159690
0.957112523829
159710
0.95969775497
159730
0.959149263004
159750
0.959105434709
159770
0.957899731073
159790
0.956667219839
159810
0.954935363903
159830
0.9506884872
159850
0.949540228418
159870
0.946675006808
159890
0.943498306441
159910
0.947226690155
159930
0.94466039454
159950
0.949056202342
159970
0.947354132625
159990
0.950502748843
160010
0.951071878404
160030
0.951737813181
160050
0.960598362609
160070
0.95444750817
160090
0.956702537786
160110
0.948658130787
160130
0.944910598788
160150
0.945168249592
160170
0.945413773148
160190
0.943731277233
160210
0.942221754153
160230
0.93637110226
160250
0.937979558143
160270
0.937064482911
160290
0.944189346746
160310
0.945793121936
160330
0.952313112745
160350
0.956196172045
160370
0.953896463099
160390
0.959215005447
160410
0.963403160743
160430
0.963847613698
160450
0.965108847358
160470
0.963035726443
160490
0.963555921501
160510
0.962555530025
160530
0.962608081427
160550
0.962329367511
160570
0.964750136166
160590
0.961518969567
160610
0.960419007013
160630
0.954997702206
160650
0.958243761914
160670
0.956162768927
160690
0.95877416939
160710
0.958548432394
160730
0.961140046296
160750
0.955504493464
160770
0.957882497617
160790
0.953790934777
160810
0.951858660131
160830
0.951181023625
160850
0.951574414488
160870
0.949279386234
160890
0.945082933347
160910
0.940023956631
160930
0.938437202138
160950
0.936916828363
160970
0.940566491353
160990
0.937104268791
161010
0.940963499115
161030
0.941554330065
161050
0.939415892225
161070
0.937907858456
161090
0.946925211057
161110
0.944309980937
161130
0.949180878949
161150
0.949151305487
161170
0.94313916973
161190
0.938614217388
161210
0.937665100763
161230
0.932667398557
161250
0.935112847222
161270
0.93889208027
161290
0.937712120438
161310
0.933632259327
161330
0.94297045207
161350
0.941544968682
161370
0.946921168641
161390
0.950093613834
161410
0.952350983796
161430
0.956589988426
161450
0.956782747821
161470
0.960046253745
161490
0.957906752111
161510
0.959806261914
161530
0.958956078091
161550
0.956091707516
161570
0.956876361656
161590
0.957440385008
161610
0.955659594567
161630
0.95214013991
161650
0.955266629221
161670
0.955297904752
161690
0.950228715618
161710
0.944716775599
161730
0.93811572372
161750
0.933664811411
161770
0.923837060866
161790
0.925076805896
161810
0.918201508034
161830
0.92290624149
161850
0.917116864107
161870
0.9150158718
161890
0.91842554296
161910
0.921405654276
161930
0.928079044118
161950
0.934343086193
161970
0.945820993328
161990
0.943966588371
162010
0.948119851239
162030
0.956297657952
162050
0.967096652029
162070
0.96129663671
162090
0.956514671841
162110
0.960645807802
162130
0.963799530229
162150
0.962218945738
162170
0.959840941585
162190
0.962234689883
162210
0.96088452308
162230
0.950690614788
162250
0.94241749217
162270
0.946038432734
162290
0.954497719227
162310
0.950495302288
162330
0.948240910948
162350
0.952219073393
162370
0.950069146582
162390
0.951507395493
162410
0.951701005923
162430
0.96363208912
162450
0.961728111383
162470
0.95345435049
162490
0.940747123502
162510
0.946516076048
162530
0.938331461057
162550
0.93647216265
162570
0.940720528663
162590
0.933087171501
162610
0.928542645357
162630
0.926731430419
162650
0.924781709559
162670
0.934467337282
162690
0.942285369009
162710
0.957492085376
162730
0.958424181304
162750
0.968702129289
162770
0.973593239379
162790
0.973975779548
162810
0.981316593478
162830
0.98780126634
162850
0.98900122549
162870
0.992702801607
162890
0.992746629902
162910
0.992927049292
162930
0.992795138889
162950
0.993034492443
162970
0.992994706563
162990
0.993003216912
163010
0.993006195534
163030
0.993637237881
163050
0.999870642702
163070
0.823895143995
163090
0.823713660812
163110
0.823864081223
163130
0.823605366626
163150
0.823887910199
163170
0.994753157339
163190
1.0
163210
1.0
