157903
0.0798019935345
157923
0.0772213990661
157943
0.0590999910201
157963
0.0706799269636
157983
0.0682317857998
158003
0.0941623263889
158023
0.136401086566
158043
0.139085323875
158063
0.130214694085
158083
0.124366543942
158103
0.119916636734
158123
0.100499880268
158143
0.0539017600575
158163
0.0534991618774
158183
0.0512620480125
158203
0.0485029783285
158223
0.122737443127
158243
0.126541921097
158263
0.124010341834
158283
0.13619866499
158303
0.144592238386
158323
0.285808788314
158343
0.276880537596
158363
0.116589963482
158383
0.0998286338602
158403
0.257488101652
158423
0.0595231681034
158443
0.133256255987
158463
0.154772808908
158483
0.128418342912
158503
0.150144052323
158523
0.1498724108
158543
0.153494671935
158563
0.121713736231
158583
0.0842395534004
158603
0.141266313458
158623
0.129332420378
158643
0.0968929597701
158663
0.081197991499
158683
0.129865226892
158703
0.129257962165
158723
0.14149193307
158743
0.162668747007
158763
0.0942764457615
158783
0.177422323994
158803
0.184152373683
158823
0.219041472102
158843
0.196927008501
158863
0.238342238386
158883
0.179911997126
158903
0.0992913374042
158923
0.158952945402
158943
0.210448844588
158963
0.0926342492816
158983
0.0909475275383
159003
0.0848962074952
159023
0.192760341834
159043
0.193698739823
159063
0.186043013649
159083
0.185571569684
159103
0.18423543762
159123
0.18516822318
159143
0.184700894995
159163
0.183810763889
159183
0.184643274066
159203
0.18047473659
159223
0.186697048611
159243
0.181182650862
159263
0.143296515805
159283
0.175087179717
159303
0.176424434267
159323
0.375044151102
159343
0.397854929957
159363
0.454673656011
159383
0.404202212045
159403
0.133731067409
159423
0.128644336686
159443
0.136595650742
159463
0.140984195402
159483
0.141623263889
159503
0.146935240062
159523
0.157287925048
159543
0.438504624641
159563
0.301348105244
159583
0.331288912835
159603
0.357982743654
159623
0.371144261853
159643
0.361158255508
159663
0.320363386015
159683
0.280091968989
159703
0.253799988027
159723
0.251295722581
159743
0.210436123084
159763
0.233943217193
159783
0.235005462763
159803
0.240343256106
159823
0.228350993774
159843
0.215334276221
159863
0.212967328185
159883
0.204895159842
159903
0.929743998443
159923
0.433556707974
159943
0.235839469588
159963
0.216434312141
159983
0.181458034004
160003
0.159272853807
160023
0.14111328125
160043
0.116560778855
160063
0.101884279215
160083
0.164173251916
160103
0.145639143319
160123
0.189478568008
160143
0.589950386135
160163
0.259545991978
160183
0.53646768738
160203
0.57364478568
160223
0.13618070522
160243
0.0561093151341
160263
0.168340666906
160283
0.0786918552443
160303
0.106938457854
160323
0.399760536398
160343
0.559633171695
160363
0.16227475455
160383
0.0650701179358
160403
0.0999782986111
160423
0.0930682770594
160443
0.265752215038
160463
0.452720905172
160483
0.115045423252
160503
0.222230453784
160523
0.0616383051964
160543
0.0787588302203
160563
0.43317917864
160583
0.66022995989
160603
0.270360766882
160623
0.0997433249521
160643
0.152288748204
160663
0.212223494373
160683
0.450050511853
160703
0.0660698784722
160723
0.128287012093
160743
0.479044689895
160763
0.120835578305
160783
0.0891096443966
160803
0.131866618774
160823
0.419129400144
160843
0.535667355125
160863
0.162162505987
160883
0.0989355094588
160903
0.728680256226
160923
0.15620622306
160943
0.0709291187739
160963
0.121791561901
160983
0.727847371887
161003
0.15691563398
161023
0.125414197198
161043
0.205475859076
161063
0.434722222222
161083
0.207446943846
161103
0.073385491499
161123
0.318393797893
161143
0.0732713721264
161163
0.0889371557711
161183
0.181541846264
161203
0.503775667505
161223
0.0780022749042
161243
0.139307201868
161263
0.526539301964
161283
0.378520863266
161303
0.0847173581178
161323
0.288743339919
161343
0.48859404933
161363
0.0736227101293
161383
0.144245764488
161403
0.126235856681
161423
0.346968166307
161443
0.200514846743
161463
0.198084291188
161483
0.544696255388
161503
0.245529888051
161523
1.0
161543
1.0
161563
1.0
161583
1.0
161603
0.999987652658
161623
0.999621722342
161643
0.997506959411
161663
0.994784931753
161683
0.990392645474
161703
0.986572078544
161723
0.982171560704
161743
0.979794884459
161763
0.975517465876
161783
0.972435494492
161803
0.969346039871
161823
0.965044300766
161843
0.96135394217
161863
0.955151460728
161883
0.952272659243
161903
0.950236470307
161923
0.942756974377
161943
0.939270908166
161963
0.936627454502
161983
0.938278630867
162003
0.94097783465
162023
0.944996333214
162043
0.944557815493
162063
0.942254100814
162083
0.944342298252
162103
0.943984973659
162123
0.943870480125
162143
0.944904663554
162163
0.949729106801
162183
0.954714065493
162203
0.957016283525
162223
0.958761000359
162243
0.96010835728
162263
0.962848344708
162283
0.961501361949
162303
0.960320881226
162323
0.952151804957
162343
0.950258545857
162363
0.946782582016
162383
0.944087868175
162403
0.946776969588
162423
0.935548371648
162443
0.932048087284
162463
0.93297189296
162483
0.932922877754
162503
0.927061257783
162523
0.925960847701
162543
0.929150951868
162563
0.924139427682
162583
0.919216205699
162603
0.919969393558
162623
0.918888065733
162643
0.922412670618
162663
0.923065208932
162683
0.928929448036
162703
0.92832629909
162723
0.933766238625
162743
0.933450071839
162763
0.932795288554
162783
0.933794674928
162803
0.931632767601
162823
0.931524260656
162843
0.933163838003
162863
0.932068666188
162883
0.931328948156
162903
0.936691810345
162923
0.937088047773
162943
0.933397689176
162963
0.931581133261
162983
0.934398198036
163003
0.929928834411
163023
0.93234404933
163043
0.931892435943
163063
0.931682905292
163083
0.936056483477
163103
0.936212883142
163123
0.936551499641
163143
0.940202197079
163163
0.941826433788
163183
0.940546051844
163203
0.939896506825
163223
0.9390026341
163243
0.936496872007
163263
0.938916202706
163283
0.938842118654
163303
0.94077054897
163323
0.941931199114
163343
0.939178490182
163363
0.94084014308
163383
0.944409273228
163403
0.946684551604
163423
0.942151954622
163443
0.942967627514
163463
0.938884024784
163483
0.937509728209
163503
0.937486156011
163523
0.940047294061
163543
0.944990346624
163563
0.947666352371
163583
0.94400106262
163603
0.937496258381
163623
0.939419450431
163643
0.937036787596
163663
0.937124341475
163683
0.935318262093
163703
0.930931588242
163723
0.926719647989
163743
0.928405621408
163763
0.927610527419
163783
0.927044046336
163803
0.929036458333
163823
0.929305106561
163843
0.923514577347
163863
0.919235287955
163883
0.91712164751
163903
0.929801245211
163923
0.926203304598
163943
0.923167355125
163963
0.925292220426
163983
0.927555151461
164003
0.929209695283
164023
0.935873144157
164043
0.94026617876
164063
0.938956986351
164083
0.940459246288
164103
0.939605783046
164123
0.941310464559
164143
0.939890520235
164163
0.945914900623
164183
0.945994597102
164203
0.94412865182
164223
0.943514652179
164243
0.948401206298
164263
0.950795842313
164283
0.949994761734
164303
0.951992786159
164323
0.950347970546
164343
0.954051050647
164363
0.95152658046
164383
0.94992217433
164403
0.951258306394
164423
0.953555286159
164443
0.955882947198
164463
0.957662461087
164483
0.954345890206
164503
0.952530830939
164523
0.953763694325
164543
0.951451748084
164563
0.946831971384
164583
0.944461281729
164603
0.948150143678
164623
0.946368384818
164643
0.945694519277
164663
0.945163957735
164683
0.943676664272
164703
0.943365735752
164723
0.943253113027
164743
0.944322093511
164763
0.943992082735
164783
0.940242232399
164803
0.93901273647
164823
0.933399185824
164843
0.933154858118
164863
0.928056154215
164883
0.923440493295
164903
0.921363146552
164923
0.913695073036
164943
0.908123802682
164963
0.899118100455
164983
0.891232638889
165003
0.895369372605
165023
0.879437185704
165043
0.877256944444
165063
0.86682269217
165083
0.85734217852
165103
0.852320177802
165123
0.858002574234
165143
0.856771581657
165163
0.846046979765
165183
0.848961326628
165203
0.858135027538
165223
0.868232908285
165243
0.863015220905
165263
0.86635237069
165283
0.871611590038
165303
0.881792908884
165323
0.891484449832
165343
0.89690081717
165363
0.904194354646
165383
0.912419555196
165403
0.922222970546
165423
0.93270885716
165443
0.940082465278
165463
0.944194878472
165483
0.95264270534
165503
0.95287393738
165523
0.950844857519
165543
0.948721488865
165563
0.952636344588
165583
0.954257588003
165603
0.953851248204
165623
0.946061572079
165643
0.93987555376
165663
0.939249955101
165683
0.937855827945
165703
0.93481950431
165723
0.930643483597
165743
0.930821958812
165763
0.926015475335
165783
0.921022659243
165803
0.919634144516
165823
0.917785036518
165843
0.918489583333
165863
0.925188203424
165883
0.924570836327
165903
0.925521955819
165923
0.92449188817
165943
0.9216796875
165963
0.915617516762
165983
0.914080085608
166003
0.90973382124
166023
0.902308578784
166043
0.897988879909
166063
0.90040259818
166083
0.89898153137
166103
0.904522868774
166123
0.908425751317
166143
0.907456297893
166163
0.905527867577
166183
0.901053639847
166203
0.905141732519
166223
0.904120644756
166243
0.901013978688
166263
0.910594393558
166283
0.918011030292
166303
0.923638050766
166323
0.918141612787
166343
0.90870936602
166363
0.910323126197
166383
0.916140595067
166403
0.91489950012
166423
0.919390190972
166443
0.907895938099
166463
0.907097476652
166483
0.910024170857
166503
0.912109000838
166523
0.91626070103
166543
0.915323425527
166563
0.920484614464
166583
0.924737338362
166603
0.924854076868
166623
0.924030172414
166643
0.923746183549
166663
0.941579861111
166683
0.948574817409
166703
0.945639143319
166723
0.946480633381
166743
0.9430963392
166763
0.954883934986
166783
0.952982070163
166803
0.951250074832
166823
0.952397255148
166843
0.953987068966
166863
0.956712838242
166883
0.953460997366
166903
0.95192319205
166923
0.950009728209
166943
0.940768303999
166963
0.941668163314
166983
0.93726876796
167003
0.927930061662
167023
0.9327526341
167043
0.932236664871
167063
0.931957914272
167083
0.931415005388
167103
0.938140565134
167123
0.94311616978
167143
0.93765752215
167163
0.941433563817
167183
0.942992322198
167203
0.946378861351
167223
0.950086805556
167243
0.953527972342
167263
0.961606875599
167283
0.968216071001
167303
0.975935030532
167323
0.985430884818
167343
0.987986784602
167363
0.98849639308
167383
0.995181543343
167403
0.995870749521
167423
0.997554103807
167443
0.997455699234
167463
1.0
