136560
0.410551215278
136580
0.401245016718
136600
0.304486721965
136620
0.303342656893
136640
0.301907471708
136660
0.319144965278
136680
0.318774273405
136700
0.318186728395
136720
0.34517345036
136740
0.318609182099
136760
0.370034239969
136780
0.329291730967
136800
0.492733731996
136820
0.379703253601
136840
0.359282246656
136860
0.404450392233
136880
0.384457304527
136900
0.34382651749
136920
0.326852334105
136940
0.312914576903
136960
0.267077867798
136980
0.267090406379
137000
0.262009870113
137020
0.284001253858
137040
0.323638438786
137060
0.324747620885
137080
0.47114840535
137100
0.426094232253
137120
0.426056134259
137140
0.28482654964
137160
0.268299897119
137180
0.285397537294
137200
0.333359214249
137220
0.278483635545
137240
0.272224633488
137260
0.273488618827
137280
0.273056520062
137300
0.272795460391
137320
0.442972608025
137340
0.433461934156
137360
0.43059526106
137380
0.299072948817
137400
0.266097125772
137420
0.263559831533
137440
0.265432581019
137460
0.270942483282
137480
0.271964538323
137500
0.277498874743
137520
0.278470936214
137540
0.278718332047
137560
0.276995402521
137580
0.278319990998
137600
0.282746270576
137620
0.281947820216
137640
0.273784239969
137660
0.274212802212
137680
0.273183995628
137700
0.269995498971
137720
0.265457015175
137740
0.265851015947
137760
0.265812114198
137780
0.268491512346
137800
0.761638535237
137820
0.416791248714
137840
0.451854423868
137860
0.429898566101
137880
0.433561760545
137900
0.447129147377
137920
0.40857494213
137940
0.368539576903
137960
0.398879083076
137980
0.330930266204
138000
0.325249003344
138020
0.318890496399
138040
0.366355291924
138060
0.370089216821
138080
0.368422550154
138100
0.38810619213
138120
0.420442547582
138140
0.423011831276
138160
0.426634194959
138180
0.281202096193
138200
0.282946566358
138220
0.302426215278
138240
0.353769933128
138260
0.324035172325
138280
0.340883809156
138300
0.32570939429
138320
0.376548675412
138340
0.35923755787
138360
0.353980838477
138380
0.351072691615
138400
0.334348315329
138420
0.297640978652
138440
0.293644708076
138460
0.289864165381
138480
0.285256558642
138500
0.284742959105
138520
0.283456147119
138540
0.273982285237
138560
0.274043209877
138580
0.274405864198
138600
0.500710519547
138620
0.999721579218
138640
0.996594489455
138660
0.993687307099
138680
0.99395785108
138700
0.993662390689
138720
0.993745498971
138740
0.993728459362
138760
0.990535140175
138780
0.987249549897
138800
0.98727655607
138820
0.987241190844
138840
0.990825617284
138860
0.993665284208
138880
0.990756976595
138900
0.98638744213
138920
0.981359953704
138940
0.976140367798
138960
0.975468106996
138980
0.972464152521
139000
0.967828253601
139020
0.963727334105
139040
0.957796585648
139060
0.954726401749
139080
0.954647794496
139100
0.951255144033
139120
0.953841145833
139140
0.954986818416
139160
0.953264531893
139180
0.954064589763
139200
0.95412037037
139220
0.954893422068
139240
0.955724344136
139260
0.957643872171
139280
0.955955986368
139300
0.957889338992
139320
0.958593589249
139340
0.955640753601
139360
0.955659561471
139380
0.957531346451
139400
0.957246013374
139420
0.950380819187
139440
0.948894515175
139460
0.949599247685
139480
0.940090502829
139500
0.926302565586
139520
0.917812982253
139540
0.919360050154
139560
0.924594907407
139580
0.92078125
139600
0.91579684285
139620
0.918287680041
139640
0.917203735854
139660
0.911002764918
139680
0.920505883488
139700
0.92738747428
139720
0.932751896862
139740
0.929750835905
139760
0.924291248714
139780
0.922847222222
139800
0.927555780607
139820
0.925302533436
139840
0.926049382716
139860
0.925787840792
139880
0.927799318416
139900
0.92822820216
139920
0.92634693287
139940
0.927266107253
139960
0.930796199846
139980
0.933297968107
140000
0.933234632202
140020
0.932170781893
140040
0.931598347479
140060
0.934270672582
140080
0.934410686728
140100
0.932641782407
140120
0.933731995885
140140
0.930006912294
140160
0.928815747171
140180
0.924658404064
140200
0.930895543981
140220
0.926951838992
140240
0.931890110597
140260
0.92853443287
140280
0.933199427726
140300
0.93287342464
140320
0.931047292953
140340
0.93178433642
140360
0.929716917438
140380
0.930529031636
140400
0.919118119856
140420
0.920717592593
140440
0.918858667695
140460
0.915788483796
140480
0.91336403678
140500
0.911904417438
140520
0.912550315072
140540
0.913710455247
140560
0.913660622428
140580
0.913744373714
140600
0.91740933642
140620
0.919109600051
140640
0.920744438014
140660
0.92013904964
140680
0.922708011831
140700
0.922839827675
140720
0.925233892747
140740
0.926200488683
140760
0.926843975051
140780
0.925647665895
140800
0.922518968621
140820
0.925863393776
140840
0.922531667953
140860
0.917224472737
140880
0.921327803498
140900
0.919196405607
140920
0.917791763117
140940
0.918712705761
140960
0.925316679527
140980
0.92439686214
141000
0.923991126543
141020
0.924284979424
141040
0.923562725051
141060
0.930165412809
141080
0.925767425412
141100
0.926077031893
141120
0.925767746914
141140
0.92340776106
141160
0.921466049383
141180
0.920852141204
141200
0.923628632973
141220
0.920422614455
141240
0.926435667438
141260
0.934226948302
141280
0.9357110018
141300
0.941562178498
141320
0.940183095422
141340
0.943301022377
141360
0.948236882716
141380
0.948309542181
141400
0.949961902006
141420
0.955176826132
141440
0.944284979424
141460
0.940330504115
141480
0.940178272891
141500
0.932180105453
141520
0.932740322788
141540
0.928739390432
141560
0.922431520062
141580
0.924543145576
141600
0.918297968107
141620
0.920516653807
141640
0.921307227366
141660
0.914327899949
141680
0.918326903292
141700
0.918261799126
141720
0.918943383488
141740
0.920109149949
141760
0.9247968107
141780
0.922443897891
141800
0.92487027392
141820
0.926771315586
141840
0.927114840535
141860
0.932662680041
141880
0.938323045267
141900
0.944145929784
141920
0.952149402006
141940
0.959639596193
141960
0.963371109825
141980
0.971119952418
142000
0.973661586934
142020
0.980235018004
142040
0.988281893004
142060
0.993920878344
142080
0.995493987912
142100
0.986959715792
142120
0.981984953704
142140
0.975969328704
142160
0.964823173868
142180
0.95985001929
142200
0.956378922325
142220
0.947184606481
142240
0.940868216307
142260
0.931735307356
142280
0.926596257716
142300
0.931507683899
142320
0.933284786523
142340
0.932654320988
142360
0.937397440844
142380
0.938454378858
142400
0.937270447531
142420
0.936837384259
142440
0.942411908436
142460
0.940878665123
142480
0.938772183642
142500
0.938499389146
142520
0.936424254115
142540
0.940701356739
142560
0.94005465535
142580
0.938072434414
142600
0.942299382716
142620
0.943852559156
142640
0.946674221965
142660
0.94386252572
142680
0.944983603395
142700
0.945270222479
142720
0.94164367927
142740
0.936910204475
142760
0.937759291409
142780
0.937746431327
142800
0.933948849023
142820
0.93092029964
142840
0.925394161523
142860
0.920828671553
142880
0.919535268776
142900
0.922484246399
142920
0.918334940844
142940
0.916865194187
142960
0.910704411008
142980
0.910345936214
143000
0.90556568287
143020
0.906428272891
143040
0.907740805041
143060
0.90070473251
143080
0.90104070216
143100
0.891648341049
143120
0.891117058899
143140
0.886850726595
143160
0.890494791667
143180
0.887468492798
143200
0.897334265689
143220
0.895892328961
143240
0.904031153549
143260
0.906945408951
143280
0.910876414609
143300
0.922722157922
143320
0.931659111368
143340
0.929797935957
143360
0.930252218364
143380
0.933201678241
143400
0.9304608732
143420
0.934308449074
143440
0.928410011574
143460
0.930756815844
143480
0.924331597222
143500
0.927408371914
143520
0.923738265175
143540
0.926379565329
143560
0.92385159465
143580
0.921736111111
143600
0.925566808128
143620
0.916478427212
143640
0.916306102109
143660
0.908726048097
143680
0.914342367541
143700
0.913731031379
143720
0.9157343107
143740
0.911617798354
143760
0.918700649434
143780
0.907194251543
143800
0.905040830761
143820
0.916749614198
143840
0.9193047518
143860
0.915953253601
143880
0.919062821502
143900
0.918101208848
143920
0.917840952932
143940
0.918098797582
143960
0.914740869342
143980
0.927776170267
144000
0.926886413323
144020
0.929816100823
144040
0.929801954733
144060
0.940660847479
144080
0.939870595422
144100
0.939629468879
144120
0.9403203768
144140
0.941054365998
144160
0.941552854938
144180
0.93779224537
144200
0.937705279064
144220
0.933523984053
144240
0.930801986883
144260
0.925355099023
144280
0.924678819444
144300
0.928448270319
144320
0.929027777778
144340
0.929383359053
144360
0.936981417181
144380
0.93686406893
144400
0.93415782536
144420
0.938584265689
144440
0.939677694187
144460
0.944694090792
144480
0.947283950617
144500
0.950412647891
144520
0.95176408179
144540
0.95335776749
144560
0.952548868313
144580
0.952087673611
144600
0.956465245628
144620
0.95776716821
144640
0.951706854424
144660
0.951041023663
144680
0.944045621142
144700
0.938123231739
144720
0.935238554527
144740
0.93168129501
144760
0.933316936728
144780
0.929375160751
144800
0.925502025463
144820
0.922837255658
144840
0.928454378858
144860
0.922051826132
144880
0.919196084105
144900
0.913072595165
144920
0.902747074331
144940
0.899020543981
144960
0.894889724794
144980
0.90441567001
145000
0.910952610597
145020
0.914779128086
145040
0.91046875
145060
0.922355002572
145080
0.932608346193
145100
0.947919238683
145120
0.953363393776
145140
0.956956822274
145160
0.96106722608
145180
0.960266846708
145200
0.949694412294
145220
0.95665461034
145240
0.956208365484
145260
0.95562966178
145280
0.951402874228
145300
0.950218139146
145320
0.956320891204
145340
0.956983828447
145360
0.956260448817
145380
0.952379115226
145400
0.960914834105
145420
0.955835101595
145440
0.961483249743
145460
0.955536747685
145480
0.953733603395
145500
0.955395769033
145520
0.955209619342
145540
0.952255497685
145560
0.949675765175
145580
0.948578639403
145600
0.947587930813
145620
0.943345711163
145640
0.937476851852
145660
0.934580922068
145680
0.941992026749
145700
0.944527391975
145720
0.945691229424
145740
0.957391493056
145760
0.96204523534
145780
0.968583140432
145800
0.968808674126
145820
0.982313689558
145840
0.989094328704
145860
0.996669238683
145880
0.870314268261
145900
0.870569862397
145920
0.870586259002
145940
0.870730452675
145960
0.870741062243
145980
0.871271219136
146000
0.996442097479
146020
0.310450263632
146040
0.30887024177
146060
0.308373199588
146080
0.308294592335
146100
0.309207497428
146120
0.998299897119
146140
0.996430523405
