158477
0.779777264836
158497
0.764527107008
158517
0.773671283144
158537
0.787754498106
158557
0.784298058712
158577
0.800237728851
158597
0.828386403093
158617
0.867415857797
158637
0.903540778883
158657
0.922479679609
158677
0.942194404987
158697
0.967169251105
158717
0.97151495423
158737
0.989213423295
158757
0.975397529987
158777
0.967620048138
158797
0.940549538352
158817
0.916681463068
158837
0.909200402462
158857
0.886443536932
158877
0.86393130524
158897
0.838323173138
158917
0.812707642835
158937
0.798215060764
158957
0.806202651515
158977
0.809122967961
158997
0.798345762311
159017
0.800581991793
159037
0.78293925584
159057
0.778659643308
159077
0.7752579506
159097
0.799628117109
159117
0.794589942393
159137
0.792385278567
159157
0.795679450758
159177
0.805473682134
159197
0.809685724432
159217
0.819364543876
159237
0.830012034407
159257
0.830919547033
159277
0.818707583649
159297
0.811738971749
159317
0.808941958649
159337
0.804975043403
159357
0.802165699968
159377
0.792841500947
159397
0.787572009154
159417
0.773776337595
159437
0.769347281408
159457
0.797837752525
159477
0.798074494949
159497
0.794514480745
159517
0.797324810606
159537
0.79987324416
159557
0.790944602273
159577
0.80172723327
159597
0.807415463226
159617
0.80198962279
159637
0.805491437816
159657
0.798470545297
159677
0.785461055871
159697
0.800480389836
159717
0.788464232165
159737
0.805131392045
159757
0.795909781408
159777
0.800139086174
159797
0.800767933239
159817
0.806140013415
159837
0.802377781723
159857
0.806517814867
159877
0.796787208018
159897
0.802488754735
159917
0.793853081597
159937
0.785341698232
159957
0.802640664457
159977
0.813990490846
159997
0.810776712437
160017
0.784753787879
160037
0.787125651042
160057
0.793756411774
160077
0.802333392519
160097
0.806358506944
160117
0.802355587121
160137
0.793020537405
160157
0.794897214331
160177
0.792928306503
160197
0.824766710069
160217
0.829511422822
160237
0.827312184343
160257
0.80478367661
160277
0.794211154514
160297
0.808776238952
160317
0.811705926452
160337
0.809390289615
160357
0.811624546244
160377
0.805111170297
160397
0.798605685764
160417
0.796916923138
160437
0.815169270833
160457
0.810440834122
160477
0.794706833965
160497
0.788322679924
160517
0.802831044823
160537
0.813917495265
160557
0.810436888415
160577
0.805649759312
160597
0.798857717803
160617
0.80664358428
160637
0.822331715593
160657
0.819632851957
160677
0.81682745423
160697
0.807121014836
160717
0.801389875316
160737
0.796454288984
160757
0.787595683396
160777
0.803702552872
160797
0.790508601641
160817
0.788663490372
160837
0.798100635259
160857
0.79313200363
160877
0.787831439394
160897
0.794819286616
160917
0.831633226799
160937
0.860468947285
160957
0.874648338857
160977
0.899927990846
160997
0.920428405145
161017
0.935391019571
161037
0.944973169192
161057
0.969568734217
161077
0.974451546717
161097
0.977017735953
161117
0.968163569287
161137
0.935890151515
161157
0.922118647412
161177
0.909890407986
161197
0.899433297822
161217
0.880530894886
161237
0.847652304293
161257
0.835668205492
161277
0.8139298256
161297
0.812743154198
161317
0.811925899621
161337
0.809333076862
161357
0.803214271622
161377
0.806729403409
161397
0.813544625947
161417
0.804678128946
161437
0.798510988794
161457
0.805037188289
161477
0.791880228062
161497
0.774030835701
161517
0.770912247475
161537
0.785917771465
161557
0.777006885259
161577
0.768098958333
161597
0.793376637468
161617
0.800866575915
161637
0.801976306029
161657
0.798691998106
161677
0.822335168087
161697
0.807261087437
161717
0.804369377367
161737
0.819221018782
161757
0.818077256944
161777
0.815085917771
161797
0.81461489899
161817
0.814153744476
161837
0.804639658302
161857
0.801467309817
161877
0.804342250631
161897
0.809029750631
161917
0.802835976957
161937
0.802118351484
161957
0.784237393466
161977
0.777176550663
161997
0.785223820234
162017
0.790146089804
162037
0.79869693024
162057
0.798097182765
162077
0.801780500316
162097
0.789330808081
162117
0.787510850694
162137
0.789638573232
162157
0.80390181108
162177
0.815504655934
162197
0.811185586332
162217
0.804986387311
162237
0.802252998737
162257
0.795010653409
162277
0.809180673927
162297
0.815152008365
162317
0.821825185448
162337
0.808845782039
162357
0.798085838857
162377
0.800165719697
162397
0.793421026673
162417
0.811977687027
162437
0.796682153567
162457
0.803054963699
162477
0.79336085464
162497
0.778041153725
162517
0.785332820391
162537
0.784489425505
162557
0.799181758996
162577
0.804150390625
162597
0.799777560764
162617
0.804060132576
162637
0.801750414299
162657
0.811635396938
162677
0.819718177872
162697
0.822033321496
162717
0.81618183791
162737
0.811114563605
162757
0.806714113794
162777
0.826984197443
162797
0.83453529435
162817
0.82493884154
162837
0.829643110795
162857
0.84452977036
162877
0.83108378709
162897
0.836712338226
162917
0.834452927715
162937
0.832961943655
162957
0.828304529672
162977
0.818597103851
162997
0.837928602431
163017
0.842049893466
163037
0.823691504893
163057
0.825649562027
163077
0.835947364268
163097
0.842650134154
163117
0.834640348801
163137
0.827021188447
163157
0.84560842803
163177
0.836854383681
163197
0.836145142835
163217
0.85087446733
163237
0.845976858428
163257
0.856850733902
163277
0.85091540404
163297
0.859907177241
163317
0.847164023043
163337
0.847531960227
163357
0.844064176926
163377
0.845295730745
163397
0.833844795612
163417
0.835990767045
163437
0.823329486269
163457
0.839217369003
163477
0.820123599274
163497
0.827123776831
163517
0.828763218119
163537
0.825180516098
163557
0.823246133207
163577
0.827740786774
163597
0.82301777541
163617
0.826643880208
163637
0.802831538037
163657
0.821531230271
163677
0.815311809501
163697
0.81494140625
163717
0.800753630051
163737
0.795217309817
163757
0.802665325126
163777
0.797282394255
163797
0.795130997475
163817
0.806511403093
163837
0.815407492898
163857
0.811550564236
163877
0.808054174558
163897
0.805832741477
163917
0.803343000316
163937
0.794342349274
163957
0.809397194602
163977
0.812060053662
163997
0.801995541351
164017
0.803873697917
164037
0.813779888731
164057
0.815769018308
164077
0.826057942708
164097
0.822067846433
164117
0.814791962595
164137
0.827629813763
164157
0.825673236269
164177
0.813568300189
164197
0.807260594223
164217
0.802462121212
164237
0.797338127367
164257
0.800940557923
164277
0.798007911143
164297
0.805042613636
164317
0.793044211648
164337
0.805072206439
164357
0.820621251578
164377
0.808402383207
164397
0.822822956124
164417
0.839797387942
164437
0.842211174242
164457
0.833990293561
164477
0.834842566288
164497
0.841387507891
164517
0.844959852431
164537
0.836831695865
164557
0.855475654987
164577
0.848473011364
164597
0.842471590909
164617
0.838797151199
164637
0.84098208649
164657
0.841208471433
164677
0.844024226641
164697
0.843509805082
164717
0.845754419192
164737
0.843454565183
164757
0.848595821496
164777
0.849438229956
164797
0.853486032197
164817
0.863441051136
164837
0.857925445865
164857
0.854975536616
164877
0.856615964331
164897
0.847865865688
164917
0.842672328756
164937
0.838715277778
164957
0.817665423769
164977
0.814220328283
164997
0.801449060922
165017
0.799236998895
165037
0.798583984375
165057
0.790027225379
165077
0.787062026515
165097
0.792752722538
165117
0.800758068971
165137
0.831062085701
165157
0.831488715278
165177
0.852264342645
165197
0.855160491635
165217
0.837869416824
165237
0.837137981376
165257
0.83564157197
165277
0.824083609533
165297
0.831820154672
165317
0.838613182607
165337
0.819441978378
165357
0.818190696023
165377
0.816194168245
165397
0.816575915404
165417
0.825193339646
165437
0.842310310133
165457
0.833522727273
165477
0.821259469697
165497
0.817399581755
165517
0.816821042456
165537
0.828020931976
165557
0.83287809738
165577
0.827437460543
165597
0.83297575363
165617
0.828366674558
165637
0.823891256313
165657
0.828790838068
165677
0.827850773359
165697
0.828584674874
165717
0.830221156881
165737
0.826242404514
165757
0.819322127525
165777
0.797152185922
165797
0.795400291982
165817
0.787816149779
165837
0.800231317077
165857
0.811913076073
165877
0.826450540562
165897
0.827075935133
165917
0.819210661301
165937
0.83535008286
165957
0.827054233744
165977
0.819396109533
165997
0.81806640625
166017
0.791230172822
166037
0.772839232165
166057
0.743303148674
166077
0.739135988794
166097
0.744873046875
166117
0.726720821496
166137
0.746088324653
166157
0.752935606061
166177
0.747739109848
166197
0.75709980666
166217
0.761373007418
166237
0.747094973169
166257
0.75068359375
166277
0.748569681187
166297
0.758146405461
166317
0.749992108586
166337
0.760343671086
166357
0.751181739268
166377
0.759090415878
166397
0.757213738952
166417
0.767371468592
166437
0.771851325758
166457
0.760299775095
166477
0.75699919113
166497
0.748515427715
166517
0.745342586016
166537
0.728730666035
166557
0.71171727036
166577
0.722503353851
166597
0.712612452652
166617
0.709087949811
166637
0.705722261679
166657
0.714105902778
166677
0.707549617266
166697
0.707478594539
166717
0.722188683712
166737
0.734881530145
166757
0.716741141888
166777
0.721553424874
166797
0.732936296559
166817
0.725356100063
166837
0.721504103535
166857
0.728040660511
166877
0.724434284249
166897
0.732587101484
166917
0.754421164773
166937
0.765840534249
166957
0.759845525568
166977
0.755789831913
166997
0.777447324811
167017
0.793712022569
167037
0.785368331755
167057
0.784041094539
167077
0.767671835543
167097
0.767895261206
167117
0.79140329072
167137
0.813236860795
167157
0.836386324179
167177
0.831366398359
167197
0.836664496528
167217
0.848694957386
167237
0.872249842172
167257
0.877185428504
167277
0.862557705966
167297
0.840411438605
167317
0.82073962279
167337
0.790730547664
167357
0.808884745896
167377
0.79248342803
167397
0.799803701073
167417
0.803921046402
167437
0.827103061869
167457
0.849502840909
167477
0.856102529198
167497
0.881855666035
167517
0.909667475537
167537
0.903331163194
167557
0.92552181976
167577
0.946406447285
167597
0.944583037405
167617
0.943775647096
167637
0.922564019097
167657
0.925942037563
167677
0.942341875789
167697
0.955871212121
167717
0.963745363794
167737
0.963128847064
167757
0.963297032828
167777
0.963355232008
167797
0.965971729009
167817
1.0
167837
1.0
167857
1.0
167877
1.0
167897
0.0694804490215
167917
0.0691569010417
167937
0.0689004300821
167957
0.0688787286932
167977
0.0686469184028
167997
1.0
168017
1.0
168037
1.0
168057
1.0
