122001
0.932047267144
122021
0.931761443973
122041
0.930946778897
122061
0.931065526688
122081
0.929657122658
122101
0.931776632644
122121
0.934362849063
122141
0.935559992489
122161
0.933822960852
122181
0.933002772623
122201
0.932921306115
122221
0.935031150583
122241
0.932218484889
122261
0.933121520414
122281
0.933035911541
122301
0.932421460764
122321
0.927736446182
122341
0.93365726626
122361
0.93710233298
122381
0.937222461559
122401
0.93659282211
122421
0.935673217126
122441
0.940432794274
122461
0.94220986877
122481
0.942433556469
122501
0.942483264846
122521
0.940146971103
122541
0.940470075557
122561
0.939388918346
122581
0.94259925106
122601
0.9439123807
122621
0.944131926034
122641
0.944889978791
122661
0.950580207229
122681
0.947520380435
122701
0.942501215094
122721
0.93763531725
122741
0.935173371774
122761
0.939674741516
122781
0.937633936462
122801
0.938684716331
122821
0.935358397402
122841
0.93999784597
122861
0.940859457847
122881
0.930412413839
122901
0.931207747879
122921
0.931123519795
122941
0.929938803464
122961
0.931766967126
122981
0.929531470926
123001
0.931090380877
123021
0.926082261842
123041
0.926601438229
123061
0.922355514316
123081
0.917301829268
123101
0.92321160304
123121
0.918211768735
123141
0.918446502739
123161
0.918911828385
123181
0.917370868682
123201
0.917051906592
123221
0.911617123984
123241
0.907124038971
123261
0.908103017851
123281
0.902372746554
123301
0.912564344733
123321
0.909211790827
123341
0.908794792771
123361
0.902864307176
123381
0.901837000707
123401
0.896780554083
123421
0.893694492312
123441
0.898901444857
123461
0.901622978526
123481
0.905462950689
123501
0.906691852245
123521
0.907688781372
123541
0.908682948922
123561
0.913859524125
123581
0.918329135737
123601
0.914447739926
123621
0.921322684694
123641
0.925364251944
123661
0.929884952722
123681
0.928484833422
123701
0.93516922941
123721
0.937744399523
123741
0.946121641923
123761
0.948275671615
123781
0.950156305232
123801
0.952402847738
123821
0.960455604896
123841
0.959299885118
123861
0.9475479962
123881
0.943563041269
123901
0.946679480382
123921
0.944601394044
123941
0.935968705815
123961
0.927856574761
123981
0.928556634411
124001
0.927079190969
124021
0.928212818134
124041
0.923153609933
124061
0.924926542064
124081
0.923893712443
124101
0.920448645723
124121
0.917702257865
124141
0.916654239572
124161
0.91346599947
124181
0.915747061683
124201
0.920360275274
124221
0.922891260163
124241
0.918276665783
124261
0.914589961117
124281
0.918041931778
124301
0.920724803376
124321
0.917430242577
124341
0.914153632025
124361
0.918601151025
124381
0.922499116296
124401
0.917917660834
124421
0.917916280046
124441
0.91395894088
124461
0.912721754595
124481
0.908757511488
124501
0.90812787204
124521
0.907183412867
124541
0.909054380965
124561
0.907509278897
124581
0.907041191676
124601
0.902117300725
124621
0.89605840182
124641
0.891249116296
124661
0.888988765907
124681
0.892170102068
124701
0.895119465801
124721
0.889195884146
124741
0.882010262018
124761
0.881681634411
124781
0.880521772269
124801
0.873541887593
124821
0.871991262372
124841
0.876615522269
124861
0.873459040297
124881
0.877387382909
124901
0.878877253446
124921
0.877489561241
124941
0.882673040385
124961
0.878632853924
124981
0.87429994035
125001
0.878503059827
125021
0.882461779781
125041
0.886769839166
125061
0.888856210233
125081
0.8917310114
125101
0.894032785437
125121
0.896699087575
125141
0.905496089608
125161
0.919658834836
125181
0.926056026865
125201
0.926143016525
125221
0.941871575645
125241
0.949253269707
125261
0.952028654118
125281
0.958695099859
125301
0.959512526511
125321
0.96413540562
125341
0.970067272004
125361
0.971993471633
125381
0.977266702015
125401
0.987440349947
125421
0.987722030753
125441
0.990377286585
125461
0.992999403499
125481
0.996611545599
125501
0.999038971368
125521
0.988528411099
125541
0.988498033758
125561
0.988498033758
125581
0.988498033758
125601
0.988089320431
125621
0.98848008351
125641
0.988525649523
125661
0.988529791888
125681
0.988529791888
125701
0.982780189555
125721
0.982718054083
125741
0.982730481177
125761
0.982730481177
125781
0.982726338812
125801
0.983169571845
125821
0.983206853128
125841
0.983202710764
125861
0.983187522093
125881
0.983219280223
125901
0.987568763256
125921
0.987606044539
125941
0.987635041092
125961
0.987626756363
125981
0.987622613998
126001
0.992005235949
126021
0.992025947773
126041
0.992025947773
126061
0.992025947773
126081
0.992025947773
126101
0.992063229056
126121
0.994933887858
126141
1.0
126161
1.0
126181
1.0
126201
1.0
126221
1.0
126241
1.0
126261
1.0
126281
1.0
126301
1.0
126321
1.0
126341
1.0
126361
1.0
126381
1.0
126401
1.0
126421
1.0
126441
1.0
126461
1.0
126481
1.0
126501
1.0
126521
1.0
126541
1.0
126561
1.0
126581
1.0
126601
1.0
126621
1.0
126641
1.0
126661
1.0
126681
1.0
126701
1.0
126721
1.0
126741
1.0
126761
1.0
126781
1.0
126801
1.0
126821
1.0
126841
1.0
126861
1.0
126881
1.0
126901
1.0
126921
1.0
126941
1.0
126961
1.0
126981
1.0
127001
1.0
127021
1.0
127041
1.0
127061
1.0
127081
1.0
127101
1.0
127121
1.0
127141
1.0
127161
1.0
127181
1.0
127201
1.0
127221
1.0
127241
1.0
127261
1.0
127281
1.0
127301
1.0
127321
1.0
127341
1.0
127361
1.0
127381
1.0
127401
1.0
127421
1.0
127441
1.0
127461
1.0
127481
1.0
127501
1.0
127521
1.0
127541
1.0
127561
1.0
127581
1.0
127601
1.0
127621
1.0
127641
1.0
127661
1.0
127681
1.0
127701
1.0
127721
1.0
127741
1.0
127761
1.0
127781
1.0
127801
1.0
127821
1.0
127841
1.0
127861
1.0
127881
1.0
127901
1.0
127921
1.0
127941
1.0
127961
1.0
127981
0.476766856663
128001
0.567236103747
128021
0.694011797455
128041
0.844209802492
128061
0.246068895811
128081
0.398329798515
128101
0.509560577943
128121
1.0
128141
1.0
128161
1.0
128181
0.80128247614
128201
0.863968882556
128221
0.633794240456
128241
0.144482922411
128261
0.682870216949
128281
0.74322171041
128301
0.849280056999
128321
0.851330527572
128341
0.868808545422
128361
0.999947530046
128381
0.776291589343
128401
0.0394284088901
128421
0.362158669141
128441
0.382457637416
128461
0.596330693266
128481
0.599332526953
128501
0.602038871951
128521
1.0
128541
0.48070762637
128561
0.325877076706
128581
0.291137824761
128601
0.360026732061
128621
0.369839994256
128641
0.371962265818
128661
0.380944293478
128681
1.0
128701
1.0
128721
0.994614925769
128741
0.994540363203
128761
0.994527936108
128781
0.994548647932
128801
0.994204831654
128821
0.992440184252
128841
0.992854420732
128861
0.99289584438
128881
0.99287927492
128901
1.0
128921
0.991914103924
128941
0.992726007423
128961
0.992738434517
128981
0.993525483828
129001
1.0
129021
1.0
129041
0.20743720175
129061
0.0921372393072
129081
0.0655349726052
129101
0.0672720042418
129121
0.0681902284376
129141
0.0679278786674
129161
0.0692133925415
129181
0.0680493880346
129201
0.0691001679039
129221
0.067508119035
129241
0.0664973820255
129261
0.0651883947508
129281
0.0816943376635
129301
0.999947530046
129321
0.999995857635
129341
0.0941821867268
129361
0.0721958951926
129381
0.0857773285613
129401
0.110773738512
129421
0.0825172874691
129441
0.0854735551432
129461
0.130499679657
129481
0.0834534619123
129501
0.0688171063097
129521
0.082652604719
129541
0.099886223047
129561
0.099311815129
129581
0.079007323701
129601
0.0717333311241
129621
0.140509013786
129641
0.0946875552315
129661
0.124534674355
129681
0.0898009455638
129701
0.0615016900848
129721
0.733184760516
129741
0.082579422941
129761
0.0771474019088
129781
0.0971826396253
129801
0.0862026113468
129821
0.177939422057
129841
0.0800484380523
129861
0.0459788684164
129881
0.0435473002828
129901
0.0418862120007
129921
0.0489213282078
129941
0.0459512526511
129961
0.0404888542771
129981
0.059168157918
130001
0.0670593628491
130021
0.0656316277837
130041
0.0676531018028
130061
0.0844780068045
130081
0.0758922653765
130101
0.0827823988158
130121
0.0617985595617
130141
0.0590521717038
130161
0.0626118438494
130181
0.0731279272711
130201
0.0568318641746
130221
0.134955483386
130241
0.0939819724284
130261
0.0554994034995
130281
0.0530388388123
130301
0.0583106884058
130321
0.0689275693708
130341
0.45292616649
130361
0.0869413330682
130381
0.0855315482503
130401
0.0766820762637
130421
0.0741027637858
130441
0.0525003313892
130461
0.0473265177625
130481
0.071200346854
130501
0.0649094755214
130521
0.0696566255744
130541
0.0462149832096
130561
0.048525041976
130581
0.040404626193
130601
0.0777577103217
130621
0.0774138940438
130641
0.0892513918346
130661
0.0811075026511
130681
0.107991450159
130701
0.0507660613291
130721
0.0520046284023
130741
0.0636267232238
130761
0.0644441498763
130781
0.0702006561506
130801
0.0561939399965
130821
0.0554717877342
130841
0.0474038419053
130861
0.0454583112407
130881
0.0562712641393
130901
0.0601139978791
130921
0.0612379595263
130941
0.0623812522093
130961
0.0533771319371
130981
0.0435887239307
131001
0.0434216485507
131021
0.050828196801
131041
0.084255699894
131061
0.0729166666667
131081
0.0352529051785
131101
1.0
131121
1.0
131141
1.0
131161
1.0
131181
1.0
131201
0.141427237982
131221
0.138716750619
131241
0.152024787911
131261
0.149500706964
131281
0.136173338636
131301
0.13544566322
131321
0.112240135649
131341
0.120128579003
131361
0.114822209703
131381
0.0992938648816
131401
0.117114318222
131421
0.0714889316013
131441
0.0656481972428
131461
0.0619904891304
131481
0.0582319834747
131501
0.0674749801166
131521
0.0667624933722
131541
0.0428789987628
131561
0.0577141878756
131581
0.0606525053022
131601
0.0632856685224
131621
0.0660113445564
131641
0.0688019176387
131661
0.0577141878756
131681
0.0463889625309
131701
0.0551983916578
131721
0.071607679392
131741
0.0631876325557
131761
0.0901281923825
131781
0.0681446624249
131801
0.0807940637151
131821
0.067602012637
131841
0.0724320099859
131861
0.0774263211382
131881
0.054227697508
131901
0.0695475433015
131921
0.0741552337398
131941
0.0801589011135
131961
0.0779938251149
131981
0.180078263079
