129365
0.270730714363
129385
0.260744710917
129405
0.265386116494
129425
0.256485182494
129445
0.263301773794
129465
0.261463043712
129485
0.419301114341
129505
0.436810265935
129525
0.412213676249
129545
0.436949895026
129565
0.429073468454
129585
0.420606562231
129605
0.431045098514
129625
0.415181215009
129645
0.405609052003
129665
0.446340371985
129685
0.41020335379
129705
0.414777468239
129725
0.412652750861
129745
0.401156061585
129765
0.344937688415
129785
0.343906451873
129805
0.347807655039
129825
0.345940326227
129845
0.317191873923
129865
0.306411835164
129885
0.321819821275
129905
0.385835553941
129925
0.39875713286
129945
0.408847437554
129965
0.41202526109
129985
0.365639804048
130005
0.372940891473
130025
0.107611972438
130045
0.111090923773
130065
0.112788342485
130085
0.11150644649
130105
0.109593696167
130125
0.111023632644
130145
0.0720923503445
130165
0.0722353439922
130185
0.0725717996339
130205
0.0731067641042
130225
0.0739697728252
130245
0.0767488964255
130265
0.0765873977175
130285
0.0748899790052
130305
0.075332418174
130325
0.183168133613
130345
0.187244293712
130365
0.174716367894
130385
0.18260793497
130405
0.182624757752
130425
0.181467350345
130445
0.180463030254
130465
0.179672359496
130485
0.178614206503
130505
0.182979718454
130525
0.179345997524
130545
0.17400644649
130565
0.408191349053
130585
0.368746971899
130605
0.35109314438
130625
0.266551935293
130645
0.19907743863
130665
0.196681874462
130685
0.210569081072
130705
0.181861003445
130725
0.175094880491
130745
0.234597060724
130765
0.347553631029
130785
0.475250322997
130805
0.51622557332
130825
0.284338662791
130845
0.164600829027
130865
0.158159385767
130885
0.178414015396
130905
0.336384986003
130925
0.311884286176
130945
0.303691591301
130965
0.279004158592
130985
0.284750820952
131005
0.24243143034
131025
0.255226838394
131045
0.281150745586
131065
0.307633169143
131085
0.316574477821
131105
0.363483123385
131125
0.356414190353
131145
0.199858015719
131165
0.200875794035
131185
0.203853426464
131205
0.209216529393
131225
0.211452277132
131245
0.217320063523
131265
0.215102820844
131285
0.219540670758
131305
0.16817567022
131325
0.178594019165
131345
0.179689182278
131365
0.180934068152
131385
0.17523619186
131405
0.173506809862
131425
0.178395510336
131445
0.177872321813
131465
0.186436800172
131485
0.159276418497
131505
0.216692573751
131525
0.2013030927
131545
0.188559835271
131565
0.183861232235
131585
0.183100842485
131605
0.173562325043
131625
0.176756971361
131645
0.176141257537
131665
0.172229960702
131685
0.170108607881
131705
0.178437567291
131725
0.186685777347
131745
0.226747550603
131765
0.204403531438
131785
0.229461065353
131805
0.196673463071
131825
0.184540872631
131845
0.191216152562
131865
0.189811450258
131885
0.191306995586
131905
0.186088568583
131925
0.186820359604
131945
0.190033510982
131965
0.186105391365
131985
0.181411835164
132005
0.186633626723
132025
0.185940528101
132045
0.186862416559
132065
0.184858823213
132085
0.188855916236
132105
0.192573751077
132125
0.189088070629
132145
0.189390880706
132165
0.190119307171
132185
0.189907340116
132205
0.19006379199
132225
0.19019500969
132245
0.189591071813
132265
0.0572176464255
132285
0.0573656869078
132305
0.0576365336994
132325
0.057035960379
132345
0.0576230754737
132365
0.0623099025624
132385
0.0629424391688
132405
0.0630450581395
132425
0.0624831772179
132445
0.0597578865202
132465
0.0589705803187
132485
0.0588578676787
132505
0.0641200339147
132525
0.0739479032084
132545
0.0752634447674
132565
0.0673415966839
132585
0.0611979166667
132605
0.059433206826
132625
0.0598436827089
132645
0.0590563765073
132665
0.0608126749569
132685
0.0607554774978
132705
0.143012152778
132725
0.150123142765
132745
0.145824921942
132765
0.137879521964
132785
0.135993688092
132805
0.136294815891
132825
0.0629390746124
132845
0.0626699100991
132865
0.0635110492033
132885
0.0619246608527
132905
0.0624411202627
132925
0.0617867140396
132945
0.0616538140612
132965
0.061273619186
132985
0.0804482262059
133005
0.0652858527132
133025
0.0613510039836
133045
0.0832155738587
133065
0.0666585917313
133085
0.0793782972653
133105
0.0888411121878
133125
0.0782949100991
133145
0.0623771936908
133165
0.0646634097761
133185
0.0783807062877
133205
0.149406492248
133225
0.0536512166236
133245
0.0737998627261
133265
0.075574666236
133285
0.0751440030146
133305
0.0729452653962
133325
0.0733708817829
133345
0.0726441375969
133365
0.0736148121232
133385
0.075009420758
133405
0.0739798664944
133425
0.0761449585487
133445
0.0804886008829
133465
0.0801891553618
133485
0.0781939734065
133505
0.0782023847976
133525
0.0783622012274
133545
0.0785152885444
133565
0.07709208118
133585
0.0784631379199
133605
0.0761348648794
133625
0.0762913167528
133645
0.0757496231697
133665
0.0754636358742
133685
0.0761045838717
133705
0.0752567156546
133725
0.0753610169035
133745
0.0767472141473
133765
0.0748529688846
133785
0.0767909533807
133805
0.0761567344961
133825
0.0757395295004
133845
0.0746914701766
133865
0.0748664271102
133885
0.0740471576227
133905
0.075179330857
133925
0.0768128229974
133945
0.0759128041559
133965
0.0768649736219
133985
0.0762139319552
134005
0.076898619186
134025
0.0771408672481
134045
0.0756352282515
134065
0.0751019460594
134085
0.076163463609
134105
0.0749572701335
134125
0.0759716838932
134145
0.07484792205
134165
0.0747469853575
134185
0.0741800576012
134205
0.0749572701335
134225
0.0752045650301
134245
0.0743819309862
134265
0.0762543066322
134285
0.07565541559
134305
0.074016876615
134325
0.0751641903531
134345
0.0754030738587
134365
0.0756604624246
134385
0.0758791585917
134405
0.0751019460594
134425
0.0758118674634
134445
0.0781149063307
134465
0.0772838608958
134485
0.0771358204134
134505
0.0751288625108
134525
0.0764242167313
134545
0.076099537037
134565
0.0764208521748
134585
0.0751944713609
134605
0.0764982369724
134625
0.0780274278639
134645
0.0751490498493
134665
0.0775900355297
134685
0.0766176787252
134705
0.0780896721576
134725
1.0
134745
0.9754353736
134765
0.976791289836
134785
0.985354085917
134805
0.987983486757
134825
0.990961119186
134845
0.99573710702
134865
0.993212007429
134885
0.996071880383
134905
0.99416922373
134925
0.994530913544
134945
0.996078609496
134965
0.749480176034
134985
0.755460675065
135005
0.758021102498
135025
0.757496231697
135045
0.758747846684
135065
0.758749528962
135085
0.759176827627
135105
0.759844692076
135125
0.759765625
135145
0.75978413006
135165
0.760556295758
135185
0.760271990741
135205
0.760201335056
135225
0.760181147717
135245
0.76031068314
135265
0.761755760121
135285
0.765073212748
135305
0.764829282407
135325
0.765093400086
135345
0.765879024009
135365
0.765867248062
135385
0.765460136736
135405
0.765340694983
135425
0.76512704565
135445
0.766525018842
135465
0.765143868432
135485
0.766016970823
135505
0.765914351852
135525
0.765096764643
135545
0.766304640396
135565
0.792267239987
135585
0.794642616817
135605
0.796272744401
135625
0.796313119078
135645
0.79701631137
135665
0.79698771264
135685
0.796190312769
135705
0.796343400086
135725
0.796646210164
135745
0.796626022825
135765
0.796351811477
135785
0.796323212748
135805
0.796294614018
135825
0.795559458441
135845
0.796807708872
135865
0.792512852606
135885
0.794440743432
135905
0.795599833118
135925
0.794684673773
135945
0.795041316753
135965
0.795332350883
135985
0.794997577519
136005
0.795276835702
136025
0.795653666021
136045
0.795103561047
136065
0.795365996447
136085
0.794866359819
136105
0.794894958549
136125
0.794748600345
136145
0.794970661068
136165
0.792672669035
136185
0.795374407838
136205
0.795374407838
136225
0.795882455857
136245
0.795895914083
136265
0.794879818045
136285
0.826405711671
136305
0.825652051034
136325
0.825936356051
136345
0.825778221899
136365
0.826432628122
136385
0.825451859927
136405
0.825483823213
136425
0.825769810508
136445
0.826247577519
136465
0.81737355997
136485
0.820955130276
136505
0.821259622631
136525
0.822107490848
136545
0.821676827627
136565
0.821774399763
136585
0.821114946705
136605
0.821227659345
136625
0.819790993755
136645
0.820648955642
136665
0.821247846684
136685
0.821094759367
136705
0.821442990956
136725
0.821350465655
136745
0.821506917528
136765
0.820151001292
136785
0.821473271964
136805
0.821866925065
136825
0.821806363049
136845
0.822738345177
136865
0.822304317399
136885
0.808275799419
136905
0.808395241171
136925
0.80867786391
136945
0.808965533484
136965
0.809493768842
136985
0.809993405469
137005
0.808650947459
137025
0.808755248708
137045
0.809577882752
137065
0.811004454673
137085
0.813867692183
137105
0.814089752907
137125
0.815238748923
137145
0.814570884475
137165
0.814868647717
137185
0.814636493325
137205
0.81537333118
137225
0.81456583764
137245
0.814966219854
137265
0.815361555233
137285
0.814897246447
137305
0.814905657838
137325
0.815534829888
137345
0.815073885659
137365
0.808295986757
137385
0.811726152024
137405
0.812151768411
137425
0.811941483635
137445
0.812362053187
137465
0.812156815245
137485
0.811482221684
137505
0.808482719638
137525
0.80933563469
137545
0.809968171296
137565
0.81000181686
137585
0.809301989126
137605
0.809858823213
137625
0.810064061154
137645
0.809675454888
137665
0.801095836025
137685
0.804576469638
137705
0.806475761736
137725
0.805622846684
137745
0.805634622631
137765
0.80500713286
137785
0.804150853252
137805
0.805762475775
137825
0.804727874677
137845
0.804423382321
137865
0.805057601206
137885
0.805244334087
137905
0.805054236649
137925
0.80533517711
137945
0.805402468239
137965
0.806766795866
137985
0.809017684109
138005
0.808311127261
138025
0.809338999246
138045
0.808285893088
138065
0.808930205642
138085
0.808804034776
138105
0.808322903208
138125
0.808608890504
138145
0.809158995478
138165
0.809093386628
138185
0.808467579134
138205
0.73352040267
138225
0.731353628338
138245
0.732354583872
138265
0.731717000431
138285
0.733390867248
138305
0.733331987511
138325
0.734686221469
138345
0.733412736865
138365
0.734048638028
138385
0.73439350506
138405
0.734489394918
138425
0.733725640612
138445
0.733027495155
138465
0.733816483635
138485
0.734146210164
138505
0.733345445736
138525
0.733893868432
138545
0.734201725345
138565
0.731696813092
138585
0.734893141688
138605
0.735209409991
138625
0.734970526486
138645
0.735875592162
138665
0.735217821382
138685
0.735330534022
138705
0.735291841624
138725
0.73543651755
138745
0.735693906115
138765
0.735752785853
138785
0.73537932009
138805
0.735724187123
138825
0.735892414944
138845
0.735579511197
138865
0.732105606697
138885
0.732437015504
138905
0.732687674957
138925
0.73428079242
138945
0.733306753338
138965
0.734275745586
138985
0.734509582257
139005
0.734650893626
139025
0.73363311531
139045
0.848095324612
139065
0.852825890935
139085
0.852918416236
139105
0.852652616279
139125
0.853320480728
139145
0.853878997093
139165
0.849932372416
139185
0.853135430125
139205
0.853049633936
139225
0.85267953273
139245
0.853078232666
139265
0.851651660745
139285
0.915275422588
139305
0.917672669035
139325
0.91803435885
139345
0.906712626507
