120480
0.128038556134
120500
0.135070167824
120520
0.184652416088
120540
0.209634331597
120560
0.182239221644
120580
0.181617115162
120600
0.106544777199
120620
0.151109302662
120640
0.110336371528
120660
0.109402488426
120680
0.140908203125
120700
0.0949204282407
120720
0.149040075231
120740
0.132796585648
120760
0.132790075231
120780
0.133289568866
120800
0.129499059606
120820
0.128277271412
120840
0.124012586806
120860
0.117975622106
120880
0.112643229167
120900
0.108663556134
120920
0.101844618056
120940
0.101282552083
120960
0.0959270109954
120980
0.0945008680556
121000
0.0934186921296
121020
0.0922106481481
121040
0.142801649306
121060
0.141085431134
121080
0.14320384838
121100
0.17482421875
121120
0.0922450086806
121140
0.0917371961806
121160
0.086695240162
121180
0.0783756510417
121200
0.0724363425926
121220
0.0644346788194
121240
0.0550915075231
121260
0.057060546875
121280
0.0555649594907
121300
0.0543243634259
121320
0.0590111400463
121340
0.0607027633102
121360
0.0603132233796
121380
0.0613914207176
121400
0.0618088107639
121420
0.0617075376157
121440
0.0625412326389
121460
0.0715617766204
121480
1.0
121500
1.0
121520
0.990784505208
121540
0.990784505208
121560
0.990784505208
121580
0.990784505208
121600
0.993558666088
121620
0.99359338831
121640
0.993591579861
121660
0.993591579861
121680
0.993297887731
121700
0.993299696181
121720
0.993299696181
121740
0.993299696181
121760
0.992327473958
121780
0.992327835648
121800
0.99232349537
121820
0.992325303819
121840
0.991989655671
121860
0.991970847801
121880
0.991970847801
121900
0.989640118634
121920
0.989679542824
121940
0.989674117477
121960
0.989686053241
121980
0.992939814815
122000
0.992950665509
122020
0.992946325231
122040
0.992946325231
122060
0.992698929398
122080
0.992698929398
122100
0.992698929398
122120
0.994274450231
122140
0.994292896412
122160
0.994289641204
122180
0.994289641204
122200
0.992821180556
122220
0.99283203125
122240
0.992833116319
122260
0.99283203125
122280
0.993897207755
122300
0.993897207755
122320
0.993897207755
122340
0.993897207755
122360
0.996346571181
122380
0.996346571181
122400
0.996344401042
122420
0.993930844907
122440
0.993974247685
122460
0.993974247685
122480
0.993974247685
122500
0.993872974537
122520
0.993894675926
122540
0.993894675926
122560
0.989500506366
122580
0.989497612847
122600
0.989488932292
122620
0.989483868634
122640
0.986314742477
122660
0.986379846644
122680
0.986380570023
122700
0.986410228588
122720
0.989425998264
122740
0.989454571759
122760
0.989459273727
122780
0.989460720486
122800
0.974361255787
122820
0.974368489583
122840
0.974377531829
122860
0.974389467593
122880
0.990134186921
122900
0.990146484375
122920
0.990148292824
122940
0.991559968171
122960
0.991589626736
122980
0.991589265046
123000
0.991608796296
123020
0.992082609954
123040
0.992057291667
123060
0.992060546875
123080
0.992061270255
123100
0.992739800347
123120
0.992748842593
123140
0.992739076968
123160
0.992739076968
123180
0.983764467593
123200
0.983767722801
123220
0.983743127894
123240
0.983483072917
123260
0.983512731481
123280
0.983512731481
123300
0.983512731481
123320
0.994877748843
123340
0.994884259259
123360
0.994884259259
123380
0.99488317419
123400
0.975960648148
123420
0.975960648148
123440
0.975959563079
123460
0.977932942708
123480
0.97796875
123500
0.978052300347
123520
0.978068214699
123540
0.956868489583
123560
0.956984230324
123580
0.956986762153
123600
0.957004123264
123620
0.978853081597
123640
0.978857783565
123660
0.978884910301
123680
0.984441550926
123700
0.984440104167
123720
0.984456741898
123740
0.971090856481
123760
0.97117259838
123780
0.971216001157
123800
0.971259403935
123820
0.971622178819
123840
0.971653645833
123860
0.97166015625
123880
0.971705729167
123900
0.979953342014
123920
0.97996021412
123940
0.979973234954
123960
0.981927806713
123980
0.981973741319
124000
0.982003038194
124020
0.983277271412
124040
0.98337818287
124060
0.983395543981
124080
0.98339879919
124100
0.983368417245
124120
0.983382523148
124140
0.983386863426
124160
0.987356047454
124180
0.987377025463
124200
0.987386791088
124220
0.983214699074
124240
0.983205656829
124260
0.983217592593
124280
0.983217592593
124300
0.989361255787
124320
0.989420211227
124340
0.989422381366
124360
0.978775318287
124380
0.978815104167
124400
0.978819806134
124420
0.979332682292
124440
0.979457826968
124460
0.979463252315
124480
0.966286168981
124500
0.966502097801
124520
0.966591073495
124540
0.96662037037
124560
0.974364149306
124580
0.974542462384
124600
0.974592013889
124620
0.97050745081
124640
0.970773654514
124660
0.97083948206
124680
0.970864800347
124700
0.979548611111
124720
0.979573567708
124740
0.979593098958
124760
0.973744212963
124780
0.973783275463
124800
0.97388635706
124820
0.973903356481
124840
0.978933376736
124860
0.978967013889
124880
0.978989438657
124900
0.973186125579
124920
0.973291377315
124940
0.973340928819
124960
0.959406467014
124980
0.959621672454
125000
0.959663990162
125020
0.959661096644
125040
0.966742259838
125060
0.966864149306
125080
0.966905020255
125100
0.956131727431
125120
0.956295572917
125140
0.956363570602
125160
0.972203776042
125180
0.972281177662
125200
0.972308666088
125220
0.975559534144
125240
0.975653211806
125260
0.975678891782
125280
0.975682508681
125300
0.952220775463
125320
0.952335431134
125340
0.952346643519
125360
0.971711154514
125380
0.971744068287
125400
0.971837384259
125420
0.987247902199
125440
0.987290581597
125460
0.987290219907
125480
0.987286964699
125500
0.987350983796
125520
0.987346281829
125540
0.987348451968
125560
0.976692346644
125580
0.976710792824
125600
0.976749855324
125620
0.98529224537
125640
0.985353370949
125660
0.985353370949
125680
0.985358796296
125700
0.985657190394
125720
0.98570384838
125740
0.98570276331
125760
0.98976634838
125780
0.989802879051
125800
0.989802517361
125820
0.975180844907
125840
0.975283926505
125860
0.975279586227
125880
0.979854239005
125900
0.979938151042
125920
0.979966724537
125940
0.979972873264
125960
0.980006148727
125980
0.980035445602
126000
0.980051359954
126020
0.97033130787
126040
0.970400752315
126060
0.970415943287
126080
0.987398365162
126100
0.987398365162
126120
0.987428023727
126140
0.987428023727
126160
0.972884837963
126180
0.972983579282
126200
0.972989728009
126220
0.980102719907
126240
0.980102358218
126260
0.980104890046
126280
0.969342447917
126300
0.969363425926
126320
0.969390190972
126340
0.968778573495
126360
0.968893590856
126380
0.96888671875
126400
0.969054542824
126420
0.969073712384
126440
0.969127242477
126460
0.98250072338
126480
0.982590784144
126500
0.982587890625
126520
0.98574182581
126540
0.985783420139
126560
0.985783420139
126580
0.983401692708
126600
0.983467158565
126620
0.983464626736
126640
0.986607349537
126660
0.986640625
126680
0.986642795139
126700
0.985963179977
126720
0.986000795718
126740
0.986002604167
126760
0.978386140046
126780
0.97851634838
126800
0.978524667245
126820
0.967524594907
126840
0.967704354745
126860
0.967808883102
126880
0.967808521412
126900
0.96611328125
126920
0.966127387153
126940
0.966135706019
126960
0.960069082755
126980
0.960091869213
127000
0.96011646412
127020
0.97970775463
127040
0.979722222222
127060
0.979728009259
127080
0.966026114005
127100
0.966112196181
127120
0.966185980903
127140
0.974113859954
127160
0.97419885706
127180
0.974227792245
127200
0.965007233796
127220
0.965321180556
127240
0.965358072917
127260
0.94300708912
127280
0.943544198495
127300
0.943566623264
127320
0.943571686921
127340
0.96859411169
127360
0.968620515046
127380
0.968640046296
127400
0.979659288194
127420
0.979700882523
127440
0.97972692419
127460
0.953302589699
127480
0.953672960069
127500
0.953700086806
127520
0.953757233796
127540
0.973703342014
127560
0.973703703704
127580
0.973702618634
127600
0.96064525463
127620
0.960787398727
127640
0.960851417824
127660
0.967996961806
127680
0.968040002894
127700
0.968033130787
127720
0.956184895833
127740
0.956312934028
127760
0.956325593171
127780
0.964098668981
127800
0.964307725694
127820
0.964318576389
127840
0.964325448495
127860
0.961072771991
127880
0.961123046875
127900
0.961108579282
127920
0.982002314815
127940
0.982008463542
127960
0.982008463542
127980
0.982542679398
128000
0.982570529514
128020
0.982586805556
128040
0.98259729456
128060
0.957784288194
128080
0.957782841435
128100
0.957848668981
128120
0.967998770255
128140
0.968043981481
128160
0.968041811343
128180
0.956535373264
128200
0.956541883681
128220
0.956541883681
128240
0.942809244792
128260
0.942814670139
128280
0.942909071181
128300
0.930829716435
128320
0.930844545718
128340
0.946277488426
128360
0.946477864583
128380
0.946477864583
128400
0.947431640625
128420
0.94759801794
128440
0.94759801794
128460
0.930252459491
128480
0.930255353009
128500
0.94843786169
128520
0.94855541088
128540
0.948561921296
128560
0.948252314815
128580
0.948479094329
128600
0.948479094329
128620
0.970129846644
128640
0.970125506366
128660
0.959357277199
128680
0.959663990162
128700
0.959657479745
128720
0.979720413773
128740
0.979722583912
128760
0.97972583912
128780
0.979695818866
128800
0.979695818866
128820
0.971342592593
128840
0.971578414352
128860
0.971579499421
128880
0.976018880208
128900
0.976024305556
128920
0.976024305556
128940
0.975602936921
128960
0.975607277199
128980
0.975595341435
129000
0.988597366898
129020
0.988594835069
129040
0.988594835069
129060
0.993032045718
129080
0.993032045718
129100
0.993032045718
129120
0.993032045718
129140
0.972463831019
129160
0.972462745949
129180
0.990319733796
129200
0.981163194444
129220
0.981291594329
129240
0.981329571759
129260
0.982701822917
129280
0.982697482639
129300
0.728861038773
129320
0.728824508102
129340
0.952591145833
129360
0.952591145833
129380
0.982072844329
129400
0.981788194444
129420
0.981750217014
129440
0.981802300347
129460
0.9819140625
129480
0.982021484375
129500
0.982021484375
129520
0.948102936921
129540
0.948247974537
129560
0.955243055556
129580
0.961807002315
129600
1.0
129620
0.984664713542
129640
0.938428819444
129660
0.936488715278
129680
0.936540798611
129700
0.936539713542
129720
0.938640407986
129740
0.9475390625
129760
1.0
129780
0.951748408565
129800
0.941589626736
129820
0.943486689815
129840
0.94349573206
129860
0.943580367477
129880
0.948469328704
129900
0.969762369792
129920
0.992106119792
129940
0.990845269097
129960
0.990875651042
129980
0.990882161458
130000
0.990882161458
130020
0.991469184028
130040
0.992693142361
130060
1.0
