139466
0.0995501893939
139486
0.0475423177083
139506
0.0461573745265
139526
0.193241003788
139546
0.16015329072
139566
0.144454308712
139586
0.130406605114
139606
0.0983827533144
139626
0.0990337949811
139646
0.127874940814
139666
0.120516690341
139686
0.161393229167
139706
0.129681581439
139726
0.124461410985
139746
0.142879971591
139766
0.0613636363636
139786
0.0593572443182
139806
0.0641424005682
139826
0.0939112807765
139846
0.0923798532197
139866
0.127305279356
139886
0.133328894413
139906
0.130162464489
139926
0.133173532197
139946
0.0640891335227
139966
0.0613340435606
139986
0.0609789299242
140006
0.0676550662879
140026
0.49433297822
140046
0.510471413352
140066
0.0814763849432
140086
0.0838541666667
140106
0.0562366832386
140126
0.0505859375
140146
0.0522742069129
140166
0.502993312027
140186
0.51347360322
140206
0.517950994318
140226
0.493764796402
140246
0.460786576705
140266
0.0743371212121
140286
0.0758685487689
140306
0.0771099668561
140326
0.0685828006629
140346
0.0701127485795
140366
0.0704190340909
140386
0.0709235913826
140406
0.126703065814
140426
0.13310694839
140446
0.134783380682
140466
0.126503314394
140486
0.847816051136
140506
0.854214015152
140526
0.855013020833
140546
0.865900213068
140566
0.796358605587
140586
0.0559540719697
140606
0.0581557765152
140626
0.057538766572
140646
0.0478781960227
140666
0.0475201231061
140686
0.118562085701
140706
0.117953953598
140726
0.0968498461174
140746
0.0850275213068
140766
0.109429746686
140786
0.105539772727
140806
0.209006569602
140826
0.194285629735
140846
0.0528305516098
140866
0.0559718276515
140886
0.0568344578598
140906
0.0584517045455
140926
0.784694602273
140946
0.809589547822
140966
0.0669108072917
140986
0.0636334043561
141006
0.0637458570076
141026
0.0637103456439
141046
0.0637547348485
141066
0.0634795217803
141086
0.140503669508
141106
0.14443655303
141126
0.0504956794508
141146
0.0515299479167
141166
0.0514041785038
141186
0.0490234375
141206
0.0623002485795
141226
0.0740145596591
141246
0.084150094697
141266
0.11269383286
141286
0.121204723011
141306
0.108405835701
141326
0.129833984375
141346
0.237815163352
141366
0.0544315222538
141386
0.0609330610795
141406
0.0610307173295
141426
0.0761955492424
141446
0.0767208214962
141466
0.115277284564
141486
0.123033558239
141506
0.0651012073864
141526
0.104925722064
141546
0.119418797348
141566
0.178842625473
141586
0.152644116951
141606
0.290974195076
141626
0.304896129261
141646
0.180190577652
141666
0.126719341856
141686
0.087665719697
141706
0.0679909446023
141726
0.0733235677083
141746
0.0851932410038
141766
0.0896632339015
141786
0.0682987097538
141806
0.067578125
141826
0.0665098248106
141846
0.0520078716856
141866
0.0608442826705
141886
0.0586100260417
141906
0.0587905421402
141926
0.056415719697
141946
0.0608354048295
141966
0.0751287286932
141986
0.0555382930871
142006
0.0604758522727
142026
0.0571673768939
142046
0.0770478219697
142066
0.0901677911932
142086
0.110962653883
142106
0.114423532197
142126
0.0546667850379
142146
0.0550366950758
142166
0.0593187736742
142186
0.0444483901515
142206
0.396690044981
142226
0.143594637784
142246
0.423592862216
142266
0.640471117424
142286
0.101194069602
142306
0.14023881392
142326
0.0702163233902
142346
0.11396780303
142366
0.155927438447
142386
0.086474609375
142406
0.0990189985795
142426
0.0853190104167
142446
0.116761363636
142466
0.717020300663
142486
0.688800603693
142506
0.0626109730114
142526
0.734127900095
142546
0.095282907197
142566
0.136553030303
142586
0.0807513612689
142606
0.0747588186553
142626
0.0710330847538
142646
0.0618607954545
142666
0.0605542732008
142686
0.096923828125
142706
0.079120797822
142726
0.0680116595644
142746
0.044219045928
142766
0.116057054924
142786
0.117049893466
142806
0.115059777462
142826
0.117257043087
142846
0.105683297822
142866
0.052001953125
142886
0.0721280184659
142906
0.0518095999053
142926
0.0560694839015
142946
0.191107362689
142966
0.11992335464
142986
0.163080018939
143006
0.0688861268939
143026
0.0701630563447
143046
0.0605024857955
143066
0.0583939985795
143086
0.0545735677083
143106
0.0577355587121
143126
0.12714991714
143146
0.0934156013258
143166
0.111101740057
143186
0.109548117898
143206
0.109022845644
143226
0.0629483309659
143246
0.0617616595644
143266
0.128425366951
143286
0.0910067471591
143306
0.0700757575758
143326
0.06845703125
143346
0.0687130089962
143366
0.0697679924242
143386
0.0673576586174
143406
0.0680501302083
143426
0.0690385298295
143446
0.100310724432
143466
0.415096768466
143486
0.996843927557
143506
0.99970259233
143526
0.988353752367
143546
0.966458037405
143566
0.954567649148
143586
0.935665246212
143606
0.917211174242
143626
0.896311257102
143646
0.885148851799
143666
0.869603752367
143686
0.849647845644
143706
0.831260357481
143726
0.820336174242
143746
0.826035748106
143766
0.823114938447
143786
0.815567294034
143806
0.818112275095
143826
0.815796638258
143846
0.808540482955
143866
0.804868016098
143886
0.806727923769
143906
0.806291429924
143926
0.796226917614
143946
0.790496271307
143966
0.79130415483
143986
0.783444306345
144006
0.791395892519
144026
0.79082179214
144046
0.802815755208
144066
0.803995028409
144086
0.795676491477
144106
0.796619022254
144126
0.808516808712
144146
0.800692471591
144166
0.795970939867
144186
0.796225437973
144206
0.804289476799
144226
0.810526160038
144246
0.80019679214
144266
0.794637784091
144286
0.802090731534
144306
0.80722952178
144326
0.799462890625
144346
0.809092388731
144366
0.811004083807
144386
0.811735026042
144406
0.818113754735
144426
0.808715080492
144446
0.811354758523
144466
0.805669981061
144486
0.809438624527
144506
0.824556107955
144526
0.82274946733
144546
0.816623757102
144566
0.825815281723
144586
0.849258700284
144606
0.86562795928
144626
0.889630681818
144646
0.906600674716
144666
0.92334132339
144686
0.940354225852
144706
0.936986564867
144726
0.953130918561
144746
0.970451586174
144766
0.985964133523
144786
0.986183120265
144806
0.986453894413
144826
0.985811730587
144846
0.985678562973
144866
0.970032848011
144886
0.969815340909
144906
0.964772727273
144926
0.964916252367
144946
0.965118963068
144966
0.946271306818
144986
0.946203243371
145006
0.944506096117
145026
0.944313742898
145046
0.944251598011
145066
0.946367483428
145086
0.948486328125
145106
0.931670217803
145126
0.929505504261
145146
0.90967240767
145166
0.895876242898
145186
0.889703184186
145206
0.864760890152
145226
0.843600556345
145246
0.823187440814
145266
0.803894412879
145286
0.790252130682
145306
0.796155894886
145326
0.793529533617
145346
0.787736742424
145366
0.791816110322
145386
0.795561079545
145406
0.805416962595
145426
0.802670750473
145446
0.802988873106
145466
0.81338334517
145486
0.81093454072
145506
0.803172348485
145526
0.804743726326
145546
0.811767578125
145566
0.801547703598
145586
0.804141512784
145606
0.805439157197
145626
0.806371330492
145646
0.808463541667
145666
0.809626538826
145686
0.806409801136
145706
0.800920336174
145726
0.78838038589
145746
0.792141631155
145766
0.792388731061
145786
0.795336174242
145806
0.795279947917
145826
0.791965553977
145846
0.798119377367
145866
0.794096235795
145886
0.799153645833
145906
0.816759883996
145926
0.818609434186
145946
0.824985203598
145966
0.82236476089
145986
0.821654533617
146006
0.825744258996
146026
0.81680131392
146046
0.818328302557
146066
0.808775745739
146086
0.802855705492
146106
0.799874230587
146126
0.793180338542
146146
0.787804805871
146166
0.801308001894
146186
0.805647786458
146206
0.798566228693
146226
0.808719519413
146246
0.79736328125
146266
0.801413056345
146286
0.809321732955
146306
0.808567116477
146326
0.812423058712
146346
0.805092921402
146366
0.806790068655
146386
0.802422170928
146406
0.79043264678
146426
0.782663056345
146446
0.780532374527
146466
0.775051787405
146486
0.781581439394
146506
0.781423117898
146526
0.777533143939
146546
0.771394116951
146566
0.758800899621
146586
0.764080255682
146606
0.772565991951
146626
0.77656693892
146646
0.772602982955
146666
0.775359552557
146686
0.789580374053
146706
0.788609730114
146726
0.787813683712
146746
0.798875473485
146766
0.798683120265
146786
0.798566228693
146806
0.804372336648
146826
0.806433475379
146846
0.808642578125
146866
0.811297052557
146886
0.819596354167
146906
0.810267223011
146926
0.814735736269
146946
0.811194957386
146966
0.808760949337
146986
0.820580314867
147006
0.821515447443
147026
0.831624348958
147046
0.842407966383
147066
0.835916785038
147086
0.828776041667
147106
0.822059955019
147126
0.824964488636
147146
0.831800426136
147166
0.847722833807
147186
0.849075224905
147206
0.846511008523
147226
0.832251716383
147246
0.835492128314
147266
0.83769827178
147286
0.841611919981
147306
0.845571437027
147326
0.853275923295
147346
0.862903941761
147366
0.852312677557
147386
0.849889026989
147406
0.846269827178
147426
0.844418797348
147446
0.847745028409
147466
0.856094637784
147486
0.865539180871
147506
0.843322383996
147526
0.843890565814
147546
0.828929924242
147566
0.834780421402
147586
0.830936316288
147606
0.820103870739
147626
0.802413293087
147646
0.805604876894
147666
0.791449159564
147686
0.769294507576
147706
0.76376953125
147726
0.772836766098
147746
0.784258108428
147766
0.780115116004
147786
0.774029356061
147806
0.798177083333
147826
0.805104758523
147846
0.810490648674
147866
0.829011304451
147886
0.818520655777
147906
0.817174183239
147926
0.839278527462
147946
0.844401041667
147966
0.834426787405
147986
0.842548532197
148006
0.833241595644
148026
0.836834161932
148046
0.853827829072
148066
0.841131036932
148086
0.854902047822
148106
0.86494436553
148126
0.870469341856
148146
0.867113517992
148166
0.877678148674
148186
0.890462239583
148206
0.906659860322
148226
0.909583629261
148246
0.909885475852
148266
0.918310546875
148286
0.929367897727
148306
0.941463955966
148326
0.950014796402
148346
0.957703006629
148366
0.948487807765
148386
0.946015329072
148406
0.927115885417
148426
0.912835878314
148446
0.90068359375
148466
0.901470762311
148486
0.877476917614
148506
0.863421815814
148526
0.821407433712
148546
0.794013375947
148566
0.766447679924
148586
0.771028645833
148606
0.768914240057
148626
0.746546519886
148646
0.731957267992
148666
0.750917376894
148686
0.750439453125
148706
0.784949100379
148726
0.813565340909
148746
0.841382575758
148766
0.886925899621
148786
0.905057410038
148806
0.905726207386
148826
0.919969223485
148846
0.945933948864
148866
0.968384528883
148886
0.967828184186
148906
0.968643465909
148926
0.968246922348
148946
0.968301669034
148966
0.968314985795
148986
0.968010179924
149006
0.971496212121
149026
1.0
149046
1.0
