194002
0.993201958955
194022
0.993200501399
194042
0.993200501399
194062
0.992199160448
194082
1.0
194102
1.0
194122
0.992403218284
194142
0.987494169776
194162
0.987498542444
194182
0.987498542444
194202
0.985334071828
194222
1.0
194242
1.0
194262
0.988752040578
194282
0.988768073694
194302
0.988768073694
194322
0.988768073694
194342
1.0
194362
1.0
194382
0.97938724347
194402
0.979538829291
194422
0.979541744403
194442
0.979541744403
194462
0.981273320896
194482
1.0
194502
0.985920009328
194522
0.985077541978
194542
0.985077541978
194562
0.985077541978
194582
0.982876632463
194602
1.0
194622
0.980480410448
194642
0.979017024254
194662
0.97899661847
194682
0.97899661847
194702
0.975164703825
194722
1.0
194742
1.0
194762
0.989284048507
194782
0.989284048507
194802
0.989284048507
194822
0.989155783582
194842
1.0
194862
0.999879022854
194882
0.991707964086
194902
0.991715251866
194922
0.991715251866
194942
0.990260611007
194962
1.0
194982
0.992088386194
195002
0.992869636194
195022
0.992869636194
195042
0.992869636194
195062
1.0
195082
1.0
195102
0.992065065299
195122
0.992634969683
195142
0.992639342351
195162
0.992639342351
195182
0.992493586754
195202
1.0
195222
0.989437091884
195242
0.989915170243
195262
0.989915170243
195282
0.989893306903
195302
0.999915461754
195322
1.0
195342
0.987360074627
195362
0.987370277519
195382
0.988148612407
195402
0.988158815299
195422
1.0
195442
1.0
195462
1.0
195482
0.993779151119
195502
0.993726679104
195522
0.993726679104
195542
0.993726679104
195562
1.0
195582
1.0
195602
1.0
195622
0.994949568563
195642
0.994916044776
195662
0.994918959888
195682
0.994869402985
195702
1.0
195722
1.0
195742
0.990928171642
195762
0.993187383396
195782
0.993187383396
195802
0.993187383396
195822
0.994722189832
195842
1.0
195862
1.0
195882
0.995434934701
195902
0.995413071362
195922
0.995413071362
195942
0.995413071362
195962
1.0
195982
1.0
196002
0.993610074627
196022
0.993595499067
196042
0.993602786847
196062
0.993395813899
196082
1.0
196102
0.996293435168
196122
0.994694496269
196142
0.994700326493
196162
0.994700326493
196182
0.994488980877
196202
1.0
196222
0.996118528451
196242
0.995375174907
196262
0.995373717351
196282
0.995373717351
196302
0.994107101213
196322
1.0
196342
0.992426539179
196362
0.993330223881
196382
0.99344245569
196402
0.99344245569
196422
0.993152402052
196442
1.0
196462
0.992260377799
196482
0.992569379664
196502
0.992569379664
196522
0.99256354944
196542
0.999661847015
196562
1.0
196582
0.977431203358
196602
0.977474930037
196622
0.977469099813
196642
0.977469099813
196662
1.0
196682
1.0
196702
0.98351795709
196722
0.98407474347
196742
0.984076201026
196762
0.984076201026
196782
0.999288712687
196802
1.0
196822
0.987389225746
196842
0.989563899254
196862
0.989563899254
196882
0.989563899254
196902
1.0
196922
1.0
196942
0.987364447295
196962
0.987351329291
196982
0.987351329291
197002
0.987351329291
197022
1.0
197042
1.0
197062
0.986772679571
197082
0.986813491138
197102
0.986813491138
197122
0.98429920709
197142
1.0
197162
0.986632754198
197182
0.987126865672
197202
0.987128323228
197222
0.987128323228
197242
0.985469624534
197262
1.0
197282
0.992669951026
197302
0.993733966884
197322
0.993870977146
197342
0.993870977146
197362
0.993311275653
197382
1.0
197402
1.0
197422
1.0
197442
0.994500641325
197462
0.989977845149
197482
0.984258395522
197502
0.983673915578
197522
0.983848822295
197542
0.98332264459
197562
0.983360541045
197582
0.983640391791
197602
0.979920708955
197622
0.973517665578
197642
0.964199510261
197662
0.962838152985
197682
0.956936508862
197702
0.953820254198
197722
0.952966126399
197742
0.944295125933
197762
0.938536322295
197782
0.93165520056
197802
0.924832381063
197822
0.921015041978
197842
0.916466009795
197862
0.922112581623
197882
0.918235482743
197902
0.919432136194
197922
0.919120219216
197942
0.920069088153
197962
0.922896746735
197982
0.919235366138
198002
0.921739447295
198022
0.919573519123
198042
0.921605352146
198062
0.922026585821
198082
0.922659165112
198102
0.921845848881
198122
0.920751224347
198142
0.925394997668
198162
0.923884969683
198182
0.923965135261
198202
0.91619636194
198222
0.918338969216
198242
0.920732276119
198262
0.922870510728
198282
0.924335354478
198302
0.929540286847
198322
0.936817863806
198342
0.934383745336
198362
0.936485541045
198382
0.940815939832
198402
0.945184235075
198422
0.947871968284
198442
0.954167152519
198462
0.955728194963
198482
0.955047516325
198502
0.946844391325
198522
0.945002040578
198542
0.941470382463
198562
0.936137185168
198582
0.936093458489
198602
0.931722248134
198622
0.931231051772
198642
0.927852437034
198662
0.922984200093
198682
0.923637185168
198702
0.920223589086
198722
0.919569146455
198742
0.923570137593
198762
0.928608908582
198782
0.92255859375
198802
0.925303171642
198822
0.927020172575
198842
0.92590076959
198862
0.922877798507
198882
0.922675198228
198902
0.91768306903
198922
0.91483646222
198942
0.913975046642
198962
0.909730643657
198982
0.906920475746
199002
0.908344507929
199022
0.9171875
199042
0.917595615672
199062
0.91865234375
199082
0.914233034049
199102
0.910455048974
199122
0.914397737873
199142
0.915713910914
199162
0.914113514459
199182
0.918111590485
199202
0.918458488806
199222
0.915635202892
199242
0.909135960821
199262
0.905785039646
199282
0.900326492537
199302
0.903960179571
199322
0.912692397388
199342
0.914757754198
199362
0.905344857743
199382
0.909065998134
199402
0.910800489739
199422
0.912693854944
199442
0.919608500466
199462
0.919366546175
199482
0.922399720149
199502
0.926636835354
199522
0.925059759795
199542
0.913912371735
199562
0.915703708022
199582
0.917559176772
199602
0.91804454291
199622
0.909606751399
199642
0.918458488806
199662
0.910680970149
199682
0.907751282649
199702
0.906792210821
199722
0.91153801306
199742
0.906473006063
199762
0.920397038246
199782
0.913424090485
199802
0.911097831157
199822
0.920758512127
199842
0.921039820429
199862
0.921523729011
199882
0.921826900653
199902
0.915938374534
199922
0.917213736007
199942
0.921197236474
199962
0.919319904384
199982
0.927132404384
200002
0.926836520522
200022
0.925632579291
200042
0.923686742071
200062
0.913622318097
200082
0.909678171642
200102
0.911336870336
200122
0.909947819496
200142
0.913737465019
200162
0.912671991604
200182
0.910619752799
200202
0.915906308302
200222
0.910638701026
200242
0.91193592584
200262
0.910838386194
200282
0.911956331623
200302
0.920321245336
200322
0.917992070896
200342
0.920636077425
200362
0.922525069963
200382
0.916543260261
200402
0.918573635728
200422
0.920899895056
200442
0.910000291511
200462
0.917130655317
200482
0.91396484375
200502
0.917021338619
200522
0.91916248834
200542
0.913099055504
200562
0.913851154384
200582
0.905801072761
200602
0.905808360541
200622
0.900558243937
200642
0.904729769123
200662
0.902751865672
200682
0.90321536847
200702
0.903423798974
200722
0.904008278918
200742
0.914225746269
200762
0.90986328125
200782
0.917094216418
200802
0.920700209888
200822
0.929706448228
200842
0.936742070896
200862
0.933910039646
200882
0.927069729478
200902
0.931481751399
200922
0.93272941931
200942
0.928393190299
200962
0.932289237407
200982
0.927769356343
201002
0.925016033116
201022
0.924230410448
201042
0.924746385261
201062
0.926482334422
201082
0.923080398787
201102
0.923003148321
201122
0.928659923041
201142
0.926961870336
201162
0.925304629198
201182
0.92276119403
201202
0.922651877332
201222
0.931104244403
201242
0.93818359375
201262
0.935057136194
201282
0.932781891325
201302
0.927967583955
201322
0.937309060168
201342
0.932636135728
201362
0.934170942164
201382
0.928993703358
201402
0.929082614272
201422
0.926520230877
201442
0.922676655784
201462
0.910592059235
201482
0.909504722481
201502
0.914581389925
201522
0.91623280084
201542
0.918887010261
201562
0.917311392257
201582
0.915224172108
201602
0.916167210821
201622
0.919834421642
201642
0.920660855877
201662
0.917643715019
201682
0.917457147854
201702
0.923696944963
201722
0.918739797108
201742
0.918401644123
201762
0.911259619869
201782
0.915001166045
201802
0.926851096082
201822
0.935621210354
201842
0.937873134328
201862
0.943830165578
201882
0.950142840485
201902
0.956311217351
201922
0.957515158582
201942
0.963466359608
201962
0.97257316931
201982
0.977485132929
202002
0.986431611474
202022
0.990963152985
202042
0.987469391325
202062
0.977648379198
202082
0.96462657416
202102
0.952747493004
202122
0.946599521922
202142
0.93445808069
202162
0.928856693097
202182
0.922434701493
202202
0.911435984142
202222
0.904926539179
202242
0.888801597481
202262
0.878719682836
202282
0.87605235541
202302
0.877369986007
202322
0.885370510728
202342
0.880298215951
202362
0.885892315765
202382
0.89695808069
202402
0.891930970149
202422
0.895144881063
202442
0.900671933302
202462
0.915125058302
202482
0.913996909981
202502
0.915235832556
202522
0.919107101213
202542
0.923841243004
202562
0.934804979011
202582
0.935717409049
202602
0.927617770522
202622
0.921216184701
202642
0.929171525187
202662
0.934484316698
202682
0.935288887593
202702
0.927292735541
202722
0.926160214552
202742
0.932577833489
202762
0.931028451493
202782
0.930219507929
202802
0.922411380597
202822
0.924644356343
202842
0.926693680037
202862
0.934619869403
202882
0.924899428638
202902
0.920013701026
202922
0.912360074627
202942
0.919688666045
202962
0.911724580224
202982
0.905066464552
203002
0.904795359142
203022
0.898608034049
203042
0.891890158582
203062
0.902313141325
203082
0.916597189832
203102
0.919544368004
203122
0.928595790578
203142
0.935781541511
203162
0.943459946362
203182
0.950341068097
203202
0.964187849813
203222
0.968502215485
203242
0.972526527519
203262
0.994276177705
203282
0.994567688899
203302
0.994067747201
203322
0.994298041045
203342
0.994765916511
203362
0.994777576959
203382
0.994777576959
203402
0.995006413246
203422
1.0
203442
0.0646309468284
203462
0.0415758123445
203482
0.0417133084577
203502
0.0417779267724
203522
0.0418265119714
203542
1.0
203562
1.0
203582
1.0
