133639
0.273280090138
133659
0.290244454754
133679
0.330742974549
133699
0.372163860905
133719
0.33511040783
133739
0.336830870007
133759
0.335198778279
133779
0.340694315571
133799
0.340644607193
133819
0.339584161806
133839
0.33820475433
133859
0.341674675239
133879
0.340819967303
133899
0.339940405179
133919
0.351918743372
133939
0.347676961824
133959
0.347033514493
133979
0.351489318222
133999
0.346738025804
134019
0.0856917196889
134039
0.10417218982
134059
0.0928193487098
134079
0.123366527483
134099
0.107990069371
134119
0.114381738247
134139
0.115360717126
134159
0.115124602333
134179
0.0664186770944
134199
0.0619697773065
134219
0.0621271871686
134239
0.985405068045
134259
0.985539004507
134279
0.985514150318
134299
0.0671863953694
134319
0.0687273550725
134339
0.10397335631
134359
0.105216065748
134379
0.143521893779
134399
0.135466375044
134419
0.980286485949
134439
0.980325148021
134459
0.980321005656
134479
0.0664642431071
134499
0.0869261443973
134519
0.0813670908448
134539
0.086538142895
134559
0.98106525053
134579
0.98107353526
134599
0.986243206522
134619
0.986392331654
134639
0.0666755037116
134659
0.0615665871333
134679
0.102697507953
134699
0.155393911276
134719
0.0984805805938
134739
0.0898271805408
134759
0.979398639095
134779
0.97940278146
134799
0.982700103835
134819
0.982932076264
134839
0.138664280665
134859
0.137461614086
134879
0.135942746995
134899
0.136235474107
134919
0.139173791534
134939
0.137863423471
134959
0.0800429148993
134979
0.081383660304
134999
0.988459371686
135019
0.988455229321
135039
0.98858364263
135059
0.9885753579
135079
0.0719114528102
135099
0.098570331831
135119
0.0874853636444
135139
0.0746840756451
135159
0.11597792948
135179
0.0653264735772
135199
0.070866196094
135219
0.07712254772
135239
0.0707805872216
135259
0.0878498917462
135279
0.164027980293
135299
0.156861689201
135319
0.167311494786
135339
0.167478570166
135359
0.0655957272888
135379
0.0610336028632
135399
0.0621686108165
135419
0.0631061660481
135439
0.0656606243372
135459
0.0695558280311
135479
0.0651883947508
135499
0.107176785083
135519
0.127642828738
135539
0.060290738777
135559
0.0629225212089
135579
0.0861335719335
135599
0.081169638123
135619
0.97913214696
135639
0.979321314952
135659
0.979325457317
135679
0.987982999735
135699
0.988016138653
135719
0.104114196713
135739
0.141603978879
135759
0.13391022667
135779
0.0794132754507
135799
0.0753233806115
135819
0.0708413419053
135839
0.0777867068752
135859
0.0763672565394
135879
0.979801829268
135899
0.979810113998
135919
0.985741980382
135939
0.985762692206
135959
0.0819994918699
135979
0.0815410701661
135999
0.0972461558855
136019
0.0946875552315
136039
0.0401215645988
136059
0.0466402659951
136079
0.0502758814952
136099
0.0979006495228
136119
0.99208394088
136139
0.99208394088
136159
0.99097792948
136179
0.991040064952
136199
0.0524810003535
136219
0.049459835631
136239
0.0535718230824
136259
0.140323988158
136279
0.149736821757
136299
0.114528101803
136319
0.120407498233
136339
0.142708609491
136359
0.147406051166
136379
0.120537292329
136399
0.086966187257
136419
0.0810909331919
136439
0.134584051343
136459
0.0823295002651
136479
0.990265442736
136499
0.990265442736
136519
0.992129506893
136539
0.992129506893
136559
0.0754462707671
136579
0.0672761466066
136599
0.039036265023
136619
0.0373668920113
136639
0.106192283051
136659
0.09441830152
136679
0.106425636267
136699
0.107277582626
136719
0.0934172300283
136739
0.0921275737893
136759
0.0883041710852
136779
0.0846326550901
136799
0.0827354520148
136819
0.0861791379463
136839
0.0873900892542
136859
0.988151455903
136879
0.989619233828
136899
0.989619233828
136919
0.988633351007
136939
0.988637493372
136959
0.0924189201131
136979
0.167011863733
136999
0.173214364616
137019
0.186920068929
137039
0.176768513609
137059
0.177770965889
137079
0.183577180541
137099
0.0736429612937
137119
0.0720122503535
137139
0.0704105359668
137159
0.990766668876
137179
0.990766668876
137199
0.987411353393
137219
0.987407211029
137239
0.201392110728
137259
0.199116571668
137279
0.18670466596
137299
0.0846105624779
137319
0.0844006826617
137339
0.982564786585
137359
0.982921029958
137379
0.982925172322
137399
0.19720556071
137419
0.202910977819
137439
0.200606442206
137459
0.197668124779
137479
0.0842736501414
137499
0.0837158116826
137519
0.0784494852421
137539
0.100720219159
137559
0.0994609402616
137579
0.192165683545
137599
0.187085763521
137619
0.19535254286
137639
0.187440626105
137659
0.193585133881
137679
0.184458123454
137699
0.19407117135
137719
0.0459940570873
137739
0.0465477531813
137759
0.0462343142453
137779
0.0480196734712
137799
0.0498505987098
137819
0.0478042705019
137839
0.0444268624072
137859
0.0469398970484
137879
0.0498699297455
137899
0.0507577765995
137919
0.0520336249558
137939
0.051502021474
137959
0.0499555386179
137979
0.0499237804878
137999
0.0496973312124
138019
0.0490027947154
138039
0.190355470131
138059
0.186197916667
138079
0.191998608165
138099
0.204486457229
138119
0.203198181778
138139
0.197224891746
138159
0.208646772269
138179
0.208061318045
138199
0.206431987893
138219
0.192394894397
138239
0.0750610308413
138259
0.0759695895193
138279
0.0764072993991
138299
0.0723988710675
138319
0.0685920378226
138339
0.0672015840403
138359
0.107707007777
138379
0.110666037027
138399
0.112242897225
138419
0.120537292329
138439
0.126281371509
138459
0.114250563362
138479
0.112081344998
138499
0.117470561594
138519
0.115596831919
138539
0.109477178332
138559
0.12199264316
138579
0.103538408006
138599
0.109094699982
138619
0.107278963415
138639
0.100627706345
138659
0.110291843408
138679
0.097583068222
138699
0.0995879727819
138719
0.108491295511
138739
0.113453848533
138759
0.108140575292
138779
0.109982546836
138799
0.109935600035
138819
0.11480840182
138839
0.988982690438
138859
0.989344456964
138879
0.989348599328
138899
0.985530719777
138919
0.985514150318
138939
0.987626756363
138959
0.987622613998
138979
0.969429347826
138999
0.96945834438
139019
0.985932529162
139039
0.985961525716
139059
0.97046079666
139079
0.970663772534
139099
0.982063560445
139119
0.982084272269
139139
0.986686439555
139159
0.984536552227
139179
0.984590402969
139199
0.985431303022
139219
1.0
139239
1.0
139259
0.9988939886
139279
0.995012592789
139299
0.990609259014
139319
0.98647517895
139339
0.982544074761
139359
0.977196281813
139379
0.973190615058
139399
0.969077246819
139419
0.961567139449
139439
0.956260770148
139459
0.950196348091
139479
0.948779659332
139499
0.947640509014
139519
0.947130998144
139539
0.94387233784
139559
0.941871575645
139579
0.938469313362
139599
0.93819177492
139619
0.935514426476
139639
0.935000773241
139659
0.931590226228
139679
0.929374061064
139699
0.928919781725
139719
0.929622602952
139739
0.93022048427
139759
0.933044196271
139779
0.935174752563
139799
0.932052790297
139819
0.927594224991
139839
0.936642530488
139859
0.922347229586
139879
0.919600841729
139899
0.923629981884
139919
0.921133516702
139939
0.92154913397
139959
0.923178464122
139979
0.922366560622
139999
0.92567769088
140019
0.928881119654
140039
0.926844456964
140059
0.927010151555
140079
0.924624149434
140099
0.919381296394
140119
0.923670024744
140139
0.923279261665
140159
0.92044312257
140179
0.923015531106
140199
0.919649169318
140219
0.91552613556
140239
0.921249502916
140259
0.920162822552
140279
0.922438361612
140299
0.927409199364
140319
0.925986987451
140339
0.936692238865
140359
0.924448789325
140379
0.921279880258
140399
0.922224339431
140419
0.922054502474
140439
0.928128590049
140459
0.930553254242
140479
0.93102410304
140499
0.931432816366
140519
0.930493880346
140539
0.930633339961
140559
0.930112782785
140579
0.934426365323
140599
0.937164468452
140619
0.942777372747
140639
0.934745327413
140659
0.938166920732
140679
0.934643149081
140699
0.938477598091
140719
0.943277218098
140739
0.943159851096
140759
0.940152494256
140779
0.939626413927
140799
0.941744543125
140819
0.940584680983
140839
0.950759709703
140859
0.944721522623
140879
0.943271694945
140899
0.941277836691
140919
0.936076407299
140939
0.935278311683
140959
0.933795345087
140979
0.927249027925
140999
0.931412104542
141019
0.933886477112
141039
0.931662027218
141059
0.93212182971
141079
0.933185036674
141099
0.933788441145
141119
0.93360203473
141139
0.931619222782
141159
0.929035767939
141179
0.926334946094
141199
0.924024887328
141219
0.924769132202
141239
0.925257931248
141259
0.921118328031
141279
0.923480856752
141299
0.927835862937
141319
0.922091783758
141339
0.935387393955
141359
0.917442669671
141379
0.91677574894
141399
0.917878998763
141419
0.91539081831
141439
0.915116041446
141459
0.912405554083
141479
0.909736490368
141499
0.910446215536
141519
0.913985175857
141539
0.911615743195
141559
0.914647954224
141579
0.918579058413
141599
0.916801983917
141619
0.924749801166
141639
0.922947872481
141659
0.922438361612
141679
0.926312853482
141699
0.923141182838
141719
0.925210984447
141739
0.92765912204
141759
0.924878214475
141779
0.927656360463
141799
0.933978989926
141819
0.925458145546
141839
0.938324330594
141859
0.924596533669
141879
0.924549586868
141899
0.9224397424
141919
0.924454312478
141939
0.919065095882
141959
0.919263929392
141979
0.921474571403
141999
0.922793224196
142019
0.919899091994
142039
0.91469075866
142059
0.915109137504
142079
0.915987318841
142099
0.911916755037
142119
0.913478426564
142139
0.916008030665
142159
0.913276831478
142179
0.914652096589
142199
0.906954202015
142219
0.909606696271
142239
0.910527682043
142259
0.911530134323
142279
0.912480116649
142299
0.911846334836
142319
0.912081068841
142339
0.929534232503
142359
0.913345870891
142379
0.907989793213
142399
0.908615290297
142419
0.91166821315
142439
0.913419052669
142459
0.917227266702
142479
0.922519828119
142499
0.922363799046
142519
0.930542207936
142539
0.929049575822
142559
0.924481928243
142579
0.920757942294
142599
0.915999745935
142619
0.917514470661
142639
0.909514183457
142659
0.915002816808
142679
0.92317156018
142699
0.920397556557
142719
0.925957990898
142739
0.928228006805
142759
0.926420554966
142779
0.927935279692
142799
0.932533304613
142819
0.937105094556
142839
0.948982635207
142859
0.941464243107
142879
0.950660292948
142899
0.961235750265
142919
0.972026610551
142939
0.981454632821
142959
0.987200092789
142979
0.988061704666
142999
0.989590237275
143019
0.995505534199
143039
0.998438328473
143059
0.998674443266
143079
0.995211426299
143099
0.995327412513
143119
1.0
143139
1.0
143159
1.0
143179
1.0
143199
1.0
143219
1.0
