128022
0.216826131687
128042
0.0992206790123
128062
0.0944246720679
128082
0.0940293852881
128102
0.0947354038066
128122
0.0925316679527
128142
0.583100726595
128162
0.45029690715
128182
0.171361239712
128202
0.199715149177
128222
0.212205825617
128242
0.267970196759
128262
0.2564531893
128282
0.137777134774
128302
0.163615129887
128322
0.168230613426
128342
0.161206114969
128362
0.157819251543
128382
0.295014628344
128402
0.301563303755
128422
0.146085230195
128442
0.145970775463
128462
0.146315264918
128482
0.143594875257
128502
0.292006012088
128522
0.3116796875
128542
0.346168016975
128562
0.119744245113
128582
0.121397890947
128602
0.124105902778
128622
0.337392457562
128642
0.32721096965
128662
0.188150720165
128682
0.191903935185
128702
0.422927597737
128722
0.421311567644
128742
0.417055684156
128762
0.417977752058
128782
0.426690940072
128802
0.417373167438
128822
0.234750675154
128842
0.11359375
128862
0.1046875
128882
0.103448109568
128902
0.100626125257
128922
0.101797035751
128942
0.106165444959
128962
0.105302372685
128982
0.105319251543
129002
0.104858539095
129022
0.104165380658
129042
0.106547067901
129062
0.104050443673
129082
0.168021154835
129102
0.155965309928
129122
0.156150334362
129142
0.165526941872
129162
0.126036361883
129182
0.123714313272
129202
0.368919753086
129222
0.360821277006
129242
0.363507587449
129262
0.097778742284
129282
0.096635320216
129302
0.096551086677
129322
0.0947908629115
129342
0.0939887152778
129362
0.0942472029321
129382
0.142170460391
129402
0.14188898534
129422
0.142109696502
129442
0.140835262346
129462
0.141707658179
129482
0.0891341949588
129502
0.0887543402778
129522
0.143048643261
129542
0.148435731739
129562
0.129280960648
129582
0.142462062757
129602
0.136298868313
129622
0.137863779578
129642
0.136741737397
129662
0.143099119084
129682
0.142502572016
129702
0.144800186471
129722
0.28168434928
129742
0.27632507073
129762
0.164480774177
129782
0.163215342078
129802
0.163320151749
129822
0.164432066615
129842
0.168702096193
129862
0.101535011574
129882
0.114392843364
129902
0.0442058899177
129922
0.0467139274691
129942
0.0465407986111
129962
0.0679571759259
129982
0.0693614969136
130002
0.0630198688272
130022
0.0650798932613
130042
0.0994896154835
130062
0.0952734375
130082
0.0833907214506
130102
0.0706965342078
130122
0.0819651813272
130142
0.0563956404321
130162
0.120574524177
130182
0.0787178497942
130202
0.0758995627572
130222
0.0676711998457
130242
0.073654996142
130262
0.161793338477
130282
0.174313593107
130302
0.171325231481
130322
0.131113683128
130342
0.122728427212
130362
0.117717656893
130382
0.11775945216
130402
0.135913387346
130422
0.130717914095
130442
0.12846096965
130462
0.0817168209877
130482
0.0797373328189
130502
0.0735509902263
130522
0.0747471386317
130542
0.0739623521091
130562
0.0724405221193
130582
0.0735697980967
130602
0.0741602366255
130622
0.0754988104424
130642
0.0799646347737
130662
0.140409272119
130682
0.137852366255
130702
0.0907249871399
130722
0.0925858410494
130742
0.0948112782922
130762
1.0
130782
1.0
130802
0.509469682356
130822
0.409072305813
130842
0.410120081019
130862
0.410248038837
130882
0.447553690844
130902
0.43262345679
130922
0.439327578447
130942
0.439793917181
130962
0.480856963735
130982
0.480229873971
131002
0.478249742798
131022
0.477930491255
131042
0.476052758488
131062
0.474511316872
131082
0.475340470679
131102
0.475261381173
131122
0.477224794239
131142
0.4756171232
131162
0.475296264146
131182
0.475403002829
131202
0.47286715535
131222
0.471008391204
131242
0.471667309671
131262
0.469177115484
131282
0.470363136574
131302
0.471011766975
131322
0.47070151749
131342
0.469426279578
131362
0.469306520062
131382
0.465049189815
131402
0.466805555556
131422
0.464759034208
131442
0.462939975566
131462
0.464051408179
131482
0.463886156121
131502
0.462363200874
131522
0.463270640432
131542
0.46236400463
131562
0.461575199331
131582
0.344670138889
131602
0.31537808642
131622
0.316331822274
131642
0.317060024434
131662
0.384611464763
131682
0.385574202675
131702
0.383769290123
131722
0.386848154578
131742
0.380743955761
131762
0.406519418724
131782
0.407444380144
131802
0.408338638117
131822
0.344284657922
131842
0.347429591049
131862
0.34813753858
131882
0.345990708591
131902
0.344893422068
131922
0.34320617927
131942
0.34228121785
131962
0.34148598251
131982
0.33610307356
132002
0.338197820216
132022
0.349797614455
132042
0.349828800154
132062
0.341884162809
132082
0.343623167438
132102
0.342427179784
132122
0.340865162037
132142
0.341380208333
132162
0.344537840792
132182
0.346098894033
132202
0.343719457305
132222
0.33311567644
132242
0.33170476466
132262
0.3312188143
132282
0.330621784979
132302
0.330876093107
132322
0.329788773148
132342
0.329168595679
132362
0.395397215792
132382
0.395497524434
132402
0.339521122685
132422
0.340006108539
132442
0.339698591821
132462
0.327805909208
132482
0.336623263889
132502
0.339471450617
132522
0.336606063529
132542
0.338938882459
132562
0.33801247428
132582
0.338947723765
132602
0.333724119084
132622
0.336141653807
132642
0.334520158179
132662
0.33373119213
132682
0.334301054527
132702
0.330670010288
132722
0.330880433385
132742
0.330706018519
132762
0.330500578704
132782
0.333679912551
132802
0.334142875514
132822
0.334444765947
132842
0.358597447274
132862
0.357284111368
132882
0.330807613169
132902
0.330221193416
132922
0.328769611626
132942
0.327476691101
132962
0.328543113426
132982
0.329740708591
133002
0.330550411523
133022
0.329105902778
133042
0.334549897119
133062
0.336870016718
133082
0.350044688786
133102
0.348567708333
133122
0.33261879501
133142
0.330786715535
133162
0.317942547582
133182
0.318082079475
133202
0.319376286008
133222
0.350766460905
133242
0.351544335134
133262
0.333516428755
133282
0.339468235597
133302
0.339628022119
133322
0.33952192644
133342
0.33828285751
133362
0.339007362397
133382
0.321967431842
133402
0.340410075874
133422
0.359668852881
133442
0.339664673354
133462
0.339625450103
133482
0.328591177984
133502
0.327876318158
133522
0.326711194702
133542
0.321229263117
133562
0.337281860854
133582
0.339130658436
133602
0.343069219393
133622
0.342124003344
133642
0.341650913066
133662
0.367251157407
133682
0.352076742541
133702
0.44549382716
133722
0.568649209105
133742
0.917803819444
133762
0.946428755144
133782
0.944810796039
133802
0.94446244856
133822
0.943024369856
133842
0.941658307613
133862
0.938601466049
133882
0.938647119342
133902
0.936049221965
133922
0.936534690072
133942
0.932915219907
133962
0.933134645062
133982
0.926792373971
134002
0.92936406893
134022
0.927218846451
134042
0.927778581533
134062
0.926997170782
134082
0.926739326132
134102
0.925230195473
134122
0.921677115484
134142
0.921254340278
134162
0.92427179784
134182
0.924297518004
134202
0.923113908179
134222
0.924119727366
134242
0.921905060442
134262
0.925168627829
134282
0.926005497685
134302
0.925504918981
134322
0.923877475566
134342
0.926291634516
134362
0.924543467078
134382
0.929948238169
134402
0.929393486368
134422
0.930533371914
134442
0.93016091178
134462
0.926638374486
134482
0.929080182613
134502
0.928430909208
134522
0.93100469393
134542
0.930716949588
134562
0.930596064815
134582
0.93047807356
134602
0.933901105967
134622
0.93061873071
134642
0.930644772377
134662
0.929971225566
134682
0.928832947531
134702
0.928753858025
134722
0.92703591178
134742
0.925569862397
134762
0.924429494599
134782
0.926483088992
134802
0.925596064815
134822
0.9239374357
134842
0.923981642233
134862
0.922354359568
134882
0.923208912037
134902
0.925807130916
134922
0.927633101852
134942
0.931639338992
134962
0.932627475566
134982
0.932992701903
135002
0.933631687243
135022
0.933377218364
135042
0.929764178241
135062
0.930223765432
135082
0.931977076903
135102
0.932988683128
135122
0.933267586163
135142
0.932392779064
135162
0.93510464892
135182
0.932251800412
135202
0.931879501029
135222
0.930672260802
135242
0.931778388632
135262
0.934262956533
135282
0.933164866255
135302
0.934339474023
135322
0.93404224537
135342
0.934428208591
135362
0.934082272377
135382
0.932507073045
135402
0.9256719393
135422
0.921786908436
135442
0.921735146605
135462
0.924041763117
135482
0.921335841049
135502
0.920172003601
135522
0.914126318158
135542
0.915035847479
135562
0.920239519033
135582
0.921281828704
135602
0.919434638632
135622
0.915606835134
135642
0.915128440072
135662
0.922850276492
135682
0.932419463735
135702
0.935574202675
135722
0.940626929012
135742
0.946199524177
135762
0.955082626029
135782
0.957086709105
135802
0.960005465535
135822
0.963968621399
135842
0.968830697016
135862
0.978409047068
135882
0.984407310957
135902
0.989961580504
135922
0.995052726337
135942
0.983224665638
135962
0.971716177984
135982
0.959427244084
136002
0.948098958333
136022
0.936693351337
136042
0.916452064043
136062
0.915220711163
136082
0.895296585648
136102
0.889531410751
136122
0.872910397377
136142
0.867143614969
136162
0.856490965792
136182
0.843994020062
136202
0.843070666152
136222
0.838354230967
136242
0.839774144805
136262
0.838507587449
136282
0.835965470679
136302
0.840825456533
136322
0.84050620499
136342
0.841400945216
136362
0.852186374743
136382
0.862130433385
136402
0.867049093364
136422
0.86156876929
136442
0.869055587706
136462
0.873259227109
136482
0.880097415123
136502
0.887064364712
136522
0.898514981996
136542
0.908491833848
136562
0.91890625
136582
0.923318865741
136602
0.92960005144
136622
0.938151684671
136642
0.925566808128
136662
0.923624292695
136682
0.925272312243
136702
0.932628922325
136722
0.932334104938
136742
0.931352880658
136762
0.930634162809
136782
0.932020801183
136802
0.930137924383
136822
0.925654578189
136842
0.925021379887
136862
0.914449106224
136882
0.902092335391
136902
0.891839795525
136922
0.895672421553
136942
0.891225083591
136962
0.901039737654
136982
0.901747524434
137002
0.910164930556
137022
0.917612686471
137042
0.920234857253
137062
0.925328414352
137082
0.93154851466
137102
0.935578382202
137122
0.947725212191
137142
0.963446180556
137162
0.980076195988
137182
0.985309606481
137202
0.987837255658
137222
0.980287583591
137242
0.980279385288
137262
0.980279385288
137282
0.980277938529
137302
0.980280189043
137322
0.980286779835
137342
0.980289191101
137362
0.980289834105
137382
0.980291120113
137402
0.980289834105
137422
0.98033902392
137442
1.0
137462
0.118032085905
137482
0.0509355709877
137502
0.0504864326132
137522
0.0509381430041
137542
0.050792663323
137562
0.602405960648
137582
1.0
137602
1.0
