111703
0.0969662215359
111723
0.0961702095446
111743
0.0928022044574
111763
0.0998376180959
111783
0.099050690407
111803
0.0944131540698
111823
0.0949907642926
111843
0.0881862433382
111863
0.086861449249
111883
0.088646514656
111903
0.0977043210998
111923
0.0913778615552
111943
0.0873917453973
111963
0.0860415909641
111983
0.0826906189438
112003
0.0844563802083
112023
0.086939422844
112043
0.0743035368217
112063
0.0596634265988
112083
0.0854106104651
112103
0.10188461422
112123
0.0960676326308
112143
0.0997191436531
112163
0.0902230196221
112183
0.0876960695252
112203
0.0898766805959
112223
0.0831459695979
112243
0.0959733829942
112263
0.0766927083333
112283
0.0705714026163
112303
0.0656261355378
112323
0.0597845506298
112343
0.106870382146
112363
0.127162820979
112383
0.137097641109
112403
0.139562136628
112423
0.121944646318
112443
0.110047995397
112463
0.138461421996
112483
0.123678234012
112503
0.0756078912306
112523
0.179994095203
112543
0.16204237827
112563
0.116734420422
112583
0.10967667454
112603
0.168947205063
112623
0.159912109375
112643
0.13840653767
112663
0.115827125727
112683
0.103014095809
112703
0.0946205789729
112723
0.090865355499
112743
0.0931027434593
112763
0.0944926417151
112783
0.0933056262112
112803
0.0958469597868
112823
0.0978871426841
112843
0.100291076187
112863
0.100641200339
112883
0.0998255056928
112903
0.0995397286822
112923
0.0995272377665
112943
0.100414849806
112963
0.10211929203
112983
0.101321387476
113003
0.0994405583818
113023
0.102272211119
113043
0.101761219113
113063
0.102315361555
113083
0.104902495155
113103
0.104857452156
113123
0.109394682655
113143
0.111456062258
113163
0.121108133479
113183
0.124953064438
113203
0.0889565164729
113223
0.0887551477713
113243
0.087308472626
113263
0.0872513172238
113283
0.0834328821463
113303
0.0842966478924
113323
0.0919948370882
113343
0.172166076187
113363
0.166238190407
113383
0.166403600412
113403
0.165746502544
113423
0.159910973837
113443
0.126979242369
113463
0.109655856347
113483
0.0941126150678
113503
0.0812178264293
113523
0.080490325218
113543
0.079832091812
113563
0.08122085453
113583
0.081913911095
113603
0.24573378452
113623
0.24156068314
113643
0.241443344234
113663
0.299181277253
113683
0.078787018532
113703
0.0750912215359
113723
0.0743270046027
113743
0.0736839117006
113763
0.073117278343
113783
0.0723049903101
113803
0.0712954972141
113823
0.0708541515262
113843
0.0695550962936
113863
0.0700236948886
113883
0.305133387839
113903
0.156291257873
113923
0.208341282098
113943
0.147528312742
113963
0.0986388687016
113983
0.0956944192103
114003
0.0921401859254
114023
0.121406779918
114043
0.0916572038517
114063
0.0724287639293
114083
0.064624969719
114103
0.077388792999
114123
0.0601195342781
114143
0.0621396560078
114163
0.0683128179506
114183
0.0768013414486
114203
0.0773577549661
114223
0.0805857103924
114243
0.079888490189
114263
0.0772286821705
114283
0.0741002755572
114303
0.0774043120155
114323
0.0778078064438
114343
0.077095824249
114363
0.0776999303537
114383
0.077810456032
114403
0.0758353773014
114423
0.0768717447917
114443
0.0798623728198
114463
0.0702417181444
114483
0.0720347323159
114503
0.0731903312742
114523
0.0750257388566
114543
0.137381525557
114563
0.0782086512839
114583
0.0809751998547
114603
0.171812545422
114623
0.0751127967539
114643
0.0732773891715
114663
0.0719597868217
114683
0.128370654675
114703
0.118913138929
114723
0.114544725048
114743
0.111534035853
114763
0.112996608527
114783
0.108813287306
114803
0.0889735495397
114823
0.0829578488372
114843
0.114224881904
114863
0.238766124637
114883
0.154039864947
114903
0.111196402616
114923
0.110566557655
114943
0.102342614462
114963
0.123632055475
114983
0.164224503391
115003
0.165936515867
115023
0.163867566013
115043
0.150755132631
115063
0.162910307655
115083
0.189151071948
115103
0.128518653101
115123
0.167428234012
115143
0.149295209545
115163
0.0913490945979
115183
0.0665088269138
115203
0.0651325551114
115223
0.228111373547
115243
0.289556080426
115263
0.31188491703
115283
0.331894985465
115303
0.326304354409
115323
0.32121184593
115343
0.342338526526
115363
0.343262097263
115383
0.370577080305
115403
0.411143410853
115423
0.445664516715
115443
0.43600752483
115463
0.461343265504
115483
0.425055262839
115503
0.23638641594
115523
0.169151980378
115543
0.215825611676
115563
0.186703609496
115583
0.128095476017
115603
0.0720570645591
115623
0.0681258327277
115643
0.0629519440407
115663
0.121926477713
115683
0.134661534036
115703
0.135192965722
115723
0.140592447917
115743
0.149028736676
115763
0.140888444767
115783
0.0599556383236
115803
0.0630318101986
115823
0.0771601713905
115843
0.0762547692587
115863
0.0761253179506
115883
0.0749579851017
115903
0.0740370639535
115923
0.0744098988614
115943
0.0739034490068
115963
0.0730661791424
115983
0.0736721778101
116003
0.0734658884448
116023
0.0753841902859
116043
0.0866646226986
116063
0.090355499031
116083
0.0857913941376
116103
0.0839745336725
116123
0.0832879118217
116143
0.0828022801599
116163
0.0831160671027
116183
0.0835729318072
116203
0.0840419089147
116223
0.0842209453731
116243
0.0831304505814
116263
0.0831736010174
116283
0.0832239431928
116303
0.0851267260174
116323
0.0854424055233
116343
0.0848712300145
116363
0.0839026162791
116383
0.0815104166667
116403
0.0807034278101
116423
0.0801137051841
116443
0.0808025981105
116463
0.0811364462209
116483
0.080756041061
116503
0.0816220778828
116523
0.082127013687
116543
0.0831910125969
116563
0.0804131086483
116583
0.0792166303295
116603
0.0802344507025
116623
0.0791204881298
116643
0.076322144501
116663
0.0748512445494
116683
0.0725127937258
116703
0.0706266654554
116723
0.0701126453488
116743
0.071195191376
116763
0.0713659005572
116783
0.07373046875
116803
0.0724738069283
116823
0.0734480983527
116843
0.0755284035853
116863
0.0761309956395
116883
0.0778149981831
116903
0.077808563469
116923
0.0798040818798
116943
0.0764538668847
116963
0.0763266866521
116983
0.0758187227471
117003
0.0731615643169
117023
0.0730158369671
117043
0.0718061107074
117063
0.0706084968508
117083
0.0682246245155
117103
0.0684475684351
117123
0.069021393532
117143
0.0702386900436
117163
0.0719242066376
117183
0.0736555232558
117203
0.0739212390988
117223
0.0759652071221
117243
0.0774126392926
117263
0.0760696765988
117283
0.0781109950339
117303
0.0775485253149
117323
0.0783857951793
117343
0.0761079063711
117363
0.0759587724079
117383
0.0777673055959
117403
0.0759156219719
117423
0.0750336876211
117443
0.0754527010659
117463
0.0754769258721
117483
0.0749371669089
117503
0.0754897953004
117523
0.0759875393653
117543
0.0754580002422
117563
0.0766942223837
117583
0.0776321765988
117603
0.0768645530523
117623
0.0760439377422
117643
0.0771594143653
117663
0.0795406371124
117683
0.0770867399467
117703
0.0784512778585
117723
0.0780125817587
117743
0.0784524133963
117763
0.0792139807413
117783
0.0774186954942
117803
0.0785807291667
117823
0.0781723140746
117843
0.0785247093023
117863
0.0770049812258
117883
0.0783608133479
117903
0.0772979499758
117923
0.0792094385901
117943
0.0778142411579
117963
0.0766718901405
117983
0.0810917817345
118003
0.0804611797481
118023
0.0816357043362
118043
0.0824665394864
118063
0.0952356619428
118083
0.106588768774
118103
0.134870094477
118123
0.167377513324
118143
0.248280795785
118163
0.377349427689
118183
0.463532960877
118203
0.5066886961
118223
0.602093553173
118243
0.658559305354
118263
0.793826459545
118283
0.850373591933
118303
0.897213011749
118323
0.900973912912
118343
0.898385265262
118363
0.899712330426
118383
0.892456622456
118403
0.898682019138
118423
0.900492444889
118443
0.89981339329
118463
0.888303960756
118483
0.880817738614
118503
0.885995033915
118523
0.891504284763
118543
0.88344802265
118563
0.885798585877
118583
0.894043347263
118603
0.892339662064
118623
0.890896393532
118643
0.893718583454
118663
0.892671617611
118683
0.893656128876
118703
0.897706592175
118723
0.888637430354
118743
0.889155235586
118763
0.88890655281
118783
0.885004087936
118803
0.883111146439
118823
0.883678158309
118843
0.8917488039
118863
0.894166742369
118883
0.894989628755
118903
0.891924055233
118923
0.887437166909
118943
0.886770227713
118963
0.880970279191
118983
0.879816951308
119003
0.876052265019
119023
0.876266881662
119043
0.878054218144
119063
0.879869564559
119083
0.879576217297
119103
0.876568177689
119123
0.875976941013
119143
0.880385855741
119163
0.878672707728
119183
0.878114401647
119203
0.879146226986
119223
0.879118595567
119243
0.87922836422
119263
0.877656779918
119283
0.880793135296
119303
0.883723958333
119323
0.886403449007
119343
0.882209150921
119363
0.885914032219
119383
0.888312288033
119403
0.887814165455
119423
0.895432109981
119443
0.895138384205
119463
0.896961679385
119483
0.904202625363
119503
0.899369776526
119523
0.901471278464
119543
0.908072159641
119563
0.910026420179
119583
0.911311848958
119603
0.913313423571
119623
0.906631540698
119643
0.910465116279
119663
0.915239674176
119683
0.908037336483
119703
0.908829563348
119723
0.905275708576
119743
0.897614992127
119763
0.899847080911
119783
0.899571902253
119803
0.894122834908
119823
0.893935471172
119843
0.893340827883
119863
0.895747032461
119883
0.893628875969
119903
0.898814120034
119923
0.899747153585
119943
0.901095036943
119963
0.900484496124
119983
0.907939680233
120003
0.914335407582
120023
0.915753694283
120043
0.917720067224
120063
0.922059714147
120083
0.923540833939
120103
0.930988826308
120123
0.938270651647
120143
0.943464601502
120163
0.942097792515
120183
0.942583802689
120203
0.946097535126
120223
0.941800660126
120243
0.945030129603
120263
0.943492989947
120283
0.941775678295
120303
0.937962163881
120323
0.938260431807
120343
0.940202579942
120363
0.94131881359
120383
0.938048464753
120403
0.92886688469
120423
0.928218871124
120443
0.930553158309
120463
0.927659050993
120483
0.929083393895
120503
0.92275390625
120523
0.915945221657
120543
0.910953019016
120563
0.914768047481
120583
0.911902707122
120603
0.911434865552
120623
0.898752800993
120643
0.893767033067
120663
0.899053718508
120683
0.902305520228
120703
0.903394879482
120723
0.904035701308
120743
0.909020712209
120763
0.91504057655
120783
0.923082076672
120803
0.924159323522
120823
0.924819449491
120843
0.923765670422
120863
0.92405409702
120883
0.942143971051
120903
0.953794588784
120923
0.960388656734
120943
0.963702156008
120963
0.966042499394
120983
0.98004746548
121003
0.991538350896
121023
0.991522453367
121043
0.991509205426
121063
0.991497850048
121083
0.991707167515
121103
0.992338526526
121123
0.993951368702
121143
0.999999242975
121163
1.0
121183
0.99999848595
121203
1.0
121223
1.0
121243
1.0
121263
1.0
121283
1.0
