145054
0.890117570466
145074
0.840995998009
145094
0.833229453891
145114
0.726798981311
145134
0.742655196844
145154
0.579281077665
145174
0.498070331648
145194
0.605357211244
145214
0.533129882812
145234
0.597524126838
145254
0.583536305147
145274
0.430966126685
145294
0.649071308211
145314
0.655350988051
145334
0.712179266238
145354
0.68887053845
145374
0.295672009038
145394
0.256573606005
145414
0.275539024203
145434
0.309527707567
145454
0.316097005208
145474
0.318077895221
145494
0.30304888557
145514
0.352427045037
145534
0.360273054534
145554
0.356864659926
145574
0.358149509804
145594
0.347108130362
145614
0.362918868719
145634
0.36072064568
145654
0.341221947763
145674
0.350820025276
145694
0.335115559896
145714
0.346814204197
145734
0.356394090839
145754
0.346467141544
145774
0.353559666054
145794
0.359119849112
145814
0.348792221967
145834
0.34580078125
145854
0.345920936734
145874
0.362541647518
145894
0.337674728094
145914
0.378904335172
145934
0.401337028952
145954
0.456525735294
145974
0.470386699602
145994
0.538119925705
146014
0.677536190257
146034
0.925770718444
146054
1.0
146074
0.999998085172
146094
1.0
146114
1.0
146134
1.0
146154
1.0
146174
1.0
146194
0.0523581112132
146214
0.052720971201
146234
0.0523949716605
146254
0.0545998965993
146274
0.055650658701
146294
0.0580197801777
146314
0.057355334712
146334
0.055837354473
146354
0.053933057598
146374
0.0524476294424
146394
0.0466093175551
146414
0.0373300589767
146434
0.0339379404105
146454
0.0323725681679
146474
0.0315927542892
146494
0.0307373046875
146514
0.0315166398591
146534
0.0365660424326
146554
0.0376488779105
146574
0.0422439874387
146594
0.0435364966299
146614
0.0474595013787
146634
0.0568656173407
146654
0.0513863357843
146674
0.0505351945466
146694
0.0546195235907
146714
0.0672444661458
146734
0.0461507161458
146754
0.0388202742034
146774
0.0495212928922
146794
0.0634076286765
146814
0.0448103362439
146834
0.0585525811887
146854
0.0764658011642
146874
0.0528966567096
146894
0.0459348192402
146914
0.0432444852941
146934
0.05132745481
146954
0.0646254595588
146974
0.0713039024203
146994
0.0742015165441
147014
0.0623022939645
147034
0.0522762522978
147054
0.0378963694853
147074
0.0326487821691
147094
0.0331514246324
147114
0.0362634995404
147134
0.0374674479167
147154
0.0345894607843
147174
0.0382994408701
147194
0.0394153071385
147214
0.0387240540748
147234
0.0400041168811
147254
0.042338292739
147274
0.045454676011
147294
0.042551317402
147314
0.0438739851409
147334
0.0514581418505
147354
0.0508827359069
147374
0.0519780177696
147394
0.0548110064338
147414
0.0513054342831
147434
0.0455571193321
147454
0.0483379289216
147474
0.0469487208946
147494
0.0455173866422
147514
0.0461650773591
147534
0.0398638556985
147554
0.063698682598
147574
0.105811025582
147594
0.0713249655331
147614
0.0540824142157
147634
0.0472560508578
147654
0.0447782628676
147674
0.0394828048407
147694
0.0363424862132
147714
0.0401041666667
147734
0.0420912798713
147754
0.0431822533701
147774
0.0460511450674
147794
0.0486481311275
147814
0.0538296568627
147834
0.0772097120098
147854
0.0632400811887
147874
0.0621639476103
147894
0.0516252106311
147914
0.0540163526348
147934
0.0630572150735
147954
0.0625617532169
147974
0.0512283624387
147994
0.0486155790441
148014
0.0507300283395
148034
0.0709013097426
148054
0.0766118068321
148074
0.0939788219975
148094
0.0867848115809
148114
0.0640854779412
148134
0.0460339116115
148154
0.0452866498162
148174
0.0435714422488
148194
0.0341720281863
148214
0.0290383731618
148234
0.0339436848958
148254
0.0489841835172
148274
0.0425929649203
148294
0.036736462163
148314
0.0360935585172
148334
0.0340255438113
148354
0.03392645144
148374
0.0318172679228
148394
0.0313931334252
148414
0.0301484949449
148434
0.0288550283395
148454
0.0288196040135
148474
0.0292691099877
148494
0.0299766390931
148514
0.0298727596507
148534
0.031605200674
148554
0.0306573606005
148574
0.030943627451
148594
0.0317545572917
148614
1.0
148634
1.0
148654
0.99554419424
148674
0.993496285233
148694
0.993303366268
148714
0.993314376532
148734
0.993306717218
148754
0.993322035846
148774
0.99331964231
148794
0.993578144148
148814
0.995912798713
148834
0.999741498162
148854
0.995482441023
148874
0.990702550551
148894
0.990336818321
148914
0.990327244179
148934
0.990323893229
148954
0.99031048943
148974
0.990333467371
148994
1.0
149014
0.986219937194
149034
0.983332375919
149054
0.982958505668
149074
0.983311791513
149094
0.983457797181
149114
0.983473594516
149134
0.983488434436
149154
0.984875248928
149174
0.999965054381
149194
0.966767195159
149214
0.962373142616
149234
0.96232287837
149254
0.962379844516
149274
0.96217064951
149294
0.962281230852
149314
0.963582356771
149334
0.9637728822
149354
0.981575520833
149374
0.954287300858
149394
0.933571250766
149414
0.93352098652
149434
0.933695235907
149454
0.933583697151
149474
0.933696193321
149494
0.933882889093
149514
0.933848900888
149534
0.933958046109
149554
0.999988511029
149574
0.960508099724
149594
0.949635225184
149614
0.950565353094
149634
0.950554342831
149654
0.950634286918
149674
0.950747261795
149694
0.958054725797
149714
0.999961224724
149734
0.964548387714
149754
0.960317574295
149774
0.960405177696
149794
0.962134746477
149814
0.96207634421
149834
0.962222349877
149854
0.978972311581
149874
0.969241153493
149894
0.950034466912
149914
0.948749138327
149934
0.948735734528
149954
0.948769244026
149974
0.9488348269
149994
0.948960248162
150014
0.949058861826
150034
0.966061580882
150054
0.986119887408
150074
0.93878437117
150094
0.936230947457
150114
0.936471258425
150134
0.936417643229
150154
0.9364291322
150174
0.936461205576
150194
0.936780981924
150214
0.948068895527
150234
0.999996170343
150254
0.96391027114
150274
0.96091260723
150294
0.960847503064
150314
0.960807770374
150334
0.960963350184
150354
0.9609442019
150374
0.977913411458
150394
0.964815506281
150414
0.949296300551
150434
0.947582050398
150454
0.947282858456
150474
0.947494925705
150494
0.947516467525
150514
0.949285290288
150534
0.949442784926
150554
0.966351198683
150574
0.965461760876
150594
0.93466796875
150614
0.933344343597
150634
0.933354875153
150654
0.9336004519
150674
0.933595186121
150694
0.933450137868
150714
0.933591356464
150734
0.944535558364
150754
0.992783490349
150774
0.979197782629
150794
0.976801374847
150814
0.976851639093
150834
0.976783183977
150854
0.976760684743
150874
0.976795151654
150894
0.991903147978
150914
0.936196001838
150934
0.925938265931
150954
0.925601256127
150974
0.925685029871
150994
0.928681257659
151014
0.928980928309
151034
0.929522346048
151054
1.0
151074
0.952612304688
151094
0.946077473958
151114
0.946149280025
151134
0.946192842371
151154
0.946248851103
151174
0.946762025123
151194
0.946751014859
151214
0.946735217525
151234
1.0
151254
0.951248468137
151274
0.937983015472
151294
0.937974877451
151314
0.937913124234
151334
0.93797344133
151354
0.937989238664
151374
0.937959080116
151394
0.938073969822
151414
0.97405646829
151434
0.967987419577
151454
0.955375880821
151474
0.956743068321
151494
0.956898169424
151514
0.956885244332
151534
0.957004442402
151554
0.956813438266
151574
0.956934072457
151594
0.974947820925
151614
0.952204924939
151634
0.919452742034
151654
0.915954829197
151674
0.915811695772
151694
0.915800685509
151714
0.918219592525
151734
0.918582452512
151754
0.918725585937
151774
0.94212957644
151794
0.967560412837
151814
0.939845186121
151834
0.936100260417
151854
0.9361261106
151874
0.936422909007
151894
0.936499502145
151914
0.936555032169
151934
0.936616785386
151954
0.952811446844
151974
0.996598785999
151994
0.946043485754
152014
0.943807444853
152034
0.943894569547
152054
0.943785903033
152074
0.943953450521
152094
0.94386919807
152114
0.969113817402
152134
0.974952129289
152154
0.961391314338
152174
0.960271618413
152194
0.961901137408
152214
0.961979645374
152234
0.962209424786
152254
0.962465054381
152274
1.0
152294
0.972742417279
152314
0.966820810355
152334
0.966694431679
152354
0.966767673866
152374
0.966816501991
152394
0.966881606158
152414
0.976148897059
152434
0.99028894761
152454
0.945389571844
152474
0.942344994638
152494
0.942551796109
152514
0.942727481618
152534
0.942685834099
152554
0.942879231771
152574
0.972400141697
152594
0.961025582108
152614
0.949544270833
152634
0.948259899663
152654
0.948230219822
152674
0.950125421262
152694
0.950418868719
152714
0.952009133732
152734
1.0
152754
0.957236615349
152774
0.951122089461
152794
0.9511785769
152814
0.95106751685
152834
0.951283413756
152854
0.951138365502
152874
0.951235543045
152894
0.951227405025
152914
0.953908643536
152934
1.0
152954
0.958598058364
152974
0.94800714231
152994
0.948314472273
153014
0.948292451746
153034
0.948330269608
153054
0.948386757047
153074
0.955420400582
153094
1.0
153114
0.928920132506
153134
0.92113348269
153154
0.924375287224
153174
0.92457299326
153194
0.924725700827
153214
0.924955480239
153234
0.92496696921
153254
0.924797028186
153274
0.934422392004
153294
1.0
153314
0.931632965686
153334
0.926550532322
153354
0.926951210172
153374
0.927095779718
153394
0.929025926777
153414
0.92943091299
153434
0.929382563572
153454
0.929515644148
153474
0.929732977175
153494
0.962734087776
153514
0.930805759804
153534
0.911656518076
153554
0.909923119638
153574
0.909917375153
153594
0.909895833333
153614
0.910063380821
153634
0.913330556832
153654
0.913320503983
153674
0.913644588695
153694
0.947709865196
153714
0.908343386183
153734
0.850591681985
153754
0.847615559896
153774
0.847713694853
153794
0.847820446538
153814
0.847557157629
153834
0.847901348039
153854
0.848146924786
153874
0.854605162377
153894
0.915629787071
153914
0.937743661918
153934
0.903224571078
153954
0.903464882047
153974
0.90388470818
153994
0.904216452206
154014
0.904210229013
154034
0.904231770833
154054
0.904173368566
154074
0.904146082261
154094
0.933388384651
154114
0.913716394761
154134
0.774648150276
154154
0.769955384498
154174
0.767029526654
154194
0.772731885723
154214
0.770311542586
154234
0.771570063572
154254
0.772140203738
154274
0.774482038909
154294
0.773003312653
154314
0.999991383272
154334
0.92700769761
154354
0.924758731618
154374
0.924698893229
154394
0.924541877298
154414
0.924577780331
154434
0.924609853707
154454
0.935545438879
154474
0.954368681066
154494
0.954363893995
154514
0.954355277267
154534
0.954346660539
154554
0.954348096661
154574
0.954154698989
154594
1.0
154614
1.0
154634
1.0
