105726
0.742241115196
105746
0.298713235294
105766
0.566714537377
105786
0.36943359375
105806
0.192200903799
105826
0.196356081495
105846
0.205294500613
105866
0.195387178309
105886
0.414646522672
105906
0.409265854779
105926
0.40595703125
105946
0.228513710172
105966
0.222420726103
105986
0.22679419424
106006
0.200597426471
106026
0.209566482843
106046
0.213340609681
106066
0.254536228554
106086
0.204390701593
106106
0.245766314338
106126
0.243929993873
106146
0.304164751838
106166
0.714640778186
106186
0.588212316176
106206
0.40261182598
106226
0.447738587623
106246
0.816802619485
106266
0.35114698223
106286
0.367072610294
106306
0.807444852941
106326
0.319249770221
106346
0.289028033088
106366
0.836492800245
106386
0.908270143995
106406
0.59224877451
106426
0.337576593137
106446
0.57591528799
106466
0.422853477328
106486
0.771785003064
106506
0.471220128676
106526
0.513229549632
106546
0.365366498162
106566
0.212643612132
106586
0.205997242647
106606
0.203057981005
106626
0.486910232843
106646
0.489981617647
106666
0.760163909314
106686
0.226901424632
106706
0.162971047794
106726
0.622248391544
106746
0.983151424632
106766
0.453450520833
106786
0.354327512255
106806
0.305922564338
106826
0.362333409926
106846
0.80071997549
106866
0.997587316176
106886
0.250162760417
106906
0.245503982843
106926
0.408201210172
106946
0.212706801471
106966
0.234285003064
106986
0.0899931066176
107006
0.104038373162
107026
0.13375268076
107046
0.0892980238971
107066
0.9935546875
107086
0.150723805147
107106
0.251570159314
107126
0.436540670956
107146
0.388978247549
107166
0.19521484375
107186
0.135075827206
107206
0.297861136642
107226
0.737812117034
107246
0.677899050245
107266
0.651319316789
107286
0.661904488358
107306
0.563294653799
107326
0.759072457108
107346
0.710230928309
107366
0.50904564951
107386
0.553427542892
107406
0.554764093137
107426
0.600492110907
107446
0.57476830576
107466
0.61695580576
107486
0.634581801471
107506
0.661601945466
107526
0.650848268995
107546
0.64166283701
107566
0.645069316789
107586
0.908302696078
107606
0.61220703125
107626
0.931732536765
107646
0.38757276348
107666
0.324327895221
107686
0.303956035539
107706
0.93649854473
107726
0.70129442402
107746
0.412429151348
107766
0.425831035539
107786
0.465280330882
107806
0.488826976103
107826
0.496522671569
107846
0.452565870098
107866
0.451679304534
107886
0.448360906863
107906
0.387815946691
107926
0.366203278186
107946
0.358984375
107966
0.387247242647
107986
0.322307751225
108006
0.74279833027
108026
0.544035309436
108046
0.620498238358
108066
0.389874387255
108086
0.389183134191
108106
0.398538985907
108126
0.400030637255
108146
0.386735983456
108166
0.379067095588
108186
0.870325903799
108206
0.912741268382
108226
0.491166896446
108246
0.422032015931
108266
0.4203125
108286
0.42097120098
108306
0.445149739583
108326
0.384658394608
108346
0.170281862745
108366
0.400984221814
108386
0.966069240196
108406
0.559083946078
108426
0.357027420343
108446
0.36566138174
108466
0.361008348652
108486
0.147928155637
108506
0.363622089461
108526
0.364269301471
108546
0.161044730392
108566
0.155267693015
108586
0.442216222426
108606
0.369550398284
108626
0.187578507966
108646
0.179181985294
108666
0.367702588848
108686
0.530145143995
108706
0.282552083333
108726
0.449764476103
108746
0.405882352941
108766
0.665410539216
108786
0.468120021446
108806
0.505968520221
108826
0.741480928309
108846
0.280141314338
108866
0.303611366422
108886
0.287218520221
108906
0.642924708946
108926
0.536475566789
108946
0.212702971814
108966
0.403439031863
108986
0.354461550245
109006
0.261799172794
109026
0.253370098039
109046
0.249687882966
109066
0.252027803309
109086
0.247179457721
109106
0.250204886642
109126
0.235891544118
109146
0.260200291054
109166
0.294196155025
109186
0.283522901348
109206
0.240115655637
109226
0.217938112745
109246
0.223253676471
109266
0.225436580882
109286
0.234874770221
109306
0.220984604779
109326
0.205922564338
109346
0.198318780637
109366
0.194552313113
109386
0.191873468137
109406
0.364024203431
109426
0.423812806373
109446
0.432665058211
109466
0.387400428922
109486
0.463359757966
109506
0.606910615809
109526
0.545998008578
109546
0.66429419424
109566
0.731767003676
109586
0.393219592525
109606
0.545473345588
109626
0.568727022059
109646
0.491480928309
109666
0.721737132353
109686
0.311971507353
109706
0.762760416667
109726
0.202129289216
109746
0.296451822917
109766
0.403050321691
109786
0.404771752451
109806
0.220343137255
109826
0.695892693015
109846
0.517915134804
109866
0.881186810662
109886
0.487095971201
109906
0.391932827819
109926
0.235353477328
109946
0.965498621324
109966
0.923284313725
109986
0.384158624387
110006
0.245463771446
110026
0.454549632353
110046
0.315050551471
110066
0.802694163603
110086
0.974842984069
110106
0.517377068015
110126
0.876568244485
110146
0.50924096201
110166
0.426836320466
110186
0.21106004902
110206
0.199959788603
110226
0.366787300858
110246
0.320391007966
110266
0.358610983456
110286
0.373368566176
110306
0.27884497549
110326
0.425846354167
110346
0.415958180147
110366
0.352251838235
110386
0.454545802696
110406
0.497830499387
110426
0.97529296875
110446
0.963572303922
110466
0.363394224877
110486
0.649136412377
110506
0.958972886029
110526
0.26061963848
110546
0.246497778799
110566
0.273870251225
110586
0.353278186275
110606
0.463652726716
110626
0.365644148284
110646
0.375999540441
110666
0.325984221814
110686
0.970818014706
110706
0.283503753064
110726
0.280819163603
110746
0.362199371936
110766
0.326168045343
110786
0.309731158088
110806
0.412534466912
110826
0.507038909314
110846
0.338078278186
110866
0.980694699755
110886
0.387392769608
110906
0.716737515319
110926
0.579833026961
110946
0.737838924632
110966
0.894332107843
110986
0.351968443627
111006
0.311063878676
111026
0.420798866422
111046
0.218426393995
111066
0.48597388174
111086
0.143033854167
111106
0.210500919118
111126
0.287193627451
111146
0.217133884804
111166
0.218342141544
111186
0.220749080882
111206
0.214363128064
111226
0.352196308211
111246
0.352232689951
111266
0.205960860907
111286
0.205880438113
111306
0.207567401961
111326
0.21090111826
111346
0.21029028799
111366
0.211017922794
111386
0.20950903799
111406
0.203718596814
111426
0.209011182598
111446
0.200421262255
111466
0.207379748775
111486
0.211533011642
111506
0.213767616422
111526
0.218242570466
111546
0.205547257966
111566
0.188698682598
111586
0.26682176777
111606
0.273420266544
111626
0.265542662377
111646
0.1869140625
111666
0.172617953431
111686
0.18234911152
111706
0.190435431985
111726
0.177952665441
111746
0.18375268076
111766
0.185797717525
111786
0.178228400735
111806
0.17847924326
111826
0.182293581495
111846
0.158890548407
111866
0.211638327206
111886
0.212199371936
111906
0.162647441789
111926
0.120038679534
111946
0.253607536765
111966
0.268964460784
111986
0.22434129902
112006
0.239322916667
112026
0.241163066789
112046
0.292721737132
112066
0.334225643382
112086
0.332944623162
112106
0.325044041054
112126
0.322374770221
112146
0.326505055147
112166
0.324844898897
112186
0.285378370098
112206
0.295967371324
112226
0.296719898897
112246
0.30383348652
112266
0.301258042279
112286
0.301043581495
112306
0.301654411765
112326
0.300080422794
112346
0.303733915441
112366
0.307917815564
112386
0.308132276348
112406
0.340515854779
112426
0.345467601103
112446
0.187247242647
112466
0.210347732843
112486
0.110931755515
112506
0.108524816176
112526
0.101129748775
112546
0.0932215073529
112566
0.0912013633578
112586
0.0911113664216
112606
0.090611596201
112626
0.0893956801471
112646
0.0911956188725
112666
0.0897403492647
112686
0.991279871324
112706
0.990475643382
112726
0.991354549632
112746
0.990791590074
112766
0.987534466912
112786
0.987781479779
112806
0.987741268382
112826
0.987218520221
112846
0.991279871324
112866
0.991193704044
112886
0.990245863971
112906
0.991245404412
112926
0.990050551471
112946
0.990171185662
112966
0.990337775735
112986
0.989447380515
113006
1.0
113026
0.991480928309
113046
0.990515854779
113066
0.991377527574
113086
0.991526884191
113106
0.978038832721
113126
0.979917279412
113146
0.980030254289
113166
0.978015854779
113186
0.946283318015
113206
0.9486328125
113226
0.954400275735
113246
0.954383042279
113266
1.0
113286
0.982927389706
113306
0.983352481618
113326
0.983622472426
113346
0.983174402574
113366
0.938491881127
113386
0.948328354779
113406
0.948178998162
113426
0.940498621324
113446
1.0
113466
0.943686810662
113486
0.951619944853
113506
0.951836320466
113526
0.944525505515
113546
1.0
113566
1.0
113586
0.995036764706
113606
0.988959099265
113626
0.982709099265
113646
0.9791015625
113666
0.972598805147
113686
0.968301930147
113706
0.962729779412
113726
0.955928308824
113746
0.949373851103
113766
0.93828125
113786
0.935184972426
113806
0.931336167279
113826
0.926258042279
113846
0.918008961397
113866
0.915383731618
113886
0.916578584559
113906
0.918342141544
113926
0.923133042279
113946
0.9224609375
113966
0.927286305147
113986
0.9291015625
114006
0.927958409926
114026
0.930440027574
114046
0.926045496324
114066
0.924442784926
114086
0.924482996324
114106
0.921398207721
114126
0.924649586397
114146
0.925522748162
114166
0.923885569853
114186
0.923828125
114206
0.924678308824
114226
0.922437959559
114246
0.920163143382
114266
0.916739430147
114286
0.921863511029
114306
0.916630284926
114326
0.917922794118
114346
0.929555376838
114366
0.933668428309
114386
0.929256663603
114406
0.917882582721
114426
0.92509765625
114446
0.915418198529
114466
0.913074448529
114486
0.903337545956
114506
0.900861672794
114526
0.903647748162
114546
0.901522288603
114566
0.904928768382
114586
0.905819163603
114606
0.903779871324
114626
0.898207720588
114646
0.890021829044
114666
0.887775735294
114686
0.892170266544
114706
0.894956341912
114726
0.897857306985
114746
0.896863511029
114766
0.891613051471
114786
0.887643612132
114806
0.886351102941
114826
0.877585018382
114846
0.877717141544
114866
0.87900390625
114886
0.871737132353
114906
0.864125689338
114926
0.866871553309
114946
0.881508501838
114966
0.879555376838
114986
0.877424172794
115006
0.879905790441
115026
0.8826171875
115046
0.885920266544
115066
0.881089154412
115086
0.892526424632
115106
0.900798483456
115126
0.899954044118
115146
0.903848805147
115166
0.907588465074
115186
0.918629365809
115206
0.923586856618
115226
0.934466911765
115246
0.925402113971
115266
0.925614659926
115286
0.931370634191
115306
0.933059512868
115326
0.932094439338
115346
0.938350183824
115366
0.942417279412
115386
0.937666590074
115406
0.944577205882
115426
0.955951286765
115446
0.950459558824
115466
0.952073759191
115486
0.955135569853
115506
0.959874770221
115526
0.967457490809
115546
0.972449448529
115566
0.97919921875
115586
0.98251953125
115606
0.985477941176
115626
0.991854319853
115646
0.995163143382
115666
1.0
115686
1.0
115706
1.0
