123340
0.198342493338
123360
0.201002679869
123380
0.202344128513
123400
0.200013626453
123420
0.0637400072674
123440
0.0606377180233
123460
0.21684646015
123480
0.216114416788
123500
0.215659823159
123520
0.108288290334
123540
0.0754349109738
123560
0.0766688620397
123580
0.213584817103
123600
0.216912699855
123620
0.21410186531
123640
0.207839374394
123660
0.213579517926
123680
0.208625166546
123700
0.206921481347
123720
0.0635859526405
123740
0.0686417453973
123760
0.0660485555959
123780
0.0590108708818
123800
0.0576376271802
123820
0.0580032703488
123840
0.058353394501
123860
0.214067420664
123880
0.214177946342
123900
0.215280932049
123920
0.215055717054
123940
0.0454987281977
123960
0.0439593174661
123980
0.0693370730378
124000
0.0649292938469
124020
0.138458015383
124040
0.133265958091
124060
0.109234571827
124080
0.11319229954
124100
0.11614242672
124120
0.118711770228
124140
0.111141139777
124160
0.122557458212
124180
0.161646454094
124200
0.153051568556
124220
0.104514141231
124240
0.091964934593
124260
0.10514663578
124280
0.0912007176599
124300
0.109609299297
124320
0.0916076187016
124340
0.0882407491521
124360
0.0927015201066
124380
0.0860854984254
124400
0.0849537457607
124420
0.0849045391231
124440
0.0851479227229
124460
0.0852872153585
124480
0.0850919028585
124500
0.0846498001453
124520
0.0836891351744
124540
0.0842951338421
124560
0.0843390413033
124580
0.0829222686531
124600
0.07822265625
124620
0.0806148558624
124640
0.0781666363857
124660
0.086207000969
124680
0.0914952004603
124700
0.090601532219
124720
0.0929846475291
124740
0.0874647983285
124760
0.0844548661579
124780
0.129866536458
124800
0.126558714874
124820
0.135468522892
124840
0.157498334545
124860
0.182983209181
124880
0.0974669937016
124900
0.14894470688
124920
0.155697750121
124940
0.151768789365
124960
0.153419104288
124980
0.205218553173
125000
0.174891745397
125020
0.177540198038
125040
0.17455108406
125060
0.177558745155
125080
0.166129557292
125100
0.177081062258
125120
0.236771363251
125140
0.220195539608
125160
0.202721884084
125180
0.195874591206
125200
0.193114855862
125220
0.187923934109
125240
0.185440891473
125260
0.213250211967
125280
0.198703972868
125300
0.199166515262
125320
0.16463821766
125340
0.198749772892
125360
0.195120594113
125380
0.0900689649952
125400
0.098240294937
125420
0.0981097080911
125440
0.0961054838905
125460
0.0955104620882
125480
0.0963636294816
125500
0.0951652585998
125520
0.0886135840601
125540
0.0871434411337
125560
0.0895435895107
125580
0.0909342447917
125600
0.0893831001696
125620
0.0900019682655
125640
0.0899576822917
125660
0.0899743368459
125680
0.0938578760901
125700
0.0916931625484
125720
0.0966350230136
125740
0.103031128876
125760
0.102224518532
125780
0.10003785126
125800
0.0951542817345
125820
0.0964056443798
125840
0.0972065770349
125860
0.0964207848837
125880
0.092335876938
125900
0.0864390291909
125920
0.13401200642
125940
0.110659671754
125960
0.128172692587
125980
0.116001620034
126000
0.0644758357558
126020
0.0671322371609
126040
0.0855593659157
126060
0.0882891987645
126080
0.0897635053295
126100
0.0897256540698
126120
0.0897835664971
126140
0.0896045300388
126160
0.0895386688469
126180
0.0900738856589
126200
0.0564241157946
126220
0.0843761355378
126240
0.0846164910368
126260
0.0845843174661
126280
0.0851051507994
126300
0.0854166666667
126320
0.0872959817103
126340
0.0880639837694
126360
0.108168301841
126380
0.0803434623304
126400
0.133366263929
126420
0.137104075824
126440
0.125139671148
126460
0.115607966933
126480
0.0960816375969
126500
0.0932393865068
126520
0.111729726865
126540
0.107132691376
126560
0.0875522347384
126580
0.0743720476017
126600
0.0859227380087
126620
0.101077625363
126640
0.116716630329
126660
0.107439665092
126680
0.107253815407
126700
0.129106861676
126720
0.139853212815
126740
0.156672798571
126760
0.145837496972
126780
0.153662109375
126800
0.183517668968
126820
0.193732966933
126840
0.181815119307
126860
0.155701535247
126880
0.121161503755
126900
0.119187560562
126920
0.111975760053
126940
0.128816542515
126960
0.0985230438469
126980
0.15542938469
127000
0.178146575218
127020
0.178636749031
127040
0.183875363372
127060
0.183494201187
127080
0.180875272529
127100
0.176653343023
127120
0.176362645349
127140
0.163582546027
127160
0.17998917454
127180
0.16515564438
127200
0.155445660732
127220
0.151964101865
127240
0.163169588784
127260
0.210710770954
127280
0.169162957243
127300
0.170394637234
127320
0.150661261507
127340
0.138191542515
127360
0.124035171391
127380
0.219918089874
127400
0.238333484738
127420
0.217673888687
127440
0.165706380208
127460
0.136496941618
127480
0.146231150073
127500
0.173119927931
127520
0.182423767563
127540
0.147037760417
127560
0.121627074249
127580
0.104430868459
127600
0.105973685804
127620
0.12629867672
127640
0.153764307776
127660
0.155457773135
127680
0.152662836119
127700
0.146691421391
127720
0.126718825703
127740
0.116949415577
127760
0.121147877301
127780
0.105046329942
127800
0.0973806928295
127820
0.111085498425
127840
0.110416666667
127860
0.104060304627
127880
0.113673010538
127900
0.119366975533
127920
0.121297011265
127940
0.139841478924
127960
0.203620472989
127980
0.209107013081
128000
0.220143683382
128020
0.251589374394
128040
0.272703564075
128060
0.27434555172
128080
0.259801205184
128100
0.229510356105
128120
0.207402570858
128140
0.223070721294
128160
0.214691209423
128180
0.173683911701
128200
0.178019773498
128220
0.191601183987
128240
0.186971974927
128260
0.174565089026
128280
0.189940649225
128300
0.226000408794
128320
0.24190475109
128340
0.253234768653
128360
0.246413593144
128380
0.264690830911
128400
0.274362584787
128420
0.251149164244
128440
0.23421905281
128460
0.215931216691
128480
0.165684047965
128500
0.120686470446
128520
0.0993262475775
128540
0.0842833999516
128560
0.070013853561
128580
0.0614749878876
128600
0.0597834150921
128620
0.0791473625242
128640
0.0715354742006
128660
0.0641147347384
128680
0.0618777252907
128700
0.0579517926357
128720
0.050511749031
128740
0.0477781310562
128760
0.0480839692345
128780
0.0482535428779
128800
0.0518709877665
128820
0.0532669422238
128840
0.0546999909157
128860
0.0646919664486
128880
0.0764818768169
128900
0.0661609738372
128920
0.0536269077035
128940
0.0529917635659
128960
0.0556421087694
128980
0.0532309835271
129000
0.0533316678779
129020
0.0537192647771
129040
0.0537696069525
129060
0.0541598534399
129080
0.0567825672238
129100
0.0567216266957
129120
0.0506412003391
129140
0.0485809562742
129160
0.0465559138808
129180
0.0446508599806
129200
0.0464556080426
129220
0.0498694131541
129240
0.0499901586725
129260
0.0515863462936
129280
0.0506434714147
129300
0.0558813287306
129320
0.0546965843023
129340
0.0486577943314
129360
0.0521893168605
129380
0.0551670754603
129400
0.0448685047238
129420
0.0423544240552
129440
0.0472535125969
129460
0.0471176265746
129480
0.0502861555233
129500
0.0491763565891
129520
0.0512805081153
129540
0.0527930444525
129560
0.0610514322917
129580
0.0609639958818
129600
0.0633240219234
129620
0.0669168634932
129640
0.0687038214632
129660
0.0650068889293
129680
0.0663415243459
129700
0.0632865491764
129720
0.0602925145349
129740
0.052414153343
129760
0.0526268774225
129780
0.0579302174176
129800
0.0611513596172
129820
0.0592122395833
129840
0.0622244428295
129860
0.0601210483285
129880
0.0590843023256
129900
0.0585059350775
129920
0.06181640625
129940
0.0622834907946
129960
0.062353515625
129980
0.0606683775436
130000
0.0579998637355
130020
0.0577526950097
130040
0.0587330426357
130060
0.058744019501
130080
0.0614624969719
130100
0.0632433987403
130120
0.0612164637839
130140
0.0587016260901
130160
0.0527233981347
130180
0.0504190134448
130200
0.0529993338178
130220
0.0535364431928
130240
0.0507433987403
130260
0.0525636658188
130280
0.0535508266715
130300
0.0537506813227
130320
0.0536144167878
130340
0.0548502604167
130360
0.0550561712694
130380
0.056277252907
130400
0.0581153100775
130420
0.0558230377907
130440
0.0534702034884
130460
0.0499610132025
130480
0.0499330032703
130500
0.0492611434109
130520
0.0499068859012
130540
0.0513490188953
130560
0.0524569252665
130580
0.0560111585514
130600
0.0498043089874
130620
0.0507710301599
130640
0.050982240189
130660
0.0558461270591
130680
0.0580286306928
130700
0.0599931110707
130720
0.054693177689
130740
0.0548404190891
130760
0.0545497214147
130780
0.0529134114583
130800
0.0527585998062
130820
0.0528259750484
130840
0.0515810471172
130860
0.0517483496851
130880
0.056541076187
130900
0.0599495821221
130920
0.0580755662548
130940
0.0622728924419
130960
0.0689566678779
130980
0.0628804051599
131000
0.058906401405
131020
0.055953246124
131040
0.0533490794574
131060
0.0517744670543
131080
0.0571557806444
131100
0.056464995155
131120
0.0542976320252
131140
0.084205047844
131160
0.0781927537548
131180
0.091363099564
131200
0.100110904191
131220
0.101961452277
131240
0.100526889535
131260
0.0920633478682
131280
0.0972762233527
131300
0.100290697674
131320
0.100080244671
131340
0.0967879421027
131360
0.0812261537064
131380
0.0799971233043
131400
0.0785678597384
131420
0.0691269985465
131440
0.077247986313
131460
0.0789289607558
131480
0.0771480589874
131500
0.0821145227713
131520
0.1038070797
131540
0.124936788396
131560
0.135599866764
131580
0.13925932655
131600
0.114344491885
131620
0.104851774467
131640
0.0929271136143
131660
0.0927639746851
131680
0.0940777919089
131700
0.109445403343
131720
0.113113190407
131740
0.109980620155
131760
0.0869144410126
131780
0.0732198552568
131800
0.0615170027859
131820
0.0626162033672
131840
0.0603326368702
131860
0.0583549085514
131880
0.0658203125
131900
0.0719537306202
131920
0.0733000999273
131940
0.0766382025194
131960
0.0857490007267
131980
0.0916132963905
132000
0.0989867217781
132020
0.119134947311
132040
0.129651919816
132060
0.137657082728
132080
0.135126726017
132100
0.13463882328
132120
0.13689513687
132140
0.12208053234
132160
0.102287730136
132180
0.0906378694283
132200
0.0877127240795
132220
0.0839234344719
132240
0.0773433714874
132260
0.0731430171996
132280
0.0758974533672
132300
0.0758936682413
132320
0.0925186985223
132340
0.0877816133721
132360
0.0809343204942
132380
0.0845332182655
132400
0.0841066345688
132420
0.0908214480378
132440
0.0799952307413
132460
0.072900390625
132480
0.076215025436
132500
0.0752880480862
132520
0.0852103773014
132540
0.0772990855136
132560
0.0608655826066
132580
0.0554165152616
132600
0.0655178809351
132620
0.078374818314
132640
0.0803332424903
132660
0.101398604046
132680
0.112016639414
132700
0.0916602319525
132720
0.0891484223595
132740
0.0888334998789
132760
0.0890057231105
132780
0.0890288123789
132800
0.0889769561531
132820
0.0884655856347
132840
0.0882449127907
132860
0.170667544816
132880
0.986600275557
132900
1.0
132920
1.0
