134744
0.241379616477
134764
0.23583540483
134784
0.22868183791
134804
0.219973169192
134824
0.221670316446
134844
0.209938742898
134864
0.380048532197
134884
0.367271346275
134904
0.3539688881
134924
0.311167337437
134944
0.280941741635
134964
0.271942570234
134984
0.269994377367
135004
0.26113577178
135024
0.283571555398
135044
0.264184323706
135064
0.249647845644
135084
0.244883897569
135104
0.234028270991
135124
0.253164950284
135144
0.271827158302
135164
0.233380188605
135184
0.217726089015
135204
0.210106928662
135224
0.0582593513258
135244
0.0576985677083
135264
0.0589942392677
135284
0.0589592211174
135304
0.140174696181
135324
0.139816623264
135344
0.139994673295
135364
0.141719440499
135384
0.142518939394
135404
0.146048867582
135424
0.145962062027
135444
0.0672022964015
135464
0.0674089528093
135484
0.0672767716225
135504
0.14072117661
135524
0.141315005524
135544
0.140781348643
135564
0.0655751854482
135584
0.0656008325442
135604
0.0651263612689
135624
0.0655056423611
135644
0.065026238952
135664
0.0651031802399
135684
0.207922486585
135704
0.20054943971
135724
0.201062874842
135744
0.207995482165
135764
0.205375039457
135784
0.202630306976
135804
0.205185645518
135824
0.203989109848
135844
0.201369653567
135864
0.134846018782
135884
0.132661083491
135904
0.13271484375
135924
0.130898832071
135944
0.132140250158
135964
0.138753748422
135984
0.136338975694
136004
0.134666982323
136024
0.132761699021
136044
0.128238439078
136064
0.122389421559
136084
0.120485124684
136104
0.119418797348
136124
0.121304845328
136144
0.127928701073
136164
0.141188249684
136184
0.157075145991
136204
0.175076941288
136224
0.190046953914
136244
0.197177339804
136264
0.195477726484
136284
0.0666489109848
136304
0.0684649226641
136324
0.0706759982639
136344
0.0670291785038
136364
0.0621167732008
136384
0.0629705255682
136404
0.063092349274
136424
0.0693916706124
136444
0.0647978811553
136464
0.0631337791982
136484
0.067864681976
136504
0.0716535471907
136524
0.0720920138889
136544
0.0716673571654
136564
0.107840119949
136584
0.177088758681
136604
0.114014165088
136624
0.183710148359
136644
0.190515506629
136664
0.0499546243687
136684
0.0504675662879
136704
0.0511097301136
136724
0.0511279790088
136744
0.0526643386995
136764
0.0533543442235
136784
0.0532848011364
136804
0.0477948429609
136824
0.0471729008838
136844
0.0471995344066
136864
0.0478545217803
136884
0.0476187657828
136904
0.0467600812816
136924
0.0462116279987
136944
0.0460621843434
136964
0.0451408617424
136984
0.0452104048295
137004
0.0451171875
137024
0.0450298887311
137044
0.0456577493687
137064
0.0454412286932
137084
0.0464592211174
137104
0.0478254221907
137124
0.203523023201
137144
0.207140250158
137164
0.209844539141
137184
0.218181818182
137204
0.0629438920455
137224
0.0627766927083
137244
0.063642282197
137264
0.085302734375
137284
0.114629202178
137304
0.0942821772412
137324
0.0640743371212
137344
0.0632506707702
137364
0.0673438486427
137384
0.0665487886679
137404
0.0629567155934
137424
0.0606183909407
137444
0.0592941130051
137464
0.0575856218434
137484
0.0596684619634
137504
0.0634070194129
137524
0.0641966540404
137544
0.0692831636679
137564
0.0640481968119
137584
0.0718163076073
137604
0.0785728377525
137624
0.0867182567866
137644
0.0910688920455
137664
0.093346551452
137684
0.092314749053
137704
0.0858866990215
137724
0.0812963620581
137744
0.0803321298927
137764
0.0822640467172
137784
0.0817984532828
137804
0.0833323469066
137824
0.0882881549874
137844
0.0903108230745
137864
0.0846581044823
137884
0.0845185250947
137904
0.0851848563763
137924
0.0865924873737
137944
0.0786137744634
137964
0.0783977470013
137984
0.0792682686237
138004
0.079905993529
138024
0.0789200599747
138044
0.0791227706755
138064
0.0787375710227
138084
0.0778926964962
138104
0.0787281999684
138124
0.0940987018624
138144
0.0956616950758
138164
0.0962865964331
138184
0.0966791942866
138204
0.0994796598801
138224
0.100930200442
138244
0.103791824495
138264
0.0658444799558
138284
0.0645877722538
138304
0.0637473366477
138324
0.0679904513889
138344
0.0699637981376
138364
0.0679608585859
138384
0.06748046875
138404
0.0674972380051
138424
0.0675189393939
138444
0.066094045928
138464
0.0655510179924
138484
0.0657221630366
138504
0.066126104798
138524
1.0
138544
1.0
138564
1.0
138584
1.0
138604
1.0
138624
1.0
138644
1.0
138664
1.0
138684
1.0
138704
0.0947388928346
138724
0.0891882694129
138744
0.0852400962753
138764
0.0850230823864
138784
0.0878733625316
138804
0.0856001420455
138824
0.0851310961174
138844
0.0846699416035
138864
0.086200875947
138884
0.0816860006313
138904
0.0831419665404
138924
0.0845777107008
138944
0.0983881786616
138964
0.089453125
138984
0.0968592171717
139004
0.0886812460543
139024
0.0914994673295
139044
0.118488596907
139064
0.121791153725
139084
0.116542376894
139104
0.110501006155
139124
0.120370699179
139144
0.114289378157
139164
0.118567017835
139184
0.116479738794
139204
0.115353239426
139224
0.117298473011
139244
0.117517952967
139264
0.116075797033
139284
0.0890018347538
139304
0.0949312460543
139324
0.0954131155303
139344
0.0893199573864
139364
0.0935522214331
139384
0.101219716698
139404
0.100901100852
139424
0.100249565972
139444
0.100553385417
139464
0.101698133681
139484
0.102618469855
139504
0.119343828914
139524
0.118643959122
139544
0.115797131471
139564
0.117399088542
139584
0.119376380997
139604
0.119944562816
139624
0.10139924637
139644
0.100306285511
139664
0.099085089173
139684
0.0998806423611
139704
0.0991733743687
139724
0.098658459596
139744
0.125707761206
139764
0.110624802715
139784
0.107638395676
139804
0.123450816761
139824
0.126316386521
139844
0.0873466106376
139864
0.0966451625631
139884
0.0816943852588
139904
0.0929209083018
139924
0.0937529592803
139944
0.107195490057
139964
0.101866812658
139984
1.0
140004
1.0
140024
0.968673058712
140044
0.968673058712
140064
0.968673058712
140084
0.968673058712
140104
0.968673058712
140124
0.955437677557
140144
0.955437677557
140164
0.955437677557
140184
0.955437677557
140204
0.955437677557
140224
0.968369732481
140244
0.968369732481
140264
0.968369732481
140284
0.968369732481
140304
0.974341560133
140324
0.974351917614
140344
0.974335641572
140364
0.974326763731
140384
0.974332682292
140404
0.980772076231
140424
0.980772076231
140444
0.980772076231
140464
0.980772076231
140484
0.980772076231
140504
0.971075994318
140524
0.971074514678
140544
0.97109818892
140564
0.97109818892
140584
0.97109818892
140604
0.99375443892
140624
0.99375443892
140644
0.99375443892
140664
0.99375443892
140684
0.99375443892
140704
0.966731770833
140724
0.966731770833
140744
0.966731770833
140764
0.966731770833
140784
0.972247869318
140804
0.972240471117
140824
0.972243430398
140844
0.972243430398
140864
0.972246389678
140884
0.975741299716
140904
0.975744258996
140924
0.975744258996
140944
0.975745738636
140964
0.975744258996
140984
0.957501775568
141004
0.957500295928
141024
0.957501775568
141044
0.957501775568
141064
0.957501775568
141084
0.97998490767
141104
0.97998194839
141124
0.97997750947
141144
0.979990826231
141164
0.979992305871
141184
0.926305042614
141204
0.926300603693
141224
0.926300603693
141244
0.926312440814
141264
0.968405243845
141284
0.968391927083
141304
0.968391927083
141324
0.968391927083
141344
0.968391927083
141364
0.966243489583
141384
0.966237571023
141404
0.966237571023
141424
0.966237571023
141444
0.966237571023
141464
0.950985440341
141484
0.950982481061
141504
0.950985440341
141524
0.950986919981
141544
0.950986919981
141564
0.961487926136
141584
0.961482007576
141604
0.961483487216
141624
0.961483487216
141644
0.961483487216
141664
0.972968454072
141684
0.972968454072
141704
0.972968454072
141724
0.972968454072
141744
0.964206025095
141764
0.964198626894
141784
0.964198626894
141804
0.964198626894
141824
0.964198626894
141844
0.974094460227
141864
0.974087062027
141884
0.974085582386
141904
0.974085582386
141924
0.974085582386
141944
0.963620087595
141964
0.963631924716
141984
0.963630445076
142004
0.963626006155
142024
0.963626006155
142044
0.966770241477
142064
0.966759883996
142084
0.966759883996
142104
0.966761363636
142124
0.966761363636
142144
0.968465909091
142164
0.968465909091
142184
0.968465909091
142204
0.968465909091
142224
0.981318063447
142244
0.981318063447
142264
0.981318063447
142284
0.981318063447
142304
0.981318063447
142324
0.966194661458
142344
0.966202059659
142364
0.966197620739
142384
0.966197620739
142404
0.966197620739
142424
0.976926491477
142444
0.976920572917
142464
0.976920572917
142484
0.976920572917
142504
0.976919093277
142524
0.978154592803
142544
0.978154592803
142564
0.978154592803
142584
0.978154592803
142604
0.978154592803
142624
0.982191051136
142644
0.982182173295
142664
0.982182173295
142684
0.982182173295
142704
0.983950343277
142724
0.983942945076
142744
0.983941465436
142764
0.983941465436
142784
0.983941465436
142804
0.976231060606
142824
0.976223662405
142844
0.976226621686
142864
0.976226621686
142884
0.976228101326
142904
0.974164003314
142924
0.974166962595
142944
0.974166962595
142964
0.974166962595
142984
0.974166962595
143004
0.976772608902
143024
0.976772608902
143044
0.976772608902
143064
0.976772608902
143084
0.976772608902
143104
0.955533854167
143124
0.955533854167
143144
0.955499822443
143164
0.955499822443
143184
0.948785215436
143204
0.948786695076
143224
0.948788174716
143244
0.948777817235
143264
0.948777817235
143284
0.974535392992
143304
0.974530954072
143324
0.974542791193
143344
0.974542791193
143364
0.974542791193
143384
0.968388967803
143404
0.968400804924
143424
0.968408203125
143444
0.968417080966
143464
0.968417080966
143484
0.979356060606
143504
0.979357540246
143524
0.979357540246
143544
0.979357540246
143564
0.979357540246
143584
0.980890447443
143604
0.980890447443
143624
0.980890447443
143644
0.980890447443
143664
0.961888908617
143684
0.961872632576
143704
0.961869673295
143724
0.961869673295
143744
0.961869673295
143764
0.969161339962
143784
0.969156901042
143804
0.969156901042
143824
0.969159860322
143844
0.969159860322
143864
0.970121133207
143884
0.970168481692
143904
0.970136916035
143924
0.97015368529
143944
0.970181798453
143964
0.957637409249
143984
0.957600418245
144004
0.957600911458
144024
0.957600911458
144044
0.957600911458
144064
0.956378728693
144084
0.956375769413
144104
0.956375769413
144124
0.956375769413
144144
0.999255741004
144164
0.999255741004
144184
0.999255741004
144204
0.999255741004
144224
0.999255741004
144244
0.999255741004
144264
0.999255741004
144284
0.999255741004
144304
0.999255741004
144324
1.0
