134621
0.0423928285256
134641
0.0607049612714
134661
0.0597265625
134681
0.060539196047
134701
0.0613388087607
134721
0.0608967681624
134741
0.0612044270833
134761
0.0649297208868
134781
0.0410773904915
134801
0.0466307759081
134821
0.0499392361111
134841
0.0524519230769
134861
0.0559117922009
134881
0.0579144965278
134901
0.0387528378739
134921
0.0507069644765
134941
0.0531734107906
134961
0.0551744457799
134981
0.0558767361111
135001
0.0561994190705
135021
0.057199352297
135041
0.0429700854701
135061
0.196428952991
135081
0.197790130876
135101
0.200714476496
135121
0.206096087073
135141
0.212488481571
135161
0.0496739783654
135181
0.074586338141
135201
0.0795646367521
135221
0.0813999065171
135241
0.085750534188
135261
0.0883750667735
135281
0.0621001936432
135301
0.523407618857
135321
0.535302984776
135341
0.546491720085
135361
0.394357471955
135381
0.323392260951
135401
0.387922175481
135421
0.393468048878
135441
0.40159488515
135461
0.409813534989
135481
0.426323450855
135501
0.0951398904915
135521
0.108116653312
135541
0.107267127404
135561
0.105804286859
135581
0.107551749466
135601
0.10960269765
135621
0.0734361645299
135641
0.0644229099893
135661
0.066766159188
135681
0.0736268028846
135701
0.0771360844017
135721
0.083167568109
135741
0.0892788461538
135761
0.0692583133013
135781
0.178851328793
135801
0.191027477297
135821
0.201322115385
135841
0.212053786058
135861
0.17655715812
135881
0.034784488515
135901
0.0440680088141
135921
0.0443092280983
135941
0.0443711605235
135961
0.0446075387286
135981
0.0379543936966
136001
0.0940154246795
136021
0.132433226496
136041
0.130491786859
136061
0.131279881143
136081
0.131735443376
136101
0.10055355235
136121
0.0827761084402
136141
0.169371494391
136161
0.17235042735
136181
0.172562934028
136201
0.17418102297
136221
0.175468916934
136241
0.153717114049
136261
0.0727053285256
136281
0.184882144765
136301
0.193902410524
136321
0.202471120459
136341
0.209466646635
136361
0.143062232906
136381
0.178451021635
136401
0.304520733173
136421
0.307089509882
136441
0.30846237313
136461
0.222905482105
136481
0.103230335203
136501
0.179441272703
136521
0.177652911325
136541
0.175265424679
136561
0.172905815972
136581
0.102833032853
136601
0.21331764156
136621
0.212252604167
136641
0.209602196848
136661
0.207455929487
136681
0.171964476496
136701
0.144122930021
136721
0.148230001335
136741
0.146619257479
136761
0.147767594818
136781
0.147805655716
136801
0.0920955194979
136821
0.0925692775107
136841
0.0923445846688
136861
0.0861989182692
136881
0.0588423143697
136901
0.0695222355769
136921
0.0689132612179
136941
0.0706146501068
136961
0.0690334535256
136981
0.0435688768697
137001
0.0929300213675
137021
0.0943806757479
137041
0.0943526308761
137061
0.0935218015491
137081
0.076730602297
137101
0.0749821380876
137121
0.473115818643
137141
0.481706396902
137161
0.356224959936
137181
0.152736211271
137201
0.0477181824252
137221
0.106560997596
137241
0.107548076923
137261
0.106786024306
137281
0.0586176215278
137301
0.046371360844
137321
0.0429941239316
137341
0.0570958533654
137361
0.0790367922009
137381
0.081483707265
137401
0.0990940504808
137421
0.137733874199
137441
0.146082064637
137461
0.132141426282
137481
0.177724192041
137501
0.305540531517
137521
0.322539897169
137541
0.339305054754
137561
0.350840845353
137581
0.254288361378
137601
0.241036825588
137621
0.253429987981
137641
0.260716646635
137661
0.277629874466
137681
0.066375534188
137701
0.0753181757479
137721
0.0691396233974
137741
0.0537077657585
137761
0.0466060697115
137781
0.0618958667201
137801
0.0743711605235
137821
0.111605068109
137841
0.248757011218
137861
0.351773504274
137881
0.37306373531
137901
0.660205829327
137921
1.0
137941
1.0
137961
0.996403245192
137981
0.992092347756
138001
0.988372395833
138021
0.988306290064
138041
0.988252203526
138061
0.988246694712
138081
0.988134014423
138101
0.988241686699
138121
0.988057391827
138141
0.985081129808
138161
0.984973457532
138181
0.985116185897
138201
0.986067708333
138221
0.987348257212
138241
0.988915264423
138261
0.996902544071
138281
0.996396734776
138301
0.994184194712
138321
0.989935897436
138341
0.986704727564
138361
0.980726161859
138381
0.97660556891
138401
0.972615685096
138421
0.970109174679
138441
0.96691005609
138461
0.962969250801
138481
0.957859575321
138501
0.952858072917
138521
0.946991686699
138541
0.942559595353
138561
0.941240985577
138581
0.939180689103
138601
0.938577724359
138621
0.938805088141
138641
0.93939052484
138661
0.940827323718
138681
0.937934194712
138701
0.941244491186
138721
0.939360977564
138741
0.939886318109
138761
0.9409375
138781
0.945911959135
138801
0.943521634615
138821
0.941083733974
138841
0.941377704327
138861
0.943092948718
138881
0.946205428686
138901
0.945334034455
138921
0.945246394231
138941
0.945294471154
138961
0.945857371795
138981
0.945911458333
139001
0.942791466346
139021
0.938718950321
139041
0.93935146234
139061
0.931632612179
139081
0.93288661859
139101
0.932637219551
139121
0.931911558494
139141
0.934311899038
139161
0.93617588141
139181
0.934660456731
139201
0.934034955929
139221
0.934819711538
139241
0.935861879006
139261
0.933579226763
139281
0.935829827724
139301
0.934825721154
139321
0.939577824519
139341
0.944666466346
139361
0.941957632212
139381
0.94095302484
139401
0.940579427083
139421
0.942384815705
139441
0.936768830128
139461
0.935111678686
139481
0.935649038462
139501
0.933568209135
139521
0.931137319712
139541
0.932909154647
139561
0.930405148237
139581
0.930265925481
139601
0.929139623397
139621
0.92703125
139641
0.932019731571
139661
0.928642327724
139681
0.927823517628
139701
0.93233974359
139721
0.933127504006
139741
0.935280949519
139761
0.933401442308
139781
0.936819911859
139801
0.934080528846
139821
0.929025440705
139841
0.928288762019
139861
0.928692407853
139881
0.931514923878
139901
0.936987680288
139921
0.932549579327
139941
0.934563802083
139961
0.938024338942
139981
0.936223958333
140001
0.936146834936
140021
0.937839543269
140041
0.934113080929
140061
0.936229967949
140081
0.942033754006
140101
0.943934795673
140121
0.945034054487
140141
0.943985376603
140161
0.943058393429
140181
0.94476963141
140201
0.944052984776
140221
0.936705729167
140241
0.941857972756
140261
0.937493489583
140281
0.936204927885
140301
0.937793469551
140321
0.935426682692
140341
0.937864082532
140361
0.933321814904
140381
0.930730168269
140401
0.932327724359
140421
0.928147536058
140441
0.924783653846
140461
0.925423677885
140481
0.924424579327
140501
0.926445813301
140521
0.924967948718
140541
0.927569110577
140561
0.933289763622
140581
0.937829527244
140601
0.944152644231
140621
0.945535356571
140641
0.951572516026
140661
0.958751001603
140681
0.961720753205
140701
0.967033754006
140721
0.972334234776
140741
0.972263621795
140761
0.972176983173
140781
0.974060496795
140801
0.97116786859
140821
0.966287059295
140841
0.961408253205
140861
0.960319010417
140881
0.953538661859
140901
0.948752003205
140921
0.943460036058
140941
0.939927884615
140961
0.936549479167
140981
0.933966346154
141001
0.93224609375
141021
0.930027043269
141041
0.930284955929
141061
0.930734174679
141081
0.933175580929
141101
0.93548427484
141121
0.93724609375
141141
0.939371995192
141161
0.940017027244
141181
0.938386418269
141201
0.946092247596
141221
0.944416566506
141241
0.945420172276
141261
0.942857572115
141281
0.943922275641
141301
0.948529146635
141321
0.94791416266
141341
0.945335036058
141361
0.948822616186
141381
0.948364883814
141401
0.945539362981
141421
0.946028645833
141441
0.944526742788
141461
0.946294070513
141481
0.949821213942
141501
0.945744691506
141521
0.942749399038
141541
0.943650841346
141561
0.943854667468
141581
0.943616286058
141601
0.94288661859
141621
0.942888621795
141641
0.939926382212
141661
0.940566907051
141681
0.940144731571
141701
0.945754707532
141721
0.944285857372
141741
0.944386518429
141761
0.943294270833
141781
0.947171474359
141801
0.951840444712
141821
0.948948317308
141841
0.949082532051
141861
0.949298377404
141881
0.950533854167
141901
0.950914963942
141921
0.948145032051
141941
0.947917668269
141961
0.952648237179
141981
0.948895232372
142001
0.949373497596
142021
0.950331029647
142041
0.946140825321
142061
0.945162259615
142081
0.947268129006
142101
0.947762920673
142121
0.948387419872
142141
0.944145132212
142161
0.949157151442
142181
0.953674379006
142201
0.955661057692
142221
0.951232972756
142241
0.949618890224
142261
0.94902744391
142281
0.948865685096
142301
0.949058994391
142321
0.946668169071
142341
0.944573818109
142361
0.941354166667
142381
0.943753004808
142401
0.943978365385
142421
0.938707431891
142441
0.941433794071
142461
0.944599358974
142481
0.947512520032
142501
0.944015424679
142521
0.943625801282
142541
0.940385116186
142561
0.933765024038
142581
0.931681189904
142601
0.934466145833
142621
0.932496494391
142641
0.929898838141
142661
0.923865685096
142681
0.930887920673
142701
0.932823517628
142721
0.926979166667
142741
0.923227163462
142761
0.928294270833
142781
0.925798778045
142801
0.931547475962
142821
0.934046474359
142841
0.939055989583
142861
0.936085737179
142881
0.936142327724
142901
0.932860076122
142921
0.932019731571
142941
0.934039463141
142961
0.934845252404
142981
0.936142327724
143001
0.938066907051
143021
0.937871594551
143041
0.936744290865
143061
0.942773938301
143081
0.939174178686
143101
0.940241887019
143121
0.941123297276
143141
0.942282151442
143161
0.944191706731
143181
0.941020633013
143201
0.944247295673
143221
0.923897235577
143241
0.920931490385
143261
0.909198717949
143281
0.913161558494
143301
0.907056790865
143321
0.904684995994
143341
0.907459435096
143361
0.905817307692
143381
0.901086738782
143401
0.901906550481
143421
0.902628705929
143441
0.913783052885
143461
0.926222455929
143481
0.934842247596
143501
0.950078125
143521
0.957102864583
143541
0.970213341346
143561
0.970669571314
143581
0.979154647436
143601
0.981805388622
143621
0.984784154647
143641
0.989581830929
143661
0.992034755609
143681
0.995480769231
143701
1.0
143721
0.986981670673
143741
0.983607772436
143761
0.983899739583
143781
0.987045272436
143801
1.0
143821
0.885220519498
143841
0.884049312233
143861
0.883150040064
143881
0.889162493323
143901
0.987288161058
143921
0.974789329594
143941
0.974177350427
143961
0.977013721955
143981
0.977010717147
144001
0.996124799679
144021
0.994643429487
144041
0.994084535256
144061
0.993208133013
144081
0.993054387019
144101
0.954604867788
144121
0.952578125
144141
0.951115451389
144161
0.9514191039
144181
0.969787159455
144201
1.0
