189626
0.188103286866
189646
0.152341431806
189666
0.166054663391
189686
0.173252749193
189706
0.175552119683
189726
0.187044613926
189746
0.187108503359
189766
0.183752963579
189786
0.184782241816
189806
0.184492189355
189826
0.18605103588
189846
0.189102521305
189866
0.191708264344
189886
0.147671104989
189906
0.196538175652
189926
0.208858821601
189946
0.211258152625
189966
0.211807008291
189986
0.216222611926
190006
0.219195371475
190026
0.14862453191
190046
0.148229233431
190066
0.146548264433
190086
0.147244371795
190106
0.148224504314
190126
0.149984848283
190146
0.149115247264
190166
0.150133861807
190186
0.151368068414
190206
0.149923926138
190226
0.148461887403
190246
0.1460071979
190266
0.144831317061
190286
0.1802241156
190306
0.18076110211
190326
0.252820407824
190346
0.241525423729
190366
0.24458701648
190386
0.239719550426
190406
0.294579338621
190426
0.347683975603
190446
0.220263502647
190466
0.269728111054
190486
0.314888389148
190506
0.30602964173
190526
0.326717485193
190546
0.308089403664
190566
0.296915707491
190586
0.301297743674
190606
0.336937847173
190626
0.308816574829
190646
0.316967531186
190666
0.334089157379
190686
0.332927463888
190706
0.300006416762
190726
0.301168388436
190746
0.35367316948
190766
0.405659416839
190786
0.42067046628
190806
0.362647641154
190826
0.281403000819
190846
0.287962841387
190866
0.278873109095
190886
0.268169820894
190906
0.269707803672
190926
0.279886716339
190946
0.303468964387
190966
0.302422902424
190986
0.288574566479
191006
0.272327826787
191026
0.280651998617
191046
0.290596588212
191066
0.289215779002
191086
0.309957126389
191106
0.303420745947
191126
0.312863029216
191146
0.314266742184
191166
0.326880036972
191186
0.32865744285
191206
0.35312283017
191226
0.361989737632
191246
0.369702462553
191266
0.379509536866
191286
0.365618731603
191306
0.326677148614
191326
0.335360084182
191346
0.325330555951
191366
0.258536518421
191386
0.230444362597
191406
0.252186057156
191426
0.217865006172
191446
0.330492989039
191466
0.305038938245
191486
0.23536588894
191506
0.268073198559
191526
0.259013231882
191546
0.268552044759
191566
0.267070996831
191586
0.266054329571
191606
0.261650966001
191626
0.246145863006
191646
0.206054177497
191666
0.180087620324
191686
0.18618363659
191706
0.192885628828
191726
0.199431745686
191746
0.23648483493
191766
0.267060333137
191786
0.318502175764
191806
0.347793301643
191826
0.361895340763
191846
0.365693748368
191866
0.388686989626
191886
0.390880001365
191906
0.356221699485
191926
0.351109710304
191946
0.344219851606
191966
0.346727210482
191986
0.357072754949
192006
0.0752158517008
192026
0.147641153919
192046
0.113022817708
192066
0.145376185432
192086
0.134965360615
192106
0.0915371445188
192126
0.0909986743638
192146
0.0863142529257
192166
0.0685778416239
192186
0.0979896063298
192206
0.0945075858733
192226
0.106059240433
192246
0.171098683117
192266
0.0742883885546
192286
0.0579995504558
192306
0.0917708184969
192326
0.0890219965105
192346
0.0909850433818
192366
0.0901831336348
192386
0.0877576533791
192406
0.0902195756481
192426
0.0948126602336
192446
0.0871543665136
192466
0.100484539685
192486
0.0894335223496
192506
0.100010144418
192526
0.0977810615772
192546
0.0992412457568
192566
0.105126120893
192586
0.142850930097
192606
0.130684583155
192626
0.146015728855
192646
0.148220331565
192666
0.120770315541
192686
0.160725505774
192706
0.164747294575
192726
0.139665545773
192746
0.152854958191
192766
0.202095072669
192786
0.190082653824
192806
0.149801896394
192826
0.11809113211
192846
0.122040500522
192866
0.0906695835114
192886
0.100734811933
192906
0.0710227947111
192926
0.0925611372727
192946
0.117194361855
192966
0.0988319453841
192986
0.098387872098
193006
0.0810670666572
193026
0.079921507798
193046
0.0522769489152
193066
0.0927081107867
193086
0.0754259728256
193106
0.0791703201408
193126
0.0760210069197
193146
0.0902740068485
193166
0.0955429841428
193186
0.0710367966042
193206
0.0672335671557
193226
0.104603321731
193246
0.0570167288314
193266
0.0672561000036
193286
0.0616247425877
193306
0.0619145168661
193326
0.0491603685966
193346
0.0687341806426
193366
0.0796250571203
193386
0.0954467327185
193406
0.101175825203
193426
1.0
193446
1.0
193466
0.999212555785
193486
0.993294298652
193506
0.985970566722
193526
0.980212357719
193546
0.973675699093
193566
0.967175482481
193586
0.9592815675
193606
0.955217031198
193626
0.947792689639
193646
0.941312409498
193666
0.935292893641
193686
0.928181044664
193706
0.920785726897
193726
0.916873635047
193746
0.910369523869
193766
0.904673906109
193786
0.898044334259
193806
0.89029581642
193826
0.881270159017
193846
0.872793450007
193866
0.870888079808
193886
0.867951205906
193906
0.865225936773
193926
0.863156623878
193946
0.857806787969
193966
0.855309907332
193986
0.850143023311
194006
0.842927690144
194026
0.842191060746
194046
0.839745458565
194066
0.839625654287
194086
0.842018494368
194106
0.843425081897
194126
0.850065039257
194146
0.844810527495
194166
0.842961257596
194186
0.846430945259
194206
0.848331215431
194226
0.842896348158
194246
0.843331148667
194266
0.841671877967
194286
0.841533991775
194306
0.845011097659
194326
0.842762541987
194346
0.846040654079
194366
0.848858094615
194386
0.849438663177
194406
0.841748749288
194426
0.836951014516
194446
0.833024920773
194466
0.830668893617
194486
0.828500547465
194506
0.825934862822
194526
0.825671237775
194546
0.828378517721
194566
0.827936206262
194586
0.832990796954
194606
0.832074368413
194626
0.830776272373
194646
0.828208918631
194666
0.825356983365
194686
0.832001577114
194706
0.831199852822
194726
0.8268190221
194746
0.82589090986
194766
0.828767510712
194786
0.826544362448
194806
0.831649211591
194826
0.828080861582
194846
0.820735060444
194866
0.822427527685
194886
0.81971190224
194906
0.818369204144
194926
0.822488357101
194946
0.823541837286
194966
0.824740250973
194986
0.828139650988
195006
0.827437330865
195026
0.827909500665
195046
0.832036350027
195066
0.830081926839
195086
0.828534114917
195106
0.827716626905
195126
0.826993721217
195146
0.828749057886
195166
0.832580662032
195186
0.832468554159
195206
0.831937687681
195226
0.829472983579
195246
0.83563326019
195266
0.839313439889
195286
0.838846648299
195306
0.837723065921
195326
0.835426013626
195346
0.836036255074
195366
0.839088667776
195386
0.843613226541
195406
0.844875529661
195426
0.849077117606
195446
0.84784495101
195466
0.841020836301
195486
0.838577181402
195506
0.8384783336
195526
0.833099102989
195546
0.83271539548
195566
0.831274220493
195586
0.829825349102
195606
0.83588928156
195626
0.838896814022
195646
0.832623873172
195666
0.82708005077
195686
0.829587038735
195706
0.825514991484
195726
0.829457219858
195746
0.830214063909
195766
0.825163553239
195786
0.821153448138
195806
0.821000354591
195826
0.822887179236
195846
0.820578165058
195866
0.825575542717
195886
0.824983754095
195906
0.828579180613
195926
0.821906212167
195946
0.815131243175
195966
0.814512285317
195986
0.816518543328
196006
0.816753793678
196026
0.823120945942
196046
0.827501591209
196066
0.830547512967
196086
0.829665857339
196106
0.828283564485
196126
0.597854131059
196146
0.801850401177
196166
0.762645100413
196186
0.749899946737
196206
0.546094881279
196226
0.513333882282
196246
0.703048128679
196266
0.505227435254
196286
0.625784106015
196306
0.431809204084
196326
0.62301571847
196346
0.505972131967
196366
0.823602481247
196386
0.826083227253
196406
0.825655381326
196426
0.820900950423
196446
0.822563188411
196466
0.83045636157
196486
0.833934023821
196506
0.831891323796
196526
0.831762710381
196546
0.829121174423
196566
0.830359831962
196586
0.827800081897
196606
0.828467443651
196626
0.826223153456
196646
0.826688832313
196666
0.831971347861
196686
0.83316929791
196706
0.838202932126
196726
0.839680085488
196746
0.842009777958
196766
0.843603211942
196786
0.845683559441
196806
0.843165073233
196826
0.840075105784
196846
0.847823252712
196866
0.843225253555
196886
0.806105863956
196906
0.783659160168
196926
0.767287052533
196946
0.743286602247
196966
0.731477071761
196986
0.720183756765
197006
0.704950717045
197026
0.69089708182
197046
0.675374546005
197066
0.663911446464
197086
0.81803890783
197106
0.814727599196
197126
0.814748462944
197146
0.809951840906
197166
0.809382677859
197186
0.808395868941
197206
0.806987612312
197226
0.808253717271
197246
0.811680564705
197266
0.814698204494
197286
0.808506122258
197306
0.802913432322
197326
0.80322026851
197346
0.809593818989
197366
0.812901140329
197386
0.813215394738
197406
0.815640782266
197426
0.819736289643
197446
0.827473958333
197466
0.832702135409
197486
0.836076035287
197506
0.844818780266
197526
0.850576061993
197546
0.856392504036
197566
0.865283242534
197586
0.810369486778
197606
0.846464790895
197626
0.828895382305
197646
0.841710267264
197666
0.845167436678
197686
0.842952819369
197706
0.840166071725
197726
0.825348266955
197746
0.831305655207
197766
0.662168535317
197786
0.847373059393
197806
0.855734229603
197826
0.864997084639
197846
0.870559823506
197866
0.869957649373
197886
0.869258945633
197906
0.868208618193
197926
0.869279531198
197946
0.869913974594
197966
0.869135803156
197986
0.869667411456
198006
0.869173543358
198026
0.87478718977
198046
0.875227924856
198066
0.876362727294
198086
0.873558825013
198106
0.872196561358
198126
0.889388475199
198146
0.907085013561
198166
0.923669653243
198186
0.923980569452
198206
0.928017565607
198226
0.929205222873
198246
0.931454984006
198266
0.930306272403
198286
0.931806144068
198306
0.929982745217
198326
0.929271986867
198346
0.931738545524
198366
0.933748605374
198386
0.930906499252
198406
0.923160021424
198426
0.925808604692
198446
0.929581141249
198466
0.93043275308
198486
0.934509065809
198506
0.937478116246
198526
0.942489310343
198546
0.943287974618
198566
0.942730309815
198586
0.942819143017
198606
0.943959601849
198626
0.939978242356
198646
0.943608256332
198666
0.943506997608
198686
0.946168470036
198706
0.947116147836
198726
0.948561124662
198746
0.949325294207
198766
0.949967526735
198786
0.95297867558
198806
0.956364815524
198826
0.95863729496
198846
0.96470493653
198866
0.968371856158
198886
0.970539460488
198906
0.971284713568
198926
0.968609331974
198946
0.979733418791
198966
0.971245489721
198986
0.965406700286
199006
0.991788863321
199026
0.991815012552
199046
0.991754183135
199066
0.991798970648
199086
0.991788956049
199106
0.991782279649
199126
0.994101772065
199146
0.994405362781
199166
0.999276445218
199186
1.0
199206
1.0
