100759
0.103581212443
100779
0.103600543478
100799
0.0788816719689
100819
0.0846865058324
100839
0.0817247150053
100859
0.0816805297808
100879
0.0819967302934
100899
0.0711561616296
100919
0.0763520678685
100939
0.0806518425239
100959
0.0753910392365
100979
0.0811793036409
100999
0.0845401422764
101019
0.0843482127077
101039
0.114598522004
101059
0.11669455859
101079
0.117880655709
101099
0.119962884411
101119
0.11818166755
101139
0.118301796129
101159
0.118112628137
101179
0.0865050039767
101199
0.0857552359491
101219
0.0853934694238
101239
0.0896062544185
101259
0.0992731530576
101279
0.0991668323613
101299
0.100553143779
101319
0.102889437522
101339
0.0974242775716
101359
0.105414899258
101379
0.0871056468717
101399
0.0839118836161
101419
0.0512065327854
101439
0.0578108430541
101459
0.0458242201308
101479
0.0470904029692
101499
0.0573634676564
101519
0.0643419715447
101539
0.0554938803464
101559
0.064609844468
101579
0.0703718738954
101599
0.0662350322552
101619
0.0651745868682
101639
0.0550313162778
101659
0.0594484579357
101679
0.0610750265111
101699
0.0611744432662
101719
0.0790887902086
101739
0.0765343319194
101759
0.0821127165076
101779
0.0794616030399
101799
0.0763258328915
101819
0.0842004683634
101839
0.106516768293
101859
0.0545079975256
101879
0.0621313295334
101899
0.0619021186815
101919
0.0724209636797
101939
0.0831938737186
101959
0.1023978769
101979
0.0973607613114
101999
0.180765895634
102019
0.194597251679
102039
0.193846102863
102059
0.211234369477
102079
0.221442537116
102099
0.191389680541
102119
0.190482502651
102139
0.199445199275
102159
0.205531713945
102179
0.199416202722
102199
0.203601371951
102219
0.195873100035
102239
0.196582825203
102259
0.208233916578
102279
0.200374469777
102299
0.19431833245
102319
0.197002584836
102339
0.198266006098
102359
0.196272147844
102379
0.194354232945
102399
0.195925569989
102419
0.195523760604
102439
0.19804093761
102459
0.181243648374
102479
0.144803265288
102499
0.180763134058
102519
0.19250397667
102539
0.191237793832
102559
0.0479906769176
102579
0.0494073656769
102599
0.0514813096501
102619
0.0500204356663
102639
0.0499431115235
102659
0.105263012549
102679
0.275077876458
102699
0.233886200954
102719
0.183934804701
102739
0.12159497614
102759
0.0810923139802
102779
0.0535883925415
102799
0.086371067515
102819
0.153099041181
102839
0.149482756716
102859
0.143151842524
102879
0.140402693089
102899
0.126292417815
102919
0.115141171792
102939
0.116963812301
102959
0.109767143867
102979
0.344091054701
102999
0.329834415871
103019
0.336615467038
103039
0.345957880435
103059
0.371115842612
103079
0.069351471368
103099
0.0692272004242
103119
0.0694950733475
103139
0.0695530664546
103159
0.0678781702899
103179
0.0697670886356
103199
0.346028300636
103219
0.357154692471
103239
0.404848499912
103259
0.42542362584
103279
0.447009488777
103299
0.181405200601
103319
0.19353818708
103339
0.202139117179
103359
0.202242676299
103379
0.206035701661
103399
0.204200634058
103419
0.212651058236
103439
0.214404659332
103459
0.230336194327
103479
0.225891436903
103499
0.227468297101
103519
0.230757334747
103539
0.237372691322
103559
0.151345440085
103579
0.159788960322
103599
0.168922874691
103619
0.16552613556
103639
0.0724830991516
103659
0.0728600543478
103679
0.0710512217215
103699
0.0636626237186
103719
0.0530982127077
103739
0.0539653477377
103759
0.0530816432485
103779
0.0597342811064
103799
0.0583728238777
103819
0.059836459438
103839
0.0599911077236
103859
0.059549255479
103879
0.0586890243902
103899
0.0557603724814
103919
0.0571480646872
103939
0.06129871421
103959
0.0566440769707
103979
0.0565377562743
103999
0.0568415296925
104019
0.0570652173913
104039
0.0557783227289
104059
0.0510228879463
104079
0.0677497569813
104099
0.0675315924355
104119
0.0564341971545
104139
0.0620802403676
104159
0.0610556954754
104179
0.0610915959703
104199
0.0602451727642
104219
0.0606925481619
104239
0.060724306292
104259
0.0626173670025
104279
0.0627651113468
104299
0.0626491251326
104319
0.062620128579
104339
0.0630550768823
104359
0.0621782763344
104379
0.0626960719335
104399
0.0623094512195
104419
0.0639608739837
104439
0.0636888586957
104459
0.0615541600389
104479
0.0603763476493
104499
0.0625814665076
104519
0.0584432440792
104539
0.0600242466419
104559
0.0588657652881
104579
0.0582954997349
104599
0.462506075468
104619
0.465558998321
104639
0.463670079975
104659
0.466485507246
104679
0.281314897048
104699
0.250824330594
104719
0.24542544848
104739
0.248736578738
104759
0.247997857017
104779
0.24449479719
104799
0.244144076971
104819
0.245749933722
104839
0.242774335012
104859
0.244083322287
104879
0.244914556822
104899
0.248394143248
104919
0.247224615589
104939
0.252369432662
104959
0.249788739396
104979
0.0622473157476
104999
0.0626394596147
105019
0.0612476250442
105039
0.238101747526
105059
0.240751480205
105079
0.127361147932
105099
0.134691752828
105119
0.25610998807
105139
0.298264072994
105159
0.0808741494344
105179
0.0730671725875
105199
0.0754172742135
105219
0.068970373807
105239
0.0776776246023
105259
0.076563328473
105279
0.0787491162955
105299
0.075848080152
105319
0.0787021694945
105339
0.0797460454224
105359
0.0797722803994
105379
0.0782948369565
105399
0.0772399147225
105419
0.078438438936
105439
0.0784412005125
105459
0.0771888255567
105479
0.081817227819
105499
0.114267132821
105519
0.130269088017
105539
0.104064488335
105559
0.0610087486744
105579
0.0512079135737
105599
0.104583664723
105619
0.124103868416
105639
0.138941819106
105659
0.131765862496
105679
0.126332460675
105699
0.127187168611
105719
0.133603691676
105739
0.206926310092
105759
0.213501623807
105779
0.213964187876
105799
0.212895457759
105819
0.338719788353
105839
0.324685456433
105859
0.300328351449
105879
0.290687687787
105899
0.241517817692
105919
0.235236611877
105939
0.185305927448
105959
0.127640067162
105979
0.0902124204666
105999
0.084141094468
106019
0.082579422941
106039
0.0854707935666
106059
0.0919936373277
106079
0.0895082184517
106099
0.0847182639625
106119
0.0757776599505
106139
0.072469291269
106159
0.0750748387239
106179
0.070892431071
106199
0.0737782785437
106219
0.0753289037646
106239
0.0759060732591
106259
0.0748746244256
106279
0.0716698148639
106299
0.0748898130965
106319
0.0750624116296
106339
0.0753330461294
106359
0.0770341772711
106379
0.0789120493107
106399
0.0802113710675
106419
0.0790777439024
106439
0.0798302735065
106459
0.0795817316189
106479
0.0809349041181
106499
0.0811723996995
106519
0.0797377606928
106539
0.0804433434959
106559
0.0821430938494
106579
0.0845732811948
106599
0.0840458200778
106619
0.0797198104454
106639
0.0795651621598
106659
0.0837448082361
106679
0.0809873740721
106699
0.0781871354719
106719
0.0782340822729
106739
0.0774194171969
106759
0.0760220594733
106779
0.0764418191057
106799
0.0780670068929
106819
0.0775947773065
106839
0.0762126082538
106859
0.0782589364616
106879
0.0781167152704
106899
0.0795099306292
106919
0.0801989439731
106939
0.0842197993991
106959
0.0847348334217
106979
0.0871746862849
106999
0.0824620559385
107019
0.0762995979145
107039
0.0831552116472
107059
0.118263134058
107079
0.117438803464
107099
0.119300106045
107119
0.117503700513
107139
0.119721246465
107159
0.128010118416
107179
0.145325203252
107199
0.134125629639
107219
0.13148418169
107239
0.12627308678
107259
0.131446900407
107279
0.1297416269
107299
0.132787645811
107319
0.131960553641
107339
0.126949673029
107359
0.128857922411
107379
0.135043853835
107399
0.131007809738
107419
0.123189786585
107439
0.118760217833
107459
0.128318034199
107479
0.129881086515
107499
0.132519772888
107519
0.130770314157
107539
0.133058280311
107559
0.137370482061
107579
0.138553817603
107599
0.138341176211
107619
0.139715060534
107639
0.137338723931
107659
0.135876469159
107679
0.138008406239
107699
0.133549840933
107719
0.130365743195
107739
0.133316487717
107759
0.132508726582
107779
0.131020236833
107799
0.133168743372
107819
0.132432783227
107839
0.13435622128
107859
0.132887062566
107879
0.132280896518
107899
0.130592192471
107919
0.128192382467
107939
0.132322320166
107959
0.12943923427
107979
0.128378788883
107999
0.129071944592
108019
0.129673968275
108039
0.134071778897
108059
0.133212928597
108079
0.12754617356
108099
0.129377098798
108119
0.131459327501
108139
0.129464088459
108159
0.129281824408
108179
0.12348803685
108199
0.125283061594
108219
0.125588215801
108239
0.12096671748
108259
0.11938295334
108279
0.122002308678
108299
0.125517795599
108319
0.12909679878
108339
0.127595881937
108359
0.127584835631
108379
0.124083156592
108399
0.124168765465
108419
0.12830146474
108439
0.125194691145
108459
0.116911342347
108479
0.121804855956
108499
0.125818807441
108519
0.120112009544
108539
0.12422813936
108559
0.123405189555
108579
0.123515652616
108599
0.119432661718
108619
0.12449877386
108639
0.126767408978
108659
0.122687179657
108679
0.126656945917
108699
0.121009521916
108719
0.123303011223
108739
0.120208664723
108759
0.122213569282
108779
0.1219526003
108799
0.123095892983
108819
0.112320221368
108839
0.119307009986
108859
0.123461801873
108879
0.11982066322
108899
0.123184263432
108919
0.120628424355
108939
0.126826782874
108959
0.123960266437
108979
0.126574098621
108999
0.124497393072
109019
0.124420068929
109039
0.12102194901
109059
0.12196916976
109079
0.120118913485
109099
0.116669704401
109119
0.117332482768
109139
0.112015067162
109159
0.116838160569
109179
0.117611401997
109199
0.118496487275
109219
0.1224938693
109239
0.118279703517
109259
0.122045113114
109279
0.12756964696
109299
0.122895678685
109319
0.124346887151
109339
0.125157409862
109359
0.121536983033
109379
0.130825545688
109399
0.133088657653
109419
0.131926033934
109439
0.127884466684
109459
0.123787667904
109479
0.122930198392
109499
0.124200523595
109519
0.124948910834
109539
0.117800569989
109559
0.113390332273
109579
0.117339386709
109599
0.12092667462
109619
0.115555408271
109639
0.11568382158
109659
0.116212663485
109679
0.121031614528
109699
0.120723698745
109719
0.119866229233
109739
0.124886775362
109759
0.125934793655
109779
0.127996310534
109799
0.129316344115
109819
0.130233187522
109839
0.12707670555
109859
0.128864826352
109879
0.128634234712
109899
0.128607999735
109919
0.13123702059
109939
0.132260184694
109959
0.132200810799
109979
0.13511151246
109999
0.136844401732
110019
0.140201098003
110039
0.199864958908
110059
0.752604166667
110079
1.0
110099
1.0
110119
0.99789153632
110139
0.958039225433
110159
0.959907431955
110179
0.96026091375
110199
0.960342380258
110219
0.96034099947
110239
0.96034099947
110259
0.961300647314
110279
0.96217054392
110299
0.963845440085
110319
0.963964187876
110339
0.964035988865
110359
0.964033227289
110379
0.96804165562
110399
1.0
110419
1.0
110439
1.0
110459
1.0
110479
1.0
110499
1.0
110519
1.0
110539
1.0
110559
1.0
110579
1.0
110599
1.0
110619
1.0
110639
1.0
110659
1.0
110679
1.0
110699
1.0
110719
1.0
110739
1.0
