180487
0.0883867783224
180507
0.15420581427
180527
0.191809002247
180547
0.189261642157
180567
0.154335171569
180587
0.108041215618
180607
0.200447006059
180627
0.0971454163263
180647
0.0917298560049
180667
0.0950646360975
180687
0.12355004936
180707
0.171425015319
180727
0.244461890659
180747
0.17269433381
180767
0.156883595452
180787
0.207894837623
180807
0.119182751225
180827
0.140949669798
180847
0.145717592593
180867
0.139475890182
180887
0.18459839665
180907
0.238204869621
180927
0.179986213235
180947
0.170031658497
180967
0.118704256876
180987
0.102875646786
181007
0.123142190904
181027
0.163563155297
181047
0.159564780773
181067
0.216727941176
181087
0.241319018927
181107
0.145410369009
181127
0.133008663535
181147
0.146051198257
181167
0.160781335103
181187
0.13346630753
181207
0.159162241285
181227
0.161777684164
181247
0.195421432462
181267
0.253709873706
181287
0.288777616081
181307
0.294362319581
181327
0.26466162854
181347
0.277138650599
181367
0.198917058143
181387
0.186440887119
181407
0.180885544322
181427
0.186942997685
181447
0.127054398148
181467
0.152820116762
181487
0.147379238154
181507
0.197414343342
181527
0.242105162377
181547
0.256997634123
181567
0.187616166258
181587
0.150041062432
181607
0.0756625306373
181627
0.12481298509
181647
0.0948248570261
181667
0.0927619485294
181687
0.121263318696
181707
0.125514450572
181727
0.144588694853
181747
0.179936640455
181767
0.185193057258
181787
0.250440410539
181807
0.161746621392
181827
0.114178027982
181847
0.100373391544
181867
0.12703099469
181887
0.157881221065
181907
0.116995804398
181927
0.128218401076
181947
0.127445235907
181967
0.165586490673
181987
0.159450316585
182007
0.222865391816
182027
0.168058746936
182047
0.112132778459
182067
0.100647637527
182087
0.126704622821
182107
0.338936546841
182127
0.413743787446
182147
0.378427542892
182167
0.417418555964
182187
0.251305700231
182207
0.282829733456
182227
0.274434487337
182247
0.296750961669
182267
0.234818176403
182287
0.200147016272
182307
0.196483098448
182327
0.213234443083
182347
0.216537096609
182367
0.37767310049
182387
0.344906343614
182407
0.291200299564
182427
0.291043283633
182447
0.30672168607
182467
0.375146590754
182487
0.356797215414
182507
0.322718162786
182527
0.406168300654
182547
0.403583707789
182567
0.0913471030773
182587
0.256692538126
182607
0.133966716027
182627
0.102243753404
182647
0.284465209695
182667
0.323186231958
182687
0.526816959423
182707
0.696641178173
182727
0.821866915169
182747
0.822981770833
182767
0.828683491626
182787
0.82531615945
182807
0.323326227192
182827
0.322135629425
182847
0.310628148829
182867
0.319642948325
182887
0.310671764365
182907
0.213909313725
182927
0.214949916599
182947
0.132351451865
182967
0.135954733456
182987
0.124798943015
183007
0.106982953772
183027
0.101728239039
183047
0.0996266084559
183067
0.0969769114243
183087
0.0911334933279
183107
0.0923306866149
183127
0.100729762391
183147
0.110923670684
183167
0.125191695602
183187
0.122082865264
183207
0.127508212486
183227
0.107169755923
183247
0.107248689406
183267
0.112781905297
183287
0.105932989515
183307
0.0947097545615
183327
0.0956714239515
183347
0.0980219822304
183367
0.097253710512
183387
0.0922611145153
183407
0.0919611247277
183427
0.0966958571623
183447
0.111641305828
183467
0.108275462963
183487
0.105180249183
183507
0.105799589801
183527
0.109852430556
183547
0.111190895629
183567
0.105327690972
183587
0.101895680147
183607
0.0994787411492
183627
0.100836780025
183647
0.0982336771514
183667
0.0922423917484
183687
0.0896858830338
183707
0.0868389586737
183727
0.0850832737609
183747
0.0871525650191
183767
0.0863198274101
183787
0.0870334201389
183807
0.0886354932598
183827
0.0913758255038
183847
0.0894256791258
183867
0.0900224673203
183887
0.087883178445
183907
0.0893356821895
183927
0.09375
183947
0.096768407884
183967
0.0950799547249
183987
0.0926255701934
184007
0.0916341145833
184027
0.0909181815087
184047
0.0855224077478
184067
0.0824550653595
184087
0.0864336533224
184107
0.0865744995915
184127
0.0865998178785
184147
0.084441380719
184167
0.0910043487881
184187
0.0892810031999
184207
0.0899282152097
184227
0.0862723822168
184247
0.0823374097903
184267
0.0779358575027
184287
0.0787175330202
184307
0.0882942282816
184327
0.115100762527
184347
0.302064823325
184367
0.730917458129
184387
0.892027292688
184407
0.892621315019
184427
0.878854549632
184447
0.861756408292
184467
0.847373493668
184487
0.846633731618
184507
0.863322737949
184527
0.8736328125
184547
0.878251378676
184567
0.866863255719
184587
0.88415990094
184607
0.898859400531
184627
0.914557164011
184647
0.934599034926
184667
0.951333358864
184687
0.958793530433
184707
0.949166411356
184727
0.948213465074
184747
0.969485932394
184767
0.982741013072
184787
0.982863562092
184807
0.982883986928
184827
0.976395909926
184847
0.968986800449
184867
0.968795955882
184887
0.963259548611
184907
0.972881561479
184927
0.973405586193
184947
0.973848549837
184967
0.972076695261
184987
0.951412505106
185007
0.941131791258
185027
0.930183440564
185047
0.926748238358
185067
0.922332643995
185087
0.907343367034
185107
0.898516646242
185127
0.881973805147
185147
0.874819367851
185167
0.872018612132
185187
0.876101664624
185207
0.8756555096
185227
0.870812908497
185247
0.867515573938
185267
0.870831418505
185287
0.878375842525
185307
0.869321895425
185327
0.861130259395
185347
0.8525390625
185367
0.847328176062
185387
0.846190129698
185407
0.854778773489
185427
0.861146216299
185447
0.868374055351
185467
0.864846303105
185487
0.866411994485
185507
0.871712877859
185527
0.875881459355
185547
0.882851434845
185567
0.887016186683
185587
0.889604396446
185607
0.88256421058
185627
0.872945389093
185647
0.866570925245
185667
0.867262178309
185687
0.866483481413
185707
0.87263135723
185727
0.875977200776
185747
0.887541487949
185767
0.889159517974
185787
0.893934461806
185807
0.901786534926
185827
0.913168913399
185847
0.927020143995
185867
0.920088465074
185887
0.923231336806
185907
0.924412785948
185927
0.915450750613
185947
0.900207439747
185967
0.89255833844
185987
0.878600515727
186007
0.877761820874
186027
0.859270960989
186047
0.842663015727
186067
0.839045266544
186087
0.82697801777
186107
0.829160283905
186127
0.835992391748
186147
0.830461090686
186167
0.836525990605
186187
0.838014450572
186207
0.844271471609
186227
0.843734043096
186247
0.847786458333
186267
0.850187653186
186287
0.852473958333
186307
0.851887382557
186327
0.852303538603
186347
0.861475566789
186367
0.87834839665
186387
0.876245915033
186407
0.879709201389
186427
0.87446703942
186447
0.876528033088
186467
0.872113077002
186487
0.863300398284
186507
0.864117391748
186527
0.852729907067
186547
0.854116881127
186567
0.864359298407
186587
0.864005693423
186607
0.883169934641
186627
0.885564108456
186647
0.890786483864
186667
0.906396165237
186687
0.921779258578
186707
0.93375268076
186727
0.933969056373
186747
0.918158318015
186767
0.904015395221
186787
0.904210069444
186807
0.891366676879
186827
0.888435712827
186847
0.889118668301
186867
0.879030713848
186887
0.872991983252
186907
0.881444674224
186927
0.882144224877
186947
0.884583078023
186967
0.879861111111
186987
0.881707005719
187007
0.88019556781
187027
0.877129289216
187047
0.865533726511
187067
0.861402165033
187087
0.850682955474
187107
0.846755004085
187127
0.858409926471
187147
0.862179585376
187167
0.864736519608
187187
0.869708052492
187207
0.875494025735
187227
0.87674121732
187247
0.881267233456
187267
0.887025760825
187287
0.885742825776
187307
0.876646114175
187327
0.866643688725
187347
0.857321027369
187367
0.859738179126
187387
0.851995251225
187407
0.852302900327
187427
0.843835529003
187447
0.840572661356
187467
0.838253804126
187487
0.845503982843
187507
0.852028441585
187527
0.861254084967
187547
0.855661509395
187567
0.86169385723
187587
0.857481872958
187607
0.864074627247
187627
0.868197891136
187647
0.868442350899
187667
0.859479039011
187687
0.859486060049
187707
0.853226485907
187727
0.851698452819
187747
0.855990859886
187767
0.856119791667
187787
0.85880884906
187807
0.862511488971
187827
0.865059912854
187847
0.882079120711
187867
0.877488638685
187887
0.877427364175
187907
0.888488689747
187927
0.882448044322
187947
0.891020092933
187967
0.889670138889
187987
0.890675423815
188007
0.886087494894
188027
0.882027420343
188047
0.873395373775
188067
0.878017769608
188087
0.875852736928
188107
0.884994127859
188127
0.894653160743
188147
0.906553181168
188167
0.899202793096
188187
0.907643995098
188207
0.902068652982
188227
0.896578201593
188247
0.887326388889
188267
0.898671109069
188287
0.902182266136
188307
0.892980238971
188327
0.882237413194
188347
0.879842601103
188367
0.869427210989
188387
0.888730596405
188407
0.893828507966
188427
0.904304534314
188447
0.906055325776
188467
0.890470537173
188487
0.889266748366
188507
0.891083920547
188527
0.902454171773
188547
0.904721328636
188567
0.916398590686
188587
0.92262816585
188607
0.910784313725
188627
0.92063036152
188647
0.920140803717
188667
0.927131204044
188687
0.937150224673
188707
0.925079146242
188727
0.915780101103
188747
0.913429968342
188767
0.919964639502
188787
0.905851715686
188807
0.903248187296
188827
0.904485804739
188847
0.905715762868
188867
0.898861953636
188887
0.902861391953
188907
0.908882676334
188927
0.905569597631
188947
0.894572099673
188967
0.900194674224
188987
0.906663602941
189007
0.907648463031
189027
0.903287122141
189047
0.89791283701
189067
0.901789088031
189087
0.898727915645
189107
0.908629493464
189127
0.91926317402
189147
0.926768024918
189167
0.934413934845
189187
0.943724468954
189207
0.957409109477
189227
0.963158062704
189247
0.963622727737
189267
0.971705218546
189287
0.978079682394
189307
0.977417790033
189327
0.960700699551
189347
0.949371297998
189367
0.952627144608
189387
0.952390982435
189407
0.94955639808
189427
0.945279947917
189447
0.94419360192
189467
0.943303844975
189487
0.927959686479
189507
0.930866396038
189527
0.936878319036
189547
0.923114532271
189567
0.91128344567
189587
0.902189925449
189607
0.889091860703
189627
0.884549249387
189647
0.873914292279
189667
0.878517114311
189687
0.896345018042
189707
0.894868047045
189727
0.918172998366
189747
0.91657347835
189767
0.920412709355
189787
0.940272033292
189807
0.960996859681
189827
0.97580614277
189847
0.976133578431
189867
0.965730315564
189887
0.955554279003
189907
0.95467090482
189927
0.964248876634
189947
0.979232409109
189967
0.971735217525
189987
1.0
190007
1.0
190027
1.0
190047
1.0
190067
1.0
