119530
0.113807942708
119550
0.113521050347
119570
0.114608506944
119590
0.110631510417
119610
0.112462239583
119630
0.113195963542
119650
0.114623263889
119670
0.113911024306
119690
0.112843967014
119710
0.112097439236
119730
0.112175130208
119750
0.111482421875
119770
0.110937065972
119790
0.110582465278
119810
0.1123828125
119830
0.112604817708
119850
0.110286892361
119870
0.110411458333
119890
0.107665581597
119910
0.108274956597
119930
0.107323133681
119950
0.108105902778
119970
0.109089192708
119990
0.109116319444
120010
0.109053385417
120030
0.110479383681
120050
0.110221137153
120070
0.112549262153
120090
0.107969618056
120110
0.107354166667
120130
0.107448133681
120150
0.107247612847
120170
0.107515407986
120190
0.110133897569
120210
0.111743272569
120230
0.110405381944
120250
0.109455078125
120270
0.111118923611
120290
0.113812282986
120310
0.111917317708
120330
0.106085069444
120350
0.104083116319
120370
0.103834635417
120390
0.104505642361
120410
0.107208550347
120430
0.105789496528
120450
0.106978081597
120470
0.105932942708
120490
0.104019965278
120510
0.104358940972
120530
0.106065321181
120550
0.104047743056
120570
0.102032769097
120590
0.105817925347
120610
0.106114800347
120630
0.108076822917
120650
0.11344921875
120670
0.111485677083
120690
0.114366970486
120710
0.115128472222
120730
0.113237847222
120750
0.111873480903
120770
0.115535373264
120790
0.114206380208
120810
0.113033854167
120830
0.110572048611
120850
0.111013671875
120870
0.114580512153
120890
0.116034505208
120910
0.113375
120930
0.11619140625
120950
0.113162109375
120970
0.115378689236
120990
0.115153862847
121010
0.109730251736
121030
0.110305338542
121050
0.108589626736
121070
0.108624782986
121090
0.0869459635417
121110
0.100815755208
121130
0.101360894097
121150
0.104218532986
121170
0.0937287326389
121190
0.0949631076389
121210
0.0947458767361
121230
0.0949201388889
121250
0.0949411892361
121270
0.0961256510417
121290
0.0965985243056
121310
0.0976065538194
121330
0.0984924045139
121350
0.0967543402778
121370
0.098544921875
121390
0.0969884982639
121410
0.0959856770833
121430
0.0944791666667
121450
0.0888394097222
121470
0.0936937934028
121490
0.0942237413194
121510
0.0946163194444
121530
0.0942931857639
121550
0.0937421875
121570
0.0934702690972
121590
0.09402734375
121610
0.0939739583333
121630
0.0923311631944
121650
0.0921848958333
121670
0.0915952690972
121690
0.0955260416667
121710
0.0906085069444
121730
0.0921315104167
121750
0.0906315104167
121770
0.0900340711806
121790
0.0909047309028
121810
0.0891117621528
121830
0.0816549479167
121850
0.0840983072917
121870
0.0835147569444
121890
0.0833051215278
121910
0.0823151041667
121930
0.0806555989583
121950
0.0861330295139
121970
0.0853680555556
121990
0.0848090277778
122010
0.0857426215278
122030
0.08496875
122050
0.0895985243056
122070
0.0862009548611
122090
0.08692578125
122110
0.0858268229167
122130
0.0856436631944
122150
0.160051866319
122170
0.102643446181
122190
0.102256944444
122210
0.102545355903
122230
0.0983003472222
122250
0.0995125868056
122270
0.105775173611
122290
0.114095269097
122310
0.114085720486
122330
0.114032986111
122350
0.114827907986
122370
0.11446484375
122390
0.116234809028
122410
0.115463975694
122430
0.114317925347
122450
0.117476128472
122470
0.109541015625
122490
0.0857161458333
122510
0.0901879340278
122530
0.094921875
122550
0.0962263454861
122570
0.101182942708
122590
0.0966158854167
122610
0.0925015190972
122630
0.0925904947917
122650
0.09312109375
122670
0.093912109375
122690
0.0948569878472
122710
0.0934652777778
122730
0.0888695746528
122750
0.0842471788194
122770
0.0820288628472
122790
0.0882016059028
122810
0.0872348090278
122830
0.0901534288194
122850
0.090318359375
122870
0.0894051649306
122890
0.0892662760417
122910
0.0719157986111
122930
0.0755913628472
122950
0.0750648871528
122970
0.0766818576389
122990
0.0763168402778
123010
0.0697677951389
123030
0.0749845920139
123050
0.0773517795139
123070
0.0790577256944
123090
0.0794483506944
123110
0.0788832465278
123130
0.0848600260417
123150
0.0865564236111
123170
0.0843394097222
123190
0.0839340277778
123210
0.0843515625
123230
0.0836540798611
123250
0.0817821180556
123270
0.0796397569444
123290
0.0806006944444
123310
0.0806547309028
123330
0.0815219184028
123350
0.08108984375
123370
0.0868517795139
123390
0.0858357204861
123410
0.0874507378472
123430
0.0873231336806
123450
0.0866759982639
123470
0.0902975260417
123490
0.0909748263889
123510
0.0919255642361
123530
0.0909646267361
123550
0.0912632378472
123570
0.0913780381944
123590
0.0887250434028
123610
0.0880342881944
123630
0.0900379774306
123650
0.0898435329861
123670
0.0897784288194
123690
0.0881213107639
123710
0.089705078125
123730
0.0914967447917
123750
0.0901870659722
123770
0.0909774305556
123790
0.0899776475694
123810
0.0903506944444
123830
0.0891193576389
123850
0.0902686631944
123870
0.0904220920139
123890
0.0898843315972
123910
0.0889416232639
123930
0.0897278645833
123950
0.0887645399306
123970
0.0893090277778
123990
0.0897417534722
124010
0.0900959201389
124030
0.0910805121528
124050
0.0899763454861
124070
0.0894171006944
124090
0.0894555121528
124110
0.0879320746528
124130
0.087896484375
124150
0.0868268229167
124170
0.0882124565972
124190
0.0874793836806
124210
0.0874646267361
124230
0.0863198784722
124250
1.0
124270
1.0
124290
1.0
124310
1.0
124330
0.980488932292
124350
0.980482421875
124370
0.980462890625
124390
0.980462890625
124410
0.980463541667
124430
0.980463541667
124450
0.901824652778
124470
1.0
124490
1.0
124510
1.0
124530
1.0
124550
1.0
124570
0.993630642361
124590
0.993652777778
124610
0.993651475694
124630
0.993651475694
124650
0.993652777778
124670
0.993652777778
124690
0.993652777778
124710
1.0
124730
1.0
124750
0.983495442708
124770
0.983457682292
124790
0.983457682292
124810
0.983457682292
124830
0.983457682292
124850
0.983457682292
124870
0.983457682292
124890
1.0
124910
0.991673828125
124930
0.991726996528
124950
0.991716796875
124970
0.991716796875
124990
0.99004296875
125010
0.990095052083
125030
0.990095052083
125050
0.990095052083
125070
1.0
125090
0.990499565972
125110
0.990506944444
125130
0.990506944444
125150
1.0
125170
0.997025173611
125190
0.997025173611
125210
0.997025173611
125230
1.0
125250
0.995962456597
125270
0.995986111111
125290
0.995986762153
125310
0.995986762153
125330
0.997833984375
125350
0.997830295139
125370
0.997830512153
125390
0.997826822917
125410
0.997679253472
125430
0.997690538194
125450
0.997694878472
125470
0.997694878472
125490
0.996276909722
125510
0.996345703125
125530
0.996349826389
125550
0.996349826389
125570
0.995789713542
125590
0.995791015625
125610
0.995804036458
125630
0.995804036458
125650
1.0
125670
0.980295789931
125690
0.980337022569
125710
0.980335720486
125730
0.980338324653
125750
0.980338324653
125770
1.0
125790
0.985250868056
125810
0.985250651042
125830
0.98524609375
125850
0.985250434028
125870
0.985250434028
125890
1.0
125910
0.996238498264
125930
0.99626953125
125950
0.99626953125
125970
0.996273220486
125990
0.993229166667
126010
0.993205946181
126030
0.993211588542
126050
0.993229166667
126070
0.991263237847
126090
0.991369574653
126110
0.991401258681
126130
0.991401258681
126150
0.993461371528
126170
0.993423177083
126190
0.993467881944
126210
0.993467881944
126230
1.0
126250
0.993764539931
126270
0.993764322917
126290
0.993759114583
126310
0.993765625
126330
1.0
126350
0.999338107639
126370
0.997016927083
126390
0.991296223958
126410
0.985092881944
126430
0.979237630208
126450
0.972546223958
126470
0.968190104167
126490
0.960105251736
126510
0.952276258681
126530
0.94365625
126550
0.936444010417
126570
0.932867838542
126590
0.928717230903
126610
0.9307578125
126630
0.928299913194
126650
0.931869574653
126670
0.931643663194
126690
0.930808810764
126710
0.933759548611
126730
0.941284939236
126750
0.941365885417
126770
0.940937934028
126790
0.943126519097
126810
0.935755859375
126830
0.930247612847
126850
0.928297743056
126870
0.932204427083
126890
0.931134982639
126910
0.930768663194
126930
0.934835720486
126950
0.935900390625
126970
0.934043836806
126990
0.938339192708
127010
0.943858506944
127030
0.950141493056
127050
0.946807725694
127070
0.945813368056
127090
0.949848090278
127110
0.947642578125
127130
0.945291883681
127150
0.946802951389
127170
0.946471571181
127190
0.945021267361
127210
0.950684027778
127230
0.950573567708
127250
0.952913411458
127270
0.949694010417
127290
0.942268229167
127310
0.942591796875
127330
0.94605078125
127350
0.943303602431
127370
0.944081814236
127390
0.943294487847
127410
0.945143229167
127430
0.939971137153
127450
0.940480685764
127470
0.940147352431
127490
0.945585286458
127510
0.950200086806
127530
0.951481119792
127550
0.954180121528
127570
0.952152994792
127590
0.957026475694
127610
0.952267144097
127630
0.956009114583
127650
0.955244574653
127670
0.958148003472
127690
0.956901258681
127710
0.958349392361
127730
0.953419921875
127750
0.946009331597
127770
0.943873480903
127790
0.94511328125
127810
0.9428046875
127830
0.940286024306
127850
0.942537760417
127870
0.940901258681
127890
0.941120659722
127910
0.941773003472
127930
0.947830295139
127950
0.952782335069
127970
0.958142361111
127990
0.961696831597
128010
0.965128255208
128030
0.965406684028
128050
0.962025173611
128070
0.958239366319
128090
0.960543185764
128110
0.957635416667
128130
0.954119574653
128150
0.949675347222
128170
0.950691623264
128190
0.944531684028
128210
0.941481987847
128230
0.9407734375
128250
0.937402994792
128270
0.943602430556
128290
0.943461371528
128310
0.940598090278
128330
0.933014756944
128350
0.934101779514
128370
0.926892361111
128390
0.923708333333
128410
0.920299696181
128430
0.910131293403
128450
0.911741319444
128470
0.900246527778
128490
0.893015625
128510
0.892182725694
128530
0.8920234375
128550
0.900097222222
128570
0.909632378472
128590
0.907513454861
128610
0.901278645833
128630
0.901537543403
128650
0.899449869792
128670
0.902205078125
128690
0.894812717014
128710
0.900317708333
128730
0.897685112847
128750
0.891165147569
128770
0.882378472222
128790
0.893701822917
128810
0.9064453125
128830
0.909109157986
128850
0.927428602431
128870
0.937118489583
128890
0.952947048611
128910
0.965089192708
128930
0.970744574653
128950
0.985419921875
128970
0.993315321181
128990
0.993319661458
129010
0.994497178819
129030
1.0
129050
1.0
129070
1.0
129090
1.0
129110
1.0
