137789
0.103845517908
137809
0.0973207926333
137829
0.104246158934
137849
0.106314547721
137869
0.103177782865
137889
0.102182539683
137909
0.153715786528
137929
0.153992419617
137949
0.144828551079
137969
0.154795291514
137989
0.1498190756
138009
0.185986467236
138029
0.187142284799
138049
0.179027714184
138069
0.181290064103
138089
0.209970874033
138109
0.188503192409
138129
0.159885976292
138149
0.240448209198
138169
0.234762922263
138189
0.228837568681
138209
0.222978988604
138229
0.214808773403
138249
0.0924987917175
138269
0.0939693986569
138289
0.0959519357957
138309
0.0959153693529
138329
0.0931983236671
138349
0.0920981506919
138369
0.0945083562271
138389
0.112506995319
138409
0.11180746337
138429
0.110308239214
138449
0.104870968152
138469
0.108343190374
138489
0.107060185185
138509
0.106980692918
138529
0.0647432717745
138549
0.107332048738
138569
0.105794668295
138589
0.100390783985
138609
0.103560935592
138629
0.101651531339
138649
0.102109406797
138669
0.107551447395
138689
0.110138125763
138709
0.107602322446
138729
0.109883750509
138749
0.151534518722
138769
0.128297339235
138789
0.120958613146
138809
0.119073056573
138829
0.12775997151
138849
0.120823476292
138869
0.0733920304233
138889
0.0990489545177
138909
0.0971109330484
138929
0.0997532560033
138949
0.10053228022
138969
0.0979185744811
138989
0.0973462301587
139009
0.0997739239927
139029
0.150483630952
139049
0.152127531034
139069
0.15035485348
139089
0.1405057616
139109
0.14443903897
139129
0.0993065094628
139149
0.100676956146
139169
0.10060382326
139189
0.0971109330484
139209
0.0953318961131
139229
0.0937531796907
139249
0.0941204339642
139269
0.162469474969
139289
0.172636535918
139309
0.221012349919
139329
0.225033068783
139349
0.222653070309
139369
0.230107855108
139389
0.218315972222
139409
0.27156466219
139429
0.275690310847
139449
0.275249923687
139469
0.269667976699
139489
0.226888418295
139509
0.231719958282
139529
0.261849117318
139549
0.259162278694
139569
0.256370510277
139589
0.254685274217
139609
0.251246438746
139629
0.271717287342
139649
0.284008381665
139669
0.275919248575
139689
0.230874160562
139709
0.228928189866
139729
0.227079199735
139749
0.227711958181
139769
0.223594258751
139789
0.223820016789
139809
0.227726266789
139829
0.225319240944
139849
0.224961525743
139869
0.223405067155
139889
0.224708740334
139909
0.222673738299
139929
0.223296957672
139949
0.226875699532
139969
0.23100452788
139989
0.163882847477
140009
0.149270578958
140029
0.125502391127
140049
0.121289300977
140069
0.132527917684
140089
0.0979503713879
140109
0.0951713217338
140129
0.101021952584
140149
0.0924288385226
140169
0.095219017094
140189
0.124014295889
140209
0.150257872914
140229
0.143863514957
140249
0.150249923687
140269
0.16574455637
140289
0.159175315425
140309
0.154016267298
140329
0.147377073158
140349
0.244125521469
140369
0.246360844017
140389
0.266594805657
140409
0.345196759259
140429
0.427991135022
140449
0.475478225478
140469
0.441528668091
140489
0.0811870421245
140509
0.0731535536223
140529
0.0677782865283
140549
0.0632074811762
140569
0.0619689916565
140589
0.0669261294261
140609
0.077077291921
140629
0.0857514880952
140649
0.104409913004
140669
0.109122214591
140689
0.121839387464
140709
0.186301256614
140729
0.18067002442
140749
0.173344017094
140769
0.1738877442
140789
0.172336055149
140809
0.171736683455
140829
0.17421525234
140849
0.169805021368
140869
0.170685795686
140889
0.169480692918
140909
0.172002187627
140929
0.170100732601
140949
0.16682247151
140969
0.212741974461
140989
0.211754680505
141009
0.164070449227
141029
0.163507643976
141049
0.129947598698
141069
0.134459579772
141089
0.122176434676
141109
0.155949519231
141129
0.1731373372
141149
0.235324137668
141169
0.241203385735
141189
0.224835927961
141209
0.230570500102
141229
0.224085520961
141249
0.220129985755
141269
0.2229122151
141289
0.219158590252
141309
0.226909086284
141329
0.230592757937
141349
0.21543040293
141369
0.213667264449
141389
0.216304817867
141409
0.326865842491
141429
0.340400195869
141449
0.32981023606
141469
0.324436558812
141489
0.299582506614
141509
0.307943503256
141529
0.286963904151
141549
0.204554270961
141569
0.175040382072
141589
0.136733058608
141609
0.131445233008
141629
0.106095149064
141649
0.0938612891738
141669
0.0775828627391
141689
0.0901140237078
141709
0.0721757987383
141729
0.065016725173
141749
0.0618100071225
141769
0.0586891407204
141789
0.0735526048026
141809
0.0995052401302
141829
0.0890090811966
141849
0.0851425773301
141869
0.0850137998575
141889
0.0760979471917
141909
0.19900730057
141929
0.0666638049451
141949
0.0598497278185
141969
0.0637337199837
141989
0.0726273148148
142009
0.0967230107855
142029
0.0890059015059
142049
0.134931763838
142069
0.139741045991
142089
0.126329110704
142109
0.120411706349
142129
0.134375317969
142149
0.129643938238
142169
0.121529367623
142189
0.114624669312
142209
0.121419668295
142229
0.142731545075
142249
0.143799921144
142269
0.133979446479
142289
0.129287812882
142309
0.153553622304
142329
0.148087734025
142349
0.146090888278
142369
0.154302439459
142389
0.160318414225
142409
0.159536210317
142429
0.160424933862
142449
0.163100643569
142469
0.16382720289
142489
0.158517119455
142509
0.163968699125
142529
0.168356672263
142549
0.167100694444
142569
0.119651760277
142589
0.102608618234
142609
0.0976721484534
142629
0.0913747710623
142649
0.0843619632682
142669
0.0937023046398
142689
0.0943811685999
142709
0.102516407204
142729
0.104025170431
142749
0.114197000916
142769
0.132063682845
142789
0.149688708282
142809
0.161445614571
142829
0.177673165954
142849
0.193639982702
142869
0.198946886447
142889
0.199544668295
142909
0.212638634514
142929
0.222845441595
142949
0.2246689942
142969
0.226244530932
142989
0.241098455942
143009
0.246181191494
143029
0.249828296703
143049
0.245844144282
143069
0.248818744912
143089
0.25205725987
143109
0.250257554945
143129
0.248696326821
143149
0.952435007123
143169
0.999634335572
143189
0.999731316138
143209
1.0
143229
1.0
143249
1.0
143269
1.0
143289
0.990228810541
143309
0.984789949634
143329
0.975777116402
143349
0.970737306675
143369
0.960718101343
143389
0.954617864774
143409
0.943973850224
143429
0.9385063721
143449
0.927116720085
143469
0.916552197802
143489
0.905215010684
143509
0.895156059219
143529
0.882698031136
143549
0.870771011396
143569
0.862136561355
143589
0.871341765873
143609
0.867257453195
143629
0.872241618335
143649
0.873976139601
143669
0.876475376475
143689
0.872848939255
143709
0.873233681827
143729
0.87703341219
143749
0.874176460114
143769
0.875589832621
143789
0.88204142501
143809
0.888706056675
143829
0.890052655678
143849
0.887675836895
143869
0.887396024115
143889
0.885954034392
143909
0.881764791921
143929
0.87313034188
143949
0.87233541921
143969
0.868809142247
143989
0.861616681929
144009
0.861727971103
144029
0.857562576313
144049
0.861365486365
144069
0.862099994912
144089
0.861061825906
144109
0.864607181013
144129
0.855799437831
144149
0.853421029202
144169
0.848602207977
144189
0.841789720696
144209
0.830272881054
144229
0.833586118742
144249
0.838713369963
144269
0.833361950549
144289
0.844681649369
144309
0.84435732092
144329
0.8475370116
144349
0.838700651201
144369
0.838247545279
144389
0.838128306878
144409
0.84395826974
144429
0.854851890008
144449
0.861203322141
144469
0.861462466931
144489
0.869937932438
144509
0.883912672975
144529
0.875332277676
144549
0.876228950448
144569
0.879976215914
144589
0.879497672466
144609
0.882566073972
144629
0.881201986671
144649
0.883938110501
144669
0.890165534697
144689
0.89399547212
144709
0.896672771673
144729
0.895714094933
144749
0.889241834554
144769
0.888952482702
144789
0.884531122812
144809
0.879774305556
144829
0.878958714896
144849
0.881802948209
144869
0.880965099715
144889
0.875073132886
144909
0.866596077534
144929
0.865244708995
144949
0.863710508242
144969
0.865376666158
144989
0.856669083232
145009
0.855767640924
145029
0.853870955433
145049
0.8606373372
145069
0.862161998881
145089
0.869543650794
145109
0.870421245421
145129
0.875178062678
145149
0.866780499593
145169
0.868033297721
145189
0.878082710114
145209
0.885610627798
145229
0.876836271368
145249
0.86596967847
145269
0.8608933023
145289
0.8646628256
145309
0.857611861518
145329
0.850630850631
145349
0.842702291921
145369
0.835040827228
145389
0.829559040497
145409
0.83542239011
145429
0.826384119353
145449
0.835862777269
145469
0.839581425519
145489
0.834942256817
145509
0.838891432641
145529
0.848831145706
145549
0.855430593712
145569
0.858057018213
145589
0.864694622507
145609
0.873786948006
145629
0.873691557285
145649
0.88145795177
145669
0.883270375458
145689
0.882690081909
145709
0.876519892145
145729
0.874480120574
145749
0.866723265161
145769
0.871383101852
145789
0.87530366046
145809
0.873044490232
145829
0.877699557387
145849
0.872391063797
145869
0.873751971408
145889
0.873759920635
145909
0.874558022996
145929
0.872637489825
145949
0.862373448311
145969
0.861258966728
145989
0.857454466829
146009
0.859260531136
146029
0.859471980566
146049
0.853629298942
146069
0.842069533476
146089
0.831981964794
146109
0.819660663411
146129
0.807943503256
146149
0.800614316239
146169
0.796235882173
146189
0.795607893264
146209
0.795320131258
146229
0.791459986772
146249
0.80606589591
146269
0.804676371083
146289
0.808496769434
146309
0.81516458079
146329
0.813927681115
146349
0.805999122405
146369
0.802372685185
146389
0.792124542125
146409
0.808407738095
146429
0.805077012108
146449
0.793359851954
146469
0.77371731278
146489
0.768586881868
146509
0.751084274522
146529
0.734603937729
146549
0.719818376068
146569
0.707748270248
146589
0.693581158425
146609
0.668434574685
146629
0.6498190756
146649
0.653467770655
146669
0.645650501119
146689
0.648984406797
146709
0.651672835267
146729
0.670301053114
146749
0.678507834758
146769
0.681838560745
146789
0.689259958791
146809
0.642047911579
146829
0.685399814306
146849
0.697943694037
146869
0.717591002747
146889
0.74387273606
146909
0.759016012922
146929
0.778505926943
146949
0.798712861213
146969
0.814743271775
146989
0.833721255596
147009
0.825700485857
147029
0.818614545177
147049
0.832404863655
147069
0.847457519333
147089
0.864182692308
147109
0.873728123728
147129
0.872780575906
147149
0.876821962759
147169
0.872724931319
147189
0.87837047212
147209
0.873036541005
147229
0.865747100122
147249
0.86211112383
147269
0.857057005495
147289
0.85818420584
147309
0.859867852055
147329
0.864929919617
147349
0.861437029406
147369
0.865225630851
147389
0.865387795075
147409
0.87118914072
147429
0.883822051791
147449
0.894526480464
147469
0.883065285409
147489
0.879244887057
147509
0.903393047924
147529
0.913536261193
147549
0.919372583435
147569
0.935878357753
147589
0.948145604396
147609
0.955390529609
147629
0.954624224155
147649
0.965713395401
147669
0.969304856024
147689
0.973371680403
147709
0.980206425519
147729
0.982142857143
147749
0.98348468661
147769
0.995980870981
