182661
0.103601851852
182681
0.123246527778
182701
0.0543101851852
182721
0.0497581018519
182741
0.0479027777778
182761
0.111611111111
182781
0.0994791666667
182801
0.0653194444444
182821
0.064150462963
182841
0.0760405092593
182861
0.0739965277778
182881
0.0744675925926
182901
0.0964664351852
182921
0.0973391203704
182941
0.0898831018519
182961
0.0955428240741
182981
0.0980902777778
183001
0.0988321759259
183021
0.0998171296296
183041
0.0993206018519
183061
0.0957974537037
183081
0.102180555556
183101
0.0895196759259
183121
0.110024305556
183141
0.12597337963
183161
0.11124537037
183181
0.102844907407
183201
0.101704861111
183221
0.100755787037
183241
0.103091435185
183261
0.101269675926
183281
0.102078703704
183301
0.100195601852
183321
0.0990115740741
183341
0.100878472222
183361
0.0997453703704
183381
0.0953773148148
183401
0.120978009259
183421
0.106299768519
183441
0.114708333333
183461
0.126674768519
183481
0.125982638889
183501
0.124365740741
183521
0.0987615740741
183541
0.0944548611111
183561
0.0957685185185
183581
0.098337962963
183601
0.112282407407
183621
0.0963981481481
183641
0.129836805556
183661
0.147641203704
183681
0.134719907407
183701
0.141208333333
183721
0.146025462963
183741
0.147195601852
183761
0.141550925926
183781
0.1419375
183801
0.140002314815
183821
0.142766203704
183841
0.14559837963
183861
0.149167824074
183881
0.142515046296
183901
0.127528935185
183921
0.123704861111
183941
0.125304398148
183961
0.134326388889
183981
0.114449074074
184001
0.183895833333
184021
0.18502662037
184041
0.192820601852
184061
0.189590277778
184081
0.129877314815
184101
0.126746527778
184121
0.210931712963
184141
0.182228009259
184161
0.165344907407
184181
0.162875
184201
0.159542824074
184221
0.156502314815
184241
0.150271990741
184261
0.148918981481
184281
0.14871412037
184301
0.146890046296
184321
0.148239583333
184341
0.147185185185
184361
0.140921296296
184381
0.138315972222
184401
0.130961805556
184421
0.129467592593
184441
0.134325231481
184461
0.120855324074
184481
0.113831018519
184501
0.112329861111
184521
0.120314814815
184541
0.281184027778
184561
0.255155092593
184581
0.239375
184601
0.255175925926
184621
0.271708333333
184641
0.284311342593
184661
0.287042824074
184681
0.270094907407
184701
0.274393518519
184721
0.304150462963
184741
0.297387731481
184761
0.472903935185
184781
0.466702546296
184801
0.134262731481
184821
0.1364375
184841
0.138041666667
184861
0.136178240741
184881
0.13346875
184901
0.134091435185
184921
0.183049768519
184941
0.172416666667
184961
0.169822916667
184981
0.176854166667
185001
0.178737268519
185021
0.190798611111
185041
0.199315972222
185061
0.196943287037
185081
0.206746527778
185101
0.208928240741
185121
0.220642361111
185141
0.222822916667
185161
0.218471064815
185181
0.214137731481
185201
0.209456018519
185221
0.199163194444
185241
0.190070601852
185261
0.172983796296
185281
0.165336805556
185301
0.143159722222
185321
0.128579861111
185341
0.118109953704
185361
0.118134259259
185381
0.100707175926
185401
0.0993287037037
185421
0.0992384259259
185441
0.0959710648148
185461
0.0955717592593
185481
0.188065972222
185501
0.191652777778
185521
0.198386574074
185541
0.196459490741
185561
0.199582175926
185581
0.187126157407
185601
0.191195601852
185621
0.193381944444
185641
0.197564814815
185661
0.198340277778
185681
0.191188657407
185701
0.192506944444
185721
0.194667824074
185741
0.195487268519
185761
0.192013888889
185781
0.187403935185
185801
0.191329861111
185821
0.196233796296
185841
0.191534722222
185861
0.19221412037
185881
0.189673611111
185901
0.191769675926
185921
0.190913194444
185941
0.187373842593
185961
0.192717592593
185981
0.191789351852
186001
0.191061342593
186021
0.191032407407
186041
0.192055555556
186061
0.189806712963
186081
0.182137731481
186101
0.190278935185
186121
0.190075231481
186141
0.190304398148
186161
0.190832175926
186181
0.195150462963
186201
0.186539351852
186221
0.190615740741
186241
0.19309375
186261
0.188924768519
186281
0.192685185185
186301
0.186532407407
186321
0.187331018519
186341
0.245840277778
186361
0.60127662037
186381
0.57808912037
186401
0.693849537037
186421
0.678854166667
186441
0.649145833333
186461
0.629403935185
186481
0.4365625
186501
0.414614583333
186521
0.540931712963
186541
0.479006944444
186561
0.112046296296
186581
0.11080787037
186601
0.112655092593
186621
0.112528935185
186641
0.111658564815
186661
0.109677083333
186681
0.109752314815
186701
0.113712962963
186721
0.110008101852
186741
0.111363425926
186761
0.112304398148
186781
0.11312962963
186801
0.113450231481
186821
0.108798611111
186841
0.110935185185
186861
0.111322916667
186881
0.110915509259
186901
0.291159722222
186921
0.237585648148
186941
0.252724537037
186961
0.176358796296
186981
0.146275462963
187001
0.155456018519
187021
0.150873842593
187041
0.177966435185
187061
0.214547453704
187081
0.326959490741
187101
0.369114583333
187121
0.375671296296
187141
0.357083333333
187161
0.381684027778
187181
0.399892361111
187201
0.388112268519
187221
0.387980324074
187241
0.389618055556
187261
0.393053240741
187281
0.397105324074
187301
0.382016203704
187321
0.358939814815
187341
0.296755787037
187361
0.340148148148
187381
0.325596064815
187401
0.186803240741
187421
0.189766203704
187441
0.196013888889
187461
0.197702546296
187481
0.190847222222
187501
0.192303240741
187521
0.189594907407
187541
0.193417824074
187561
0.195884259259
187581
0.185395833333
187601
0.176895833333
187621
0.171097222222
187641
0.25603125
187661
0.270327546296
187681
0.267347222222
187701
0.231045138889
187721
0.232252314815
187741
0.221577546296
187761
0.201131944444
187781
0.198447916667
187801
0.182731481481
187821
0.172506944444
187841
0.165728009259
187861
0.15165625
187881
0.140006944444
187901
0.136653935185
187921
0.125052083333
187941
0.12459375
187961
0.120508101852
187981
0.121100694444
188001
0.125221064815
188021
0.114711805556
188041
0.10737962963
188061
0.101900462963
188081
0.0954027777778
188101
0.0949143518519
188121
0.0876111111111
188141
0.0853287037037
188161
0.0804826388889
188181
0.0766921296296
188201
0.0787384259259
188221
0.0777002314815
188241
0.0800347222222
188261
0.0799479166667
188281
0.0788032407407
188301
0.0819074074074
188321
0.0795717592593
188341
0.0806145833333
188361
0.0795694444444
188381
0.077912037037
188401
0.07709375
188421
0.0733530092593
188441
0.0731284722222
188461
0.0729166666667
188481
0.0758946759259
188501
0.0795520833333
188521
0.0768634259259
188541
0.0763611111111
188561
0.0762488425926
188581
0.0770162037037
188601
0.0817546296296
188621
0.0799178240741
188641
0.0809467592593
188661
0.0794803240741
188681
0.0743333333333
188701
0.0754988425926
188721
0.0758576388889
188741
0.0750902777778
188761
0.0741886574074
188781
0.0751550925926
188801
0.0739791666667
188821
0.0752106481481
188841
0.07471875
188861
0.0744907407407
188881
0.0750509259259
188901
0.0763993055556
188921
0.0755636574074
188941
0.0760729166667
188961
0.0740451388889
188981
0.0753206018519
189001
0.07515625
189021
0.0764039351852
189041
0.0768923611111
189061
0.0771203703704
189081
0.0770127314815
189101
0.0769189814815
189121
0.0764236111111
189141
0.0766064814815
189161
0.0768229166667
189181
0.0772719907407
189201
0.0791747685185
189221
0.0768576388889
189241
0.0774224537037
189261
0.0771956018519
189281
0.0781377314815
189301
0.0834224537037
189321
0.0950069444444
189341
0.099244212963
189361
0.0887627314815
189381
0.0794710648148
189401
0.0732997685185
189421
0.0681759259259
189441
0.0669143518519
189461
0.0664525462963
189481
0.06634375
189501
0.065275462963
189521
0.0649699074074
189541
0.0642152777778
189561
0.0629097222222
189581
0.0626666666667
189601
0.0618761574074
189621
0.0616782407407
189641
0.0612696759259
189661
0.0607685185185
189681
0.059380787037
189701
0.060318287037
189721
0.0597002314815
189741
0.0592685185185
189761
0.0598136574074
189781
0.0598344907407
189801
0.0593217592593
189821
0.0594988425926
189841
0.0594421296296
189861
0.0596319444444
189881
0.0571921296296
189901
0.0588321759259
189921
0.0584016203704
189941
0.058806712963
189961
0.0587916666667
189981
0.0585092592593
190001
0.0582858796296
190021
0.0581342592593
190041
0.0586851851852
190061
0.058556712963
190081
0.0578055555556
190101
0.0582847222222
190121
0.0589895833333
190141
0.0591180555556
190161
0.0585636574074
190181
0.0591400462963
190201
0.0586354166667
190221
0.0605914351852
190241
0.0617951388889
190261
0.0629363425926
190281
0.0633483796296
190301
0.0642210648148
190321
0.0642766203704
190341
0.06440625
190361
0.0648831018519
190381
0.0654537037037
190401
0.0650798611111
190421
0.0700694444444
190441
0.107344907407
190461
0.83740625
190481
1.0
190501
0.987322916667
190521
0.984418981481
190541
0.983883101852
190561
0.98390625
190581
0.984177083333
190601
0.983994212963
190621
0.972888888889
190641
0.972959490741
190661
0.96106712963
190681
0.951865740741
190701
0.952172453704
190721
0.937877314815
190741
0.941356481481
190761
0.938167824074
190781
0.932600694444
190801
0.924611111111
190821
0.913644675926
190841
0.902943287037
190861
0.89634837963
190881
0.892271990741
190901
0.882604166667
190921
0.874436342593
190941
0.865234953704
190961
0.865094907407
190981
0.858357638889
191001
0.864673611111
191021
0.864119212963
191041
0.857863425926
191061
0.850259259259
191081
0.860388888889
191101
0.852471064815
191121
0.856765046296
191141
0.852525462963
191161
0.846092592593
191181
0.849359953704
191201
0.851957175926
191221
0.84453125
191241
0.84575
191261
0.847189814815
191281
0.839570601852
191301
0.840917824074
191321
0.831298611111
191341
0.839206018519
191361
0.852012731481
191381
0.8365
191401
0.837274305556
191421
0.840501157407
191441
0.835142361111
191461
0.835146990741
191481
0.824422453704
191501
0.83796412037
191521
0.843770833333
191541
0.847953703704
191561
0.842780092593
191581
0.840891203704
191601
0.83843287037
191621
0.830775462963
191641
0.847003472222
191661
0.849814814815
191681
0.85547337963
191701
0.865679398148
191721
0.871405092593
191741
0.872998842593
191761
0.877753472222
191781
0.87865162037
191801
0.875493055556
191821
0.866988425926
191841
0.867616898148
191861
0.863943287037
191881
0.859241898148
191901
0.859836805556
191921
0.859596064815
191941
0.849599537037
191961
0.850782407407
191981
0.847787037037
192001
0.847042824074
192021
0.863965277778
192041
0.862025462963
192061
0.869081018519
192081
0.865578703704
192101
0.874134259259
192121
0.866400462963
192141
0.871037037037
192161
0.873700231481
192181
0.869002314815
192201
0.877575231481
192221
0.864131944444
192241
0.848459490741
192261
0.83846875
192281
0.853755787037
192301
0.858931712963
192321
0.859163194444
192341
0.862912037037
192361
0.848864583333
192381
0.843851851852
192401
0.837815972222
192421
0.827190972222
192441
0.816858796296
192461
0.83162037037
192481
0.840540509259
192501
0.83908912037
192521
0.829892361111
192541
0.818590277778
192561
0.820013888889
192581
0.826403935185
192601
0.83569212963
192621
0.845642361111
192641
0.863810185185
192661
0.860734953704
192681
0.865967592593
192701
0.873394675926
192721
0.869376157407
192741
0.882950231481
192761
0.890688657407
192781
0.8885
192801
0.890618055556
192821
0.892318287037
192841
0.901820601852
192861
0.889664351852
192881
0.895266203704
192901
0.909746527778
192921
0.906952546296
192941
0.896524305556
192961
0.906134259259
192981
0.896336805556
193001
0.912149305556
193021
0.905618055556
193041
0.912133101852
193061
0.90655787037
193081
0.901822916667
193101
0.910978009259
193121
0.899828703704
193141
0.905524305556
193161
0.897372685185
193181
0.904927083333
193201
0.898152777778
193221
0.901881944444
193241
0.908730324074
193261
0.892989583333
193281
0.887630787037
193301
0.882256944444
193321
0.889400462963
193341
0.885407407407
193361
0.891167824074
193381
0.898707175926
193401
0.894991898148
193421
0.893673611111
193441
0.89665162037
193461
0.890478009259
193481
0.889649305556
193501
0.901228009259
193521
0.906388888889
193541
0.89946875
193561
0.921229166667
193581
0.921708333333
193601
0.913024305556
193621
0.91300462963
193641
0.917275462963
193661
0.910282407407
193681
0.914790509259
193701
0.928736111111
193721
0.934040509259
193741
0.91321875
193761
0.919710648148
193781
0.895756944444
193801
0.878577546296
193821
0.868423611111
193841
0.869335648148
193861
0.864759259259
193881
0.85831712963
193901
0.856903935185
193921
0.840266203704
193941
0.823635416667
193961
0.824711805556
193981
0.8320625
194001
0.851923611111
194021
0.868652777778
194041
0.863607638889
194061
0.875369212963
194081
0.867899305556
194101
0.878357638889
194121
0.890390046296
194141
0.901752314815
194161
0.907141203704
194181
0.905020833333
194201
0.909040509259
194221
0.917359953704
194241
0.91815625
194261
0.921709490741
194281
0.914916666667
194301
0.91190625
194321
0.899273148148
194341
0.880658564815
194361
0.85871875
194381
0.858486111111
194401
0.856422453704
194421
0.87556712963
194441
0.878582175926
194461
0.879054398148
194481
0.879694444444
194501
0.895200231481
194521
0.912368055556
194541
0.921584490741
194561
0.942652777778
194581
0.972540509259
194601
0.98581712963
194621
0.985886574074
194641
1.0
