168945
0.127355991809
168965
0.101807336182
168985
0.109460692664
169005
0.111989182692
169025
0.113971242877
169045
0.109490740741
169065
0.119862891738
169085
0.109635416667
169105
0.245694221866
169125
0.302624198718
169145
0.115863158832
169165
0.138323539886
169185
0.152360443376
169205
0.173346242877
169225
0.176336582977
169245
0.142516915954
169265
0.127648682336
169285
0.142096242877
169305
0.163082042379
169325
0.295301371083
169345
0.294741586538
169365
0.175457398504
169385
0.149172008547
169405
0.153813879986
169425
0.133554798789
169445
0.128358707265
169465
0.127272524929
169485
0.268808983262
169505
0.266301638177
169525
0.272256721866
169545
0.156103098291
169565
0.17961071047
169585
0.103158386752
169605
0.118520744302
169625
0.133630475427
169645
0.132350649929
169665
0.122575008903
169685
0.121642405627
169705
0.129333600427
169725
0.135343215812
169745
0.131787526709
169765
0.126247551638
169785
0.122968972578
169805
0.121692485755
169825
0.12810608084
169845
0.168902466168
169865
0.168899127493
169885
0.172230012464
169905
0.177713230057
169925
0.182182603276
169945
0.18343349359
169965
0.182884837963
169985
0.184952590812
170005
0.18343349359
170025
0.187536725427
170045
0.189774750712
170065
0.19387798255
170085
0.191766826923
170105
0.192248709046
170125
0.193362713675
170145
0.195190081909
170165
0.192497996795
170185
0.194945245726
170205
0.196716969373
170225
0.196043669872
170245
0.197865473647
170265
0.190886529558
170285
0.199533698362
170305
0.217280982906
170325
0.226316550926
170345
0.21492721688
170365
0.20223468661
170385
0.216869212963
170405
0.245420450499
170425
0.252238025285
170445
0.26017516916
170465
0.270745414886
170485
0.28823673433
170505
0.30893985933
170525
0.334216969373
170545
0.340966657764
170565
0.359476273148
170585
0.364245014245
170605
0.368670984687
170625
0.516639957265
170645
0.603819444444
170665
0.815517049501
170685
0.991546474359
170705
0.994062722578
170725
0.0907507567664
170745
0.0901520210114
170765
0.0898960559117
170785
0.0900429576211
170805
0.182969417735
170825
0.17924568198
170845
0.180060318732
170865
0.176021634615
170885
0.170867832977
170905
0.17469284188
170925
0.164400819088
170945
0.156571625712
170965
0.151249777422
170985
0.134309339387
171005
0.124979967949
171025
0.118969239672
171045
0.118475115741
171065
0.115509259259
171085
0.107849225427
171105
0.0994758279915
171125
0.0953113871083
171145
0.100296029202
171165
0.105111511752
171185
0.11616920406
171205
0.108397881054
171225
0.123891559829
171245
0.13633480235
171265
0.143346020299
171285
0.169298655627
171305
0.175163595085
171325
0.0711460559117
171345
0.0710113960114
171365
0.0704326923077
171385
0.0721554487179
171405
0.0720452724359
171425
0.0713864405271
171445
0.071412037037
171465
0.0878639155983
171485
0.0878449964387
171505
0.0884292646011
171525
0.0879607371795
171545
0.466200365028
171565
0.467600382835
171585
0.457041266026
171605
0.394704861111
171625
0.34825832443
171645
0.349000623219
171665
0.356953347578
171685
0.364940571581
171705
0.0880297364672
171725
0.0896957353989
171745
0.0910067218661
171765
0.0942040598291
171785
0.0960102831197
171805
0.0918146812678
171825
0.363256766382
171845
0.373252759972
171865
0.0883725071225
171885
0.0852463942308
171905
0.0849859775641
171925
0.0824953258547
171945
0.0829371438746
171965
0.0852897970085
171985
0.0853087161681
172005
0.0869880698006
172025
0.0884726673789
172045
0.0859352742165
172065
0.0847645121083
172085
0.0860220797721
172105
0.0868522970085
172125
0.0874988871083
172145
0.153841702279
172165
0.152269186254
172185
0.154691951567
172205
0.148686787749
172225
0.143356036325
172245
0.142831864316
172265
0.140722934473
172285
0.140574919872
172305
0.138051994302
172325
0.144731570513
172345
0.144492298789
172365
0.146277377137
172385
0.152933582621
172405
0.151728320869
172425
0.152777777778
172445
0.154489405271
172465
0.153780493234
172485
0.396732549858
172505
0.384875801282
172525
0.111262464387
172545
0.10939391916
172565
0.116895922365
172585
0.118066684473
172605
0.120137775997
172625
0.469941907051
172645
0.454617387821
172665
0.449213185541
172685
0.450600961538
172705
0.456573851496
172725
0.447153222934
172745
0.442822961182
172765
0.449215411325
172785
0.450381721866
172805
0.450124643875
172825
0.453896233974
172845
0.452274750712
172865
0.085338764245
172885
0.093057781339
172905
0.0917601495726
172925
0.0878984152422
172945
0.0849937678063
172965
0.0838808760684
172985
0.0769842859687
173005
0.070838897792
173025
0.0608818554131
173045
0.0560029380342
173065
0.058198673433
173085
0.0708021723647
173105
0.0755620103276
173125
0.0749443554131
173145
0.0784967058405
173165
0.0771745904558
173185
0.0724793002137
173205
0.075734508547
173225
0.0771044782764
173245
0.0754284633191
173265
0.0768974804131
173285
0.080655715812
173305
0.0801415598291
173325
0.0812166132479
173345
0.0774750712251
173365
0.092697204416
173385
0.0989872685185
173405
0.0809083422365
173425
0.0795272435897
173445
0.0796240651709
173465
0.0792523593305
173485
0.0777098913818
173505
0.0766148059117
173525
0.0729767628205
173545
0.0696213942308
173565
0.0733685007123
173585
0.0739383012821
173605
0.078676994302
173625
0.0708088497151
173645
0.0660734953704
173665
0.0612991898148
173685
0.0686120014245
173705
0.0781416933761
173725
0.063969017094
173745
0.0633892004986
173765
0.0674356748575
173785
0.064266159188
173805
0.0888254540598
173825
0.0851462339744
173845
0.0828091613248
173865
0.081271144943
173885
0.0806790865385
173905
0.0790754095442
173925
0.082192619302
173945
0.085703792735
173965
0.0890424679487
173985
0.0914863782051
174005
0.0920172275641
174025
0.0938234508547
174045
0.092854122151
174065
0.0983618233618
174085
0.0992543625356
174105
0.0983840811966
174125
0.0944722667379
174145
0.0928173967236
174165
0.0923088051994
174185
0.0913672987892
174205
0.0910556891026
174225
0.0928563479345
174245
0.0899082977208
174265
0.0872562767094
174285
0.0815460292023
174305
0.0785924145299
174325
0.0758424590456
174345
0.0727185719373
174365
0.0718037749288
174385
0.0680210559117
174405
0.0672832086895
174425
0.0655493233618
174445
0.0677016559829
174465
0.0681757478632
174485
0.069603587963
174505
0.0716079059829
174525
0.0711582977208
174545
0.0704082086895
174565
0.068588630698
174585
0.0665542646011
174605
0.0629529469373
174625
0.0631076388889
174645
0.0647513799858
174665
0.0621026976496
174685
0.0633168625356
174705
0.0639768073362
174725
0.0625756766382
174745
0.0639634526353
174765
0.0679531695157
174785
0.0681134259259
174805
0.0680065883191
174825
0.0692051727208
174845
0.071599002849
174865
0.075301593661
174885
0.0759693287037
174905
0.0787593482906
174925
0.081593883547
174945
0.0828091613248
174965
0.0848357371795
174985
0.0621015847578
175005
0.148369613604
175025
0.355502136752
175045
0.822978988604
175065
0.980862713675
175085
0.97845775463
175105
0.967016114672
175125
0.955873842593
175145
0.942493545228
175165
0.930601184117
175185
0.919431089744
175205
0.910596955128
175225
0.899900952635
175245
0.895748753561
175265
0.889019097222
175285
0.877068865741
175305
0.867970975783
175325
0.86064926104
175345
0.850165820869
175365
0.846089298433
175385
0.84603587963
175405
0.846071492165
175425
0.843402777778
175445
0.84453792735
175465
0.849224314459
175485
0.853577946937
175505
0.854962384259
175525
0.856428062678
175545
0.853007033476
175565
0.849050703348
175585
0.847036369302
175605
0.843279246795
175625
0.837489983974
175645
0.834960381054
175665
0.832465277778
175685
0.82742721688
175705
0.826887464387
175725
0.824077412749
175745
0.824041800214
175765
0.822960069444
175785
0.819049367877
175805
0.819338719729
175825
0.813846599003
175845
0.809512998575
175865
0.810746082621
175885
0.811427172365
175905
0.812528935185
175925
0.81229522792
175945
0.819280849359
175965
0.823414129274
175985
0.832046830484
176005
0.836944667023
176025
0.839059161325
176045
0.83896011396
176065
0.834994880698
176085
0.840416889245
176105
0.844678151709
176125
0.848828125
176145
0.857654469373
176165
0.8525997151
176185
0.858294382123
176205
0.858436832265
176225
0.862604611823
176245
0.8611934651
176265
0.856804220085
176285
0.855541087963
176305
0.854026442308
176325
0.857164797009
176345
0.860240829772
176365
0.864403044872
176385
0.865685096154
176405
0.862363114316
176425
0.86137931802
176445
0.862189503205
176465
0.872554976852
176485
0.871997418091
176505
0.870119969729
176525
0.871989627849
176545
0.870974670584
176565
0.867722800926
176585
0.865696225071
176605
0.863617343305
176625
0.859937010328
176645
0.858272124288
176665
0.859111244658
176685
0.855772569444
176705
0.853246305199
176725
0.851303196225
176745
0.846289618946
176765
0.842693865741
176785
0.838539440883
176805
0.839189369658
176825
0.839076967593
176845
0.840984464031
176865
0.837059294872
176885
0.837789351852
176905
0.839543269231
176925
0.846609018875
176945
0.844628071581
176965
0.846075943732
176985
0.84755386396
177005
0.849530359687
177025
0.847211093305
177045
0.846840500356
177065
0.846269586895
177085
0.844773860399
177105
0.847174367877
177125
0.84417289886
177145
0.846832710114
177165
0.850780137108
177185
0.852786680912
177205
0.848436387108
177225
0.841941550926
177245
0.845393741097
177265
0.852679843305
177285
0.85038394765
177305
0.842984330484
177325
0.843951433405
177345
0.841644408832
177365
0.840936609687
177385
0.835971999644
177405
0.8311153401
177425
0.834467370014
177445
0.826602564103
177465
0.819612491097
177485
0.818508502493
177505
0.822533831909
177525
0.830597845442
177545
0.837285211895
177565
0.831760817308
177585
0.834343839031
177605
0.829171118234
177625
0.827187945157
177645
0.833557024573
177665
0.839847088675
177685
0.851490162037
177705
0.858149706197
177725
0.859725560897
177745
0.850169159544
177765
0.861076611467
177785
0.867979878917
177805
0.869967503561
177825
0.864436431624
177845
0.866969373219
177865
0.864829282407
177885
0.854905626781
177905
0.854711983618
177925
0.846355279558
177945
0.842940927707
177965
0.84367321047
177985
0.846905048077
178005
0.832779113248
178025
0.840144230769
178045
0.842309918091
178065
0.840276664886
178085
0.846573406339
178105
0.853405448718
178125
0.865248842593
178145
0.865941061254
178165
0.865944399929
178185
0.89236667557
178205
0.897882167023
178225
0.925632122507
178245
0.937808271011
178265
0.947340188746
178285
0.948108084046
178305
0.96461338141
178325
0.972852118946
178345
0.985462295228
178365
0.999935452279
178385
0.930197204416
178405
0.930517717236
178425
0.930351896368
178445
0.930368589744
178465
0.930363025285
178485
0.930491007835
178505
0.9333377849
178525
0.999835292023
