147367
1.0
147387
0.992237807765
147407
0.992646188447
147427
0.993442234848
147447
0.993380089962
147467
0.986086943655
147487
0.986163884943
147507
0.985805812027
147527
0.993482185133
147547
0.985335286458
147567
0.985363399621
147587
0.985299775095
147607
0.992950994318
147627
0.99179983428
147647
0.987059067235
147667
0.986795691288
147687
0.990746330492
147707
0.989935487689
147727
0.977453243371
147747
0.96904296875
147767
0.969050366951
147787
0.977457682292
147807
0.977009351326
147827
0.971213600852
147847
0.973211115057
147867
0.988486919981
147887
0.994936671402
147907
0.982396721117
147927
0.974578302557
147947
0.951979758523
147967
0.959604344223
147987
0.926241418087
148007
0.888392223011
148027
0.86387162642
148047
0.854958274148
148067
0.831130149148
148087
0.852306758996
148107
0.821345288826
148127
0.800476444129
148147
0.809589547822
148167
0.829662346117
148187
0.863714784564
148207
0.894522372159
148227
0.906534090909
148247
0.91737837358
148267
0.948931699811
148287
0.985656368371
148307
0.994608191288
148327
0.986353278883
148347
0.986748342803
148367
0.987261777936
148387
0.9912109375
148407
0.982290187027
148427
0.981397964015
148447
0.980869732481
148467
0.990403053977
148487
0.977857185133
148507
0.977618963068
148527
0.979554332386
148547
0.989220821496
148567
0.981668738163
148587
0.973103101326
148607
0.960520241477
148627
0.961270419034
148647
0.940801077178
148667
0.930342980587
148687
0.92021040483
148707
0.914500473485
148727
0.908061079545
148747
0.90293412642
148767
0.891170987216
148787
0.905584161932
148807
0.90137014678
148827
0.909799656723
148847
0.915451882102
148867
0.907007575758
148887
0.91123046875
148907
0.920450106534
148927
0.893158143939
148947
0.885984848485
148967
0.888583096591
148987
0.870133463542
149007
0.873879912405
149027
0.878848544034
149047
0.864926609848
149067
0.881803385417
149087
0.899863873106
149107
0.901544744318
149127
0.919179095644
149147
0.918523615057
149167
0.922184244792
149187
0.922642933239
149207
0.914956202652
149227
0.913645241477
149247
0.91679391572
149267
0.905868252841
149287
0.899344519413
149307
0.894947028883
149327
0.900756096117
149347
0.899174360795
149367
0.882768110795
149387
0.872531960227
149407
0.87411813447
149427
0.874533913352
149447
0.877516867898
149467
0.874474727746
149487
0.870469341856
149507
0.886547111742
149527
0.888652639678
149547
0.894967743845
149567
0.897027402936
149587
0.896278705019
149607
0.894599313447
149627
0.89824514678
149647
0.885789535985
149667
0.901892459754
149687
0.902991832386
149707
0.891270123106
149727
0.894001538826
149747
0.891641512784
149767
0.898020241477
149787
0.901157078598
149807
0.891730291193
149827
0.884031723485
149847
0.898190400095
149867
0.897341086648
149887
0.899190636837
149907
0.899443655303
149927
0.900241181345
149947
0.906395004735
149967
0.91679539536
149987
0.887109375
150007
0.870744554924
150027
0.861880030777
150047
0.860779178504
150067
0.862708629261
150087
0.858635179924
150107
0.853867779356
150127
0.871466619318
150147
0.896055279356
150167
0.905595999053
150187
0.907890920928
150207
0.90781545928
150227
0.905433238636
150247
0.912918738163
150267
0.919278231534
150287
0.920540364583
150307
0.915693063447
150327
0.925377308239
150347
0.93554983428
150367
0.949310487689
150387
0.940694543087
150407
0.930202414773
150427
0.928641394413
150447
0.933016690341
150467
0.928579249527
150487
0.925424656723
150507
0.903956557765
150527
0.905547170928
150547
0.908309659091
150567
0.919574159564
150587
0.922808652936
150607
0.921997810133
150627
0.91572709517
150647
0.925562263258
150667
0.92637162642
150687
0.926635002367
150707
0.92129350142
150727
0.913972241951
150747
0.913679273201
150767
0.887775213068
150787
0.85966648911
150807
0.846839488636
150827
0.809564393939
150847
0.807532848011
150867
0.809119022254
150887
0.804378255208
150907
0.820031368371
150927
0.847935901989
150947
0.849202473958
150967
0.876450047348
150987
0.890366062973
151007
0.889756451231
151027
0.905718809186
151047
0.882407078598
151067
0.875448330966
151087
0.894198330966
151107
0.888970762311
151127
0.882096354167
151147
0.875550426136
151167
0.874758818655
151187
0.892831143466
151207
0.894254557292
151227
0.894550485322
151247
0.903108723958
151267
0.900204190341
151287
0.908673650568
151307
0.892882930871
151327
0.906810783617
151347
0.923233309659
151367
0.941687381629
151387
0.945479699337
151407
0.954928681345
151427
0.970825935133
151447
0.989865944602
151467
0.982990056818
151487
0.969288589015
151507
0.94580226089
151527
0.935196200284
151547
0.926228101326
151567
0.909688683712
151587
0.898086825284
151607
0.880983664773
151627
0.877383700284
151647
0.891608960701
151667
0.896324573864
151687
0.904132634943
151707
0.902746212121
151727
0.902917850379
151747
0.904416725852
151767
0.907219164299
151787
0.90381303267
151807
0.903074692235
151827
0.899940814394
151847
0.900255977746
151867
0.905560487689
151887
0.90176077178
151907
0.905153586648
151927
0.901083096591
151947
0.892697975852
151967
0.897922585227
151987
0.880243844697
152007
0.855100319602
152027
0.869494258996
152047
0.860092625473
152067
0.871911991004
152087
0.865636837121
152107
0.885977450284
152127
0.909367601799
152147
0.911674360795
152167
0.911021839489
152187
0.908148378314
152207
0.900205669981
152227
0.878582208807
152247
0.875285570549
152267
0.888260535038
152287
0.900843394886
152307
0.916271602746
152327
0.925343276515
152347
0.937414180871
152367
0.973706794508
152387
0.991228693182
152407
0.979575047348
152427
0.967501183712
152447
0.952419211648
152467
0.954875414299
152487
0.942939157197
152507
0.928540778883
152527
0.916790956439
152547
0.913063742898
152567
0.918300189394
152587
0.919543087121
152607
0.917249644886
152627
0.910419625947
152647
0.911085464015
152667
0.911002604167
152687
0.91299272017
152707
0.900951408617
152727
0.889988754735
152747
0.882739997633
152767
0.890804036458
152787
0.89130415483
152807
0.887421579072
152827
0.884854403409
152847
0.906295868845
152867
0.922034801136
152887
0.934892874053
152907
0.945352450284
152927
0.954289476799
152947
0.965318714489
152967
0.985953776042
152987
0.986209753788
153007
0.978039180871
153027
0.968314985795
153047
0.972767223011
153067
0.979063091856
153087
0.981116832386
153107
0.960974491004
153127
0.940781841856
153147
0.93817915483
153167
0.935845762311
153187
0.915932765152
153207
0.901751893939
153227
0.889815636837
153247
0.885569069602
153267
0.871914950284
153287
0.86366743608
153307
0.851347952178
153327
0.850532670455
153347
0.854903527462
153367
0.847542317708
153387
0.846519886364
153407
0.843782552083
153427
0.845174893466
153447
0.85273585464
153467
0.849866832386
153487
0.8521484375
153507
0.857023851799
153527
0.853602923769
153547
0.865234375
153567
0.873857717803
153587
0.867684659091
153607
0.863506155303
153627
0.865906131629
153647
0.853888494318
153667
0.850569661458
153687
0.861748342803
153707
0.855849017519
153727
0.853299597538
153747
0.859775982481
153767
0.863957445549
153787
0.881591796875
153807
0.881181936553
153827
0.874289772727
153847
0.869608191288
153867
0.881661339962
153887
0.876287286932
153907
0.873415305398
153927
0.870037286932
153947
0.864095052083
153967
0.888566820549
153987
0.891058534564
154007
0.903105764678
154027
0.898570667614
154047
0.904894649621
154067
0.91132664536
154087
0.907500295928
154107
0.883331853693
154127
0.876842151989
154147
0.868227687027
154167
0.873274739583
154187
0.867995383523
154207
0.865395655777
154227
0.884225556345
154247
0.883907433712
154267
0.873665364583
154287
0.868482185133
154307
0.872092507102
154327
0.873162286932
154347
0.881341737689
154367
0.886152047822
154387
0.881830018939
154407
0.895905835701
154427
0.885728870739
154447
0.887048709754
154467
0.870917672822
154487
0.851978278883
154507
0.868923117898
154527
0.863785807292
154547
0.859040601326
154567
0.867785274621
154587
0.869189453125
154607
0.872301136364
154627
0.887618371212
154647
0.88505859375
154667
0.881810783617
154687
0.887494081439
154707
0.897808652936
154727
0.897037760417
154747
0.907205847538
154767
0.895448626894
154787
0.896030125473
154807
0.899267578125
154827
0.887474846117
154847
0.873092743845
154867
0.868272076231
154887
0.87899946733
154907
0.880149147727
154927
0.890912050189
154947
0.876228101326
154967
0.891489109848
154987
0.913893821023
155007
0.91914358428
155027
0.907010535038
155047
0.907796223958
155067
0.896863162879
155087
0.921147017045
155107
0.91299272017
155127
0.888887902462
155147
0.878082090436
155167
0.897290778883
155187
0.887421579072
155207
0.899557587595
155227
0.891250887784
155247
0.89267874053
155267
0.91981977983
155287
0.9150390625
155307
0.906991299716
155327
0.901340553977
155347
0.88681936553
155367
0.876890980114
155387
0.853780480587
155407
0.832038648201
155427
0.840290601326
155447
0.860878314394
155467
0.883191287879
155487
0.906198212595
155507
0.911857836174
155527
0.943368252841
155547
0.974687795928
155567
0.98974461411
155587
0.97568655303
155607
0.947913707386
155627
0.926278409091
155647
0.932109670928
155667
0.929560250947
155687
0.918899443655
155707
0.906482303504
155727
0.892325106534
155747
0.894571200284
155767
0.89131007339
155787
0.87343897964
155807
0.859885475852
155827
0.856579959754
155847
0.873301373106
155867
0.889809718277
155887
0.898872514205
155907
0.918214370265
155927
0.933805338542
155947
0.957660097064
155967
0.96455374053
155987
0.955483546402
156007
0.956716086648
156027
0.942956912879
156047
0.938660037879
156067
0.928039180871
156087
0.916941879735
156107
0.902672230114
156127
0.897685842803
156147
0.894387724905
156167
0.903432765152
156187
0.901821437027
156207
0.904336825284
156227
0.897891512784
156247
0.925818241004
156267
0.938211706913
156287
0.945553681345
156307
0.960792495265
156327
0.96484670928
156347
0.987584339489
156367
1.0
156387
1.0
156407
1.0
156427
0.967982559975
156447
0.775374842172
156467
0.772153172348
156487
0.772519136679
156507
0.770174893466
156527
0.780352844855
156547
0.999978298611
156567
0.860787069918
156587
0.861217151989
156607
0.860925662879
156627
0.860654888731
156647
0.860170059975
156667
0.999994081439
156687
0.975431068497
156707
0.977400469539
156727
0.977649049085
156747
0.977549913194
156767
0.976907749369
156787
0.98063200363
156807
0.310677083333
156827
0.0886866714015
156847
0.0905490451389
156867
0.0911339962121
156887
0.0915961371528
156907
0.0911404079861
156927
0.99999852036
156947
1.0
