155517
0.966354263837
155537
0.956875291511
155557
0.949465562811
155577
0.94354011194
155597
0.940078902363
155617
0.92928229944
155637
0.920101154384
155657
0.918847170398
155677
0.915277129975
155697
0.91271231732
155717
0.914507054571
155737
0.91505606732
155757
0.9148194574
155777
0.910483228389
155797
0.911005519279
155817
0.915437461132
155837
0.916456778607
155857
0.924076881219
155877
0.93074471393
155897
0.927540520056
155917
0.930726251555
155937
0.932930076182
155957
0.937092856032
155977
0.935912721549
155997
0.939424459733
156017
0.937302744092
156037
0.937346956623
156057
0.936582225591
156077
0.938901682991
156097
0.940340290734
156117
0.937156502643
156137
0.93645007385
156157
0.938989622201
156177
0.93642335199
156197
0.941495646766
156217
0.935652304882
156237
0.937471334733
156257
0.937500971704
156277
0.93595207556
156297
0.933813840951
156317
0.935050820118
156337
0.934876399254
156357
0.935919037624
156377
0.935024098259
156397
0.932454427083
156417
0.931371462998
156437
0.933567513993
156457
0.93273427783
156477
0.93224842584
156497
0.937383395522
156517
0.936814462842
156537
0.935249533582
156557
0.932421389148
156577
0.934266169154
156597
0.940402965641
156617
0.935162080224
156637
0.93660651819
156657
0.937911030784
156677
0.934354108364
156697
0.931392840485
156717
0.936591942631
156737
0.936617206934
156757
0.938196711754
156777
0.933991176928
156797
0.937210432214
156817
0.938096140392
156837
0.941529170553
156857
0.94051033893
156877
0.942557233364
156897
0.940194049285
156917
0.941835257307
156937
0.944951026119
156957
0.943169892724
156977
0.942814734919
156997
0.943523592973
157017
0.939792249689
157037
0.938340038091
157057
0.935887457245
157077
0.933606868004
157097
0.930495957711
157117
0.927527402052
157137
0.918515819341
157157
0.912338211287
157177
0.910919523476
157197
0.917401760728
157217
0.918158232276
157237
0.913028121113
157257
0.916838172419
157277
0.915737717662
157297
0.912855157805
157317
0.915835859764
157337
0.910204349347
157357
0.909890488961
157377
0.910489544465
157397
0.911013778762
157417
0.908467914335
157437
0.913435750933
157457
0.911193058147
157477
0.915338347326
157497
0.918049887282
157517
0.923259678172
157537
0.933129275498
157557
0.930317650031
157577
0.929913907027
157597
0.932868858831
157617
0.930586326182
157637
0.935206292755
157657
0.931355429882
157677
0.934216612251
157697
0.935352048352
157717
0.932771202581
157737
0.935801947295
157757
0.936517121424
157777
0.934753964552
157797
0.938765644434
157817
0.931131452114
157837
0.933104011194
157857
0.929059293377
157877
0.926339008085
157897
0.920606926306
157917
0.908022873912
157937
0.916615652208
157957
0.917682097326
157977
0.916237173507
157997
0.915439890392
158017
0.913553327114
158037
0.913516402363
158057
0.915994247512
158077
0.919947625155
158097
0.924646299751
158117
0.919097870025
158137
0.912324607432
158157
0.919327678016
158177
0.914935576026
158197
0.912611745958
158217
0.905114563899
158237
0.909513953669
158257
0.908658368315
158277
0.909800606343
158297
0.907824160448
158317
0.912110832556
158337
0.913552841262
158357
0.916526255442
158377
0.918499300373
158397
0.927889361785
158417
0.928555950715
158437
0.925470304726
158457
0.927551694652
158477
0.931354458178
158497
0.930102903451
158517
0.929914392879
158537
0.930443485697
158557
0.933591806592
158577
0.932851854011
158597
0.934686431126
158617
0.92605235541
158637
0.927109569341
158657
0.927687247357
158677
0.930796214241
158697
0.926989078047
158717
0.927398651275
158737
0.925070934391
158757
0.923002176617
158777
0.914001282649
158797
0.923179998445
158817
0.922727184391
158837
0.921960995802
158857
0.914414256841
158877
0.917664606654
158897
0.920577289335
158917
0.911158076803
158937
0.89836413635
158957
0.89159184546
158977
0.888683535448
158997
0.889311256219
159017
0.894797982743
159037
0.896818641169
159057
0.897592603389
159077
0.896634503265
159097
0.902142121424
159117
0.914284048507
159137
0.925686994714
159157
0.92892325482
159177
0.92881588153
159197
0.919846567942
159217
0.919675548041
159237
0.923569651741
159257
0.922730099502
159277
0.9284913324
159297
0.92234870569
159317
0.917941056437
159337
0.92391363495
159357
0.923093030939
159377
0.923095946051
159397
0.924647757307
159417
0.921681145056
159437
0.919462259017
159457
0.915638603856
159477
0.922009095149
159497
0.923203319341
159517
0.907798410292
159537
0.900617517879
159557
0.904465951493
159577
0.901969643968
159597
0.906433652052
159617
0.901304998445
159637
0.904446517413
159657
0.906847597948
159677
0.907275633551
159697
0.919107101213
159717
0.929866293532
159737
0.9326414801
159757
0.929438743781
159777
0.927102281561
159797
0.931331137282
159817
0.923431669776
159837
0.916603505908
159857
0.916665694963
159877
0.916259522699
159897
0.915077930659
159917
0.904468380752
159937
0.904925567475
159957
0.906343283582
159977
0.898998659049
159997
0.909054337687
160017
0.91474609375
160037
0.915281016791
160057
0.909612095771
160077
0.906306358831
160097
0.905122337531
160117
0.90266101135
160137
0.903475785137
160157
0.903889731032
160177
0.903601620802
160197
0.911202775187
160217
0.915888331779
160237
0.919132365516
160257
0.922283601524
160277
0.924639011971
160297
0.93146474658
160317
0.936170708955
160337
0.935871909981
160357
0.938032979633
160377
0.930714591107
160397
0.928573441387
160417
0.927495335821
160437
0.926746637904
160457
0.927736318408
160477
0.920329990672
160497
0.917743800529
160517
0.916817280784
160537
0.912561217351
160557
0.910661050218
160577
0.92088143268
160597
0.923177083333
160617
0.923858247823
160637
0.923702775187
160657
0.936555989583
160677
0.942745743937
160697
0.940570098725
160717
0.938797224813
160737
0.942368722792
160757
0.937667618937
160777
0.932463172419
160797
0.935736357276
160817
0.93496822528
160837
0.93210461365
160857
0.930156833022
160877
0.927485132929
160897
0.927232975746
160917
0.932156599813
160937
0.931413732121
160957
0.930555231654
160977
0.929653976213
160997
0.931881607587
161017
0.92840825171
161037
0.923025497512
161057
0.927032804726
161077
0.929714707711
161097
0.927345693408
161117
0.924136155162
161137
0.921539276275
161157
0.925951298197
161177
0.925100571362
161197
0.918921991604
161217
0.918969119248
161237
0.9177612912
161257
0.914816056437
161277
0.9095703125
161297
0.904935770367
161317
0.909452736318
161337
0.911349502488
161357
0.906160603234
161377
0.908820157027
161397
0.914691192475
161417
0.912665675529
161437
0.914246637904
161457
0.924592856032
161477
0.930689326803
161497
0.928388817631
161517
0.924578280473
161537
0.927637690454
161557
0.92068369092
161577
0.919725590796
161597
0.919667288557
161617
0.919628420398
161637
0.915298021611
161657
0.910400147699
161677
0.912064190765
161697
0.911442300218
161717
0.899284825871
161737
0.900679706934
161757
0.902347150964
161777
0.903415053638
161797
0.903059895833
161817
0.898979710821
161837
0.903664295709
161857
0.902677530317
161877
0.893230138371
161897
0.902530317164
161917
0.914346237562
161937
0.918453630286
161957
0.918517762749
161977
0.919213016947
161997
0.922503206623
162017
0.921494577892
162037
0.92129635028
162057
0.934318155317
162077
0.939306883551
162097
0.933085062966
162117
0.927486104633
162137
0.928059895833
162157
0.930262748756
162177
0.934807408271
162197
0.941293046486
162217
0.95007822217
162237
0.955732567631
162257
0.963492595616
162277
0.964642607276
162297
0.978674984453
162317
0.987528179415
162337
0.990250408116
162357
0.995413557214
162377
0.985900575249
162397
0.97647456079
162417
0.96590825171
162437
0.960520153141
162457
0.957659456623
162477
0.949364019745
162497
0.940436489428
162517
0.924401430348
162537
0.906248542444
162557
0.894216903762
162577
0.897054279384
162597
0.902371929415
162617
0.897264653296
162637
0.887129294932
162657
0.880914762127
162677
0.879056378265
162697
0.876151469216
162717
0.892828338775
162737
0.904377040578
162757
0.908244422419
162777
0.902981187811
162797
0.902741176928
162817
0.914696050995
162837
0.91876700482
162857
0.918801014459
162877
0.928175528607
162897
0.928764381219
162917
0.930078610852
162937
0.925689909826
162957
0.927283018501
162977
0.924307660914
162997
0.92511951959
163017
0.929721509639
163037
0.934628614739
163057
0.936417521766
163077
0.934874455846
163097
0.936359705379
163117
0.931898126555
163137
0.930012049129
163157
0.929191445118
163177
0.925247784515
163197
0.922379314366
163217
0.920829932369
163237
0.91572994403
163257
0.914922458022
163277
0.912945040423
163297
0.909568369092
163317
0.912499028296
163337
0.916043318563
163357
0.911317922108
163377
0.913528548663
163397
0.911433554882
163417
0.905424537469
163437
0.90974619092
163457
0.907727475902
163477
0.914891363495
163497
0.913584421642
163517
0.912938238495
163537
0.916029228856
163557
0.918781580379
163577
0.914900594683
163597
0.919678463153
163617
0.921366798818
163637
0.914537177394
163657
0.910503634173
163677
0.911583197295
163697
0.908620957711
163717
0.916945059857
163737
0.920647252021
163757
0.93290772699
163777
0.94035632385
163797
0.946459110697
163817
0.954317766636
163837
0.959749106032
163857
0.958990205224
163877
0.965241176928
163897
0.96200686023
163917
0.95899166278
163937
0.955456117848
163957
0.953783815299
163977
0.940630344372
163997
0.919007015703
164017
0.894271805037
164037
0.883580631996
164057
0.867635941387
164077
0.851979846859
164097
0.844392296331
164117
0.832961170709
164137
0.837852728545
164157
0.84032231421
164177
0.857455398787
164197
0.884080087842
164217
0.90108150653
164237
0.914547380286
164257
0.93679454291
164277
0.952628459266
164297
0.959497920553
164317
0.959412896455
164337
0.969971917755
164357
0.960371968284
164377
0.946147679571
164397
0.93477048352
164417
0.932757112873
164437
0.932556941853
164457
0.931672205379
164477
0.935211151275
164497
0.937924634639
164517
0.937333352767
164537
0.947303035603
164557
0.964893306903
164577
0.970873173197
164597
0.989288421175
164617
0.991279928483
164637
0.99396231732
164657
0.994060945274
164677
0.992721937189
164697
0.977207711443
164717
0.975461073539
164737
0.976814657183
164757
0.982603583644
164777
0.98231450171
164797
0.982215387904
164817
0.982361143501
164837
0.982388351213
164857
0.983578202736
164877
0.9960694574
164897
1.0
164917
1.0
164937
1.0
164957
0.826811742071
164977
0.82694826648
164997
0.827208683147
165017
0.827061955846
165037
0.82715572528
165057
0.827059526586
165077
1.0
165097
1.0
