104940
0.975612340856
104960
0.991923466435
104980
0.986713686343
105000
0.978365523727
105020
0.984088179977
105040
0.987720630787
105060
0.991460141782
105080
0.996565031829
105100
0.983145616319
105120
0.994016927083
105140
0.989469401042
105160
0.57281322338
105180
0.472893880208
105200
0.669123987269
105220
0.676568287037
105240
0.565337456597
105260
0.227624059606
105280
0.135123336227
105300
0.161534288194
105320
0.157411747685
105340
0.186290870949
105360
0.507888816551
105380
0.562313006366
105400
0.474614438657
105420
0.405787037037
105440
0.375426793981
105460
0.356008752894
105480
0.22697301794
105500
0.387964409722
105520
0.382966579861
105540
0.374535951968
105560
0.372332175926
105580
0.36919885706
105600
0.368560112847
105620
0.370169994213
105640
0.363169487847
105660
0.349220558449
105680
0.335355179398
105700
0.332648292824
105720
0.335571108218
105740
0.335639467593
105760
0.344469401042
105780
0.337662037037
105800
0.337772352431
105820
0.343015046296
105840
0.337638888889
105860
0.346404441551
105880
0.311120515046
105900
0.299152199074
105920
0.30646412037
105940
0.304473741319
105960
0.458149956597
105980
0.089765625
106000
0.265458622685
106020
0.676884765625
106040
0.625666956019
106060
0.573461009838
106080
0.242375940394
106100
0.613869719329
106120
0.564454571759
106140
0.334438295718
106160
0.327681929977
106180
0.323681640625
106200
0.366049623843
106220
0.507234881366
106240
0.470455367477
106260
0.436447120949
106280
0.406764322917
106300
0.498888888889
106320
0.50677734375
106340
0.500522280093
106360
0.502818648727
106380
0.548823423032
106400
0.202978877315
106420
0.393735894097
106440
0.475355179398
106460
0.45662037037
106480
0.456453993056
106500
0.448190104167
106520
0.441127748843
106540
0.440477430556
106560
0.426954571759
106580
0.464013671875
106600
0.482991536458
106620
0.49642578125
106640
0.501962890625
106660
0.503254123264
106680
0.51146520544
106700
0.465313585069
106720
0.441575159144
106740
0.515392433449
106760
0.497751012731
106780
0.506821831597
106800
0.512216796875
106820
0.504019820602
106840
0.516584924769
106860
0.505746527778
106880
0.416397569444
106900
0.368329716435
106920
0.358071108218
106940
0.35384837963
106960
0.295258969907
106980
0.580439814815
107000
0.600767144097
107020
0.615064019097
107040
0.515229673032
107060
0.49140697338
107080
0.479128689236
107100
0.458827039931
107120
0.44058629919
107140
0.37136791088
107160
0.207718460648
107180
0.260964626736
107200
0.285114655671
107220
0.298725043403
107240
0.278388671875
107260
0.453902994792
107280
0.494432146991
107300
0.479426721644
107320
0.448256655093
107340
0.374321469907
107360
0.392250795718
107380
0.398180338542
107400
0.369675925926
107420
0.374730902778
107440
0.351663411458
107460
0.379112774884
107480
0.369362340856
107500
0.367955367477
107520
0.300621021412
107540
0.435413411458
107560
0.192823712384
107580
0.100435836227
107600
0.951395399306
107620
0.944584056713
107640
0.937853370949
107660
0.949065031829
107680
0.944173177083
107700
0.942547381366
107720
0.944320746528
107740
0.942995515046
107760
0.932730758102
107780
0.923888888889
107800
0.968422309028
107820
0.65517650463
107840
0.657273943866
107860
0.584674479167
107880
0.532274667245
107900
0.48808666088
107920
0.145964265046
107940
0.0994816984954
107960
0.20412073206
107980
0.338562282986
108000
0.445305266204
108020
0.426494140625
108040
0.262365451389
108060
0.242997323495
108080
0.261681495949
108100
0.279897641782
108120
0.340707826968
108140
0.325211588542
108160
0.323345992477
108180
0.305851056134
108200
0.307205584491
108220
0.297110460069
108240
0.278259548611
108260
0.294096137153
108280
0.333501519097
108300
0.253951822917
108320
0.229327980324
108340
0.664300130208
108360
0.366375868056
108380
0.164246600116
108400
0.107350622106
108420
0.185056061921
108440
0.263861762153
108460
0.360267650463
108480
0.349791666667
108500
0.245985604745
108520
0.241026837384
108540
0.286963252315
108560
0.08732421875
108580
0.236714409722
108600
0.250784505208
108620
0.214561270255
108640
0.229576099537
108660
0.105970413773
108680
0.128578559028
108700
0.150751591435
108720
0.155677445023
108740
0.310886140046
108760
0.242183159722
108780
0.207334346065
108800
0.117231626157
108820
0.0993178530093
108840
0.0926515480324
108860
0.115237268519
108880
0.145328414352
108900
0.260420645255
108920
0.479167751736
108940
0.375428240741
108960
0.323669704861
108980
0.465856481481
109000
0.415958839699
109020
0.200607277199
109040
0.141422164352
109060
0.0944339554398
109080
0.104758029514
109100
0.123591941551
109120
0.116117621528
109140
0.470556640625
109160
0.192586082176
109180
0.222233434606
109200
0.320492621528
109220
0.583821614583
109240
0.520041232639
109260
0.624499421296
109280
0.635502748843
109300
0.645235821759
109320
0.617068865741
109340
0.296081090856
109360
0.213807146991
109380
0.295499855324
109400
0.267215711806
109420
0.635928819444
109440
0.299060691551
109460
0.530134548611
109480
0.612220052083
109500
0.925128399884
109520
0.913185763889
109540
0.795648148148
109560
0.74615198206
109580
0.944894748264
109600
0.949252025463
109620
0.952277922454
109640
0.476783492477
109660
0.842648292824
109680
0.716121961806
109700
0.31388635706
109720
0.429040436921
109740
0.685366753472
109760
0.420282118056
109780
0.589422019676
109800
0.64123010706
109820
0.64583912037
109840
0.64492151331
109860
0.645710358796
109880
0.645870225694
109900
0.645852864583
109920
0.648542751736
109940
0.649107349537
109960
0.647696759259
109980
0.64662037037
110000
0.693289930556
110020
0.687653718171
110040
0.687403428819
110060
0.688094618056
110080
0.702570167824
110100
0.719591290509
110120
0.715823567708
110140
0.721376953125
110160
0.723837528935
110180
0.723970630787
110200
0.72320384838
110220
0.722669270833
110240
0.722380642361
110260
0.722742332176
110280
0.72314380787
110300
0.722691695602
110320
0.722150969329
110340
0.719642650463
110360
0.720657190394
110380
0.71865234375
110400
0.590521918403
110420
0.495845630787
110440
0.193186848958
110460
0.218494285301
110480
0.166754557292
110500
0.328096064815
110520
0.178342375579
110540
0.27617115162
110560
0.211296296296
110580
0.195801866319
110600
0.228951461227
110620
0.505557364005
110640
0.521136429398
110660
0.556336082176
110680
0.561014539931
110700
0.545349754051
110720
0.373181423611
110740
0.54478443287
110760
0.539050564236
110780
0.535611255787
110800
0.53966869213
110820
0.540717592593
110840
0.541502821181
110860
0.543154296875
110880
0.543266059028
110900
0.544712456597
110920
0.545521195023
110940
0.545748697917
110960
0.545430772569
110980
0.54390588831
111000
0.545207609954
111020
0.545824291088
111040
0.545738208912
111060
0.546138237847
111080
0.546303530093
111100
0.546063729745
111120
0.545853949653
111140
0.546081814236
111160
0.546083622685
111180
0.546775896991
111200
0.546402633102
111220
0.546905381944
111240
0.546502097801
111260
0.546330295139
111280
0.546472077546
111300
0.546568648727
111320
0.546116536458
111340
0.546338252315
111360
0.547035951968
111380
0.5465625
111400
0.54673791956
111420
0.546531756366
111440
0.546723090278
111460
0.546291594329
111480
0.546514033565
111500
0.546393952546
111520
0.546550202546
111540
0.547113715278
111560
0.547058015046
111580
0.96978515625
111600
0.970168909144
111620
0.970160590278
111640
0.970160590278
111660
0.970160228588
111680
0.970160951968
111700
0.98734375
111720
0.987374855324
111740
0.987374855324
111760
0.987374855324
111780
0.987374855324
111800
0.987374855324
111820
0.985704933449
111840
0.985739293981
111860
0.985739293981
111880
0.985739293981
111900
0.985739293981
111920
0.985739293981
111940
0.985562427662
111960
0.985563151042
111980
0.985563151042
112000
0.985563151042
112020
0.985563151042
112040
0.985563151042
112060
0.989957320602
112080
0.989957320602
112100
0.989957320602
112120
0.989957320602
112140
0.989957320602
112160
0.99123046875
112180
0.991264105903
112200
0.991264105903
112220
0.991264105903
112240
0.991264105903
112260
0.991264105903
112280
0.991238425926
112300
0.991265914352
112320
0.99126989294
112340
0.99126989294
112360
0.99126989294
112380
0.991264105903
112400
0.989722583912
112420
0.98974609375
112440
0.98974609375
112460
0.98974609375
112480
0.98974609375
112500
0.989743923611
112520
0.991119791667
112540
0.991154513889
112560
0.991154513889
112580
0.991154513889
112600
0.991154513889
112620
0.991154513889
112640
0.993143446181
112660
0.993143446181
112680
0.993143446181
112700
0.993143446181
112720
0.993143446181
112740
0.993139467593
112760
0.985869140625
112780
0.985869140625
112800
0.985869140625
112820
0.985869140625
112840
0.985869140625
112860
0.992414641204
112880
0.992435980903
112900
0.992435980903
112920
0.992435980903
112940
0.992435980903
112960
0.992428023727
112980
0.991375144676
113000
0.991380208333
113020
0.991380208333
113040
0.991380208333
113060
0.991375506366
113080
0.991375506366
113100
0.97790943287
113120
0.977906901042
113140
0.977906901042
113160
0.977906901042
113180
0.977906901042
113200
0.977906901042
113220
0.944944661458
113240
0.944944299769
113260
0.944954788773
113280
0.944954788773
113300
0.944954788773
113320
0.944954788773
113340
0.944954788773
113360
0.944954788773
113380
0.944954788773
113400
0.944954788773
113420
0.944952980324
113440
0.953761212384
113460
0.953968460648
113480
0.953977864583
113500
0.953977864583
113520
0.953977864583
113540
0.953977864583
113560
0.953977864583
113580
0.953977864583
113600
0.953977864583
113620
0.953977864583
113640
0.953980758102
113660
0.95398473669
113680
0.943653790509
113700
0.94365270544
113720
0.94365270544
113740
0.94365270544
113760
0.94365270544
113780
0.943654875579
113800
0.943654875579
113820
0.943653428819
113840
0.943653428819
113860
0.943653428819
113880
0.943654152199
113900
0.943849826389
113920
0.931476056134
113940
0.931486906829
113960
0.931486906829
113980
0.931486906829
114000
0.931490885417
114020
0.931490885417
114040
0.931490885417
114060
0.931490885417
114080
0.931490885417
114100
0.931490885417
114120
0.931490885417
114140
0.914949725116
114160
0.914969256366
114180
0.914991681134
114200
0.914991681134
114220
0.914987702546
114240
0.91499963831
114260
0.894403573495
114280
0.894560546875
114300
0.894582971644
114320
0.894582971644
114340
0.894582609954
114360
0.894582971644
114380
0.896555989583
114400
0.898553602431
114420
0.900008318866
114440
0.907657696759
114460
0.930448133681
114480
1.0
114500
1.0
114520
1.0
