136570
0.262158203125
136590
0.266044231376
136610
0.270512744634
136630
0.280227568655
136650
0.25481721512
136670
0.253840159407
136690
0.285411241319
136710
0.284174262153
136730
0.28408203125
136750
0.262525153883
136770
0.261956478851
136790
0.259174755366
136810
0.263431186869
136830
0.2496720131
136850
0.248479916351
136870
0.245456518308
136890
0.266657788826
136910
0.275073982008
136930
0.273678188131
136950
0.274948212595
136970
0.287032433712
136990
0.288961391256
137010
0.256706715593
137030
0.263673847854
137050
0.31552882339
137070
0.326703065814
137090
0.265158420139
137110
0.267698469066
137130
0.265329565183
137150
0.265717724116
137170
0.256233230745
137190
0.230526949179
137210
0.229521780303
137230
0.220348504577
137250
0.212368312027
137270
0.219244693024
137290
0.22223652541
137310
0.236538233902
137330
0.31708984375
137350
0.314720446654
137370
0.316987255366
137390
0.313804056187
137410
0.319688091856
137430
0.2608748619
137450
0.261640329072
137470
0.266569010417
137490
0.264010712595
137510
0.26155845565
137530
0.261731573548
137550
0.260263277304
137570
0.232248263889
137590
0.238318241004
137610
0.238492838542
137630
0.237720959596
137650
0.250173611111
137670
0.253551136364
137690
0.325462634154
137710
0.319374901357
137730
0.319163312816
137750
0.316144353693
137770
0.23863537721
137790
0.233024581755
137810
0.232235933554
137830
0.228878630051
137850
0.228241398359
137870
0.227123776831
137890
0.30166311553
137910
0.305230527936
137930
0.305328677399
137950
0.306703756313
137970
0.241056561711
137990
0.242758147885
138010
0.240144116951
138030
0.239606021149
138050
0.238930812027
138070
0.239736229482
138090
0.240023279672
138110
0.242074554135
138130
0.297304095644
138150
0.298426649306
138170
0.295521129261
138190
0.294010416667
138210
0.2934220131
138230
0.241000335385
138250
0.238501716383
138270
0.297907788826
138290
0.300231317077
138310
0.217502663352
138330
0.146918402778
138350
0.138040068655
138370
0.115209221117
138390
0.153148181029
138410
0.211171776357
138430
0.2302734375
138450
0.221997316919
138470
0.180124487058
138490
0.151123046875
138510
0.147318398832
138530
0.148439472854
138550
0.150007398201
138570
0.149789891098
138590
0.132646780303
138610
0.241282453441
138630
0.240392696496
138650
0.241527580492
138670
0.243036813447
138690
0.244103140783
138710
0.242914989741
138730
0.245403744476
138750
0.591820549242
138770
0.309885475852
138790
0.191516729798
138810
0.171086845013
138830
0.141053602431
138850
0.243994633838
138870
0.295258246528
138890
0.294408439867
138910
0.340339922664
138930
0.354385160196
138950
0.343044704861
138970
0.356809797191
138990
0.35980212279
139010
0.301902324021
139030
0.300049321338
139050
0.0809249723801
139070
0.0812421085859
139090
0.0780658143939
139110
0.0756268742109
139130
0.0771987452652
139150
0.073023693971
139170
0.0711943655303
139190
0.0693936434659
139210
0.0702054726957
139230
0.0694276751894
139250
0.0699692234848
139270
0.0701882102273
139290
0.0689098011364
139310
0.0666582820391
139330
0.0655968868371
139350
0.0658661813447
139370
0.0653996014836
139390
0.065374447601
139410
0.0646617542614
139430
0.0646637271149
139450
0.0660743173927
139470
0.0668003274937
139490
0.0666947798295
139510
0.0666326349432
139530
0.0660097064394
139550
0.0660713581124
139570
0.0691608467487
139590
0.0686577690972
139610
0.0681906960227
139630
0.0668338660038
139650
0.81858970565
139670
0.812483723958
139690
0.802788135259
139710
0.799341066919
139730
0.766526594066
139750
0.766727825126
139770
0.766828440657
139790
0.765871606692
139810
0.77906950363
139830
0.78437647964
139850
0.779110440341
139870
0.781112886679
139890
0.780890940657
139910
0.777730429293
139930
0.778128945707
139950
0.764280993529
139970
0.769834576231
139990
0.771592881944
140010
0.767225477431
140030
0.766365806503
140050
0.759229995265
140070
0.770838758681
140090
0.768784524937
140110
0.771911004577
140130
0.767113024779
140150
0.725976069287
140170
0.722326290246
140190
0.749797289299
140210
0.765503176294
140230
0.76849056976
140250
0.76211085464
140270
0.737404316604
140290
0.745359848485
140310
0.743417574179
140330
0.744289575442
140350
0.736489405777
140370
0.731723484848
140390
0.723010870423
140410
0.720186237374
140430
0.715933258365
140450
0.718886620107
140470
0.741513770518
140490
0.743010673138
140510
0.737584832702
140530
0.740321180556
140550
0.745584260574
140570
0.737105922506
140590
0.733124704072
140610
0.0566031407828
140630
0.0565109098801
140650
0.0566031407828
140670
0.0561069681187
140690
0.0565898240215
140710
0.0566381589331
140730
0.0559353298611
140750
0.0580832741477
140770
0.0590544113005
140790
0.0613902698864
140810
0.0615194917929
140830
0.0611411971275
140850
0.0600038470644
140870
0.0604719065657
140890
0.0617034603851
140910
0.821886837121
140930
0.811837614426
140950
0.808902501578
140970
0.813680752841
140990
0.778641394413
141010
0.794523851799
141030
0.784243312027
141050
0.786116536458
141070
0.781229778251
141090
0.764653369634
141110
0.750889263731
141130
0.744052833018
141150
0.763822305082
141170
0.759019886364
141190
0.764111328125
141210
0.741941879735
141230
0.738825264362
141250
0.736663510101
141270
0.73840948548
141290
0.734349846117
141310
0.731296855271
141330
0.737568063447
141350
0.745186730587
141370
0.750444878472
141390
0.750248086332
141410
0.756687480271
141430
0.761094341856
141450
0.762219854798
141470
0.751080137311
141490
0.757368114741
141510
0.732288214173
141530
0.736541193182
141550
0.733408301768
141570
0.729941998106
141590
0.730050011837
141610
0.746804963699
141630
0.746103121054
141650
0.74196160827
141670
0.750564729324
141690
0.750312697285
141710
0.745928523516
141730
0.749270044192
141750
0.756279592803
141770
0.759454900568
141790
0.759215198864
141810
0.751800228851
141830
0.755389835859
141850
0.748287563131
141870
0.73990786774
141890
0.735713581124
141910
0.748719124842
141930
0.7274764244
141950
0.731218434343
141970
0.0746069089331
141990
0.0756342724116
142010
0.0767543600063
142030
0.075072009154
142050
0.0742532749369
142070
0.074437243529
142090
0.0734478574811
142110
0.0722311000631
142130
0.0687726878157
142150
0.0689186789773
142170
0.0657517558396
142190
0.0627559777462
142210
0.058177477904
142230
0.0555254695391
142250
0.0517735953283
142270
0.0512774226641
142290
0.0541484177715
142310
0.0528137823548
142330
0.0534347380051
142350
0.0547925544508
142370
0.0552734375
142390
0.0555698587437
142410
0.103529928188
142430
0.799045138889
142450
0.939206025095
142470
0.936932804609
142490
0.78258808791
142510
0.784098307292
142530
0.771638750789
142550
0.776864346591
142570
0.763787780145
142590
0.759743430398
142610
0.760612965593
142630
0.75829930161
142650
0.756300800979
142670
0.75511018387
142690
0.735764382102
142710
0.759286714804
142730
0.757690183081
142750
0.755683791035
142770
0.749423926768
142790
0.745925071023
142810
0.740516493056
142830
0.743210917771
142850
0.745752939552
142870
0.745280934343
142890
0.748484355271
142910
0.750797526042
142930
0.745268110795
142950
0.744706833965
142970
0.75491783065
142990
0.752224392361
143010
0.759900765467
143030
0.756375769413
143050
0.752688999369
143070
0.755873678188
143090
0.770463916509
143110
0.773518880208
143130
0.77157759233
143150
0.770468848643
143170
0.777748678188
143190
0.784498303346
143210
0.781891670612
143230
0.777100102588
143250
0.775086805556
143270
0.773755129419
143290
0.761534781408
143310
0.752256451231
143330
0.748579545455
143350
0.749965475063
143370
0.751152146465
143390
0.752639184817
143410
0.753864820076
143430
0.751527975063
143450
0.749492483428
143470
0.745207445549
143490
0.76233674637
143510
0.758237649937
143530
0.76123046875
143550
0.760195213857
143570
0.756173551926
143590
0.756291923138
143610
0.755446555398
143630
0.756640131787
143650
0.759240352746
143670
0.759365135732
143690
0.771661931818
143710
0.771338877052
143730
0.77298571654
143750
0.768774167456
143770
0.777949909249
143790
0.772739603062
143810
0.776581735322
143830
0.772806186869
143850
0.777454229798
143870
0.77473613084
143890
0.789164101957
143910
0.788811454388
143930
0.788969775884
143950
0.786534288194
143970
0.793973425663
143990
0.931943951231
144010
0.93300485322
144030
0.935307173295
144050
0.932917554451
144070
0.93441149779
144090
0.932506707702
144110
0.933666252367
144130
0.932312874842
144150
0.933165147569
144170
0.933284011995
144190
0.927804904514
144210
0.925318122633
144230
0.923296934186
144250
0.921778330177
144270
0.91754162721
144290
0.920448626894
144310
0.917931265783
144330
0.919634824811
144350
0.916168521149
144370
0.919949494949
144390
0.91903852983
144410
0.914149798769
144430
0.914863971749
144450
0.910618884154
144470
0.919607698074
144490
0.924889520202
144510
0.923151929451
144530
0.925105054451
144550
0.921010396938
144570
0.924780520044
144590
0.925117384785
144610
0.926894432607
144630
0.929549893466
144650
0.92747494476
144670
0.933192274306
144690
0.929085286458
144710
0.9237654869
144730
0.92705078125
144750
0.924587180398
144770
0.922457485006
144790
0.915434619634
144810
0.921207682292
144830
0.926351897885
144850
0.92822413589
144870
0.920900903567
144890
0.907809047506
144910
0.899462397412
144930
0.896344795612
144950
0.894032118056
144970
0.884301511206
144990
0.878853969381
145010
0.872476227115
145030
0.872133937027
145050
0.85622090041
145070
0.849002722538
145090
0.848742799085
145110
0.842701921559
145130
0.842508581913
145150
0.837672131471
145170
0.830927438447
145190
0.847657236427
145210
0.84105212279
145230
0.836912089646
145250
0.840403053977
145270
0.837935014205
145290
0.844016335227
145310
0.846822719381
145330
0.843603515625
145350
0.842776889994
145370
0.848947975852
145390
0.853241891572
145410
0.860212476326
145430
0.864501459912
145450
0.872114208491
145470
0.87737432923
145490
0.871756135574
145510
0.881134588068
145530
0.88710789536
145550
0.896765999842
145570
0.907534327652
145590
0.917847419508
145610
0.920369712753
145630
0.918711529356
145650
0.91719045928
145670
0.915593434343
145690
0.920000789141
145710
0.918321890783
145730
0.928147687816
145750
0.925830571338
145770
0.917114997633
145790
0.913429707229
145810
0.921833076862
145830
0.903796263415
145850
0.914127110953
145870
0.908600654987
145890
0.901210838857
145910
0.906728416982
145930
0.920030381944
145950
0.924044645676
145970
0.934287208018
145990
0.93802477904
146010
0.954620916193
146030
0.958880306976
146050
0.960359453914
146070
0.976341047191
146090
0.976239938447
146110
0.993749506787
146130
1.0
146150
1.0
