175617
0.111475595802
175637
0.0891576901831
175657
0.0894047900884
175677
0.0894368489583
175697
0.155837180398
175717
0.0804869988952
175737
0.0982629024621
175757
0.0933603614268
175777
0.0974096433081
175797
0.0986239346591
175817
0.0986204821654
175837
0.0796751696654
175857
0.0815592447917
175877
0.0572383996212
175897
0.263733526673
175917
0.200700856218
175937
0.260525173611
175957
0.12610479798
175977
0.0876459911616
175997
0.372600023674
176017
0.437815163352
176037
0.365967290088
176057
0.333750098643
176077
0.39020231613
176097
0.381321515941
176117
0.358433948864
176137
0.384685724432
176157
0.370505346433
176177
0.31546026673
176197
0.257113123422
176217
0.253014520202
176237
0.22428286774
176257
0.169802024148
176277
0.222096452809
176297
0.324064867424
176317
0.293411162405
176337
0.248792120423
176357
0.302271740846
176377
0.209513592961
176397
0.199672506313
176417
0.210647983744
176437
0.0492162839331
176457
0.268894511521
176477
0.26969746291
176497
0.364202572601
176517
0.259009528883
176537
0.25468602036
176557
0.116576901831
176577
0.15918116714
176597
0.156651475694
176617
0.25985884233
176637
0.26302477904
176657
0.268299202967
176677
0.252769886364
176697
0.266058041351
176717
0.264529079861
176737
0.260776219223
176757
0.228980725221
176777
0.233279573074
176797
0.217279237689
176817
0.265432153567
176837
0.252216007734
176857
0.250928720802
176877
0.22756816209
176897
0.226416015625
176917
0.3076798256
176937
0.294942589962
176957
0.289766315499
176977
0.292768505366
176997
0.296993864426
177017
0.198982500789
177037
0.201198508523
177057
0.292762093592
177077
0.304203164457
177097
0.309365135732
177117
0.296191899463
177137
0.371526298138
177157
0.391878255208
177177
0.457518544823
177197
0.46087042298
177217
0.390942629419
177237
0.389759410511
177257
0.408053188131
177277
0.235576467803
177297
0.158797940341
177317
0.452095170455
177337
0.45719598327
177357
0.441587259312
177377
0.171471551452
177397
0.170393880208
177417
0.164043757891
177437
0.185670178346
177457
0.179931147412
177477
0.418083668718
177497
0.439834378946
177517
0.449349451547
177537
0.452319582544
177557
0.449944266888
177577
0.463181620896
177597
0.156124230587
177617
0.154814749053
177637
0.161220111269
177657
0.175898141572
177677
0.200626874211
177697
0.193710542929
177717
0.485568083176
177737
0.447997553662
177757
0.624533420139
177777
0.308221867109
177797
0.404346689552
177817
0.385881273674
177837
0.359090415878
177857
0.0528049045139
177877
0.0659135298295
177897
0.0703706991793
177917
0.0788100733902
177937
0.0880237926136
177957
0.0936952533144
177977
0.0740988991477
177997
0.0690276791351
178017
0.076044625947
178037
0.0669581557765
178057
0.0460799400253
178077
0.0900760535038
178097
0.105326211332
178117
0.142929292929
178137
0.0836139717487
178157
0.0925796046402
178177
0.0968488596907
178197
0.124753393308
178217
0.166310566604
178237
0.173154395518
178257
0.164572482639
178277
0.157643821023
178297
0.131110913826
178317
0.136391256313
178337
0.122929983428
178357
0.0730320785985
178377
0.0785511363636
178397
0.0803804648043
178417
0.0798058712121
178437
0.0798995817551
178457
0.0657630997475
178477
0.0510224313447
178497
0.0417362097538
178517
0.0419709793245
178537
0.0448296440972
178557
0.0480513139205
178577
1.0
178597
1.0
178617
1.0
178637
0.992361111111
178657
0.984269945549
178677
0.983358487216
178697
0.983082287721
178717
0.983228278883
178737
0.982183652936
178757
0.973482382418
178777
0.968709556503
178797
0.969378353851
178817
0.967350260417
178837
0.965607244318
178857
0.9583984375
178877
0.951441169508
178897
0.944952947443
178917
0.942269373422
178937
0.941707110164
178957
0.940406506471
178977
0.937511343908
178997
0.939990234375
179017
0.939745600537
179037
0.940699475221
179057
0.940947561553
179077
0.939042278251
179097
0.94030145202
179117
0.938729087753
179137
0.940474076705
179157
0.940836588542
179177
0.94540867661
179197
0.941089113794
179217
0.935222833807
179237
0.933173532197
179257
0.933711627999
179277
0.915144610164
179297
0.903787385574
179317
0.887018623737
179337
0.870327296402
179357
0.857186612216
179377
0.838582110164
179397
0.828360755997
179417
0.806431502525
179437
0.808455157039
179457
0.812087673611
179477
0.81483931108
179497
0.803451014047
179517
0.816517223011
179537
0.828242877999
179557
0.844319168245
179577
0.864481238163
179597
0.88108822601
179617
0.90588847459
179637
0.93095407197
179657
0.955820904356
179677
0.968139401831
179697
0.97529592803
179717
0.987995186237
179737
0.992453835227
179757
0.992147056503
179777
0.991872829861
179797
0.992596867109
179817
0.995417061237
179837
0.995922111742
179857
0.991753965436
179877
0.991771721117
179897
0.991740648674
179917
0.991756924716
179937
0.985836391256
179957
0.979807350852
179977
0.97812204072
179997
0.978534367109
180017
0.973975102588
180037
0.965475556345
180057
0.957151594066
180077
0.952895655777
180097
0.951979265309
180117
0.945705591067
180137
0.937679036458
180157
0.938032670455
180177
0.939477785669
180197
0.939466934975
180217
0.940860755997
180237
0.936353772096
180257
0.9384765625
180277
0.942017341383
180297
0.936496310764
180317
0.92796174637
180337
0.923285097064
180357
0.917280224116
180377
0.920400291982
180397
0.910802852746
180417
0.908816682449
180437
0.908023102115
180457
0.91110371291
180477
0.920520636048
180497
0.917962338226
180517
0.927221926294
180537
0.92916715988
180557
0.929542002052
180577
0.933588817866
180597
0.938965830177
180617
0.946952434501
180637
0.941225240688
180657
0.940706380208
180677
0.935836391256
180697
0.932842586016
180717
0.931615471117
180737
0.930371586963
180757
0.917098228378
180777
0.91135722459
180797
0.919262941919
180817
0.912160669192
180837
0.920388948074
180857
0.923993844697
180877
0.920420020518
180897
0.920264658302
180917
0.925399009628
180937
0.920128531408
180957
0.919180082071
180977
0.920996586963
180997
0.922040719697
181017
0.931807331124
181037
0.928356317077
181057
0.925770399306
181077
0.927537089646
181097
0.928415502683
181117
0.927975556345
181137
0.928757299558
181157
0.925889756944
181177
0.926485558712
181197
0.917676274463
181217
0.909614701705
181237
0.906556778725
181257
0.906905973801
181277
0.906496606692
181297
0.908067984533
181317
0.903148181029
181337
0.903770616319
181357
0.906787602588
181377
0.91152491714
181397
0.920349491004
181417
0.915518959122
181437
0.918297723327
181457
0.91070568971
181477
0.916336706913
181497
0.918253827336
181517
0.916220801768
181537
0.9172501381
181557
0.915685665246
181577
0.921644176136
181597
0.916909327652
181617
0.925164240057
181637
0.920873776831
181657
0.912054628314
181677
0.917227943497
181697
0.917690084438
181717
0.921558357008
181737
0.919908558239
181757
0.922461923927
181777
0.918737669665
181797
0.917641749527
181817
0.91940153488
181837
0.917329052241
181857
0.920067372948
181877
0.912648457229
181897
0.911904198232
181917
0.91402896149
181937
0.917483921244
181957
0.919869101168
181977
0.920033834438
181997
0.926879142992
182017
0.921339370265
182037
0.918226207386
182057
0.922284860322
182077
0.921643682923
182097
0.917663944129
182117
0.920815577652
182137
0.91754310685
182157
0.91405954072
182177
0.917717211174
182197
0.924780026831
182217
0.926052517361
182237
0.920725812816
182257
0.926183712121
182277
0.924531940499
182297
0.924403211806
182317
0.922924558081
182337
0.918283913352
182357
0.918632122001
182377
0.916120186237
182397
0.916735223327
182417
0.913460779672
182437
0.915937697285
182457
0.92141581834
182477
0.928143248895
182497
0.928717349274
182517
0.932487965593
182537
0.93467240767
182557
0.936012961648
182577
0.93173680161
182597
0.934473642677
182617
0.931896602746
182637
0.922346511995
182657
0.921636777936
182677
0.927383700284
182697
0.929178997001
182717
0.929771839489
182737
0.928528448548
182757
0.928604896622
182777
0.930561474116
182797
0.930210306187
182817
0.935985341698
182837
0.935945391414
182857
0.933668718434
182877
0.929637192235
182897
0.931300800979
182917
0.930645813605
182937
0.931665778883
182957
0.932094874527
182977
0.929236702967
182997
0.924448094223
183017
0.926242404514
183037
0.922337140941
183057
0.925123303346
183077
0.92178030303
183097
0.920422486585
183117
0.917031644571
183137
0.916615865688
183157
0.915778389362
183177
0.910932567866
183197
0.9151017006
183217
0.90478071733
183237
0.910325915404
183257
0.909166370739
183277
0.899011107165
183297
0.902927714646
183317
0.890781841856
183337
0.888098267835
183357
0.880964429451
183377
0.888033163668
183397
0.884684244792
183417
0.884693615846
183437
0.893622750947
183457
0.885434915562
183477
0.882621133207
183497
0.886775962753
183517
0.87002101089
183537
0.873934165878
183557
0.863412937973
183577
0.848160807292
183597
0.834125927241
183617
0.831683534564
183637
0.823206676136
183657
0.823985953283
183677
0.845020024463
183697
0.833877840909
183717
0.836882496843
183737
0.843576882102
183757
0.85286852904
183777
0.859033203125
183797
0.863933278093
183817
0.876218237058
183837
0.882383897569
183857
0.896980054451
183877
0.907813486427
183897
0.916134982639
183917
0.925285570549
183937
0.933226306029
183957
0.932865767045
183977
0.933898555871
183997
0.924734157986
184017
0.919927793561
184037
0.917779356061
184057
0.923974116162
184077
0.925919349747
184097
0.921262922191
184117
0.916179371843
184137
0.909835661301
184157
0.91028596512
184177
0.899152659407
184197
0.900073982008
184217
0.890263967803
184237
0.882072186711
184257
0.893494515467
184277
0.911300505051
184297
0.917753215751
184317
0.925257457386
184337
0.944261462279
184357
0.944408933081
184377
0.95062243529
184397
0.948050327494
184417
0.952866556187
184437
0.949313940183
184457
0.946688565341
184477
0.943998579545
184497
0.935820115215
184517
0.928338561395
184537
0.926512192235
184557
0.914665699968
184577
0.910150824653
184597
0.904320549242
184617
0.905465297506
184637
0.909551077178
184657
0.913671875
184677
0.918870344066
184697
0.939004300821
184717
0.934165384312
184737
0.945537405303
184757
0.950477430556
184777
0.946933692393
184797
0.942754202178
184817
0.934031723485
184837
0.928288746843
184857
0.919222005208
184877
0.92532650726
184897
0.915142144097
184917
0.909722715436
184937
0.90843493529
184957
0.912292850379
184977
0.921973642677
184997
0.94111180161
185017
0.94755415483
185037
0.95614938447
185057
0.969927793561
185077
0.980842605745
185097
1.0
185117
1.0
185137
1.0
185157
1.0
185177
1.0
185197
1.0
