141010
0.0511891084559
141030
0.0565878608388
141050
0.0642046228214
141070
0.0653771360975
141090
0.0622740502451
141110
0.0523739617375
141130
0.0525650190632
141150
0.05813525497
141170
0.0608460137527
141190
0.0574993191721
141210
0.0556766152642
141230
0.0579788773148
141250
0.066002221201
141270
0.0674857877179
141290
0.106381059368
141310
0.321137365536
141330
1.0
141350
1.0
141370
1.0
141390
1.0
141410
1.0
141430
1.0
141450
1.0
141470
1.0
141490
1.0
141510
1.0
141530
1.0
141550
1.0
141570
1.0
141590
1.0
141610
1.0
141630
0.0624110668573
141650
0.0627406301062
141670
0.0636312380855
141690
0.063697193287
141710
0.0666183704385
141730
0.0652588422522
141750
0.0653675619553
141770
0.0636799598312
141790
0.0644714222495
141810
0.0647686461737
141830
0.0674638735703
141850
0.0704999404276
141870
0.0707586550245
141890
0.0715305436411
141910
0.071275658701
141930
0.0556308721405
141950
0.055933202274
141970
0.0555623638344
141990
0.0561665985839
142010
0.0549230238971
142030
0.0504876429739
142050
0.0498514944172
142070
0.0508282696759
142090
0.0670709082244
142110
0.0706946146514
142130
0.0702090992647
142150
0.0509582652505
142170
0.046655858524
142190
0.0435827716503
142210
0.0435514961193
142230
0.0433566091367
142250
0.0657515914352
142270
0.0981270850354
142290
0.124729158156
142310
0.127240774782
142330
0.128255846609
142350
0.132006144472
142370
0.132149331087
142390
0.132531871255
142410
0.0472413705065
142430
0.0477560338371
142450
0.0477307155501
142470
0.0473103043301
142490
0.0477590124592
142510
0.139019097222
142530
0.139523760893
142550
0.138816338167
142570
0.0534526484205
142590
0.0532952069717
142610
0.0534581801471
142630
0.0536488119553
142650
0.0528937312772
142670
0.0527930964052
142690
0.0525820397603
142710
0.0539264620779
142730
0.053025854439
142750
0.0531013837827
142770
0.0539253982843
142790
0.0537800840822
142810
0.0533664811411
142830
0.0533624387255
142850
0.0528328822849
142870
0.0526820363562
142890
0.0537564678649
142910
0.05431176811
142930
0.0550821674156
142950
0.0554072627315
142970
0.0552502468001
142990
0.0555030041531
143010
0.0558021429058
143030
0.0552434385212
143050
0.0551498246868
143070
0.0553510944308
143090
0.0546940955202
143110
0.0564889280365
143130
0.0560261778322
143150
0.0563606345316
143170
0.0574450656999
143190
0.0598486008987
143210
0.0673317504085
143230
0.0972269029139
143250
0.100994221473
143270
0.119659330746
143290
0.0837328941993
143310
0.0826088899101
143330
0.084160326457
143350
0.0827727141204
143370
0.0637069801879
143390
0.0792128353077
143410
0.101638029344
143430
0.074329810049
143450
0.0573229421977
143470
0.0448937908497
143490
0.0551938657407
143510
0.0627774373638
143530
0.0627593528731
143550
0.0648277930964
143570
0.0667330473856
143590
0.0680374710648
143610
0.0703503710512
143630
0.0705344073393
143650
0.0715184163943
143670
0.0718160658361
143690
0.0742902369281
143710
0.0763905909586
143730
0.0789485889842
143750
0.0796440972222
143770
0.0846356294254
143790
0.070984179262
143810
0.0610817504085
143830
0.0954467507489
143850
0.10008446521
143870
0.110621553309
143890
0.0817838116149
143910
0.0564440359477
143930
0.0582852498638
143950
0.0540828397331
143970
0.0542332601443
143990
0.054613672726
144010
0.0539643331291
144030
0.0554440699891
144050
0.0545821844363
144070
0.0547136693219
144090
0.0543941057326
144110
0.0531015965414
144130
0.0665364583333
144150
0.0658752042484
144170
0.0666717728758
144190
0.0652813946759
144210
0.0636865553513
144230
0.0639920768655
144250
0.0628299887663
144270
0.0627489276961
144290
0.0622072440087
144310
0.0605724060458
144330
0.0606945295479
144350
0.0611604711329
144370
0.0616757727397
144390
0.0627155245779
144410
0.06168896378
144430
0.0630376412718
144450
0.0626046772876
144470
0.0626423355801
144490
0.0633244400191
144510
0.0634018841912
144530
0.0642193031727
144550
0.0645824822985
144570
0.0639816516885
144590
0.0632067844499
144610
0.064454614311
144630
0.0635318797658
144650
0.0638165509259
144670
0.0627572252859
144690
0.0631516799428
144710
0.0640735634532
144730
0.0663611451525
144750
0.0651505480664
144770
0.0655928734341
144790
0.0645841843682
144810
0.0654739413126
144830
0.0655762782544
144850
0.121205661084
144870
0.126764833538
144890
0.10765697338
144910
0.0880301947168
144930
0.0956514246324
144950
0.0901673560049
144970
0.085821972018
144990
0.0960167313453
145010
0.118805530025
145030
0.123958546092
145050
0.103777743736
145070
0.0776094856345
145090
0.0710590703295
145110
0.073313036152
145130
0.0769701456972
145150
0.076053368396
145170
0.0757655058551
145190
0.0762671909041
145210
0.0770337605528
145230
0.0766614328023
145250
0.0757733779276
145270
0.0763929313045
145290
0.0768063214869
145310
0.0774148114107
145330
0.0770943967865
145350
0.0758969907407
145370
0.0761544287854
145390
0.0770129101988
145410
0.0783962673611
145430
0.0758450776144
145450
0.0762780415986
145470
0.0776220383987
145490
0.0768690853077
145510
0.0765495217184
145530
0.0774288534858
145550
0.0758980545343
145570
0.076658666939
145590
0.0878695618873
145610
0.164855877247
145630
1.0
145650
1.0
145670
1.0
145690
0.992073886846
145710
0.991034773284
145730
0.991704963235
145750
0.991701771855
145770
0.991701771855
145790
0.991701771855
145810
0.992523871528
145830
1.0
145850
1.0
145870
1.0
145890
1.0
145910
1.0
145930
0.997307751225
145950
0.997337750204
145970
0.996160768995
145990
0.990515216503
146010
0.988039343342
146030
0.987984451593
146050
0.985560278799
146070
0.980169398489
146090
0.973236443015
146110
0.966885595384
146130
0.973267718546
146150
0.969610396242
146170
0.962600209355
146190
0.966737515319
146210
0.969978681577
146230
0.974595971201
146250
0.974969788263
146270
0.97144458912
146290
0.976812065972
146310
0.983588643791
146330
0.981198299632
146350
0.983668428309
146370
0.983085043913
146390
0.987526169322
146410
0.990703507966
146430
0.986747472426
146450
0.978057981005
146470
0.972853477328
146490
0.962868923611
146510
0.957583997141
146530
0.947059674564
146550
0.937654462827
146570
0.934069904003
146590
0.927464384191
146610
0.928965184164
146630
0.920225268927
146650
0.922023080065
146670
0.920087188521
146690
0.919587418301
146710
0.909710733252
146730
0.911475354031
146750
0.912467447917
146770
0.916104558143
146790
0.915666700708
146810
0.914616310934
146830
0.918157679739
146850
0.928255421092
146870
0.929042202819
146890
0.931397654548
146910
0.935421772876
146930
0.937108098448
146950
0.941409228622
146970
0.942592805351
146990
0.946842022399
147010
0.946907764842
147030
0.946943082789
147050
0.946272680079
147070
0.945584405637
147090
0.9463586346
147110
0.947208180147
147130
0.946181193832
147150
0.94197240094
147170
0.937492340686
147190
0.935218801062
147210
0.930627042484
147230
0.93551049326
147250
0.93063916973
147270
0.937351919935
147290
0.946515650531
147310
0.950010850694
147330
0.954782603145
147350
0.95887012357
147370
0.960646446078
147390
0.952669909109
147410
0.947841988358
147430
0.946430759804
147450
0.950756995507
147470
0.95118017259
147490
0.955125357435
147510
0.951850362541
147530
0.964982894199
147550
0.966692835989
147570
0.964874812772
147590
0.961296849469
147610
0.951650582108
147630
0.948402394812
147650
0.947154564951
147670
0.9461633221
147690
0.939222707312
147710
0.937409364788
147730
0.94099073223
147750
0.949509165645
147770
0.957682291667
147790
0.956532756332
147810
0.956533394608
147830
0.961525777846
147850
0.961512799564
147870
0.964535675381
147890
0.964608864379
147910
0.963931653391
147930
0.96037964665
147950
0.957022314134
147970
0.956460631127
147990
0.957066355188
148010
0.952301411016
148030
0.951950571895
148050
0.954377085035
148070
0.957813351035
148090
0.960134974129
148110
0.963128702002
148130
0.96677198223
148150
0.969769327002
148170
0.968409798815
148190
0.963976332721
148210
0.967491319444
148230
0.962813393587
148250
0.961404079861
148270
0.957970154208
148290
0.958166104984
148310
0.959805198121
148330
0.960232843137
148350
0.967894071691
148370
0.972997089461
148390
0.973459201389
148410
0.970500153186
148430
0.968756382761
148450
0.9643835529
148470
0.968820210376
148490
0.963389756944
148510
0.963908037173
148530
0.969634650735
148550
0.963483583538
148570
0.97154564951
148590
0.976165492239
148610
0.969752093546
148630
0.975009574142
148650
0.969961448121
148670
0.961274509804
148690
0.960828142021
148710
0.96290381604
148730
0.957199542143
148750
0.955028339461
148770
0.954938980801
148790
0.955986391953
148810
0.96408228656
148830
0.974305555556
148850
0.968438521242
148870
0.970911841299
148890
0.978107128268
148910
0.966543479371
148930
0.951127833946
148950
0.952500127655
148970
0.94287939134
148990
0.936739813113
149010
0.9373046875
149030
0.930027062908
149050
0.938252953091
149070
0.947704758987
149090
0.940101613562
149110
0.947552210989
149130
0.954738562092
149150
0.968507455065
149170
0.96591796875
149190
0.95938329759
149210
0.950387433619
149230
0.953251378676
149250
0.9395458878
149270
0.929979404956
149290
0.923753021174
149310
0.926607817606
149330
0.935701337827
149350
0.936697686887
149370
0.93234911152
149390
0.933879059436
149410
0.939091860703
149430
0.94467358558
149450
0.942494510825
149470
0.942670675041
149490
0.941642624932
149510
0.954239430147
149530
0.949429168369
149550
0.9556872532
149570
0.954146667347
149590
0.944211260893
149610
0.952585231141
149630
0.963481030433
149650
0.953850719975
149670
0.964402701185
149690
0.968045343137
149710
0.943118319376
149730
0.930853417756
149750
0.928861783429
149770
0.912236391953
149790
0.915005659382
149810
0.911148769404
149830
0.895512280433
149850
0.918726383783
149870
0.933814593546
149890
0.930100890182
149910
0.941976443355
149930
0.950824652778
149950
0.93790551811
149970
0.937266390931
149990
0.923135169867
150010
0.912851477397
150030
0.917040696487
150050
0.916195618873
150070
0.905279820261
150090
0.919489549292
150110
0.940636488971
150130
0.946648411969
150150
0.960034764774
150170
0.944776348039
150190
0.943498519199
150210
0.938724426403
150230
0.948520050381
150250
0.944298279208
150270
0.944261897467
150290
0.957933772467
150310
1.0
150330
1.0
150350
1.0
150370
1.0
150390
1.0
150410
1.0
150430
1.0
150450
1.0
150470
1.0
150490
1.0
150510
1.0
150530
1.0
150550
1.0
150570
1.0
150590
1.0
