162153
0.130466579861
162173
0.122777054398
162193
0.130542896412
162213
0.134559823495
162233
0.169541015625
162253
0.17283166956
162273
0.184314597801
162293
0.178258825231
162313
0.053447265625
162333
0.0744014033565
162353
0.0771270978009
162373
0.0729314959491
162393
0.0618482349537
162413
0.0697077546296
162433
0.153057725694
162453
0.150899522569
162473
0.146374059606
162493
0.145088252315
162513
0.140068359375
162533
0.129008608218
162553
0.143695384838
162573
0.13314453125
162593
0.129614438657
162613
0.142778862847
162633
0.141770833333
162653
0.143342013889
162673
0.14263599537
162693
0.064306640625
162713
0.0655562789352
162733
0.0666051793981
162753
0.0571831597222
162773
0.0520196759259
162793
0.0608474392361
162813
0.0611964699074
162833
0.0777369068287
162853
0.0780562789352
162873
0.0788982928241
162893
0.0590299479167
162913
0.0623744936343
162933
0.0612745949074
162953
0.0577293113426
162973
0.0629246238426
162993
0.056724537037
163013
0.097484447338
163033
0.0989539930556
163053
0.0990599681713
163073
0.0993699363426
163093
0.097822265625
163113
0.0985105613426
163133
0.0622956452546
163153
0.0620554832176
163173
0.0566974103009
163193
0.0545428240741
163213
0.0966684751157
163233
0.0958930121528
163253
0.0968315972222
163273
0.0965418836806
163293
0.0920988859954
163313
0.0877560763889
163333
0.0903175636574
163353
0.0541438802083
163373
0.0635199652778
163393
0.0627177372685
163413
0.063373119213
163433
0.0615726273148
163453
0.0636223234954
163473
0.0511121961806
163493
0.0529361979167
163513
0.0595240162037
163533
0.199889322917
163553
0.200908203125
163573
0.193016854745
163593
0.179441912616
163613
0.180792462384
163633
0.203716724537
163653
0.185035807292
163673
0.0651772280093
163693
0.065693359375
163713
0.0730725549769
163733
0.0722898582176
163753
0.0717296006944
163773
0.0719187644676
163793
0.118493561921
163813
0.1247265625
163833
0.125805483218
163853
0.130774377894
163873
0.143928313079
163893
0.136273871528
163913
0.113406032986
163933
0.12511754919
163953
0.141142216435
163973
0.130687934028
163993
0.137359302662
164013
0.142053313079
164033
0.135943287037
164053
0.132845413773
164073
0.143896484375
164093
0.146173321759
164113
0.100504557292
164133
0.0897638165509
164153
0.0910828993056
164173
0.0917646846065
164193
0.0891131365741
164213
0.0846440972222
164233
0.0876215277778
164253
0.081615306713
164273
0.078070384838
164293
0.0773596643519
164313
0.0823484519676
164333
0.126877893519
164353
0.122940176505
164373
0.122136501736
164393
0.122543402778
164413
0.119650607639
164433
0.144348958333
164453
0.139952256944
164473
0.130749782986
164493
0.133509114583
164513
0.134148582176
164533
0.134340277778
164553
0.136137876157
164573
0.13460901331
164593
0.131403356481
164613
0.0886848958333
164633
0.0876236979167
164653
0.0887760416667
164673
0.0897826244213
164693
0.0902119502315
164713
0.132276837384
164733
0.121513671875
164753
0.127761140046
164773
0.132883029514
164793
0.132413194444
164813
0.140015190972
164833
0.0421527777778
164853
0.0423509837963
164873
0.0434096498843
164893
0.0436494502315
164913
0.0449171730324
164933
0.0469675925926
164953
0.0498108362269
164973
0.0511642795139
164993
0.0507244646991
165013
0.0499967447917
165033
0.0495688657407
165053
0.0507703993056
165073
0.0485141782407
165093
0.0503381799769
165113
0.0518279803241
165133
0.0520930989583
165153
0.0510420283565
165173
0.0516630497685
165193
0.0495048466435
165213
0.0846987123843
165233
0.0440552662037
165253
0.0439225260417
165273
0.0439684606481
165293
0.0443648726852
165313
0.0399341724537
165333
0.0438491030093
165353
0.0451649305556
165373
0.0459859664352
165393
0.0447938368056
165413
0.0642650462963
165433
0.0559497974537
165453
0.0558738425926
165473
0.055791015625
165493
0.057744140625
165513
0.0887944878472
165533
0.0847547743056
165553
0.0881318721065
165573
0.0928949652778
165593
0.102337962963
165613
0.0936461950231
165633
0.0911266637731
165653
0.0927882667824
165673
0.103024088542
165693
0.15945240162
165713
0.196469184028
165733
0.265299840856
165753
0.329695095486
165773
0.330316840278
165793
0.230087528935
165813
0.206044560185
165833
0.178798466435
165853
0.178721788194
165873
0.166939380787
165893
0.150369646991
165913
0.123582899306
165933
0.123699001736
165953
0.127912326389
165973
0.157994068287
165993
0.171136791088
166013
0.205060402199
166033
0.262303602431
166053
0.303474392361
166073
0.242644314236
166093
0.201302806713
166113
0.187388961227
166133
0.186390697338
166153
0.198929759838
166173
0.201282913773
166193
0.201056134259
166213
0.181673177083
166233
0.187648292824
166253
0.185907118056
166273
0.192380280671
166293
0.189236834491
166313
0.19228515625
166333
0.19380895544
166353
0.193310185185
166373
0.16252025463
166393
0.341860894097
166413
0.729642288773
166433
0.96228515625
166453
0.967314453125
166473
0.970206886574
166493
0.970534577546
166513
0.971409143519
166533
0.961207682292
166553
0.968740596065
166573
0.985955946181
166593
0.992182074653
166613
0.992319878472
166633
0.991772641782
166653
0.992345196759
166673
0.992271412037
166693
0.978780020255
166713
0.976242042824
166733
0.972301432292
166753
0.963677662037
166773
0.950797887731
166793
0.940443793403
166813
0.928480902778
166833
0.917696397569
166853
0.903962673611
166873
0.894286024306
166893
0.881574074074
166913
0.880596788194
166933
0.858880931713
166953
0.86464916088
166973
0.865308521412
166993
0.864367766204
167013
0.852194010417
167033
0.857318793403
167053
0.858892505787
167073
0.865583767361
167093
0.863801721644
167113
0.861392144097
167133
0.860049189815
167153
0.868220124421
167173
0.862328197338
167193
0.869094690394
167213
0.86427734375
167233
0.869202835648
167253
0.872854094329
167273
0.873342375579
167293
0.880345775463
167313
0.890084997106
167333
0.893589048032
167353
0.89593677662
167373
0.898104021991
167393
0.897963324653
167413
0.899421296296
167433
0.900302734375
167453
0.896427228009
167473
0.894557291667
167493
0.891312572338
167513
0.877796585648
167533
0.884607928241
167553
0.87861400463
167573
0.867926432292
167593
0.863127893519
167613
0.860315755208
167633
0.859463614005
167653
0.860692635995
167673
0.859542100694
167693
0.855978370949
167713
0.846813874421
167733
0.857576678241
167753
0.856186704282
167773
0.862252604167
167793
0.868858868634
167813
0.877496383102
167833
0.873796657986
167853
0.875107421875
167873
0.875024594907
167893
0.877464916088
167913
0.883246889468
167933
0.882034505208
167953
0.877804542824
167973
0.879598162616
167993
0.874253110532
168013
0.869968532986
168033
0.861637369792
168053
0.869719690394
168073
0.866036603009
168093
0.875533854167
168113
0.8711328125
168133
0.870199652778
168153
0.860289713542
168173
0.862494936343
168193
0.862301432292
168213
0.857525679977
168233
0.866612774884
168253
0.86261791088
168273
0.865324797454
168293
0.863679470486
168313
0.852048249421
168333
0.848487413194
168353
0.850294053819
168373
0.8420703125
168393
0.833306929977
168413
0.847169777199
168433
0.838708043981
168453
0.832116608796
168473
0.830498046875
168493
0.830287181713
168513
0.835461154514
168533
0.84333948206
168553
0.845265480324
168573
0.85005823206
168593
0.853111979167
168613
0.85027271412
168633
0.855304904514
168653
0.862990813079
168673
0.864271556713
168693
0.87609302662
168713
0.882575593171
168733
0.87763744213
168753
0.882307219329
168773
0.894291811343
168793
0.895920862269
168813
0.904730541088
168833
0.908016854745
168853
0.91306640625
168873
0.909813006366
168893
0.91622974537
168913
0.917292390046
168933
0.90466833044
168953
0.899279152199
168973
0.895014467593
168993
0.894904875579
169013
0.886144024884
169033
0.884363064236
169053
0.880227141204
169073
0.871599030671
169093
0.874848451968
169113
0.863581814236
169133
0.865203993056
169153
0.877569082755
169173
0.892077907986
169193
0.882092375579
169213
0.887135778356
169233
0.88730432581
169253
0.887153862847
169273
0.900872034144
169293
0.905776186343
169313
0.896157769097
169333
0.907298900463
169353
0.893918909144
169373
0.892808521412
169393
0.89914026331
169413
0.901496310764
169433
0.899360894097
169453
0.900245225694
169473
0.898841145833
169493
0.893075448495
169513
0.888904803241
169533
0.895887586806
169553
0.88937463831
169573
0.892896773727
169593
0.893118127894
169613
0.888054470486
169633
0.889540292245
169653
0.886551287616
169673
0.894694372106
169693
0.902790436921
169713
0.895685763889
169733
0.902728587963
169753
0.90388599537
169773
0.90941478588
169793
0.914223451968
169813
0.910767867477
169833
0.90527416088
169853
0.914353298611
169873
0.905302010995
169893
0.893394458912
169913
0.888995949074
169933
0.896986038773
169953
0.888893952546
169973
0.893624131944
169993
0.898406756366
170013
0.888853081597
170033
0.889146773727
170053
0.880007957176
170073
0.877444661458
170093
0.880638744213
170113
0.885972583912
170133
0.879050925926
170153
0.879504846644
170173
0.883258825231
170193
0.883510199653
170213
0.886775535301
170233
0.901571180556
170253
0.910724464699
170273
0.92378942419
170293
0.94050708912
170313
0.952072844329
170333
0.963459201389
170353
0.964406105324
170373
0.972377748843
170393
0.984012586806
170413
0.988665726273
170433
0.989292173032
170453
0.989123625579
170473
0.98888744213
170493
0.988764467593
170513
0.981329571759
170533
0.976862702546
170553
0.972178819444
170573
0.969253833912
170593
0.956708984375
170613
0.940655743634
170633
0.920930989583
170653
0.904846643519
170673
0.89322193287
170693
0.877345196759
170713
0.860564959491
170733
0.848466073495
170753
0.840080295139
170773
0.834244791667
170793
0.831047092014
170813
0.834484953704
170833
0.845650318287
170853
0.836856915509
170873
0.858989800347
170893
0.860765697338
170913
0.865107060185
170933
0.861140407986
170953
0.873353587963
170973
0.88298828125
170993
0.886966869213
171013
0.89207103588
171033
0.885618851273
171053
0.891782769097
171073
0.911186704282
171093
0.901202980324
171113
0.898963396991
171133
0.904682798032
171153
0.905030020255
171173
0.898921440972
171193
0.885197120949
171213
0.867998046875
171233
0.854812282986
171253
0.850232204861
171273
0.840289713542
171293
0.834339554398
171313
0.851649667245
171333
0.852974175347
171353
0.857847583912
171373
0.873548900463
171393
0.894576099537
171413
0.908661747685
171433
0.931820023148
171453
0.948351056134
171473
0.94837818287
171493
0.96433629919
171513
0.971587456597
171533
0.962599464699
171553
0.973025173611
171573
0.973108362269
171593
0.974249131944
171613
0.973130425347
171633
0.973502242477
171653
0.973343098958
171673
0.973909866898
171693
0.999787688079
171713
1.0
171733
1.0
