164681
0.0694785922181
164701
0.0795683019301
164721
0.141180300245
164741
0.0753820082721
164761
0.0694560929841
164781
0.0779536228554
164801
0.139705882353
164821
0.141519224877
164841
0.0765888288909
164861
0.0688136680453
164881
0.25402544807
164901
0.135379327512
164921
0.141054878983
164941
0.188930376838
164961
0.148991842831
164981
0.593939568015
165001
0.513439702053
165021
0.181088196998
165041
0.173859240962
165061
0.239801623775
165081
0.0571877872243
165101
0.294890759038
165121
0.321248851103
165141
0.332889571844
165161
0.171038698683
165181
0.274415977328
165201
0.159761795343
165221
0.0501177619485
165241
0.0539603439032
165261
0.609236174939
165281
0.635190716912
165301
0.241569010417
165321
0.231981464461
165341
0.17310814951
165361
0.387181181066
165381
0.139510091146
165401
0.136030369179
165421
0.0939711626838
165441
0.132838828891
165461
0.198749138327
165481
0.195132506127
165501
0.196647135417
165521
0.209228994332
165541
0.32261316636
165561
0.315483781403
165581
0.134400371477
165601
0.143572399663
165621
0.165651328891
165641
0.157150926777
165661
0.223552868413
165681
0.192661898744
165701
0.185070082721
165721
0.176633348652
165741
0.563334865196
165761
0.581363453585
165781
0.525382486979
165801
0.537907379749
165821
0.470065008425
165841
0.659077244179
165861
0.586897786458
165881
0.99216595818
165901
0.992206169577
165921
0.996000402114
165941
1.0
165961
1.0
165981
0.998789349724
166001
0.996523150276
166021
0.993010397518
166041
0.989107019761
166061
0.989038085937
166081
0.988946174173
166101
0.988982077206
166121
0.989108934589
166141
0.988966279871
166161
0.985019818474
166181
0.984446327359
166201
0.984719669118
166221
0.981949391085
166241
0.981158088235
166261
0.982897231158
166281
0.985657456342
166301
0.987938017004
166321
0.986046645221
166341
0.986368336397
166361
0.986004997702
166381
0.982368738511
166401
0.980549172794
166421
0.9849609375
166441
0.985127527574
166461
0.983849379596
166481
0.983184455423
166501
0.983089671415
166521
0.973809455423
166541
0.966931870404
166561
0.964378446691
166581
0.960116038603
166601
0.953170955882
166621
0.94802533318
166641
0.941034294577
166661
0.934393669577
166681
0.92815803079
166701
0.931425206801
166721
0.92722455193
166741
0.927869370404
166761
0.928127872243
166781
0.933374023437
166801
0.933791934743
166821
0.930102539062
166841
0.930411305147
166861
0.933425723805
166881
0.934996840533
166901
0.937140969669
166921
0.94194910386
166941
0.940452665441
166961
0.938913143382
166981
0.938106043199
167001
0.935769473805
167021
0.936645507812
167041
0.934366383272
167061
0.939935661765
167081
0.932006835938
167101
0.927234604779
167121
0.920369944853
167141
0.911237649357
167161
0.902551987592
167181
0.904671702665
167201
0.907900103401
167221
0.903845932904
167241
0.899626608456
167261
0.900287224265
167281
0.89868738511
167301
0.900390625
167321
0.910218003217
167341
0.921758674173
167361
0.931113568474
167381
0.942030962776
167401
0.952893784467
167421
0.958687097886
167441
0.960508099724
167461
0.961033720129
167481
0.963505284926
167501
0.967085535386
167521
0.96291216682
167541
0.958586569393
167561
0.948579676011
167581
0.939685776654
167601
0.93161908318
167621
0.929358628217
167641
0.919175091912
167661
0.913388959099
167681
0.907416130515
167701
0.903890452665
167721
0.911488970588
167741
0.906387867647
167761
0.906260052849
167781
0.902662568934
167801
0.909764188879
167821
0.91383415671
167841
0.912290326287
167861
0.914929917279
167881
0.911980124081
167901
0.904319852941
167921
0.90622845818
167941
0.907944623162
167961
0.906778492647
167981
0.90482823989
168001
0.898737649357
168021
0.893905101103
168041
0.897267061121
168061
0.888884420956
168081
0.881660730699
168101
0.884076286765
168121
0.875163717831
168141
0.88326775046
168161
0.891042911305
168181
0.88795525046
168201
0.891669060202
168221
0.89228515625
168241
0.896886488971
168261
0.900565831801
168281
0.893386661305
168301
0.894363223805
168321
0.900387752757
168341
0.900501206342
168361
0.903903377757
168381
0.907265337776
168401
0.905922564338
168421
0.89968548943
168441
0.902547679228
168461
0.902547679228
168481
0.900679285386
168501
0.897798426011
168521
0.900598862592
168541
0.904121668199
168561
0.905602309283
168581
0.907147575827
168601
0.908882410386
168621
0.905918255974
168641
0.903040268842
168661
0.90071662454
168681
0.899969841452
168701
0.906677964154
168721
0.901588350184
168741
0.906962316176
168761
0.908075310202
168781
0.910475068934
168801
0.91077521829
168821
0.913786764706
168841
0.914188878676
168861
0.918768669577
168881
0.918184168199
168901
0.92004107307
168921
0.924508846507
168941
0.922462373621
168961
0.923596909467
168981
0.927113970588
169001
0.923786477482
169021
0.9232421875
169041
0.921685431985
169061
0.921049230239
169081
0.920427389706
169101
0.912777171415
169121
0.910116038603
169141
0.912426757813
169161
0.912925091912
169181
0.907990579044
169201
0.904279641544
169221
0.897825712316
169241
0.889590992647
169261
0.882430491728
169281
0.875967945772
169301
0.869486730239
169321
0.860502355239
169341
0.865583352482
169361
0.866680549173
169381
0.863312844669
169401
0.860812557445
169421
0.860452090993
169441
0.868971162684
169461
0.888987821691
169481
0.887563189338
169501
0.890614947151
169521
0.895581054688
169541
0.898124425551
169561
0.895413028493
169581
0.900096220129
169601
0.896732823989
169621
0.890851907169
169641
0.900992359835
169661
0.897624655331
169681
0.900142176011
169701
0.899561982996
169721
0.898266601563
169741
0.902086684283
169761
0.894885971967
169781
0.900522748162
169801
0.907664579504
169821
0.910724954044
169841
0.90927734375
169861
0.91169720818
169881
0.908249080882
169901
0.907803883272
169921
0.905705710018
169941
0.905514705882
169961
0.911330997243
169981
0.90777946921
170001
0.91038459329
170021
0.911454503676
170041
0.910752240349
170061
0.909963809743
170081
0.907648782169
170101
0.909089211857
170121
0.91373650046
170141
0.915352136949
170161
0.916492417279
170181
0.920059742647
170201
0.918965418199
170221
0.922762522978
170241
0.928429457721
170261
0.928933536305
170281
0.929536707261
170301
0.925782686121
170321
0.926270967371
170341
0.926082835478
170361
0.920830939798
170381
0.918205710018
170401
0.917970186121
170421
0.915161132812
170441
0.914616842831
170461
0.914688648897
170481
0.90767176011
170501
0.904960363051
170521
0.907881433824
170541
0.911286477482
170561
0.910219439338
170581
0.911124195772
170601
0.911308019301
170621
0.912797277114
170641
0.91618939568
170661
0.915304744945
170681
0.917124310662
170701
0.918075022978
170721
0.918916590074
170741
0.921418313419
170761
0.919877355239
170781
0.91545122932
170801
0.911437270221
170821
0.913123276654
170841
0.915422506893
170861
0.918000344669
170881
0.91695915671
170901
0.920441750919
170921
0.916811236213
170941
0.919959214154
170961
0.924006204044
170981
0.921975528493
171001
0.921016199449
171021
0.921952550551
171041
0.923418830423
171061
0.921714154412
171081
0.91979118796
171101
0.920759133732
171121
0.916110409007
171141
0.916162109375
171161
0.913690544577
171181
0.91003705193
171201
0.911043772978
171221
0.909992532169
171241
0.910054285386
171261
0.908985811121
171281
0.906590360754
171301
0.909074850643
171321
0.911804917279
171341
0.912969611673
171361
0.917295209099
171381
0.92068158318
171401
0.920684455423
171421
0.923549517463
171441
0.92365435432
171461
0.925529928768
171481
0.930546300551
171501
0.928878963695
171521
0.935462143842
171541
0.933162913603
171561
0.934455422794
171581
0.93110926011
171601
0.927303538603
171621
0.923092830882
171641
0.921447035846
171661
0.917496266085
171681
0.917207605699
171701
0.919505399816
171721
0.920840992647
171741
0.924541877298
171761
0.918106617647
171781
0.911970071232
171801
0.916198012408
171821
0.919287109375
171841
0.923121553309
171861
0.922791245404
171881
0.919538430607
171901
0.926556755515
171921
0.926104377298
171941
0.921363740809
171961
0.920211971507
171981
0.919568589154
172001
0.91859777114
172021
0.921244542739
172041
0.92357823989
172061
0.923494944853
172081
0.920183249081
172101
0.92320915671
172121
0.926120174632
172141
0.929404584099
172161
0.926153205423
172181
0.92777745864
172201
0.930026424632
172221
0.932989142923
172241
0.936711569393
172261
0.930540556066
172281
0.927925379136
172301
0.930406996783
172321
0.926190544577
172341
0.924050723805
172361
0.920726102941
172381
0.918596335018
172401
0.918330652574
172421
0.919323012408
172441
0.921043485754
172461
0.916513959099
172481
0.914947150735
172501
0.918941004136
172521
0.915307617187
172541
0.915703986673
172561
0.916936178768
172581
0.919226792279
172601
0.926477768842
172621
0.93595904182
172641
0.93893181296
172661
0.942155905331
172681
0.945072667739
172701
0.953636259191
172721
0.954118795956
172741
0.962551700368
172761
0.955350988051
172781
0.956432387408
172801
0.949332203585
172821
0.949059340533
172841
0.938825539982
172861
0.927098173254
172881
0.921273265165
172901
0.906247127757
172921
0.899965533088
172941
0.892081227022
172961
0.88608972886
172981
0.878133616728
173001
0.871370921415
173021
0.868064970129
173041
0.87228716682
173061
0.872489659926
173081
0.864510569853
173101
0.871459960938
173121
0.873543772978
173141
0.869852941176
173161
0.877846392463
173181
0.870023839614
173201
0.870259363511
173221
0.875489717371
173241
0.868215762868
173261
0.873311121324
173281
0.867684397978
173301
0.86106818704
173321
0.878066119026
173341
0.88493939568
173361
0.891338752298
173381
0.896526022518
173401
0.909696691176
173421
0.914405732996
173441
0.917497702206
173461
0.918356502757
173481
0.918096564798
173501
0.929038373162
173521
0.937212775735
173541
0.944921875
173561
0.946794577206
173581
0.946359432445
173601
0.937491383272
173621
0.939991670496
173641
0.922054515165
173661
0.919503963695
173681
0.915182674632
173701
0.901885627298
173721
0.909245749081
173741
0.908725873162
173761
0.892414407169
173781
0.89400993796
173801
0.903692267923
173821
0.903041704963
173841
0.908563591452
173861
0.914809283088
173881
0.925910500919
173901
0.932163373162
173921
0.936830767463
173941
0.94456428079
173961
0.957539636949
173981
0.970526482077
174001
0.971692612592
174021
0.990724092371
174041
0.992012293199
174061
0.992020909926
174081
0.992028090533
174101
0.992028090533
174121
0.992028090533
174141
0.992028090533
174161
0.991855755974
174181
0.997641888787
174201
1.0
174221
1.0
174241
1.0
174261
1.0
