125137
0.108151041667
125157
0.0777629484954
125177
0.115647063079
125197
0.0989973958333
125217
0.0885177951389
125237
0.162386791088
125257
0.319856409144
125277
0.125970052083
125297
0.101136429398
125317
0.124614438657
125337
0.12689416956
125357
0.134728009259
125377
0.121007306134
125397
0.133547815394
125417
0.113000217014
125437
0.12244212963
125457
0.13109447338
125477
0.124143518519
125497
0.12867223669
125517
0.120874204282
125537
0.0860517939815
125557
0.0633723958333
125577
0.0627915219907
125597
0.0766015625
125617
0.0851222511574
125637
0.0881785300926
125657
0.0882917390046
125677
0.0880588107639
125697
0.0882345920139
125717
0.122889178241
125737
0.123529369213
125757
0.12410192419
125777
0.125869502315
125797
0.127828414352
125817
0.127200882523
125837
0.107991536458
125857
0.092398365162
125877
0.0936302806713
125897
0.156648943866
125917
0.154770688657
125937
0.154729094329
125957
0.132368706597
125977
0.127665292245
125997
0.128630280671
126017
0.135063657407
126037
0.117770905671
126057
0.108152850116
126077
0.062574146412
126097
0.0698799189815
126117
0.12521448206
126137
0.129095413773
126157
0.150296585648
126177
0.147922092014
126197
0.0901598668981
126217
0.252562934028
126237
0.253620153356
126257
0.18275426794
126277
0.142456235532
126297
0.0840147569444
126317
0.136655815972
126337
0.107174479167
126357
0.0705457899306
126377
0.123618344907
126397
0.101281828704
126417
0.169580801505
126437
0.098759765625
126457
0.0929571759259
126477
0.0934834346065
126497
0.104173177083
126517
0.101096643519
126537
0.0920652488426
126557
0.0877571614583
126577
0.0826761429398
126597
0.0765494791667
126617
0.0694502314815
126637
0.0675925925926
126657
0.0628747106481
126677
0.0616304976852
126697
0.154174262153
126717
0.150582682292
126737
0.146534649884
126757
0.144309172454
126777
0.143620876736
126797
0.144905960648
126817
0.146861617477
126837
0.145006510417
126857
0.145612340856
126877
0.145446686921
126897
0.145281756366
126917
0.148985460069
126937
0.150456452546
126957
0.15039026331
126977
0.088431712963
126997
0.0912572337963
127017
0.0822251157407
127037
0.0459537760417
127057
0.0454466869213
127077
0.0430732783565
127097
0.0432262731481
127117
0.0424330873843
127137
0.0660821759259
127157
0.0614771412037
127177
0.0597826244213
127197
0.0591876446759
127217
0.0580855758102
127237
0.0599490017361
127257
0.0589890769676
127277
0.0531419994213
127297
0.0491981336806
127317
0.0762568721065
127337
0.0768337673611
127357
0.049300853588
127377
0.0473708767361
127397
0.048128978588
127417
0.0478530092593
127437
0.0427944155093
127457
0.041064453125
127477
0.0406575520833
127497
0.040415943287
127517
0.0396119068287
127537
0.0393384693287
127557
0.038861400463
127577
0.0774077690972
127597
0.0742527488426
127617
0.0544958043981
127637
0.0544415509259
127657
0.0543240017361
127677
0.0546567563657
127697
0.05240234375
127717
0.0533423755787
127737
0.0540342881944
127757
0.0552553530093
127777
1.0
127797
1.0
127817
0.998706597222
127837
0.996451822917
127857
0.990951244213
127877
0.988869357639
127897
0.985927734375
127917
0.985786313657
127937
0.986243127894
127957
0.985998263889
127977
0.985777994792
127997
0.986272063079
128017
0.986016710069
128037
0.984466869213
128057
0.98107494213
128077
0.974849175347
128097
0.972562210648
128117
0.970928096065
128137
0.96955041956
128157
0.965747974537
128177
0.959970703125
128197
0.954194516782
128217
0.9496875
128237
0.942580295139
128257
0.937774884259
128277
0.934640118634
128297
0.930244140625
128317
0.927993344907
128337
0.928624493634
128357
0.930840928819
128377
0.927435257523
128397
0.928539858218
128417
0.930374348958
128437
0.935456090856
128457
0.939564887153
128477
0.942992259838
128497
0.94466833044
128517
0.946440248843
128537
0.945549768519
128557
0.945243417245
128577
0.948851996528
128597
0.949165581597
128617
0.945515407986
128637
0.942462384259
128657
0.942204499421
128677
0.944370659722
128697
0.942863136574
128717
0.943011791088
128737
0.938275462963
128757
0.938756148727
128777
0.940665147569
128797
0.939774305556
128817
0.938249421296
128837
0.935860821759
128857
0.934763816551
128877
0.935690827546
128897
0.940186993634
128917
0.938648003472
128937
0.939822048611
128957
0.940023871528
128977
0.936963975694
128997
0.936177300347
129017
0.940855758102
129037
0.938211805556
129057
0.935558087384
129077
0.938567346644
129097
0.944475188079
129117
0.94171947338
129137
0.939640118634
129157
0.939610460069
129177
0.939006076389
129197
0.936842447917
129217
0.937425130208
129237
0.941462311921
129257
0.942282986111
129277
0.940740740741
129297
0.940014829282
129317
0.940952329282
129337
0.939885706019
129357
0.939835069444
129377
0.941884403935
129397
0.945216652199
129417
0.945737847222
129437
0.939499059606
129457
0.942034866898
129477
0.940032552083
129497
0.934425274884
129517
0.935049913194
129537
0.936422887731
129557
0.935190610532
129577
0.936778428819
129597
0.936193576389
129617
0.935222800926
129637
0.936117259838
129657
0.930862630208
129677
0.925450665509
129697
0.931846426505
129717
0.927223668981
129737
0.932091652199
129757
0.934581524884
129777
0.931720558449
129797
0.929251663773
129817
0.928136935764
129837
0.926268446181
129857
0.922889178241
129877
0.924702329282
129897
0.922595847801
129917
0.928929759838
129937
0.928820891204
129957
0.928637876157
129977
0.934966001157
129997
0.936970847801
130017
0.934435402199
130037
0.939682074653
130057
0.946392505787
130077
0.948166232639
130097
0.947457320602
130117
0.951396484375
130137
0.951170428241
130157
0.952071759259
130177
0.949744285301
130197
0.948223741319
130217
0.949601779514
130237
0.945574725116
130257
0.944013671875
130277
0.943970269097
130297
0.944482421875
130317
0.941235532407
130337
0.942769820602
130357
0.941576244213
130377
0.936827980324
130397
0.939235026042
130417
0.934802517361
130437
0.93521520544
130457
0.937852647569
130477
0.938453776042
130497
0.939224537037
130517
0.939267939815
130537
0.935993923611
130557
0.935243417245
130577
0.933979311343
130597
0.930402199074
130617
0.927581018519
130637
0.934416956019
130657
0.933975694444
130677
0.927915943287
130697
0.932449725116
130717
0.932017505787
130737
0.933759042245
130757
0.938934823495
130777
0.938120298032
130797
0.940141059028
130817
0.94293004919
130837
0.940246672454
130857
0.942663122106
130877
0.944443359375
130897
0.943468605324
130917
0.941589626736
130937
0.943325737847
130957
0.945733868634
130977
0.946031901042
130997
0.946042751736
131017
0.94283130787
131037
0.938836082176
131057
0.93794849537
131077
0.935013020833
131097
0.939324001736
131117
0.941199001736
131137
0.93386754919
131157
0.932904369213
131177
0.930279224537
131197
0.926606987847
131217
0.927335069444
131237
0.925788122106
131257
0.91664026331
131277
0.917142288773
131297
0.923733723958
131317
0.927940176505
131337
0.921148003472
131357
0.923328993056
131377
0.921727068866
131397
0.919807219329
131417
0.925677445023
131437
0.926168258102
131457
0.930560257523
131477
0.931688006366
131497
0.930852864583
131517
0.934708116319
131537
0.937744502315
131557
0.92845703125
131577
0.925026765046
131597
0.925493706597
131617
0.928094979745
131637
0.925544343171
131657
0.928230613426
131677
0.928255931713
131697
0.930416304977
131717
0.939067201968
131737
0.943746744792
131757
0.945320818866
131777
0.944044053819
131797
0.946382016782
131817
0.953738064236
131837
0.962550998264
131857
0.958353949653
131877
0.961443142361
131897
0.961317635995
131917
0.964547526042
131937
0.95718822338
131957
0.952204137731
131977
0.947102141204
131997
0.94076135706
132017
0.940096571181
132037
0.943992332176
132057
0.939448061343
132077
0.936966145833
132097
0.932144820602
132117
0.933600622106
132137
0.933567346644
132157
0.92986400463
132177
0.92738208912
132197
0.933069299769
132217
0.934096860532
132237
0.936033709491
132257
0.937331814236
132277
0.936664134838
132297
0.934156177662
132317
0.932973813657
132337
0.933430989583
132357
0.931689091435
132377
0.933470413773
132397
0.938332971644
132417
0.937479383681
132437
0.938582899306
132457
0.940516131366
132477
0.936837745949
132497
0.94001989294
132517
0.93747974537
132537
0.938865017361
132557
0.937607060185
132577
0.935523365162
132597
0.939153284144
132617
0.936694516782
132637
0.938230975116
132657
0.931609519676
132677
0.931969401042
132697
0.926882233796
132717
0.928050491898
132737
0.931251446759
132757
0.923082682292
132777
0.928254484954
132797
0.929890046296
132817
0.928442925347
132837
0.928955801505
132857
0.931355613426
132877
0.927561125579
132897
0.930997540509
132917
0.933501157407
132937
0.933848741319
132957
0.933433883102
132977
0.931966145833
132997
0.941887297454
133017
0.939909939236
133037
0.939268663194
133057
0.937729311343
133077
0.933290292245
133097
0.93416087963
133117
0.935823206019
133137
0.934581886574
133157
0.936142578125
133177
0.931667751736
133197
0.933490668403
133217
0.930013382523
133237
0.929332682292
133257
0.9319140625
133277
0.932888093171
133297
0.934295066551
133317
0.935944010417
133337
0.931586733218
133357
0.939666883681
133377
0.934269386574
133397
0.935674913194
133417
0.935294415509
133437
0.936148003472
133457
0.936411313657
133477
0.938180700231
133497
0.942146629051
133517
0.952903284144
133537
0.953989800347
133557
0.95402307581
133577
0.957856264468
133597
0.963688874421
133617
0.957842158565
133637
0.960968605324
133657
0.96310619213
133677
0.967722800926
133697
0.974796730324
133717
0.97542896412
133737
0.969934895833
133757
0.969012948495
133777
0.968721426505
133797
0.968061704282
133817
0.954724392361
133837
0.952014612269
133857
0.951295934606
133877
0.959295066551
133897
0.951559968171
133917
0.953363353588
133937
0.942270326968
133957
0.92939489294
133977
0.919554759838
133997
0.916105685764
134017
0.914058521412
134037
0.910936414931
134057
0.909560185185
134077
0.913506582755
134097
0.918778211806
134117
0.912681568287
134137
0.909370298032
134157
0.920073784722
134177
0.923610026042
134197
0.929971788194
134217
0.940052083333
134237
0.95517614294
134257
0.956624348958
134277
0.969344256366
134297
0.979776475694
134317
0.979265407986
134337
0.979879918981
134357
0.987264539931
134377
0.993982204861
134397
1.0
134417
1.0
134437
1.0
134457
0.934446614583
134477
0.930749782986
134497
0.930801866319
134517
0.930826099537
134537
0.930838396991
134557
0.974348234954
134577
1.0
134597
0.0574262152778
134617
0.0545149739583
134637
0.0546860532407
134657
0.0539952256944
134677
0.0492762586806
134697
1.0
134717
1.0
