153944
0.989133522727
153964
0.989133522727
153984
0.988444010417
154004
0.989395419034
154024
0.985774739583
154044
0.985759943182
154064
0.985759943182
154084
0.985759943182
154104
0.984891394413
154124
1.0
154144
0.982685250947
154164
0.982685250947
154184
0.982685250947
154204
0.978345466383
154224
1.0
154244
0.989509351326
154264
0.989509351326
154284
0.989509351326
154304
0.988017874053
154324
0.991721413352
154344
0.992200816761
154364
0.992193418561
154384
0.992193418561
154404
0.992141631155
154424
0.991561612216
154444
1.0
154464
0.993016098485
154484
0.993016098485
154504
0.993016098485
154524
0.991756924716
154544
0.994585996686
154564
0.989309599905
154584
0.989291844223
154604
0.989293323864
154624
0.989294803504
154644
0.989291844223
154664
0.987708629261
154684
0.994504616477
154704
0.994501657197
154724
0.994506096117
154744
0.992307350852
154764
0.996075994318
154784
1.0
154804
1.0
154824
0.988112571023
154844
0.988056344697
154864
0.987754498106
154884
0.987125651042
154904
0.987298768939
154924
0.985996685606
154944
0.985669685133
154964
1.0
154984
1.0
155004
0.994251598011
155024
0.994251598011
155044
0.994251598011
155064
0.993717447917
155084
0.993992660985
155104
0.991561612216
155124
0.991563091856
155144
0.991563091856
155164
0.991563091856
155184
0.990084931345
155204
1.0
155224
0.992489346591
155244
0.992489346591
155264
0.992489346591
155284
0.989737215909
155304
0.996176609848
155324
0.983926669034
155344
0.983960700758
155364
0.983975497159
155384
0.98242039536
155404
0.985046756629
155424
0.983837890625
155444
0.983837890625
155464
0.983839370265
155484
0.983840849905
155504
0.982537286932
155524
1.0
155544
0.99160304214
155564
0.99160304214
155584
0.99160304214
155604
0.989712062027
155624
1.0
155644
0.990287642045
155664
0.990287642045
155684
0.990287642045
155704
0.988729580966
155724
0.991940400095
155744
0.986949573864
155764
0.986948094223
155784
0.986948094223
155804
0.986942175663
155824
0.985900508996
155844
1.0
155864
0.991455078125
155884
0.991456557765
155904
0.991456557765
155924
0.989734256629
155944
1.0
155964
0.992703894413
155984
0.992703894413
156004
0.992703894413
156024
0.99267874053
156044
0.992622514205
156064
1.0
156084
1.0
156104
1.0
156124
1.0
156144
0.99580078125
156164
0.993837298769
156184
0.989874822443
156204
0.990083451705
156224
0.985166607481
156244
0.985392992424
156264
0.984716796875
156284
0.984903231534
156304
0.984787819602
156324
0.987554746686
156344
0.98887014678
156364
0.988991477273
156384
0.990388257576
156404
0.99512014678
156424
0.995908794981
156444
0.995892518939
156464
0.995892518939
156484
0.993639026989
156504
0.990928326231
156524
0.990960878314
156544
0.994494258996
156564
0.995253314394
156584
0.995463423295
156604
0.995157137784
156624
0.994615589489
156644
0.990073094223
156664
0.984937263258
156684
0.982112630208
156704
0.976782966383
156724
0.973259943182
156744
0.967689098011
156764
0.96454930161
156784
0.956886245265
156804
0.954184422348
156824
0.94843602036
156844
0.948714192708
156864
0.950568181818
156884
0.946928267045
156904
0.950714666193
156924
0.954921283144
156944
0.956631747159
156964
0.956926195549
156984
0.951871744792
157004
0.95527047822
157024
0.955695134943
157044
0.950720584754
157064
0.953679865057
157084
0.956060606061
157104
0.950627367424
157124
0.946866122159
157144
0.942452355587
157164
0.942354699337
157184
0.942600319602
157204
0.941684422348
157224
0.94453272964
157244
0.944785748106
157264
0.941074810606
157284
0.941742128314
157304
0.948367956913
157324
0.946885357481
157344
0.944085878314
157364
0.947830847538
157384
0.950309244792
157404
0.950742779356
157424
0.947474254261
157444
0.952154356061
157464
0.951513671875
157484
0.952503551136
157504
0.949140329072
157524
0.947400272254
157544
0.948098662405
157564
0.943597597064
157584
0.94765329072
157604
0.945420513731
157624
0.941478752367
157644
0.94375
157664
0.934258108428
157684
0.935416666667
157704
0.935465494792
157724
0.939043264678
157744
0.940471117424
157764
0.938235381155
157784
0.937136008523
157804
0.939581853693
157824
0.939599609375
157844
0.94072709517
157864
0.944657019413
157884
0.945493016098
157904
0.947974372633
157924
0.947292258523
157944
0.944867128314
157964
0.943705610795
157984
0.950822679924
158004
0.945485617898
158024
0.946796579072
158044
0.945640980114
158064
0.950757575758
158084
0.948001006155
158104
0.945466382576
158124
0.944674775095
158144
0.950704308712
158164
0.946170691288
158184
0.938078539299
158204
0.940639796402
158224
0.931878847064
158244
0.933632220644
158264
0.929622395833
158284
0.926408617424
158304
0.925955847538
158324
0.923233309659
158344
0.922705078125
158364
0.92881007339
158384
0.930772076231
158404
0.933041844223
158424
0.936937736742
158444
0.93506303267
158464
0.937684955019
158484
0.944514973958
158504
0.940690104167
158524
0.947133937027
158544
0.940690104167
158564
0.944000059186
158584
0.94804983428
158604
0.945562559186
158624
0.953524502841
158644
0.955548650568
158664
0.955243844697
158684
0.952324514678
158704
0.951889500473
158724
0.951182232481
158744
0.945933948864
158764
0.948751183712
158784
0.945788944129
158804
0.944254557292
158824
0.941956676136
158844
0.943931995739
158864
0.945777107008
158884
0.942012902462
158904
0.944602272727
158924
0.946124822443
158944
0.945538884943
158964
0.946363044508
158984
0.939704663826
159004
0.937473366477
159024
0.931405362216
159044
0.931159741951
159064
0.923822206439
159084
0.922355883049
159104
0.917150508996
159124
0.918684895833
159144
0.926788884943
159164
0.933670691288
159184
0.931794507576
159204
0.940481474905
159224
0.94697561553
159244
0.95048680161
159264
0.945593631629
159284
0.945566998106
159304
0.942604758523
159324
0.934912109375
159344
0.925032552083
159364
0.929725970644
159384
0.919704367898
159404
0.919318181818
159424
0.910677083333
159444
0.910036399148
159464
0.915290601326
159484
0.914855587121
159504
0.923196318655
159524
0.926275449811
159544
0.932855409564
159564
0.941095525568
159584
0.941925603693
159604
0.94569868608
159624
0.944713245739
159644
0.947608901515
159664
0.947418027936
159684
0.955005622633
159704
0.953426846591
159724
0.951512192235
159744
0.948477450284
159764
0.947222715436
159784
0.945785984848
159804
0.947826408617
159824
0.948425662879
159844
0.947040719697
159864
0.940988991477
159884
0.93808445786
159904
0.936194957386
159924
0.935366358902
159944
0.935572028883
159964
0.936666962595
159984
0.936931818182
160004
0.938739938447
160024
0.94677438447
160044
0.94794625947
160064
0.950954367898
160084
0.949849076705
160104
0.949489524148
160124
0.952937085701
160144
0.953343986742
160164
0.952272727273
160184
0.948780776515
160204
0.950174597538
160224
0.943326822917
160244
0.942603278883
160264
0.934227035985
160284
0.940698982008
160304
0.936193477746
160324
0.932779947917
160344
0.93661665483
160364
0.935719992898
160384
0.933555279356
160404
0.932046046402
160424
0.932892400568
160444
0.927490234375
160464
0.931214488636
160484
0.923308771307
160504
0.926157078598
160524
0.929512902462
160544
0.92930131392
160564
0.932919034091
160584
0.939669152462
160604
0.944620028409
160624
0.948100142045
160644
0.948404947917
160664
0.950611091383
160684
0.95566258286
160704
0.954174064867
160724
0.953940281723
160744
0.948416785038
160764
0.94961233428
160784
0.946638257576
160804
0.94560842803
160824
0.950119850852
160844
0.94951615767
160864
0.952352627841
160884
0.949860913826
160904
0.952351148201
160924
0.947055516098
160944
0.948285097064
160964
0.947052556818
160984
0.95077681108
161004
0.948811848958
161024
0.945538884943
161044
0.94824366714
161064
0.952786162405
161084
0.945089074337
161104
0.946805456913
161124
0.941826467803
161144
0.944843454072
161164
0.944790187027
161184
0.946074514678
161204
0.946550958807
161224
0.944984019886
161244
0.94521780303
161264
0.94775242661
161284
0.945638020833
161304
0.947477213542
161324
0.950016276042
161344
0.950244140625
161364
0.943236564867
161384
0.939973958333
161404
0.940253610322
161424
0.943328302557
161444
0.945556640625
161464
0.942147549716
161484
0.943283913352
161504
0.930516098485
161524
0.931316583807
161544
0.924937855114
161564
0.92704782197
161584
0.923875473485
161604
0.91894827178
161624
0.91738133286
161644
0.917149029356
161664
0.923650568182
161684
0.928733132102
161704
0.931285511364
161724
0.924868312027
161744
0.929989346591
161764
0.934429746686
161784
0.93583984375
161804
0.942307350852
161824
0.931331380208
161844
0.934585108902
161864
0.935184363163
161884
0.938652639678
161904
0.934608783144
161924
0.94198774858
161944
0.934451941288
161964
0.936209753788
161984
0.931584398674
162004
0.924667080966
162024
0.932691169508
162044
0.92997750947
162064
0.924087062027
162084
0.924138849432
162104
0.922429865057
162124
0.921935665246
162144
0.924343039773
162164
0.927487275095
162184
0.91748490767
162204
0.924465849905
162224
0.91445164536
162244
0.918639026989
162264
0.928079131155
162284
0.927877900095
162304
0.923780776515
162324
0.918428918087
162344
0.918338660038
162364
0.917058771307
162384
0.913534268466
162404
0.898296934186
162424
0.917277758049
162444
0.914530066288
162464
0.907967862216
162484
0.908465021307
162504
0.906804865057
162524
0.907179214015
162544
0.907238399621
162564
0.916802793561
162584
0.922028882576
162604
0.932050485322
162624
0.916478752367
162644
0.925346235795
162664
0.922099905303
162684
0.930365175189
162704
0.934407552083
162724
0.943282433712
162744
0.950260416667
162764
0.95322413589
162784
0.95840287642
162804
0.96269679214
162824
0.974263139205
162844
0.975420217803
162864
0.974878669508
162884
0.972406190814
162904
0.973009883996
162924
0.97500295928
162944
0.96523289536
162964
0.954894649621
162984
0.952864583333
163004
0.952562736742
163024
0.95820164536
163044
0.956306226326
163064
0.96249704072
163084
0.962717507102
163104
0.962534031723
163124
0.95918412642
163144
0.971935665246
163164
0.988586055871
163184
0.988000118371
163204
0.988075580019
163224
0.988624526515
163244
0.988626006155
163264
0.98467092803
163284
0.988997395833
163304
1.0
163324
1.0
163344
0.890376420455
163364
0.890356691919
163384
0.890312302715
163404
0.265900706282
163424
0.268982303504
163444
0.269961825284
163464
0.270711509628
163484
0.26820056029
163504
1.0
163524
1.0
