126125
0.129877204276
126145
0.486389083958
126165
0.464512133271
126185
0.445744577091
126205
0.450947058365
126225
0.464576018258
126245
0.388338795256
126265
0.391625702247
126285
0.391336512953
126305
0.179280781835
126325
0.550148252185
126345
0.539133212391
126365
0.289671601904
126385
0.298245845037
126405
0.397303175718
126425
0.557157069288
126445
0.433274812734
126465
0.427988939607
126485
0.453544397628
126505
0.405383407459
126525
0.412634597378
126545
0.461252535893
126565
0.469132334582
126585
0.491059027778
126605
0.453730200531
126625
0.441087800406
126645
0.464977372035
126665
0.519614641854
126685
0.400350635924
126705
0.361429073034
126725
0.299228015762
126745
0.29502477372
126765
0.250774422597
126785
0.273225850499
126805
0.287139610643
126825
0.515917115325
126845
0.482634012172
126865
0.524431374844
126885
0.517346968633
126905
0.512421484863
126925
0.498933462079
126945
0.486507588171
126965
0.492753199126
126985
0.447490929307
127005
0.548464321941
127025
0.455488256866
127045
0.5176985799
127065
0.49300678839
127085
0.555102508583
127105
0.458322116885
127125
0.388871332709
127145
0.280530684301
127165
0.466387718477
127185
0.352235974563
127205
0.426241124376
127225
0.355742333801
127245
0.353771652622
127265
0.362123029806
127285
0.36577178917
127305
0.40794173299
127325
0.193537862828
127345
0.213714790106
127365
0.228240090512
127385
0.272732814451
127405
0.35912531211
127425
0.37209835362
127445
0.36514025437
127465
0.370616807116
127485
0.380198092228
127505
0.340075394039
127525
0.397604069132
127545
0.440829334426
127565
0.471702364232
127585
0.426511294476
127605
0.374947819132
127625
0.347526529338
127645
0.297228074282
127665
0.317859511548
127685
0.378571707241
127705
0.278327871411
127725
0.380758914638
127745
0.551174313358
127765
0.661274481117
127785
0.468387172285
127805
0.384888518258
127825
0.465011509051
127845
0.447517751248
127865
0.446306374844
127885
0.437967677122
127905
0.437312734082
127925
0.416240929307
127945
0.401340121723
127965
0.284469608302
127985
0.283919026998
128005
0.249191440387
128025
0.17578125
128045
0.229930848159
128065
0.230329763577
128085
0.224690816167
128105
0.300462800406
128125
0.340973685237
128145
0.232155118602
128165
0.229427571005
128185
0.272464107366
128205
0.257131710362
128225
0.342981429463
128245
0.357972943976
128265
0.364300971442
128285
0.358135338639
128305
0.363425600811
128325
0.366469159644
128345
0.363756729869
128365
0.366242879994
128385
0.370687519507
128405
0.373343867041
128425
0.377030664794
128445
0.45363022784
128465
0.597256359238
128485
0.783699087079
128505
0.936146711142
128525
0.999787862828
128545
1.0
128565
1.0
128585
1.0
128605
1.0
128625
1.0
128645
0.756424098783
128665
0.757341409176
128685
0.757393590044
128705
0.754915242665
128725
0.755023018102
128745
0.756145150593
128765
0.755356585518
128785
0.755694541979
128805
0.759839263421
128825
0.762233243602
128845
0.763333430868
128865
0.763370493914
128885
0.758199223627
128905
0.758870747503
128925
0.672834737828
128945
0.671988139825
128965
0.672836200843
128985
0.67255920334
129005
0.67445380774
129025
0.671602391542
129045
0.75822945927
129065
0.760580036673
129085
0.76197428995
129105
0.763590433833
129125
0.763869382022
129145
0.764582845662
129165
0.762073774969
129185
0.762847709894
129205
0.767227489076
129225
0.768488120318
129245
0.767597144195
129265
0.766499882959
129285
0.68486559769
129305
0.683661048689
129325
0.683979985955
129345
0.685465433833
129365
0.683620571941
129385
0.866234589576
129405
0.823914442884
129425
0.816632041979
129445
0.816668129682
129465
0.817461571473
129485
0.817327461767
129505
0.816234589576
129525
0.815773252185
129545
0.685998458958
129565
0.686860174782
129585
0.686092091916
129605
0.686732404806
129625
0.687289813514
129645
0.686234979713
129665
0.685836064295
129685
0.684847553839
129705
0.684509109707
129725
0.685340589888
129745
0.685471285893
129765
0.685292798065
129785
0.68981741573
129805
0.68564684769
129825
0.685090414326
129845
0.684128725811
129865
0.684666139981
129885
0.684718320849
129905
0.684356468477
129925
0.684655411205
129945
0.684727098939
129965
0.683234823658
129985
0.684686134519
130005
0.688884987516
130025
0.964131261704
130045
0.964131261704
130065
0.964132724719
130085
0.964132724719
130105
0.964132724719
130125
0.964132724719
130145
0.964132724719
130165
0.964132724719
130185
0.980701369382
130205
0.980714536517
130225
0.980714536517
130245
0.982075140449
130265
0.984203827247
130285
0.984954353933
130305
0.98593457397
130325
0.987738471442
130345
0.990469920412
130365
1.0
130385
0.620676303059
130405
0.319069912609
130425
0.229366124376
130445
0.116422343165
130465
0.0742109472534
130485
0.0747054463171
130505
0.0744850187266
130525
0.0742958021223
130545
0.0736906015918
130565
0.0736047713795
130585
0.0732926615169
130605
0.0738232482834
130625
0.0737286399813
130645
0.0737369303995
130665
0.0733804424157
130685
0.0728952091136
130705
0.0733819054307
130725
0.0734560315231
130745
0.0734058013421
130765
0.0726230883271
130785
0.0723538935705
130805
0.0727235486891
130825
0.0731912258115
130845
0.0731551381086
130865
0.0732424313358
130885
0.0723114661361
130905
0.0722958606429
130925
0.0751248439451
130945
0.0750082904182
130965
0.0750936329588
130985
0.0725957787141
131005
0.0726455212235
131025
0.0740368484707
131045
0.0738578729713
131065
0.0740168539326
131085
0.0729917681024
131105
0.0724782498439
131125
0.0724855649189
131145
0.0728337624844
131165
0.0730493133583
131185
0.0728952091136
131205
0.0723773018102
131225
0.072264161985
131245
0.0732073189763
131265
0.0733453300562
131285
0.0733906835206
131305
0.072475323814
131325
0.100058032928
131345
0.17849806882
131365
0.248952968945
131385
0.335556628433
131405
0.913756729869
131425
0.981497249532
131445
0.975652504682
131465
0.970186680712
131485
0.960562480493
131505
0.953347865949
131525
0.947825472066
131545
0.942646399032
131565
0.937913545568
131585
0.938148603308
131605
0.938343671973
131625
0.933538643102
131645
0.929968398876
131665
0.935628316167
131685
0.938973256086
131705
0.940996605805
131725
0.941257022472
131745
0.946697975187
131765
0.949344569288
131785
0.949158766386
131805
0.947252457865
131825
0.952516385768
131845
0.949486481742
131865
0.947087137172
131885
0.947923981742
131905
0.940076369382
131925
0.935719510768
131945
0.926833157772
131965
0.922919592697
131985
0.930313670412
132005
0.9273144897
132025
0.931497249532
132045
0.93163477294
132065
0.933500117041
132085
0.933624473315
132105
0.94062207397
132125
0.944361540262
132145
0.949021242978
132165
0.949931238296
132185
0.953430770131
132205
0.952453476124
132225
0.953657537453
132245
0.951193820225
132265
0.950257490637
132285
0.948462371255
132305
0.942373302903
132325
0.945360779494
132345
0.942841467697
132365
0.941040496255
132385
0.936805067884
132405
0.938404143258
132425
0.931940543071
132445
0.932489173689
132465
0.934329646536
132485
0.935399110487
132505
0.93162306882
132525
0.933800035112
132545
0.935113822566
132565
0.942306004213
132585
0.940889805712
132605
0.941293597846
132625
0.944399578652
132645
0.944506378745
132665
0.944491748596
132685
0.952808988764
132705
0.952567591292
132725
0.947637230805
132745
0.946817942416
132765
0.947602118446
132785
0.944324964888
132805
0.942828300562
132825
0.944699496723
132845
0.943518843633
132865
0.944207923689
132885
0.942652738764
132905
0.946379037921
132925
0.953413213951
132945
0.955631144663
132965
0.955316596442
132985
0.954956694757
133005
0.954977176966
133025
0.953328359082
133045
0.950292602996
133065
0.947929833801
133085
0.943872893258
133105
0.942755149813
133125
0.941555477528
133145
0.944273759363
133165
0.948280957397
133185
0.942033883427
133205
0.944677551498
133225
0.943186739232
133245
0.942367450843
133265
0.941469159644
133285
0.939924215824
133305
0.94646389279
133325
0.941900749064
133345
0.937814548221
133365
0.939281952247
133385
0.938409995318
133405
0.944687792603
133425
0.944259129213
133445
0.9457323853
133465
0.94491017088
133485
0.943555419007
133505
0.944706811798
133525
0.939545294944
133545
0.942001697097
133565
0.944654143258
133585
0.949815660112
133605
0.948418480805
133625
0.950955348783
133645
0.948599894663
133665
0.945897705993
133685
0.94258982912
133705
0.942759538858
133725
0.939524812734
133745
0.937475128745
133765
0.935043597846
133785
0.933144604401
133805
0.935450316011
133825
0.940203651685
133845
0.942086551966
133865
0.945695809925
133885
0.94612593633
133905
0.950841233614
133925
0.9586230103
133945
0.959026802434
133965
0.95978318118
133985
0.963357326779
134005
0.963415847378
134025
0.957695458801
134045
0.958691772004
134065
0.962650690543
134085
0.960344978933
134105
0.95822360721
134125
0.956772296348
134145
0.951992626404
134165
0.947409000468
134185
0.94610838015
134205
0.943698794476
134225
0.943618328652
134245
0.942014864232
134265
0.939118094569
134285
0.940110018727
134305
0.936039911049
134325
0.937982794944
134345
0.946289794007
134365
0.935201603464
134385
0.928084035581
134405
0.925431589419
134425
0.922122249532
134445
0.91055272706
134465
0.904184222846
134485
0.895240812266
134505
0.892564957865
134525
0.881781074438
134545
0.882247776217
134565
0.889381437266
134585
0.890333860019
134605
0.886096968633
134625
0.892020716292
134645
0.891271652622
134665
0.890780079588
134685
0.902785580524
134705
0.906539676966
134725
0.908552785581
134745
0.918637347846
134765
0.922861072097
134785
0.932225830993
134805
0.93671582397
134825
0.940101240637
134845
0.94569434691
134865
0.952392029494
134885
0.951632724719
134905
0.958836610487
134925
0.955473139045
134945
0.95661721676
134965
0.958802961142
134985
0.959255032772
135005
0.961598782772
135025
0.966137055243
135045
0.963436329588
135065
0.964719393727
135085
0.963408532303
135105
0.963699672285
135125
0.96797167603
135145
0.965259246255
135165
0.963952773876
135185
0.962981331929
135205
0.952069190855
135225
0.958855629682
135245
0.9560090902
135265
0.954887445381
135285
0.95704295412
135305
0.951670275437
135325
0.954336864076
135345
0.952665125624
135365
0.950796367821
135385
0.953695088171
135405
0.939554073034
135425
0.92892673221
135445
0.931786926498
135465
0.920902095037
135485
0.919006027622
135505
0.930310744382
135525
0.929018902154
135545
0.935222085674
135565
0.940308988764
135585
0.955176147004
135605
0.969307408708
135625
0.980062031835
135645
0.987956460674
135665
0.999066596442
135685
1.0
135705
1.0
