146941
0.196926359954
146961
0.211876808449
146981
0.186164279514
147001
0.148938078704
147021
0.154548249421
147041
0.163812210648
147061
0.166967230903
147081
0.175639467593
147101
0.175602575231
147121
0.175046657986
147141
0.164499782986
147161
0.156686197917
147181
0.158897931134
147201
0.164850260417
147221
0.163779658565
147241
0.179899811921
147261
0.182250434028
147281
0.1820703125
147301
0.104037905093
147321
0.105934606481
147341
0.106937210648
147361
0.10771556713
147381
0.112911241319
147401
0.130435474537
147421
0.16923828125
147441
0.170799696181
147461
0.165602575231
147481
0.142317346644
147501
0.127127459491
147521
0.118285951968
147541
0.127549551505
147561
0.100699869792
147581
0.106949146412
147601
0.100086443866
147621
0.088031322338
147641
0.0932942708333
147661
0.065523365162
147681
0.0621506076389
147701
0.0837887008102
147721
0.109592375579
147741
0.138540943287
147761
0.194409722222
147781
0.196214554398
147801
0.197161096644
147821
0.201694878472
147841
0.248670428241
147861
1.0
147881
1.0
147901
1.0
147921
0.953116319444
147941
0.953117766204
147961
0.953117042824
147981
0.953118851273
148001
0.953118851273
148021
1.0
148041
0.852448640046
148061
0.852439236111
148081
0.852417896412
148101
0.852423683449
148121
0.85242115162
148141
0.951728515625
148161
0.951726707176
148181
0.951709346065
148201
0.951709707755
148221
0.951712962963
148241
1.0
148261
0.837663483796
148281
0.837682291667
148301
0.837666739005
148321
0.837654441551
148341
0.837662398727
148361
1.0
148381
0.803991247106
148401
0.804148943866
148421
0.804203920718
148441
0.804230324074
148461
1.0
148481
0.907501446759
148501
0.907512659144
148521
0.9075
148541
0.907514105903
148561
0.907515914352
148581
1.0
148601
0.929513165509
148621
0.929524739583
148641
0.929516782407
148661
0.929524016204
148681
0.929553674769
148701
0.94490306713
148721
0.944910300926
148741
0.944931278935
148761
0.944924406829
148781
0.944928747106
148801
1.0
148821
0.954215856481
148841
0.954233217593
148861
0.954235026042
148881
0.954234664352
148901
0.954235026042
148921
1.0
148941
0.940944372106
148961
0.940914351852
148981
0.940932798032
149001
0.940933159722
149021
1.0
149041
0.958187934028
149061
0.958187934028
149081
0.958201678241
149101
0.958199508102
149121
0.958200954861
149141
1.0
149161
0.95724681713
149181
0.957251880787
149201
0.957248625579
149221
0.957255497685
149241
0.957251157407
149261
0.903548538773
149281
0.903547092014
149301
0.903511284722
149321
0.903527199074
149341
0.903538773148
149361
1.0
149381
0.967984664352
149401
0.967976345486
149421
0.967986111111
149441
0.967981047454
149461
0.967981409144
149481
1.0
149501
0.957739438657
149521
0.95773365162
149541
0.95773401331
149561
0.957763310185
149581
1.0
149601
0.947743778935
149621
0.947742332176
149641
0.947731843171
149661
0.947731843171
149681
0.947731843171
149701
1.0
149721
0.968380714699
149741
0.96839807581
149761
0.968400607639
149781
0.9683984375
149801
0.968396629051
149821
0.969807581019
149841
0.969820963542
149861
0.969822048611
149881
0.969826027199
149901
0.969827835648
149921
1.0
149941
0.937875795718
149961
0.937877604167
149981
0.937881221065
150001
0.937897858796
150021
0.937894965278
150041
1.0
150061
0.89787145544
150081
0.897877965856
150101
0.897883391204
150121
0.897894965278
150141
1.0
150161
0.945392795139
150181
0.945407624421
150201
0.94540943287
150221
0.945408709491
150241
0.945404730903
150261
1.0
150281
0.888549262153
150301
0.888534071181
150321
0.888538411458
150341
0.888542390046
150361
0.888541666667
150381
0.932319155093
150401
0.932315538194
150421
0.932311921296
150441
0.932311559606
150461
0.932309027778
150481
1.0
150501
0.940381221065
150521
0.940390625
150541
0.940419198495
150561
0.940426070602
150581
0.940428602431
150601
1.0
150621
0.959209707755
150641
0.959211516204
150661
0.959213324653
150681
0.959210792824
150701
1.0
150721
0.998096788194
150741
0.993168764468
150761
0.992333260995
150781
0.987722077546
150801
0.987653356481
150821
0.982001229745
150841
0.98191442419
150861
0.982159649884
150881
0.981928891782
150901
0.981665219907
150921
0.979520399306
150941
0.96951171875
150961
0.970377242477
150981
0.95964771412
151001
0.959772135417
151021
0.949852792245
151041
0.950606553819
151061
0.946395037616
151081
0.93718713831
151101
0.931227213542
151121
0.926829065394
151141
0.92152416088
151161
0.921643880208
151181
0.923744574653
151201
0.92711009838
151221
0.926767939815
151241
0.930270182292
151261
0.925913990162
151281
0.920587022569
151301
0.919204644097
151321
0.924399594907
151341
0.923911675347
151361
0.919983723958
151381
0.921363932292
151401
0.91912181713
151421
0.919083839699
151441
0.9160546875
151461
0.915874565972
151481
0.914830729167
151501
0.919240451389
151521
0.921187065972
151541
0.919709201389
151561
0.919279513889
151581
0.921606987847
151601
0.919086733218
151621
0.91685474537
151641
0.92507740162
151661
0.915478515625
151681
0.908894675926
151701
0.90429759838
151721
0.891268084491
151741
0.886052517361
151761
0.872507595486
151781
0.867602719907
151801
0.860166377315
151821
0.869167028356
151841
0.872836009838
151861
0.87538990162
151881
0.890440176505
151901
0.906282552083
151921
0.919006799769
151941
0.937574869792
151961
0.945482494213
151981
0.963134765625
152001
0.975061125579
152021
0.981144024884
152041
0.986638454861
152061
0.98994140625
152081
0.99154333044
152101
0.984633969907
152121
0.98105504919
152141
0.973663917824
152161
0.965650679977
152181
0.963807146991
152201
0.961804470486
152221
0.956449291088
152241
0.951628327546
152261
0.947231626157
152281
0.944610460069
152301
0.934210792824
152321
0.929410807292
152341
0.932046440972
152361
0.932237413194
152381
0.93138671875
152401
0.927497468171
152421
0.922296006944
152441
0.924635416667
152461
0.918073640046
152481
0.913702618634
152501
0.904602141204
152521
0.908566261574
152541
0.915543619792
152561
0.912485532407
152581
0.913624493634
152601
0.913724681713
152621
0.921792896412
152641
0.918355034722
152661
0.91935546875
152681
0.919010778356
152701
0.924751157407
152721
0.921225766782
152741
0.927438874421
152761
0.918744212963
152781
0.918359375
152801
0.925776186343
152821
0.925790292245
152841
0.918854166667
152861
0.917894241898
152881
0.920189163773
152901
0.92160120081
152921
0.917099609375
152941
0.924342086227
152961
0.928298611111
152981
0.927126374421
153001
0.922834201389
153021
0.918122829861
153041
0.91478551794
153061
0.91923828125
153081
0.923360821759
153101
0.928880931713
153121
0.927619357639
153141
0.927290219907
153161
0.921899594907
153181
0.92402416088
153201
0.924234664352
153221
0.922711950231
153241
0.924694733796
153261
0.920791015625
153281
0.927241753472
153301
0.925286820023
153321
0.91921875
153341
0.923277271412
153361
0.917958260995
153381
0.919624927662
153401
0.918510199653
153421
0.918149956597
153441
0.916037688079
153461
0.919312789352
153481
0.915457537616
153501
0.919900535301
153521
0.916307146991
153541
0.912799840856
153561
0.910979094329
153581
0.908872612847
153601
0.911350911458
153621
0.903167317708
153641
0.913257016782
153661
0.909181857639
153681
0.908079065394
153701
0.906231915509
153721
0.898451605903
153741
0.895228226273
153761
0.903939887153
153781
0.908003110532
153801
0.904715350116
153821
0.911170428241
153841
0.90638635706
153861
0.91400462963
153881
0.912861689815
153901
0.909574291088
153921
0.913501157407
153941
0.914191261574
153961
0.919975766782
153981
0.917813946759
154001
0.923102936921
154021
0.922040292245
154041
0.927760778356
154061
0.93130931713
154081
0.922405960648
154101
0.922165075231
154121
0.923987991898
154141
0.924011501736
154161
0.921253255208
154181
0.920653935185
154201
0.912527488426
154221
0.912756076389
154241
0.911231553819
154261
0.904147858796
154281
0.905452835648
154301
0.901900679977
154321
0.908539496528
154341
0.903380353009
154361
0.909331958912
154381
0.914153284144
154401
0.920712528935
154421
0.921525245949
154441
0.914285662616
154461
0.914568865741
154481
0.914292534722
154501
0.918834273727
154521
0.913938440394
154541
0.909658564815
154561
0.907572699653
154581
0.911626519097
154601
0.907612847222
154621
0.897659143519
154641
0.902288773148
154661
0.912332899306
154681
0.914603226273
154701
0.913147786458
154721
0.914729817708
154741
0.913842954282
154761
0.920744719329
154781
0.919104094329
154801
0.916192853009
154821
0.916078559028
154841
0.917546657986
154861
0.923835358796
154881
0.91478551794
154901
0.914054542824
154921
0.915631872106
154941
0.914989149306
154961
0.921988570602
154981
0.928804976852
155001
0.937778139468
155021
0.935754484954
155041
0.940962094907
155061
0.943583622685
155081
0.942265625
155101
0.945850332755
155121
0.94511646412
155141
0.936195746528
155161
0.941898148148
155181
0.934252748843
155201
0.929992042824
155221
0.929407913773
155241
0.929950086806
155261
0.931823278356
155281
0.923132957176
155301
0.919887152778
155321
0.921292679398
155341
0.925811993634
155361
0.933032769097
155381
0.933757233796
155401
0.932259114583
155421
0.936013093171
155441
0.928916015625
155461
0.926639178241
155481
0.931997612847
155501
0.92742115162
155521
0.924245153356
155541
0.928077980324
155561
0.921716218171
155581
0.917827690972
155601
0.919773582176
155621
0.929701244213
155641
0.927293475116
155661
0.935831886574
155681
0.931442780671
155701
0.933851273148
155721
0.940885416667
155741
0.951524522569
155761
0.95222583912
155781
0.958288845486
155801
0.955030020255
155821
0.957309389468
155841
0.953029875579
155861
0.952237413194
155881
0.943341652199
155901
0.933611111111
155921
0.92205005787
155941
0.917270326968
155961
0.918939525463
155981
0.911391420718
156001
0.905993561921
156021
0.917925347222
156041
0.917263454861
156061
0.911818214699
156081
0.90597620081
156101
0.903328631366
156121
0.904337384259
156141
0.909474826389
156161
0.909773582176
156181
0.902318070023
156201
0.899879918981
156221
0.896057581019
156241
0.890304904514
156261
0.890392433449
156281
0.903354673032
156301
0.909265407986
156321
0.92285083912
156341
0.933413990162
156361
0.946873191551
156381
0.953620876736
156401
0.957992621528
156421
0.975631872106
156441
0.98443287037
156461
0.998804253472
156481
1.0
156501
1.0
156521
1.0
