103601
0.168585759943
103621
0.170179332386
103641
0.160018643466
103661
0.0783765388258
103681
0.100165719697
103701
0.0784460819129
103721
0.0787538470644
103741
0.0811508641098
103761
0.0954219933712
103781
0.0934229995265
103801
0.126593572443
103821
0.106843335701
103841
0.0909993489583
103861
0.0922881155303
103881
0.130911162405
103901
0.128477154356
103921
0.133864524148
103941
0.132090435606
103961
0.132303503788
103981
0.139824514678
104001
0.136146129261
104021
0.131460108902
104041
0.129505504261
104061
0.127957800663
104081
0.132858368845
104101
0.124363754735
104121
0.078056936553
104141
0.146539121686
104161
0.200005918561
104181
0.148936138731
104201
0.165370501894
104221
0.177769886364
104241
0.177058179451
104261
0.178133877841
104281
0.188359670928
104301
0.169756155303
104321
0.161615175189
104341
0.153426846591
104361
0.163782848011
104381
0.164472360322
104401
0.124686316288
104421
0.224634528883
104441
0.231069483902
104461
0.282358250473
104481
0.293212890625
104501
0.216740648674
104521
0.154836943655
104541
0.15400538589
104561
0.161368075284
104581
0.157631983902
104601
0.141955196496
104621
0.183262310606
104641
0.214112807765
104661
0.205119554924
104681
0.194896721117
104701
0.188016394413
104721
0.177562736742
104741
0.111739464962
104761
0.111356238163
104781
0.0989331794508
104801
0.110029000947
104821
0.132248757102
104841
0.0985987807765
104861
0.70380415483
104881
0.687215909091
104901
0.712368312027
104921
0.686048473011
104941
0.678302556818
104961
0.747147253788
104981
0.775452769886
105001
0.754434481534
105021
0.719970703125
105041
0.747913707386
105061
0.75536665483
105081
0.629029060133
105101
0.418082682292
105121
0.534027284564
105141
0.468039772727
105161
0.1857421875
105181
0.187312085701
105201
0.191097005208
105221
0.189694306345
105241
0.206374289773
105261
0.225082859848
105281
0.272079190341
105301
0.267365056818
105321
0.265937204072
105341
0.29785304214
105361
0.189624763258
105381
0.188547585227
105401
0.183673650568
105421
0.186359197443
105441
0.194720643939
105461
0.310179924242
105481
0.315438565341
105501
0.293014618845
105521
0.294585996686
105541
0.295822975852
105561
0.301448567708
105581
0.311644767992
105601
0.320962062027
105621
0.309619140625
105641
0.287201112689
105661
0.306029533617
105681
0.282574277936
105701
0.299174360795
105721
0.29911961411
105741
0.306242601799
105761
0.301768169981
105781
0.305735085227
105801
0.292495265152
105821
0.310822088068
105841
0.321155894886
105861
0.312480764678
105881
0.321564275568
105901
0.31249556108
105921
0.304128196023
105941
0.309781901042
105961
0.299100378788
105981
0.298694957386
106001
0.303117601799
106021
0.313497277462
106041
0.311600378788
106061
0.315502189867
106081
0.308581912879
106101
0.315195904356
106121
0.29746537642
106141
0.305036695076
106161
0.31133108428
106181
0.315974195076
106201
0.310097064394
106221
0.531039891098
106241
0.549486564867
106261
0.532806581439
106281
0.533516808712
106301
0.557467743845
106321
0.548295454545
106341
0.558937026515
106361
0.351538825758
106381
0.36523141572
106401
0.375362511837
106421
0.361487926136
106441
0.356307705966
106461
0.344504616477
106481
0.344294507576
106501
0.346925307765
106521
0.346892755682
106541
0.513293087121
106561
0.546932705966
106581
0.543960108902
106601
0.545919152462
106621
0.555616714015
106641
0.54071969697
106661
0.38759469697
106681
0.366770241477
106701
0.361575224905
106721
0.533222360322
106741
0.53036665483
106761
0.555001183712
106781
0.559771543561
106801
0.561603338068
106821
0.577713660038
106841
0.380024857955
106861
0.37216648911
106881
0.37978071733
106901
0.376532907197
106921
0.383093631629
106941
0.372937381629
106961
0.366242009943
106981
0.371272786458
107001
0.364346590909
107021
0.372998046875
107041
0.36278852983
107061
0.363591974432
107081
0.206479344223
107101
0.200861150568
107121
0.182182173295
107141
0.195337653883
107161
0.178913648201
107181
0.197972892992
107201
0.194509055398
107221
0.172645892519
107241
0.177188387784
107261
0.174755859375
107281
0.553234493371
107301
0.557330137311
107321
0.538861268939
107341
0.552129202178
107361
0.551282848011
107381
0.336573745265
107401
0.321167732008
107421
0.312824041193
107441
0.20917672822
107461
0.206133108428
107481
0.210384114583
107501
0.210727391098
107521
0.215308357008
107541
0.21269087358
107561
0.135854640152
107581
0.13720259233
107601
0.0950402462121
107621
0.313254616477
107641
0.321234315814
107661
0.306855172822
107681
0.300350674716
107701
0.305487985322
107721
0.312451171875
107741
0.378486032197
107761
0.382731119792
107781
0.366150272254
107801
0.366028941761
107821
0.379757043087
107841
0.378095407197
107861
0.379444839015
107881
0.374627130682
107901
0.387439334754
107921
0.39521040483
107941
0.373480409564
107961
0.358734315814
107981
0.349628610322
108001
0.356494140625
108021
0.314765329072
108041
0.295638020833
108061
0.303913648201
108081
0.283732836174
108101
0.264636600379
108121
0.252728456439
108141
0.25312352036
108161
0.254776278409
108181
0.243613873106
108201
0.243761837121
108221
0.245649857955
108241
0.244005977746
108261
0.241830906723
108281
0.247968454072
108301
0.240466678504
108321
0.232060842803
108341
0.236157966383
108361
0.240012428977
108381
0.62383108428
108401
0.56894975142
108421
0.510020123106
108441
0.594787227746
108461
0.704246567235
108481
0.441748046875
108501
0.43837594697
108521
0.559154533617
108541
0.523785215436
108561
0.494540127841
108581
0.504841382576
108601
0.142270359848
108621
0.141286399148
108641
0.141151751894
108661
0.138415897254
108681
0.16532759233
108701
0.180989583333
108721
0.180377012311
108741
0.188583096591
108761
0.172447620739
108781
0.174570904356
108801
0.178093927557
108821
0.162948330966
108841
0.162090139678
108861
0.155884528883
108881
0.138310842803
108901
0.495771188447
108921
0.489318477746
108941
0.578438683712
108961
0.657529888731
108981
0.374161044034
109001
0.314633641098
109021
0.280840139678
109041
0.103925485322
109061
0.230680338542
109081
0.240932765152
109101
0.245667613636
109121
0.24443803267
109141
0.338365589489
109161
0.350186434659
109181
0.34355172822
109201
0.348317649148
109221
0.329669744318
109241
0.305820904356
109261
0.294477982955
109281
0.302361505682
109301
0.31484375
109321
0.317848899148
109341
0.638825757576
109361
1.0
109381
1.0
109401
1.0
109421
0.0816864938447
109441
0.0779829545455
109461
0.0764500473485
109481
0.0733280066288
109501
0.0720126065341
109521
0.0722301136364
109541
0.076640920928
109561
0.0771232836174
109581
0.0850038470644
109601
0.0788011955492
109621
0.0801239938447
109641
0.0786236387311
109661
0.0874866832386
109681
0.0899680397727
109701
0.0835005326705
109721
0.0825328480114
109741
0.0790867660985
109761
0.060039358428
109781
0.064325875947
109801
0.0709295099432
109821
0.0721354166667
109841
0.0719253077652
109861
0.0743178858902
109881
1.0
109901
0.992902166193
109921
0.983001893939
109941
0.969369969223
109961
0.956177497633
109981
0.943593158144
110001
0.930609315814
110021
0.917745324337
110041
0.902999230587
110061
0.891679983428
110081
0.885301254735
110101
0.876671993371
110121
0.866595643939
110141
0.851815518466
110161
0.84140181108
110181
0.845840731534
110201
0.837721946023
110221
0.84102006392
110241
0.845392400568
110261
0.85498490767
110281
0.850270774148
110301
0.849174360795
110321
0.85557084517
110341
0.857670454545
110361
0.86923828125
110381
0.865997869318
110401
0.85967240767
110421
0.864923650568
110441
0.859849964489
110461
0.852130681818
110481
0.855704012784
110501
0.856862571023
110521
0.851819957386
110541
0.845658735795
110561
0.858056640625
110581
0.860049715909
110601
0.852112926136
110621
0.835702237216
110641
0.810413707386
110661
0.802286044034
110681
0.807452947443
110701
0.808371803977
110721
0.802610085227
110741
0.820814098011
110761
0.819446910511
110781
0.81308149858
110801
0.81103515625
110821
0.821746271307
110841
0.813458806818
110861
0.818980823864
110881
0.81592240767
110901
0.81718306108
110921
0.830841619318
110941
0.845010653409
110961
0.836119495739
110981
0.828702059659
111001
0.833602627841
111021
0.829159268466
111041
0.82793412642
111061
0.841463955966
111081
0.847101384943
111101
0.83319868608
111121
0.837082741477
111141
0.824818004261
111161
0.824183238636
111181
0.839759410511
111201
0.834499289773
111221
0.828924005682
111241
0.836052911932
111261
0.842893288352
111281
0.845658735795
111301
0.851140802557
111321
0.853346946023
111341
0.83407759233
111361
0.83643022017
111381
0.830504261364
111401
0.821329012784
111421
0.812468927557
111441
0.821257990057
111461
0.826864346591
111481
0.834042080966
111501
0.834787819602
111521
0.804816228693
111541
0.820228160511
111561
0.821244673295
111581
0.801837713068
111601
0.7830078125
111621
0.800958806818
111641
0.817604758523
111661
0.822221235795
111681
0.823033558239
111701
0.836479048295
111721
0.824946732955
111741
0.82616743608
111761
0.815971235795
111781
0.822602982955
111801
0.844620028409
111821
0.826930930398
111841
0.815114524148
111861
0.820827414773
111881
0.83837890625
111901
0.844948508523
111921
0.829208096591
111941
0.817223011364
111961
0.810524680398
111981
0.824227627841
112001
0.808278586648
112021
0.814040305398
112041
0.832759232955
112061
0.842902166193
112081
0.84140625
112101
0.84141068892
112121
0.846790660511
112141
0.851544744318
112161
0.832341974432
112181
0.82538618608
112201
0.83398881392
112221
0.852823153409
112241
0.859490411932
112261
0.867742365057
112281
0.860879794034
112301
0.848899147727
112321
0.838942649148
112341
0.820685369318
112361
0.81522993608
112381
0.812642045455
112401
0.815247691761
112421
0.819016335227
112441
0.819691051136
112461
0.828342507102
112481
0.824720348011
112501
0.817125355114
112521
0.816082208807
112541
0.813334517045
112561
0.828551136364
112581
0.822731711648
112601
0.823561789773
112621
0.831884765625
112641
0.828653231534
112661
0.828728693182
112681
0.830988103693
112701
0.84521040483
112721
0.847048117898
112741
0.83231977983
112761
0.841690340909
112781
0.843235085227
112801
0.840500710227
112821
0.839595170455
112841
0.8484375
112861
0.861443536932
112881
0.852689985795
112901
0.848841441761
112921
0.863392223011
112941
0.874236505682
112961
0.864830433239
112981
0.869602272727
113001
0.865664950284
113021
0.865184067235
113041
0.864420572917
113061
0.874138849432
113081
0.876993075284
113101
0.876571377841
113121
0.873850319602
113141
0.86123046875
113161
0.850350674716
113181
0.834224076705
113201
0.83242631392
113221
0.835577947443
113241
0.820063920455
113261
0.821901633523
113281
0.831889204545
113301
0.863529829545
113321
0.86289506392
113341
0.866867897727
113361
0.868892045455
113381
0.884792258523
113401
0.904341264205
113421
0.928053977273
113441
0.92978071733
113461
0.917329545455
113481
0.931578480114
113501
0.958216441761
113521
0.958762428977
113541
0.958771306818
113561
0.959623579545
113581
0.959135298295
