128382
0.135513944404
128402
0.208488144985
128422
0.275355801841
128442
0.337192647771
128462
0.244699309593
128482
0.29973769077
128502
0.278265806686
128522
0.152316497093
128542
0.128024315649
128562
0.108818964995
128582
0.0803324854651
128602
0.0764489462209
128622
0.109521105862
128642
0.132105816982
128662
0.129900981105
128682
0.121252725291
128702
0.114616263929
128722
0.146910201672
128742
0.145991930111
128762
0.145654675388
128782
0.0949097625969
128802
0.0945955971415
128822
0.094796965843
128842
0.0950623031734
128862
0.0932019137597
128882
0.0582443828731
128902
0.0911647589632
128922
0.09172836422
128942
0.0723814498547
128962
0.0966899073401
128982
0.0683256873789
129002
0.0822435955669
129022
0.0656038032946
129042
0.0674384538517
129062
0.0619439649952
129082
0.062986388687
129102
0.0700373213421
129122
0.0645140655281
129142
0.0713314559109
129162
0.0766764322917
129182
0.093726532219
129202
0.0927469416182
129222
0.0859397710756
129242
0.0809346990068
129262
0.0765969446463
129282
0.0829926719961
129302
0.113650299782
129322
0.097017699249
129342
0.0678601168847
129362
0.0680149285368
129382
0.0785016200339
129402
0.0922499545785
129422
0.0980854832849
129442
0.0980006964632
129462
0.0753277919089
129482
0.0728489129118
129502
0.0653055353682
129522
0.0634652071221
129542
0.458021438953
129562
0.349809229651
129582
0.333671723595
129602
0.326310789123
129622
0.386326232437
129642
0.419648210392
129662
0.427224140019
129682
0.430496759932
129702
0.442658369671
129722
0.427559123668
129742
0.449766457728
129762
0.36134705063
129782
0.253314256298
129802
0.169222762234
129822
0.101878936531
129842
0.0862819464632
129862
0.0804108375727
129882
0.0770314771076
129902
0.0751532976017
129922
0.0835059350775
129942
0.0768815861192
129962
0.0690660580184
129982
0.0694161821705
130002
0.0748311833818
130022
0.0755583060804
130042
0.0825407279554
130062
0.0838685501453
130082
0.0917385840601
130102
0.16471846233
130122
0.151352046996
130142
0.157328382389
130162
0.162173722141
130182
0.152084468871
130202
0.604613690044
130222
0.595677386143
130242
0.592767381298
130262
0.270396908309
130282
0.415807821584
130302
0.36672685017
130322
0.260434078246
130342
0.360238008721
130362
0.412261158551
130382
0.405319616037
130402
0.41704177265
130422
0.0907669422238
130442
0.0902105287064
130462
0.0987278191618
130482
0.0888047329215
130502
0.0963424327762
130522
0.116121608527
130542
0.102997062742
130562
0.0965154130329
130582
0.0869473716085
130602
0.0853288517442
130622
0.0872392048207
130642
0.0843602380087
130662
0.0931470294331
130682
0.0876506480136
130702
0.0809161518895
130722
0.0821697856105
130742
0.0809763353924
130762
0.0775901617006
130782
0.0713223716085
130802
0.0716172329215
130822
0.0701516321463
130842
0.075336119186
130862
0.116949037064
130882
0.0809445403343
130902
0.0856498304264
130922
0.0704877513324
130942
0.065578064438
130962
0.0727171905281
130982
0.0732849594234
131002
0.0742660640746
131022
0.0874118065649
131042
0.0868970294331
131062
0.103999364099
131082
0.0859579396802
131102
0.0848061258479
131122
0.107164864947
131142
0.12715865734
131162
0.130613720325
131182
0.0951028040213
131202
0.0962943616764
131222
0.0949971990068
131242
0.0986259992733
131262
0.169122834908
131282
0.156636082849
131302
0.180583817829
131322
0.0725120367006
131342
0.0721766745397
131362
0.0776287699855
131382
0.0798419331395
131402
0.0581160671027
131422
0.0590138989826
131442
0.0610063892926
131462
0.0666980832122
131482
0.0874432231105
131502
0.0949540485707
131522
0.0934483254603
131542
0.0931258327277
131562
0.0566012596899
131582
0.0510882237161
131602
0.0587470476017
131622
0.0673131661822
131642
0.0791575823643
131662
0.0695902979651
131682
0.0875950066618
131702
0.137487130572
131722
0.134884477955
131742
0.0839495518411
131762
0.067377134811
131782
0.0744163335756
131802
0.0702114371366
131822
0.0731256056202
131842
0.0559676296027
131862
0.0521238341812
131882
0.047831879845
131902
0.0523846293605
131922
0.0494549418605
131942
0.0661999606347
131962
0.0958181928295
131982
0.214631782946
132002
0.210760734617
132022
0.123053309714
132042
0.07932602047
132062
0.149962905766
132082
0.199808094113
132102
0.201335013929
132122
0.0993262475775
132142
0.0975018168605
132162
0.172467750727
132182
0.164584090359
132202
0.164229045543
132222
0.160540818798
132242
0.159345097505
132262
0.159007085756
132282
0.993219703852
132302
0.993169740189
132322
0.99305618641
132342
0.993132267442
132362
0.996385583212
132382
0.997181595203
132402
0.995257994186
132422
0.995382903343
132442
0.995347701672
132462
0.995806458939
132482
0.997213390262
132502
0.994904841933
132522
0.994701580669
132542
0.994546011991
132562
0.994697038517
132582
0.998382994186
132602
1.0
132622
0.999799009811
132642
0.998407976017
132662
0.99852493641
132682
0.997241778706
132702
0.995148982558
132722
0.992910837573
132742
0.99111328125
132762
0.989196493459
132782
0.986853878997
132802
0.984889398619
132822
0.982861328125
132842
0.98072083939
132862
0.979285519622
132882
0.977375545058
132902
0.976191179142
132922
0.974587799782
132942
0.972437091206
132962
0.970750817587
132982
0.967906295422
133002
0.965835074491
133022
0.965578442951
133042
0.964771075581
133062
0.964811954942
133082
0.963115461483
133102
0.961418968023
133122
0.960224382267
133142
0.958474518532
133162
0.958130450581
133182
0.956432821584
133202
0.955648164971
133222
0.955465343387
133242
0.955894576672
133262
0.955909338663
133282
0.956986964026
133302
0.959129723837
133322
0.95897415516
133342
0.960550281613
133362
0.960940906613
133382
0.960705850291
133402
0.961337209302
133422
0.962269485828
133442
0.961400799419
133462
0.962300145349
133482
0.964869867369
133502
0.96555800327
133522
0.968010764898
133542
0.964595067224
133562
0.962147983285
133582
0.960658157703
133602
0.95982240189
133622
0.95894349564
133642
0.958267850654
133662
0.957851108285
133682
0.95704146984
133702
0.957337845203
133722
0.954962300145
133742
0.953869912791
133762
0.954143577398
133782
0.955442632631
133802
0.951601108285
133822
0.94800599564
133842
0.946350381541
133862
0.9447265625
133882
0.944668650073
133902
0.946708075945
133922
0.946432140262
133942
0.943316224564
133962
0.944532385538
133982
0.942844976381
134002
0.943212890625
134022
0.941022438227
134042
0.940713571948
134062
0.941302916061
134082
0.943252634448
134102
0.942697356468
134122
0.942714389535
134142
0.943551280887
134162
0.944522165698
134182
0.945683820858
134202
0.946846611555
134222
0.947529069767
134242
0.94935728561
134262
0.950692678052
134282
0.952783203125
134302
0.950109011628
134322
0.950426962209
134342
0.95284225109
134362
0.956648573765
134382
0.956968795422
134402
0.954048192224
134422
0.954580759448
134442
0.956181867733
134462
0.957465025436
134482
0.958150890262
134502
0.957893123183
134522
0.957646711483
134542
0.957325354288
134562
0.956782567224
134582
0.957109602108
134602
0.957440043605
134622
0.959326171875
134642
0.959086573401
134662
0.958443859012
134682
0.957470703125
134702
0.957191360828
134722
0.958186091933
134742
0.957371911337
134762
0.956491869549
134782
0.953638263081
134802
0.953013717297
134822
0.953874454942
134842
0.955443768169
134862
0.956949491279
134882
0.954895303416
134902
0.95469771984
134922
0.954802189317
134942
0.95187590843
134962
0.950287291061
134982
0.947731195494
135002
0.947868595567
135022
0.948191088299
135042
0.94672056686
135062
0.94596543423
135082
0.94547715298
135102
0.946327670785
135122
0.946283384811
135142
0.944220112645
135162
0.944226925872
135182
0.944975245276
135202
0.946486646076
135222
0.945253452035
135242
0.945895030887
135262
0.946392396439
135282
0.94603697311
135302
0.945228470203
135322
0.944660701308
135342
0.944511945858
135362
0.943195857558
135382
0.940451262718
135402
0.941518668241
135422
0.939141987645
135442
0.941098519259
135462
0.938900118096
135482
0.940986101017
135502
0.941698083212
135522
0.94146302689
135542
0.941459620276
135562
0.941080350654
135582
0.940802143895
135602
0.940880496003
135622
0.942411200945
135642
0.940271847747
135662
0.939761991279
135682
0.939069313227
135702
0.937678279433
135722
0.936738054142
135742
0.936489371366
135762
0.934850790334
135782
0.93345521439
135802
0.932764807413
135822
0.933313272166
135842
0.934369322311
135862
0.934828079578
135882
0.934101335392
135902
0.932170921148
135922
0.930647029433
135942
0.934139943677
135962
0.933024845567
135982
0.935813726381
136002
0.937989416788
136022
0.937794104288
136042
0.939226017442
136062
0.940135583212
136082
0.94219771984
136102
0.94436659702
136122
0.945742868823
136142
0.945210301599
136162
0.94520462391
136182
0.946256131904
136202
0.94786178234
136222
0.949397029433
136242
0.952519758358
136262
0.950350881177
136282
0.950961800509
136302
0.951703306686
136322
0.95171693314
136342
0.953449763808
136362
0.953638263081
136382
0.952292650799
136402
0.95287291061
136422
0.95374159702
136442
0.954855559593
136462
0.954310501453
136482
0.955811682413
136502
0.952942178416
136522
0.952979651163
136542
0.950831213663
136562
0.950265715843
136582
0.95047806141
136602
0.951060592297
136622
0.948206985828
136642
0.948002589026
136662
0.947187272892
136682
0.948823582849
136702
0.949084756541
136722
0.949027979651
136742
0.94845793968
136762
0.948186546148
136782
0.951148028706
136802
0.949994322311
136822
0.948574900073
136842
0.951363780887
136862
0.950826671512
136882
0.951573855378
136902
0.952721884084
136922
0.953415697674
136942
0.953101153706
136962
0.955234829215
136982
0.956139852834
137002
0.955567541788
137022
0.95729355923
137042
0.957259493096
137062
0.958942360102
137082
0.960352698038
137102
0.960558230378
137122
0.95538131359
137142
0.949967069404
137162
0.949919376817
137182
0.949571902253
137202
0.94178665516
137222
0.937864507631
137242
0.93492005814
137262
0.933983239462
137282
0.932158430233
137302
0.932086891352
137322
0.933772029433
137342
0.932335574128
137362
0.929495594113
137382
0.922272438227
137402
0.917833621003
137422
0.915925917515
137442
0.919047510901
137462
0.921217523619
137482
0.922976471657
137502
0.923707757994
137522
0.924600290698
137542
0.926057185683
137562
0.92806822311
137582
0.929302552689
137602
0.931941542515
137622
0.930032703488
137642
0.933597156613
137662
0.946056277253
137682
0.948281931323
137702
0.947722111192
137722
0.956570221657
137742
0.962995094477
137762
0.96666855923
137782
0.968445675872
137802
0.971862509084
137822
0.972313317587
137842
0.973238780887
137862
0.977666242733
137882
0.983293968023
137902
0.991171193677
137922
0.997506359012
137942
1.0
137962
1.0
