174180
0.984537760417
174200
0.984537760417
174220
1.0
174240
0.97802290483
174260
0.97802290483
174280
0.97802290483
174300
0.97802290483
174320
0.97802290483
174340
0.97802290483
174360
0.990121922348
174380
0.990117483428
174400
0.990117483428
174420
0.990117483428
174440
0.990117483428
174460
0.993463443024
174480
0.993463443024
174500
0.993463443024
174520
0.993463443024
174540
0.993463443024
174560
0.993620778093
174580
0.993620778093
174600
0.993620778093
174620
0.993620778093
174640
1.0
174660
0.962331814236
174680
0.962331814236
174700
0.962331814236
174720
0.962331814236
174740
0.962331814236
174760
0.962331814236
174780
0.962331814236
174800
0.962331814236
174820
0.962331814236
174840
0.962331814236
174860
1.0
174880
0.995240490846
174900
0.995240490846
174920
0.995240490846
174940
0.995240490846
174960
1.0
174980
0.996591402304
175000
0.996591402304
175020
0.996591402304
175040
0.996591402304
175060
1.0
175080
0.995486604324
175100
0.995486604324
175120
0.995486604324
175140
0.995486604324
175160
0.996758108428
175180
0.996758108428
175200
0.996758108428
175220
0.996758108428
175240
0.996758108428
175260
0.996054786143
175280
0.996054786143
175300
0.996054786143
175320
0.996054786143
175340
1.0
175360
0.996183021622
175380
0.996183021622
175400
0.996183021622
175420
0.996183021622
175440
0.995814591225
175460
0.995814591225
175480
0.995814591225
175500
0.995814591225
175520
0.995814591225
175540
0.995055042614
175560
0.9950545494
175580
0.9950545494
175600
0.9950545494
175620
0.9950545494
175640
0.996159840593
175660
0.996159840593
175680
0.996159840593
175700
0.996159840593
175720
1.0
175740
0.993309560448
175760
0.993309560448
175780
0.993309560448
175800
0.993309560448
175820
1.0
175840
0.994877485795
175860
0.994877485795
175880
0.994877485795
175900
0.994877485795
175920
0.9876953125
175940
0.987716027462
175960
0.987716027462
175980
0.987716027462
176000
0.987716027462
176020
1.0
176040
0.986761166351
176060
0.986761166351
176080
0.986761166351
176100
0.986761166351
176120
0.986761166351
176140
0.983520754419
176160
0.983518288352
176180
0.983516808712
176200
0.983518288352
176220
0.983518288352
176240
1.0
176260
0.98375996291
176280
0.98375996291
176300
0.98375996291
176320
0.98375996291
176340
0.98375996291
176360
0.986734532828
176380
0.986736012468
176400
0.986736012468
176420
0.986736012468
176440
0.986736012468
176460
1.0
176480
0.992070608428
176500
0.992070608428
176520
0.992070608428
176540
0.992070608428
176560
0.992982066761
176580
0.992984532828
176600
0.992984532828
176620
0.992984532828
176640
0.992984532828
176660
1.0
176680
1.0
176700
0.990991950758
176720
0.987852154356
176740
0.987878787879
176760
0.987831439394
176780
0.987631687973
176800
0.982540246212
176820
0.975403941761
176840
0.970485617898
176860
0.964488636364
176880
0.974424419981
176900
0.977071496212
176920
0.97704634233
176940
0.973659446023
176960
0.964694306345
176980
0.972403231534
177000
0.97753462358
177020
0.982842092803
177040
0.988449928977
177060
0.981393525095
177080
0.981865530303
177100
0.981760475852
177120
0.984699041193
177140
0.993320904356
177160
0.992131273674
177180
0.98544625947
177200
0.978306995739
177220
0.964436355745
177240
0.962878787879
177260
0.95286409012
177280
0.944745797822
177300
0.937091619318
177320
0.926799242424
177340
0.922916173453
177360
0.919338403567
177380
0.914766808712
177400
0.921405460859
177420
0.915111564867
177440
0.917233368845
177460
0.91764520202
177480
0.910323449337
177500
0.915258049242
177520
0.911807528409
177540
0.905658143939
177560
0.908515822285
177580
0.907968355429
177600
0.909170809659
177620
0.912297289299
177640
0.90247198548
177660
0.909218158144
177680
0.905249270044
177700
0.906899562027
177720
0.915439058554
177740
0.912755977746
177760
0.913834635417
177780
0.915151515152
177800
0.913165838068
177820
0.920891039299
177840
0.916190222538
177860
0.92109227036
177880
0.922188190499
177900
0.914511324179
177920
0.912760416667
177940
0.912113320707
177960
0.911223070549
177980
0.91610884233
178000
0.912230705492
178020
0.915907611269
178040
0.915564334754
178060
0.912269176136
178080
0.921068596117
178100
0.923330965909
178120
0.925277679135
178140
0.92920069839
178160
0.933669211648
178180
0.934147135417
178200
0.93245245423
178220
0.923150449811
178240
0.925334398674
178260
0.920948745265
178280
0.918269610164
178300
0.914370265152
178320
0.910684481534
178340
0.903301570391
178360
0.898613577178
178380
0.894109059343
178400
0.894645182292
178420
0.891125118371
178440
0.892231395991
178460
0.889322423453
178480
0.888053385417
178500
0.88447709517
178520
0.887882733586
178540
0.878791824495
178560
0.884185606061
178580
0.885076842645
178600
0.888808988321
178620
0.892099708018
178640
0.893157157513
178660
0.890811927872
178680
0.890174202967
178700
0.892460740215
178720
0.902959280303
178740
0.901578776042
178760
0.90029740767
178780
0.902821673769
178800
0.895513731061
178820
0.898294468119
178840
0.894099688289
178860
0.899242424242
178880
0.888531309186
178900
0.887033913352
178920
0.886869673295
178940
0.89120649858
178960
0.880178247317
178980
0.88430644334
179000
0.880083550347
179020
0.888086430713
179040
0.888922427399
179060
0.896358605587
179080
0.898367463699
179100
0.901755839646
179120
0.904276653251
179140
0.907709418403
179160
0.909510633681
179180
0.908800406408
179200
0.909950580019
179220
0.907970821496
179240
0.906266276042
179260
0.900143031881
179280
0.894880938289
179300
0.894232362689
179320
0.896705334596
179340
0.901006155303
179360
0.89648585464
179380
0.894191425979
179400
0.891683929135
179420
0.889068911774
179440
0.899988162879
179460
0.897037760417
179480
0.887585819129
179500
0.890956932607
179520
0.885398417771
179540
0.892503649779
179560
0.889337219855
179580
0.885355014994
179600
0.890892321654
179620
0.889648930713
179640
0.884411004577
179660
0.892189966067
179680
0.895880681818
179700
0.895647885101
179720
0.8947265625
179740
0.907217684659
179760
0.912739701705
179780
0.91152491714
179800
0.909321732955
179820
0.911554509943
179840
0.911190518466
179860
0.91338186553
179880
0.911242305871
179900
0.913296539615
179920
0.907341974432
179940
0.90390477036
179960
0.903267538668
179980
0.903668027936
180000
0.894675268308
180020
0.901907256155
180040
0.90309442077
180060
0.900535136521
180080
0.893580334596
180100
0.900061651673
180120
0.900979028567
180140
0.905663076073
180160
0.907581182923
180180
0.914253866793
180200
0.918551235006
180220
0.916635594223
180240
0.918914240057
180260
0.92512823548
180280
0.933741714015
180300
0.93974313447
180320
0.934848484848
180340
0.931432488952
180360
0.927129202178
180380
0.924862393466
180400
0.923276219223
180420
0.918079723011
180440
0.915299479167
180460
0.900543027936
180480
0.895071811869
180500
0.892880958018
180520
0.89830630524
180540
0.908319030145
180560
0.911799143782
180580
0.918576882102
180600
0.918633108428
180620
0.916633128157
180640
0.923349708018
180660
0.918285392992
180680
0.915590968277
180700
0.914903922033
180720
0.904760988794
180740
0.900726996528
180760
0.902232776989
180780
0.893398832071
180800
0.896879932134
180820
0.899572383996
180840
0.899134903725
180860
0.902073962279
180880
0.904168146307
180900
0.906451231061
180920
0.907919034091
180940
0.914595170455
180960
0.916901436237
180980
0.921885850694
181000
0.930096867109
181020
0.935085720486
181040
0.932718789457
181060
0.930685763889
181080
0.927808357008
181100
0.929357540246
181120
0.923589902936
181140
0.922901377052
181160
0.915895774148
181180
0.911295572917
181200
0.909332583649
181220
0.908200658933
181240
0.908664279514
181260
0.914571002999
181280
0.916245462437
181300
0.919307331124
181320
0.920166508838
181340
0.921631845802
181360
0.923947975852
181380
0.917681699811
181400
0.914733763415
181420
0.915671855271
181440
0.907552083333
181460
0.90403300584
181480
0.900856711648
181500
0.901815025253
181520
0.904811296559
181540
0.902553858902
181560
0.917670355903
181580
0.927255464804
181600
0.923464133523
181620
0.92480764678
181640
0.923798532197
181660
0.922938861269
181680
0.924109256629
181700
0.917109079072
181720
0.916441761364
181740
0.906992779356
181760
0.891675544508
181780
0.892488853378
181800
0.903287760417
181820
0.911111111111
181840
0.926821437027
181860
0.936512093592
181880
0.941203046086
181900
0.952002446338
181920
0.96357717803
181940
0.980160984848
181960
0.989575935133
181980
0.981369850852
182000
0.970034820865
182020
0.963001104798
182040
0.954997731218
182060
0.950115411932
182080
0.94882960464
182100
0.942887369792
182120
0.933735795455
182140
0.924767696496
182160
0.919360598169
182180
0.920565518466
182200
0.917230409564
182220
0.912030954072
182240
0.909366122159
182260
0.91542820786
182280
0.918335700758
182300
0.924788411458
182320
0.930849017519
182340
0.936150568182
182360
0.94677586411
182380
0.957566879735
182400
0.97138227983
182420
0.983673650568
182440
0.981536063763
182460
0.983723958333
182480
0.986470170455
182500
0.989050662879
182520
0.99355616714
182540
0.979502544981
182560
0.970429391572
182580
0.955964429451
182600
0.946058238636
182620
0.943226207386
182640
0.937455610795
182660
0.932517558396
182680
0.927948922822
182700
0.913128353851
182720
0.923545513731
182740
0.924291745581
182760
0.922191642992
182780
0.919062204072
182800
0.924884588068
182820
0.92021040483
182840
0.926392341383
182860
0.92920069839
182880
0.923837002841
182900
0.916503413037
182920
0.918495501894
182940
0.917504142992
182960
0.93063052399
182980
0.930815479009
183000
0.932797703598
183020
0.928798236269
183040
0.926217743845
183060
0.937835878314
183080
0.939633641098
183100
0.939769767992
183120
0.940642755682
183140
0.937837357955
183160
0.935473386206
183180
0.931750118371
183200
0.930288233902
183220
0.931121271307
183240
0.918807705966
183260
0.905021898674
183280
0.894253077652
183300
0.897912227746
183320
0.884206321023
183340
0.890354225852
183360
0.895170454545
183380
0.902034998422
183400
0.904942491319
183420
0.927712673611
183440
0.948124802715
183460
0.968084161932
183480
0.97421431108
183500
0.987852154356
183520
0.994229403409
183540
1.0
183560
1.0
183580
1.0
183600
1.0
183620
0.0944661458333
183640
0.0558184382891
183660
0.0557858862058
183680
0.0557661576705
183700
0.0557479087753
183720
0.486941189236
183740
1.0
183760
1.0
