116937
0.183329982384
116957
0.0561628753064
116977
0.0976811427696
116997
0.0542236328125
117017
0.0708855124081
117037
0.219451305913
117057
0.551524682138
117077
0.636971028646
117097
0.673779296875
117117
0.383700980392
117137
0.322726619945
117157
0.899845377604
117177
0.879032149969
117197
0.871048751532
117217
0.872156001072
117237
0.821925742953
117257
0.767430683211
117277
0.502546243107
117297
0.52367254519
117317
0.538513901654
117337
0.514449295343
117357
0.376355219822
117377
0.999969362745
117397
0.999969362745
117417
0.999625651042
117437
0.999041149663
117457
0.165838024663
117477
0.0597369025735
117497
0.149875057445
117517
0.352082854626
117537
0.369823261336
117557
0.264067765778
117577
0.278065640319
117597
0.291188438266
117617
0.294934800092
117637
0.454597981771
117657
0.431308880974
117677
0.405418007047
117697
0.402256146599
117717
0.408051853554
117737
0.370357019761
117757
0.318197571998
117777
0.257603783701
117797
0.302770278033
117817
0.324396829044
117837
0.34955145144
117857
0.139547909007
117877
0.119764859069
117897
0.104511335784
117917
0.103782264859
117937
0.147934857537
117957
0.12876886106
117977
0.124827186734
117997
0.122198127298
118017
0.109827378217
118037
0.128895239737
118057
0.338131414675
118077
0.0637446384804
118097
0.0656690410539
118117
0.258450137868
118137
0.184843175551
118157
0.0677035462623
118177
0.0655177696078
118197
0.0807023590686
118217
0.0486414292279
118237
0.0732149011949
118257
0.0438222847733
118277
0.0895321116728
118297
0.0529244217218
118317
0.0758497051164
118337
0.0718343098958
118357
0.056707165288
118377
0.0964408126532
118397
0.249530388327
118417
0.298739564185
118437
0.468234432445
118457
0.242329676011
118477
0.585021254596
118497
0.0511991613051
118517
0.0957203584559
118537
0.0966667624081
118557
0.116025677849
118577
0.126243202359
118597
0.130265299479
118617
0.18072533701
118637
0.294611194087
118657
0.367605411305
118677
0.134840782016
118697
0.574708467371
118717
0.435106943168
118737
0.266750440411
118757
0.997026271446
118777
0.999984681373
118797
0.187014590993
118817
0.0611811619179
118837
0.0595736634498
118857
0.049392041973
118877
0.423178040748
118897
0.0502944048713
118917
0.0587129480699
118937
0.0512925091912
118957
0.068918504902
118977
0.0526769301471
118997
0.0504399318321
119017
0.0592112821691
119037
0.837127087163
119057
0.0565937117034
119077
0.0562844669118
119097
0.0468314376532
119117
0.043936217065
119137
0.0463785807292
119157
0.0584467869179
119177
0.0946853936887
119197
0.0790331073836
119217
0.0989209941789
119237
0.12161841299
119257
0.0737232881434
119277
0.0985519109988
119297
0.149224494485
119317
0.194557100184
119337
0.108061427696
119357
0.0569632735907
119377
0.0676968443627
119397
0.0832026462929
119417
0.483578431373
119437
0.581497012868
119457
0.435490387561
119477
0.261038028493
119497
0.407668409161
119517
0.0488151999081
119537
0.0907284007353
119557
0.0645316329657
119577
0.0603534773284
119597
0.0590628829657
119617
0.0726921530331
119637
0.1404229856
119657
0.999854473039
119677
0.0431635837929
119697
0.0631543926164
119717
0.0637111289828
119737
0.117415364583
119757
0.12089508655
119777
0.138386086857
119797
0.10886517693
119817
0.121139227175
119837
0.894620768229
119857
0.145104262408
119877
0.108661247702
119897
0.110893458946
119917
0.111286477482
119937
0.110689529718
119957
0.67638202742
119977
0.642157820159
119997
0.63455212163
120017
0.546436504289
120037
0.480566884957
120057
0.353960343903
120077
0.326358092065
120097
0.301216873468
120117
0.316533107384
120137
0.353426585478
120157
0.349029660692
120177
0.295358934589
120197
0.295304361979
120217
0.243196614583
120237
0.268662396599
120257
0.318897920496
120277
1.0
120297
1.0
120317
1.0
120337
1.0
120357
0.507534849877
120377
0.197810393689
120397
0.14357622932
120417
0.144872089461
120437
0.143794998468
120457
0.142947686887
120477
0.13675848269
120497
0.136301317402
120517
0.140441176471
120537
0.109816846661
120557
0.120198089001
120577
0.107452512255
120597
0.0900634765625
120617
0.114048617494
120637
0.102525658701
120657
0.104868929994
120677
0.0999305874694
120697
0.0915603936887
120717
0.0986811619179
120737
0.132673674939
120757
0.190318148744
120777
0.183407054228
120797
0.173693129596
120817
0.177384918811
120837
0.2146484375
120857
0.220008042279
120877
0.172065525429
120897
0.105844056373
120917
0.164939491422
120937
0.354277726716
120957
0.318429266238
120977
0.317605411305
120997
0.266216203278
121017
0.23810747932
121037
0.270841471354
121057
0.300479185815
121077
0.285054764093
121097
0.29049431296
121117
0.234391754749
121137
0.25521216299
121157
0.274198644301
121177
0.102693206189
121197
0.145558076746
121217
0.0872553806679
121237
0.094486730239
121257
0.0966428270527
121277
0.0673622280944
121297
0.0788502412684
121317
0.087495691636
121337
0.105855066636
121357
0.0887173521752
121377
0.156331858915
121397
0.157837871477
121417
0.182646388634
121437
0.119919481464
121457
0.106175800398
121477
0.102900486366
121497
0.0926839192708
121517
0.113178806679
121537
0.0954666436887
121557
0.0575937308517
121577
0.0605282054228
121597
0.0706815831801
121617
0.0670874502145
121637
0.0637015548407
121657
0.057528626685
121677
0.0580327052696
121697
0.212103151808
121717
0.215443091299
121737
0.234312289369
121757
0.229840686275
121777
0.15778760723
121797
0.260010244332
121817
0.286056219363
121837
0.26686963848
121857
0.274625172335
121877
0.269730392157
121897
0.18821662454
121917
0.129933076746
121937
0.147156479779
121957
0.161578967525
121977
0.172523169424
121997
0.201576861213
122017
0.129819144455
122037
0.123866900276
122057
0.131610945159
122077
0.130349073223
122097
0.234748391544
122117
0.324329810049
122137
0.262597177543
122157
0.220829024969
122177
0.10665881587
122197
0.0760852290135
122217
0.0683253867953
122237
0.064515356924
122257
0.067622644761
122277
0.0628116383272
122297
0.113771924786
122317
0.294435987286
122337
0.236592850031
122357
0.250586894914
122377
0.256294519761
122397
0.219708850337
122417
0.186367378983
122437
0.2074151731
122457
0.186695293352
122477
0.181002508425
122497
0.264945714614
122517
0.290361711091
122537
0.234094477635
122557
0.243678672641
122577
0.116757621017
122597
0.0640371285233
122617
0.067977845435
122637
0.0923133999694
122657
0.0869073606005
122677
0.147712737439
122697
0.228023035386
122717
0.159105009191
122737
0.317328718597
122757
0.602347579657
122777
0.656030752145
122797
0.613300398284
122817
0.571217735141
122837
0.56376282935
122857
0.115191770067
122877
0.189424402574
122897
0.363579005821
122917
0.051966528799
122937
0.0719290939032
122957
0.0785405177696
122977
0.0880787568934
122997
0.104923502604
123017
0.0744107115502
123037
0.080433325674
123057
0.0963010301777
123077
0.0692253561581
123097
0.0714116115196
123117
0.345918543199
123137
0.314864813113
123157
0.311733111213
123177
0.156632486979
123197
0.142719343597
123217
0.144306257659
123237
0.119445082721
123257
0.142100375306
123277
0.136262542126
123297
0.131288775276
123317
0.10699486826
123337
0.115652765012
123357
0.115226236979
123377
0.100056966146
123397
0.0757453469669
123417
0.0896862553615
123437
0.101084271599
123457
0.09585870481
123477
0.0961377910539
123497
0.11334587546
123517
0.0993480009191
123537
0.0865224800858
123557
0.0957931219363
123577
0.120259842218
123597
0.0984145220588
123617
0.109028894761
123637
0.124505974265
123657
0.0961488013174
123677
0.106588924632
123697
0.0928040747549
123717
0.0959041819853
123737
0.101394952512
123757
0.29275524663
123777
0.29097254136
123797
0.118359853707
123817
0.140409581801
123837
0.211477002911
123857
0.791712143842
123877
0.180141793045
123897
0.0940702550551
123917
0.0782456341912
123937
0.0752240349265
123957
0.0579599417892
123977
0.0597819010417
123997
0.067373717065
124017
0.0549617991728
124037
0.0362644569547
124057
0.10648504519
124077
0.10582634421
124097
0.111564606311
124117
0.115744676777
124137
1.0
124157
1.0
124177
1.0
124197
1.0
124217
0.978856464461
124237
0.978889495251
124257
0.978889495251
124277
0.978889495251
124297
0.984539196538
124317
0.984556429994
124337
0.984556429994
124357
0.984556429994
124377
0.984556429994
124397
1.0
124417
0.975653913909
124437
0.975653913909
124457
0.975653913909
124477
0.975653913909
124497
1.0
124517
0.953355736826
124537
0.953354300705
124557
0.953354300705
124577
0.953354300705
124597
0.953354300705
124617
0.953354300705
124637
0.953354300705
124657
0.953354300705
124677
0.953354300705
124697
0.953354300705
124717
0.953354300705
124737
0.999594056373
124757
0.97788995481
124777
0.97788995481
124797
0.97788995481
124817
0.97788995481
124837
0.977921549479
124857
0.972375248928
124877
0.972375248928
124897
0.972375248928
124917
0.972375248928
124937
0.972375248928
124957
1.0
124977
0.977638633578
124997
0.977638633578
125017
0.977638633578
125037
0.977638633578
125057
0.960186887255
125077
0.96018114277
125097
0.960182578891
125117
0.960182578891
125137
0.960182578891
125157
0.960182578891
125177
0.960182578891
125197
0.960182578891
125217
0.966682942708
125237
0.966677198223
125257
0.966677198223
125277
0.966677198223
125297
0.966677198223
125317
0.966677198223
125337
0.966677198223
125357
0.966677198223
125377
0.966521618413
125397
0.966527362898
125417
0.966527362898
125437
0.966521618413
125457
0.966521618413
125477
0.966520182292
125497
0.981039368873
125517
0.981039368873
125537
0.981039368873
125557
0.941550819547
125577
0.941553691789
125597
0.941552255668
125617
0.941552255668
125637
0.941552255668
125657
0.941552255668
125677
0.941552255668
125697
0.941552255668
125717
0.941552255668
125737
0.941552255668
125757
0.941570925245
125777
0.996819469975
125797
0.94378973269
125817
0.94378973269
125837
0.94378973269
125857
0.94378973269
125877
0.94378973269
125897
0.94378973269
125917
0.94378973269
125937
0.94378973269
125957
0.974660596661
125977
0.974726658241
125997
0.974726658241
126017
0.974726658241
126037
0.974726658241
126057
0.954697552849
126077
0.954776539522
126097
0.954776539522
126117
0.954776539522
126137
0.954776539522
126157
1.0
126177
0.992107555913
126197
0.992107555913
126217
0.999996170343
126237
1.0
126257
1.0
126277
1.0
126297
1.0
126317
1.0
126337
1.0
126357
1.0
126377
1.0
126397
1.0
126417
0.999908088235
126437
0.999908088235
126457
0.999908088235
126477
0.999908088235
126497
1.0
126517
1.0
