151258
0.802781191479
151278
0.774329939139
151298
0.774372854245
151318
0.77410999922
151338
0.798208781991
151358
0.799802980649
151378
0.695523174157
151398
0.695971832085
151418
0.693859238452
151438
0.798937363452
151458
0.798705719413
151478
0.626134811954
151498
0.627116495006
151518
0.626290379213
151538
0.800783200687
151558
0.803623400437
151578
0.796852567104
151598
0.796491690075
151618
0.797862535112
151638
0.795121820381
151658
0.793165769351
151678
0.793562734082
151698
0.787446356117
151718
0.780804755774
151738
0.775700784176
151758
0.777524676186
151778
0.781921523876
151798
0.802016522316
151818
0.789550659332
151838
0.784367197253
151858
0.779131066635
151878
0.775348685237
151898
0.775141424782
151918
0.811233516698
151938
0.802090160737
151958
0.809303799938
151978
0.802797284644
151998
0.808457201935
152018
0.795099387484
152038
0.788607990012
152058
0.768647588951
152078
0.764683306024
152098
0.758381612828
152118
0.768403753121
152138
0.769327403246
152158
0.753401997503
152178
0.75103971598
152198
0.749074399189
152218
0.748729127653
152238
0.744192805868
152258
0.732176576155
152278
0.735567844881
152298
0.750176537141
152318
0.741589614544
152338
0.729448540886
152358
0.745056472378
152378
0.724511840668
152398
0.755380969101
152418
0.736986969413
152438
0.72470642166
152458
0.735140156835
152478
0.735984804151
152498
0.737343457397
152518
0.734676868758
152538
0.721143004838
152558
0.717802941635
152578
0.720962078652
152598
0.721275651529
152618
0.72084406211
152638
0.717194327403
152658
0.7161068196
152678
0.712483906835
152698
0.713598724251
152718
0.710485916042
152738
0.713158356742
152758
0.713819639513
152778
0.712105961298
152798
0.70922235877
152818
0.710382041979
152838
0.715170002341
152858
0.723355571161
152878
0.735069444444
152898
0.740307525749
152918
0.739966643258
152938
0.748291198502
152958
0.752466155587
152978
0.77226269897
152998
0.775346734551
153018
0.779022803527
153038
0.762957923689
153058
0.761827988452
153078
0.758018297441
153098
0.755552629526
153118
0.74756212937
153138
0.739787667759
153158
0.723730590668
153178
0.717010475187
153198
0.716057564763
153218
0.7100065348
153238
0.70936329588
153258
0.717840980025
153278
0.699833703964
153298
0.725601786829
153318
0.721533629838
153338
0.72146681882
153358
0.724252399345
153378
0.736130130306
153398
0.744446395131
153418
0.762956948346
153438
0.750206285112
153458
0.721866709582
153478
0.721428292759
153498
0.721449750312
153518
0.719394214263
153538
0.717472787921
153558
0.719249863452
153578
0.715078320069
153598
0.711244733146
153618
0.702977235487
153638
0.703330797441
153658
0.702496878901
153678
0.70068127731
153698
0.706001775125
153718
0.704905489232
153738
0.706169534176
153758
0.707086356898
153778
0.705504837703
153798
0.706820575843
153818
0.705809144819
153838
0.708409897784
153858
0.710209406211
153878
0.709315991729
153898
0.707050756866
153918
0.710489329744
153938
0.710082123908
153958
0.712178624376
153978
0.715529416355
153998
0.712484882179
154018
0.71157488686
154038
0.712231292915
154058
0.710392770755
154078
0.709444737047
154098
0.711241807116
154118
0.711705582865
154138
0.723347768414
154158
0.71939909098
154178
0.709525690543
154198
0.710662940855
154218
0.712872581149
154238
0.717060705368
154258
0.720210088951
154278
0.71420928917
154298
0.716809066792
154318
0.71773954432
154338
0.717060217697
154358
0.711946492665
154378
0.716577422753
154398
0.713546055712
154418
0.71364846676
154438
0.713349524032
154458
0.715138303683
154478
0.713353425406
154498
0.718668071161
154518
0.716662277622
154538
0.714836922597
154558
0.720395891854
154578
0.71742548377
154598
0.71820088171
154618
0.720436856273
154638
0.716519877497
154658
0.708659585674
154678
0.710107970506
154698
0.71052931882
154718
0.710387894039
154738
0.705007900281
154758
0.702699750312
154778
0.706459211142
154798
0.706398739856
154818
0.703401509831
154838
0.711365675718
154858
0.711115500156
154878
0.711653401998
154898
0.714336083801
154918
0.713799644975
154938
0.70705758427
154958
0.710411302278
154978
0.70863178839
154998
0.710754623127
155018
0.713001814139
155038
0.712730668695
155058
0.713622620162
155078
0.71847105181
155098
0.711003823346
155118
0.710376677591
155138
0.71774247035
155158
0.717542037297
155178
0.716349680087
155198
0.717922421192
155218
0.717758563514
155238
0.720436856273
155258
0.715625487672
155278
0.714266346754
155298
0.717518141386
155318
0.723588678215
155338
0.720458801498
155358
0.715798123439
155378
0.717414754994
155398
0.719138674313
155418
0.718649539638
155438
0.716631554307
155458
0.717009499844
155478
0.718519331305
155498
0.721192259675
155518
0.721356117353
155538
0.724175834894
155558
0.723596968633
155578
0.725053643883
155598
0.728250819288
155618
0.726299644975
155638
0.726064587235
155658
0.725049742509
155678
0.727011157928
155698
0.725734433521
155718
0.725165808365
155738
0.724323599407
155758
0.719660970662
155778
0.715409449126
155798
0.713589946161
155818
0.712387347846
155838
0.709714419476
155858
0.709660287921
155878
0.709634928995
155898
0.710018726592
155918
0.705180048377
155938
0.697585537609
155958
0.701435217697
155978
0.702858731273
155998
0.703721422441
156018
0.705031308521
156038
0.709153597066
156058
0.707197058365
156078
0.710601494226
156098
0.704568995787
156118
0.710950667135
156138
0.713471441948
156158
0.71028840902
156178
0.718834367197
156198
0.721132763733
156218
0.71691440387
156238
0.715564041042
156258
0.719329353933
156278
0.72464741339
156298
0.716407225343
156318
0.718156015918
156338
0.71471744304
156358
0.7125911946
156378
0.716463307584
156398
0.713685529806
156418
0.715422616261
156438
0.719815562578
156458
0.722645521223
156478
0.720035502497
156498
0.72321414638
156518
0.72033883427
156538
0.723175132647
156558
0.724249473315
156578
0.722709893883
156598
0.720367119226
156618
0.725298942728
156638
0.72368426186
156658
0.715716682272
156678
0.712263966916
156698
0.713588970818
156718
0.708450862203
156738
0.712310295724
156758
0.714024949282
156778
0.712863315387
156798
0.716431121255
156818
0.725645189607
156838
0.720490500156
156858
0.725014142478
156878
0.723917368914
156898
0.715037843321
156918
0.718503725811
156938
0.726369382022
156958
0.717627867509
156978
0.715949789326
156998
0.715881515293
157018
0.719877984551
157038
0.72107911985
157058
0.719681940543
157078
0.727060412765
157098
0.720889903246
157118
0.715652797285
157138
0.709873888109
157158
0.709321843789
157178
0.709009733926
157198
0.707080504838
157218
0.706221715044
157238
0.705958372347
157258
0.731381183677
157278
0.730525807584
157298
0.718148700843
157318
0.726089458489
157338
0.697744518571
157358
0.706466526217
157378
0.706104186174
157398
0.709443274032
157418
0.706595759207
157438
0.711661692416
157458
0.709154084738
157478
0.709393043851
157498
0.711891873439
157518
0.719204022316
157538
0.718021906211
157558
0.721194698034
157578
0.72603971598
157598
0.731204158864
157618
0.744879447566
157638
0.745293968477
157658
0.748132217541
157678
0.749446492665
157698
0.749367489856
157718
0.753428331773
157738
0.766659351592
157758
0.770510494694
157778
0.767857560861
157798
0.98841340902
157818
0.986682662297
157838
0.983559125312
157858
0.978743367665
157878
0.977553936486
157898
0.974512816011
157918
0.972008622035
157938
0.966950491573
157958
0.956440679619
157978
0.95262855025
157998
0.944646828184
158018
0.938029123752
158038
0.92894428839
158058
0.922098841292
158078
0.920521223471
158098
0.919044066011
158118
0.919299605961
158138
0.912264454588
158158
0.909904123752
158178
0.90196190309
158198
0.897937636548
158218
0.882486735331
158238
0.876227957241
158258
0.869666822722
158278
0.868544202559
158298
0.861058442572
158318
0.854165691323
158338
0.843333528402
158358
0.845934281367
158378
0.84449613764
158398
0.855393160893
158418
0.86708752731
158438
0.871643355961
158458
0.881356800094
158478
0.888238822566
158498
0.894620006242
158518
0.905503374688
158538
0.909169202559
158558
0.921939372659
158578
0.923821297597
158598
0.923912004526
158618
0.9213639201
158638
0.91927863608
158658
0.91053224485
158678
0.910443000936
158698
0.907465765449
158718
0.904409039482
158738
0.905658941948
158758
0.901445458801
158778
0.900481331929
158798
0.90349806882
158818
0.89620542681
158838
0.896700413546
158858
0.906636723627
158878
0.901125546192
158898
0.911404689451
158918
0.904571434145
158938
0.916225323814
158958
0.916881729869
158978
0.91600392088
158998
0.919273271692
159018
0.921662862828
159038
0.932620845037
159058
0.93736198892
159078
0.942025105337
159098
0.951762933052
159118
0.955950081929
159138
0.965427005306
159158
0.962306882022
159178
0.958590336298
159198
0.956974192416
159218
0.954554853308
159238
0.952392517166
159258
0.945265195849
159278
0.937374180712
159298
0.919568313046
159318
0.915576720506
159338
0.909666627653
159358
0.897212468789
159378
0.891224836142
159398
0.890690835674
159418
0.888268570537
159438
0.891125351124
159458
0.88477440309
159478
0.887959874376
159498
0.895982560861
159518
0.896162024032
159538
0.897568956773
159558
0.909311115012
159578
0.911654865012
159598
0.909246254682
159618
0.913205173221
159638
0.912743348159
159658
0.919513206149
159678
0.933300659332
159698
0.934956792291
159718
0.932456012016
159738
0.943506651841
159758
0.930281971754
159778
0.932173650125
159798
0.924927824594
159818
0.937399539638
159838
0.928797986891
159858
0.93539423377
159878
0.933089985175
159898
0.926701486423
159918
0.922066167291
159938
0.921869635612
159958
0.917668831929
159978
0.920632900281
159998
0.91707874922
160018
0.92889161985
160038
0.922704041823
160058
0.925712975968
160078
0.935309866573
160098
0.930932525749
160118
0.938910834114
160138
0.935834113608
160158
0.928561953808
160178
0.913805497035
160198
0.926745864544
160218
0.933265059301
160238
0.92332582319
160258
0.922626502029
160278
0.934696863296
160298
0.933175815387
160318
0.938164208801
160338
0.942016814919
160358
0.953155235643
160378
0.960516151685
160398
0.97626892166
160418
0.97887406367
160438
0.981125156055
160458
0.989842774657
160478
0.99999707397
160498
1.0
160518
1.0
160538
1.0
160558
0.766806628433
160578
0.0942659566167
160598
0.0937402465668
160618
0.091226786829
160638
0.0905103971598
160658
0.999999512328
160678
1.0
160698
1.0
160718
1.0
160738
1.0
160758
1.0
160778
1.0
160798
1.0
160818
1.0
160838
1.0
