140064
0.274216806592
140084
0.275696225902
140104
0.270042366294
140124
0.258310012438
140144
0.252304395989
140164
0.204466437345
140184
0.193827736318
140204
0.198171738961
140224
0.208815784359
140244
0.207188666045
140264
0.326648495802
140284
0.326763156872
140304
0.32500728778
140324
0.138209829757
140344
0.140553579757
140364
0.140172671797
140384
0.141121540734
140404
0.137963016947
140424
0.335364194652
140444
0.331989466729
140464
0.323979710821
140484
0.314893306903
140504
0.32449714319
140524
0.298014322917
140544
0.306995296953
140564
0.289625116604
140584
0.28995355255
140604
0.290033232276
140624
0.124347986629
140644
0.177166899876
140664
0.196751593595
140684
0.189910797575
140704
0.185702833489
140724
0.170111357276
140744
0.158036477767
140764
0.157300412002
140784
0.145356712531
140804
0.142801616915
140824
0.130846742848
140844
0.160886485541
140864
0.0799416005908
140884
0.0785476912313
140904
0.080418221393
140924
0.0822474541356
140944
0.0824437383396
140964
0.0828708022388
140984
0.0836724580224
141004
0.0837453358209
141024
0.0845314443408
141044
0.0845800295398
141064
0.0848064365672
141084
0.085890372357
141104
0.0852670242537
141124
0.0856960315609
141144
0.0860443874378
141164
0.0858636504975
141184
0.0861046330846
141204
0.086914548352
141224
0.0874621035448
141244
0.0875782221704
141264
0.0875660758706
141284
0.0877657610386
141304
0.0877176616915
141324
0.0874611318408
141344
0.0884823927239
141364
0.0881981693097
141384
0.088230235541
141404
0.0890085704291
141424
0.0893311761505
141444
0.0893583838619
141464
0.0891552977301
141484
0.243119849969
141504
0.896754994558
141524
1.0
141544
0.990368470149
141564
0.990387904229
141584
0.990395192009
141604
0.990406366604
141624
0.991439287935
141644
1.0
141664
0.993032396611
141684
0.992739913713
141704
0.992737484453
141724
0.992755946828
141744
1.0
141764
0.994009930815
141784
0.99386951959
141804
0.993858830846
141824
0.994218361318
141844
1.0
141864
0.995222617382
141884
0.995187150187
141904
0.995902810168
141924
0.996176344838
141944
0.995004469838
141964
0.995003498134
141984
0.99630849658
142004
0.996125816231
142024
0.995747823383
142044
0.995743936567
142064
0.997309837531
142084
0.996812325093
142104
0.996603408738
142124
0.996692805504
142144
1.0
142164
0.995215815454
142184
0.995083177861
142204
0.995291122512
142224
1.0
142244
0.9943480838
142264
0.994469546797
142284
0.995080262749
142304
0.992851173818
142324
0.98859365283
142344
0.988545067631
142364
0.98865001166
142384
1.0
142404
0.98640634717
142424
0.986347073228
142444
0.986348044932
142464
0.990093477923
142484
0.985558535448
142504
0.98445079291
142524
0.984456623134
142544
0.984461967506
142564
0.986154189988
142584
0.984693233053
142604
0.983541277985
142624
0.983521843905
142644
0.983554395989
142664
0.985371968284
142684
0.990987445585
142704
0.989711112407
142724
0.989704796331
142744
0.989704796331
142764
0.990747920553
142784
0.993040170243
142804
0.990871812811
142824
0.990860638215
142844
0.991197819496
142864
1.0
142884
0.981125136039
142904
0.980498386971
142924
0.980498386971
142944
0.980502273787
142964
0.991204135572
142984
0.971096665112
143004
0.969848997201
143024
0.969875233209
143044
0.969879120025
143064
1.0
143084
0.983679745802
143104
0.983361512749
143124
0.983352281561
143144
0.983353739117
143164
0.990061897544
143184
0.989518229167
143204
0.989055698072
143224
0.989047438588
143244
0.989047438588
143264
0.99074209033
143284
0.994686236785
143304
0.994029850746
143324
0.994024020522
143344
0.994408815299
143364
0.995175489739
143384
0.989399195429
143404
0.989427860697
143424
0.989435148476
143444
1.0
143464
0.987732723103
143484
0.98729497046
143504
0.98729497046
143524
0.98729497046
143544
1.0
143564
0.993578494248
143584
0.993461403918
143604
0.993461403918
143624
0.99463133551
143644
0.98888176306
143664
0.987872648476
143684
0.987836209577
143704
0.988751554726
143724
0.981362717662
143744
0.974278995647
143764
0.974289198539
143784
0.974289198539
143804
0.975484880286
143824
1.0
143844
0.993783037935
143864
0.993818019279
143884
0.993812674907
143904
0.994048313122
143924
1.0
143944
0.979524739583
143964
0.979419795553
143984
0.979419795553
144004
0.979543687811
144024
1.0
144044
0.97819836365
144064
0.977838347326
144084
0.977806766947
144104
0.977826686878
144124
1.0
144144
0.985405977923
144164
0.985098433613
144184
0.985070254198
144204
0.985069768346
144224
0.993940939832
144244
0.990414626088
144264
0.990086675995
144284
0.990089105255
144304
0.990081331623
144324
1.0
144344
0.986947586287
144364
0.986349502488
144384
0.986349502488
144404
0.986349502488
144424
0.988827347637
144444
0.991725940609
144464
0.991478156095
144484
0.991622939988
144504
0.991645775031
144524
0.993243256374
144544
0.984177744092
144564
0.981960801461
144584
0.98194816931
144604
0.981949626866
144624
0.984274428638
144644
1.0
144664
0.99773933069
144684
0.992315279073
144704
0.986953416511
144724
0.981021163713
144744
0.97441892102
144764
0.965264011971
144784
0.956163518346
144804
0.945459713153
144824
0.937665675529
144844
0.930616934857
144864
0.92137700171
144884
0.91290520056
144904
0.906282066231
144924
0.90760018268
144944
0.905938083022
144964
0.902028432058
144984
0.898484141791
145004
0.901553268812
145024
0.904866779384
145044
0.91055659204
145064
0.909502293221
145084
0.913601426461
145104
0.916473297575
145124
0.915846548507
145144
0.917484355566
145164
0.917549945585
145184
0.916852262127
145204
0.92000252643
145224
0.929986298974
145244
0.928204193874
145264
0.925085024098
145284
0.923883997979
145304
0.927669756685
145324
0.926131063433
145344
0.923658562655
145364
0.92479739972
145384
0.918782066231
145404
0.921553365983
145424
0.925584479944
145444
0.921331331623
145464
0.916493217506
145484
0.914717914335
145504
0.90926276819
145524
0.907161944185
145544
0.907542366294
145564
0.902838833178
145584
0.902890333489
145604
0.897355507618
145624
0.902715912624
145644
0.906293726679
145664
0.90419193097
145684
0.90654053949
145704
0.910933613184
145724
0.910578455379
145744
0.918543027052
145764
0.91992916278
145784
0.922107723103
145804
0.927348122668
145824
0.93232907727
145844
0.928701706312
145864
0.934138390081
145884
0.932098297575
145904
0.935275283738
145924
0.939259270056
145944
0.936030783582
145964
0.939201939521
145984
0.936748386971
146004
0.939170359142
146024
0.937638467817
146044
0.932257657027
146064
0.928762437811
146084
0.928066211909
146104
0.929454776897
146124
0.922621754509
146144
0.916523826182
146164
0.907956312189
146184
0.905328338775
146204
0.899524350902
146224
0.900206001244
146244
0.907583663713
146264
0.90124523865
146284
0.90322022699
146304
0.904771552394
146324
0.906276721859
146344
0.903235288402
146364
0.905611590485
146384
0.915745977146
146404
0.919522990516
146424
0.91238048041
146444
0.913678676928
146464
0.908821614583
146484
0.91133784204
146504
0.909979885728
146524
0.910737814832
146544
0.90915782416
146564
0.913037352301
146584
0.913910428327
146604
0.917588327892
146624
0.918913732121
146644
0.917149603545
146664
0.924970848881
146684
0.932842136971
146704
0.935555134484
146724
0.936916977612
146744
0.941139517257
146764
0.93986318408
146784
0.943672263682
146804
0.9398558963
146824
0.932479205535
146844
0.92958255597
146864
0.9302855838
146884
0.928914023632
146904
0.931573577425
146924
0.926330748601
146944
0.920295009328
146964
0.921318699471
146984
0.922611065765
147004
0.923621637904
147024
0.922307894123
147044
0.920221645678
147064
0.92138671875
147084
0.927116371269
147104
0.921074801772
147124
0.914342836598
147144
0.920967428483
147164
0.914637748756
147184
0.914041608364
147204
0.911422866138
147224
0.911047788402
147244
0.911614291822
147264
0.910114466729
147284
0.911386913091
147304
0.91062509717
147324
0.911462220149
147344
0.911088114117
147364
0.91952639148
147384
0.917522252021
147404
0.921134561567
147424
0.927335976368
147444
0.928215854322
147464
0.92508065143
147484
0.923345673974
147504
0.921929415423
147524
0.923661963619
147544
0.924922263682
147564
0.921420728389
147584
0.924093886039
147604
0.91963376477
147624
0.915063840951
147644
0.911075967817
147664
0.907284864739
147684
0.910707206157
147704
0.91415286847
147724
0.915178016169
147744
0.918761174596
147764
0.917299245958
147784
0.912287196828
147804
0.910907377177
147824
0.91218273865
147844
0.908591806592
147864
0.908763312345
147884
0.911856731965
147904
0.915068699471
147924
0.913800625777
147944
0.917604361007
147964
0.922249591884
147984
0.922135902519
148004
0.922895775031
148024
0.917920164801
148044
0.918022679571
148064
0.921473200404
148084
0.921045164801
148104
0.921246793377
148124
0.92715815454
148144
0.91515129431
148164
0.90568349658
148184
0.896886174596
148204
0.894886407805
148224
0.890801850124
148244
0.885399175995
148264
0.88347665967
148284
0.883155997357
148304
0.883630674751
148324
0.872157765858
148344
0.875526663557
148364
0.863154442631
148384
0.871152052239
148404
0.878227028918
148424
0.881980235541
148444
0.874772621269
148464
0.878775555815
148484
0.887363961443
148504
0.878864952581
148524
0.889212142413
148544
0.880140799907
148564
0.892329368781
148584
0.878836287313
148604
0.889191736629
148624
0.892254547575
148644
0.893006646455
148664
0.895908640392
148684
0.89435294232
148704
0.89708488806
148724
0.883079232743
148744
0.894373833955
148764
0.895617129198
148784
0.901927374845
148804
0.902996735075
148824
0.905829252177
148844
0.90779792444
148864
0.902252409826
148884
0.90067144745
148904
0.893039198539
148924
0.892537313433
148944
0.900996968284
148964
0.908980002332
148984
0.920020017102
149004
0.917088386194
149024
0.922041647233
149044
0.912863417289
149064
0.905541141947
149084
0.902465212998
149104
0.910559507152
149124
0.905806902985
149144
0.910128556437
149164
0.901003770211
149184
0.904436800373
149204
0.880623250933
149224
0.873357334422
149244
0.878348006063
149264
0.879295417444
149284
0.886963133551
149304
0.905018851057
149324
0.917381840796
149344
0.91795174518
149364
0.927478816853
149384
0.93739505597
149404
0.951138351213
149424
0.961996657338
149444
0.980681553172
149464
1.0
149484
1.0
149504
0.980563491138
149524
0.980152460354
149544
0.980164606654
149564
0.980163149098
149584
0.980147601835
149604
0.980168007618
149624
0.983879916822
149644
1.0
