135727
0.179082414216
135747
0.202778416054
135767
0.182117417279
135787
0.114403339461
135807
0.0935202205882
135827
0.0835784313725
135847
0.0756318933824
135867
0.0745002297794
135887
0.0796989889706
135907
0.0652822457108
135927
0.0534103094363
135947
0.067897901348
135967
0.0527362898284
135987
0.0523226868873
136007
0.0593998927696
136027
0.0575042126225
136047
0.0574869791667
136067
0.0592026654412
136087
0.0876857383578
136107
0.0857900582108
136127
0.0855124080882
136147
0.0840035232843
136167
0.0826095281863
136187
0.071218213848
136207
0.0708563112745
136227
0.0732823988971
136247
0.0520354626225
136267
0.0515835631127
136287
0.0496457567402
136307
0.0496553308824
136327
0.0509133731618
136347
0.0494102328431
136367
0.0521235447304
136387
0.0861672794118
136407
0.0873085171569
136427
0.0864449295343
136447
0.0880208333333
136467
0.0830365349265
136487
0.0849800857843
136507
0.0888844209559
136527
0.0526520373775
136547
0.0517999387255
136567
0.0520756740196
136587
0.0521905637255
136607
0.0517041973039
136627
0.0518229166667
136647
0.0526960784314
136667
0.054074754902
136687
0.0540077359069
136707
0.0528224571078
136727
0.0537090226716
136747
0.0541513480392
136767
0.0537626378676
136787
0.0537128523284
136807
0.0525352328431
136827
0.0498678768382
136847
0.0513901654412
136867
0.0522652420343
136887
0.0518631280637
136907
0.0528377757353
136927
0.0535117953431
136947
0.0534141390931
136967
0.052414598652
136987
0.0508003982843
137007
0.0498142616422
137027
0.0522575827206
137047
0.0512005974265
137067
0.052077588848
137087
0.0517118566176
137107
0.106707643995
137127
0.111173023897
137147
0.091002221201
137167
0.0942612591912
137187
0.0905292585784
137207
0.0498908547794
137227
0.0549613204657
137247
0.0559378829657
137267
0.0553806678922
137287
0.0532169117647
137307
0.0549325980392
137327
0.0535807291667
137347
0.0486366421569
137367
0.0497721354167
137387
0.0534581801471
137407
0.0527267156863
137427
0.10380859375
137447
0.118772977941
137467
0.0530828737745
137487
0.0536956188725
137507
0.111626838235
137527
0.111004518995
137547
0.10939989277
137567
0.0975375306373
137587
0.105415134804
137607
0.104880897672
137627
0.106297870711
137647
0.0545840992647
137667
0.0550091911765
137687
0.0553519454657
137707
0.0539962469363
137727
0.0547545189951
137747
0.0587737438725
137767
0.0543466605392
137787
0.0555472579657
137807
0.11201171875
137827
0.108385033701
137847
0.10804419424
137867
0.104534313725
137887
0.109637331495
137907
0.113340609681
137927
0.112249157475
137947
0.113407628676
137967
0.108262484681
137987
0.0553787530637
138007
0.0560948988971
138027
0.0573682598039
138047
0.0581878063725
138067
0.0577837775735
138087
0.0565065870098
138107
0.0578661151961
138127
0.0577627144608
138147
0.0564280790441
138167
0.125955499387
138187
0.127428002451
138207
0.136161534926
138227
0.0822437959559
138247
0.0751206341912
138267
0.054758348652
138287
0.0537549785539
138307
0.0541934742647
138327
0.0532456341912
138347
0.0544979319853
138367
0.0558995863971
138387
0.0555836397059
138407
0.112607230392
138427
0.11195044424
138447
0.112674249387
138467
0.113053385417
138487
0.11162109375
138507
0.11018114277
138527
0.0970186121324
138547
0.120297181373
138567
0.195526960784
138587
0.342627910539
138607
0.76291551777
138627
1.0
138647
1.0
138667
1.0
138687
1.0
138707
1.0
138727
1.0
138747
1.0
138767
1.0
138787
1.0
138807
1.0
138827
1.0
138847
1.0
138867
0.989510569853
138887
0.941048177083
138907
0.893083639706
138927
0.847660079657
138947
0.79951171875
138967
0.753892846201
138987
0.71995825674
139007
0.694680606618
139027
0.693820848652
139047
0.68323950674
139067
0.651991421569
139087
0.667086014093
139107
0.68519263174
139127
0.691829427083
139147
0.707672717525
139167
0.711808746936
139187
0.706223192402
139207
0.699578737745
139227
0.648385799632
139247
0.614970128676
139267
0.609736902574
139287
0.601279105392
139307
0.599163219975
139327
0.617922794118
139347
0.608038449755
139367
0.603437117034
139387
0.602996706495
139407
0.595597809436
139427
0.609309895833
139447
0.61149854473
139467
0.616980698529
139487
0.61441674326
139507
0.620425474877
139527
0.647483915441
139547
0.643328737745
139567
0.650612745098
139587
0.671578201593
139607
0.703389246324
139627
0.708689491422
139647
0.71936083027
139667
0.705208333333
139687
0.719956341912
139707
0.723818550858
139727
0.694649969363
139747
0.691425398284
139767
0.711770450368
139787
0.694410615809
139807
0.690760952819
139827
0.693638939951
139847
0.715104166667
139867
0.745829503676
139887
0.773579197304
139907
0.802879901961
139927
0.835114123775
139947
0.854187729779
139967
0.87429151348
139987
0.882791436887
140007
0.897426470588
140027
0.891645603554
140047
0.920038679534
140067
0.918897441789
140087
0.917059206495
140107
0.91877489277
140127
0.922372855392
140147
0.934926470588
140167
0.926845894608
140187
0.892633655025
140207
0.868474264706
140227
0.834286917892
140247
0.821635646446
140267
0.789845664828
140287
0.747834329044
140307
0.718520220588
140327
0.683438648897
140347
0.651328890931
140367
0.615508195466
140387
0.607818244485
140407
0.621202895221
140427
0.646779258578
140447
0.651652496936
140467
0.650557215074
140487
0.663970588235
140507
0.676729090074
140527
0.67750268076
140547
0.693742340686
140567
0.711713005515
140587
0.729811963848
140607
0.739767156863
140627
0.727542892157
140647
0.716373697917
140667
0.698309206495
140687
0.694623161765
140707
0.688826976103
140727
0.689734604779
140747
0.688093596814
140767
0.67600145527
140787
0.652818627451
140807
0.641569010417
140827
0.64898705576
140847
0.647439874387
140867
0.653904335172
140887
0.673280484069
140907
0.673630897672
140927
0.663139552696
140947
0.637766161152
140967
0.644209558824
140987
0.643527879902
141007
0.634487974877
141027
0.641557521446
141047
0.645473345588
141067
0.636383655025
141087
0.621549479167
141107
0.620469515931
141127
0.59938916973
141147
0.610079656863
141167
0.60416283701
141187
0.595712699142
141207
0.593426393995
141227
0.59280981924
141247
0.592491957721
141267
0.592313878676
141287
0.596530330882
141307
0.604444316789
141327
0.606405101103
141347
0.630378753064
141367
0.655597043505
141387
0.680263863358
141407
0.683867570466
141427
0.688564644608
141447
0.66662645527
141467
0.660154335172
141487
0.66530713848
141507
0.659417126225
141527
0.65543236826
141547
0.65755591299
141567
0.650507429534
141587
0.629716222426
141607
0.608745021446
141627
0.602500765931
141647
0.619941023284
141667
0.642093673407
141687
0.634786688113
141707
0.627881816789
141727
0.634032245711
141747
0.647003293505
141767
0.654756433824
141787
0.670823759191
141807
0.688489966299
141827
0.699550015319
141847
0.699783624387
141867
0.689418658088
141887
0.679316023284
141907
0.680489813113
141927
0.689043351716
141947
0.684110753676
141967
0.67630591299
141987
0.664388020833
142007
0.632730162377
142027
0.625656786152
142047
0.633907781863
142067
0.625484451593
142087
0.62199754902
142107
0.64534888174
142127
0.645818014706
142147
0.644481464461
142167
0.624004289216
142187
0.63519263174
142207
0.639539292279
142227
0.642051547181
142247
0.655353860294
142267
0.665778186275
142287
0.6740234375
142307
0.689573759191
142327
0.67294921875
142347
0.692327282475
142367
0.709189261642
142387
0.727519914216
142407
0.724247472426
142427
0.733333333333
142447
0.714154411765
142467
0.696754365809
142487
0.706650199142
142507
0.693367034314
142527
0.681428079044
142547
0.682881433824
142567
0.669355085784
142587
0.668951056985
142607
0.672688802083
142627
0.65791015625
142647
0.681688495711
142667
0.692243030025
142687
0.689765242034
142707
0.684099264706
142727
0.677776501225
142747
0.697767310049
142767
0.716749004289
142787
0.703965609681
142807
0.71296338848
142827
0.727902879902
142847
0.716417738971
142867
0.732084865196
142887
0.751397824755
142907
0.744355085784
142927
0.756297870711
142947
0.750624234069
142967
0.748636642157
142987
0.764753753064
143007
0.745496323529
143027
0.764604396446
143047
0.775130208333
143067
0.766299019608
143087
0.748701746324
143107
0.758857996324
143127
0.738951439951
143147
0.724758731618
143167
0.713980162377
143187
0.695976945466
143207
0.683492264093
143227
0.635948988971
143247
0.606066176471
143267
0.620886948529
143287
0.645205269608
143307
0.667195159314
143327
0.717629825368
143347
0.712557444853
143367
0.71744408701
143387
0.726097196691
143407
0.745253140319
143427
0.763468903186
143447
0.781761259191
143467
0.752602251838
143487
0.758499923407
143507
0.755001531863
143527
0.727885646446
143547
0.734721583946
143567
0.729457720588
143587
0.734763710172
143607
0.769826133578
143627
0.801434206495
143647
0.823033471201
143667
0.852899050245
143687
0.85211205576
143707
0.854909620098
143727
0.870917585784
143747
0.893175551471
143767
0.92258348652
143787
0.939225260417
143807
0.933118872549
143827
0.936142386642
143847
0.933563112745
143867
0.923150275735
143887
0.937318091299
143907
0.939091222426
143927
0.944092754289
143947
0.93668236826
143967
0.939815027574
143987
0.951897594975
144007
0.936467907475
144027
0.920528875613
144047
0.920130591299
144067
0.912028952206
144087
0.913671875
144107
0.892666207108
144127
0.844864430147
144147
0.806119791667
144167
0.749391084559
144187
0.705803844975
144207
0.69361596201
144227
0.65638403799
144247
0.646086090686
144267
0.660104549632
144287
0.628513710172
144307
0.632548253676
144327
0.652715226716
144347
0.702129289216
144367
0.76353783701
144387
0.769745710784
144407
0.741666666667
144427
0.702006740196
144447
0.614621629902
144467
0.544353170956
144487
0.506173406863
144507
0.464983532475
144527
0.453647748162
144547
0.454900045956
144567
0.456474034926
144587
0.461837469363
144607
0.464432061887
144627
0.465291819853
144647
0.461870021446
144667
0.458733532475
144687
0.457400811887
144707
0.500911458333
144727
0.472227328431
144747
0.453538602941
144767
0.448533241422
144787
0.463137637868
144807
0.466681985294
144827
0.463038066789
144847
0.462090226716
144867
0.466789215686
144887
0.465148207721
144907
0.464359298407
144927
0.467917049632
144947
0.461494715074
144967
0.46087622549
144987
0.467018995098
145007
0.466770067402
145027
0.464267386642
145047
0.460866651348
145067
0.473259420956
145087
0.549934895833
145107
0.796007582721
145127
0.999678308824
145147
1.0
145167
0.978038832721
145187
0.97825903799
145207
0.978268612132
145227
0.978237974877
145247
0.979132199755
145267
0.976097196691
145287
0.976960784314
145307
0.976972273284
145327
0.976981847426
145347
0.96624731924
145367
0.971285232843
145387
0.971603094363
145407
0.971601179534
145427
0.967319623162
145447
0.974617034314
145467
0.975275735294
145487
0.975394454657
145507
0.975381050858
145527
0.98181104473
145547
0.977751608456
145567
0.977897135417
145587
0.977973728554
145607
0.977973728554
145627
1.0
145647
0.953379672181
145667
0.953347120098
145687
0.953973268995
145707
0.954113051471
