132787
0.0414480220376
132807
0.0382616811175
132827
0.11851592606
132847
0.113644779624
132867
0.060710952553
132887
0.071707535525
132907
0.0702537933526
132927
0.0587980942919
132947
0.0527836735308
132967
0.100387614403
132987
0.0686265655106
133007
0.0579253973988
133027
0.0630663686175
133047
0.061948684369
133067
0.0561754877168
133087
0.0561265655106
133107
0.100552444605
133127
0.110496071171
133147
0.106569499639
133167
0.0437247862476
133187
0.0431426119942
133207
0.0890847031551
133227
0.0940292328998
133247
0.0491175186657
133267
0.0489289800096
133287
0.0537218509152
133307
0.12280151132
133327
0.107239357539
133347
0.0614331195809
133367
0.0621771134393
133387
0.061782348868
133407
0.0682953998073
133427
0.0776177143545
133447
0.0509968840318
133467
0.0738954871146
133487
0.0894106003131
133507
0.117137072495
133527
0.11766693762
133547
0.114288294798
133567
0.125454976517
133587
0.12658432683
133607
0.102651959899
133627
0.0978986030829
133647
0.0641279804913
133667
0.0613318882466
133687
0.0537267431358
133707
0.0458182803468
133727
0.0965216311416
133747
0.0883380750241
133767
0.10231552565
133787
0.0869558345376
133807
0.205740456407
133827
0.240944875963
133847
0.092582640896
133867
0.0865445116811
133887
0.0921509965077
133907
0.0635096790703
133927
0.0720244008911
133947
0.119801827433
133967
0.119045038536
133987
0.0570666245183
134007
0.0589392160405
134027
0.0620612054432
134047
0.061226517341
134067
0.0543397760116
134087
0.0485605581647
134107
0.0867597693882
134127
0.0845285404624
134147
0.0767213090077
134167
0.0782138126204
134187
0.0861561446291
134207
0.62133346881
134227
0.604749969894
134247
0.630906791908
134267
0.602491645592
134287
0.591127393425
134307
0.595540552746
134327
0.59306960501
134347
0.594332550578
134367
0.585543111753
134387
0.586483170761
134407
0.592425337187
134427
0.590049599591
134447
0.584197751084
134467
0.592071215679
134487
0.583804868136
134507
0.57710967606
134527
0.576376971941
134547
0.574876189186
134567
0.558074421965
134587
0.550340950145
134607
0.541107448218
134627
0.540635913415
134647
0.542507375963
134667
0.539560001204
134687
0.546405723145
134707
0.551489493015
134727
0.539135506985
134747
0.540827086344
134767
0.539363936055
134787
0.546142672206
134807
0.552233110549
134827
0.564471941233
134847
0.545103639812
134867
0.533494400289
134887
0.548396856936
134907
0.552539815149
134927
0.548060422688
134947
0.563379094412
134967
0.54912993738
134987
0.554025168593
135007
0.564604407514
135027
0.56375504275
135047
0.588299313584
135067
0.581831797929
135087
0.591446893064
135107
0.599757646917
135127
0.611343554311
135147
0.619078155106
135167
0.993288249639
135187
0.983502303107
135207
0.978444499639
135227
0.969036759393
135247
0.957870077673
135267
0.94745529263
135287
0.935052384393
135307
0.930883083454
135327
0.920208634393
135347
0.909792720376
135367
0.908948247832
135387
0.906475794798
135407
0.893909185332
135427
0.887335169798
135447
0.880806313223
135467
0.892495709899
135487
0.889370709899
135507
0.894422868497
135527
0.895009934971
135547
0.899116013367
135567
0.893682261561
135587
0.89878296604
135607
0.897113213512
135627
0.885929597182
135647
0.885972498194
135667
0.882952492775
135687
0.883439080564
135707
0.880366013367
135727
0.883680680997
135747
0.88452515354
135767
0.891145457009
135787
0.8943359375
135807
0.889718433887
135827
0.89414626987
135847
0.897713827673
135867
0.893718388728
135887
0.900790281792
135907
0.901869580925
135927
0.897597543353
135947
0.905657288656
135967
0.906691428829
135987
0.906979317197
136007
0.909616600434
136027
0.90041884935
136047
0.894578666908
136067
0.883374729046
136087
0.884691112717
136107
0.882763954118
136127
0.888430274566
136147
0.887295655708
136167
0.882290914017
136187
0.881625948338
136207
0.885314306358
136227
0.880236181358
136247
0.882315751445
136267
0.880391979769
136287
0.884933842124
136307
0.882120438945
136327
0.891135296243
136347
0.896329705564
136367
0.901191067558
136387
0.89723175578
136407
0.896538565751
136427
0.897953170159
136447
0.901162843208
136467
0.898696035043
136487
0.898747967847
136507
0.901719427384
136527
0.902594382225
136547
0.903646585983
136567
0.90041320448
136587
0.90545746026
136607
0.901606529986
136627
0.895018966763
136647
0.896239387645
136667
0.897481259032
136687
0.891296739523
136707
0.891814938584
136727
0.887572254335
136747
0.886910675578
136767
0.887166952673
136787
0.881569499639
136807
0.875548681358
136827
0.879791365607
136847
0.879029308165
136867
0.874554055275
136887
0.87502257948
136907
0.879967485549
136927
0.880118768064
136947
0.878692873916
136967
0.887766437861
136987
0.883160223988
137007
0.882637509032
137027
0.879197525289
137047
0.875247245303
137067
0.875676255419
137087
0.872602059249
137107
0.873343795159
137127
0.872736407153
137147
0.877549223266
137167
0.871230355853
137187
0.862976427023
137207
0.86539017341
137227
0.865818054552
137247
0.86662978685
137267
0.86996138909
137287
0.87925171604
137307
0.877770502168
137327
0.881833679552
137347
0.885016257225
137367
0.881669978324
137387
0.878918668714
137407
0.877786307803
137427
0.875515941113
137447
0.886856484827
137467
0.885704931358
137487
0.885904759754
137507
0.878013231575
137527
0.874554055275
137547
0.87465453396
137567
0.873130419075
137587
0.874444544798
137607
0.875220149928
137627
0.875750767702
137647
0.875465137283
137667
0.878277411488
137687
0.879199783237
137707
0.887004380419
137727
0.888245122832
137747
0.885159636922
137767
0.887746116329
137787
0.891507857659
137807
0.894445447977
137827
0.894504154624
137847
0.894409320809
137867
0.897162888367
137887
0.898588782514
137907
0.889156204841
137927
0.892570222182
137947
0.901229452673
137967
0.895933435694
137987
0.898480401012
138007
0.894229813945
138027
0.895976336705
138047
0.895138638006
138067
0.892992458454
138087
0.887439035405
138107
0.88921265354
138127
0.891600433526
138147
0.883658101517
138167
0.879762012283
138187
0.877846143425
138207
0.887073247832
138227
0.89142318461
138247
0.889763592847
138267
0.889848265896
138287
0.894090950145
138307
0.894405933887
138327
0.892965363078
138347
0.899307938945
138367
0.904496703396
138387
0.900256277095
138407
0.902087472905
138427
0.904389450867
138447
0.909968840318
138467
0.912408553107
138487
0.904431222905
138507
0.906902546965
138527
0.904722498194
138547
0.901118813223
138567
0.900887373555
138587
0.89801865065
138607
0.898840543714
138627
0.907357523483
138647
0.905629064306
138667
0.908430048772
138687
0.906627077312
138707
0.903583363439
138727
0.907494129335
138747
0.904476381864
138767
0.903157740246
138787
0.898639586344
138807
0.899288746387
138827
0.898210576228
138847
0.896641302384
138867
0.894004019147
138887
0.898536849711
138907
0.886660043353
138927
0.892271044075
138947
0.897590769509
138967
0.902036669075
138987
0.899990968208
139007
0.900640128251
139027
0.900276598627
139047
0.902620348627
139067
0.909535314306
139087
0.906117910043
139107
0.910755735188
139127
0.914406837066
139147
0.916712201951
139167
0.916942512645
139187
0.916554145592
139207
0.912524837428
139227
0.905285856214
139247
0.904459447254
139267
0.900985594292
139287
0.903704163656
139307
0.907343975795
139327
0.904443641618
139347
0.90002257948
139367
0.894009664017
139387
0.88648392341
139407
0.88727646315
139427
0.88299652276
139447
0.884658372471
139467
0.885631548049
139487
0.885200279986
139507
0.886095556358
139527
0.898602330202
139547
0.904668307442
139567
0.895682803468
139587
0.894018695809
139607
0.89434722724
139627
0.893006006142
139647
0.897043217124
139667
0.899534862717
139687
0.901083815029
139707
0.903630780347
139727
0.907389134754
139747
0.907794436416
139767
0.917085892341
139787
0.919256909321
139807
0.910608968569
139827
0.90177474711
139847
0.892374909682
139867
0.888811867775
139887
0.880306177746
139907
0.870625225795
139927
0.85939757948
139947
0.854734916908
139967
0.844040146315
139987
0.838423500723
140007
0.833715679191
140027
0.813580428107
140047
0.794066112717
140067
0.770401688945
140087
0.781294029986
140107
0.777277140535
140127
0.78396744039
140147
0.777206015173
140167
0.774627438584
140187
0.781376445087
140207
0.783212156792
140227
0.764639405708
140247
0.77424697435
140267
0.783287798049
140287
0.77087021315
140307
0.767212337428
140327
0.790459040824
140347
0.777000541908
140367
0.781297416908
140387
0.779579118497
140407
0.786065074061
140427
0.781938674133
140447
0.790810151734
140467
0.780916952673
140487
0.784081466763
140507
0.797955428107
140527
0.795209763367
140547
0.784757722182
140567
0.776720556358
140587
0.79024001987
140607
0.778573202673
140627
0.782149792269
140647
0.779580247471
140667
0.769154172688
140687
0.778748193642
140707
0.77418488078
140727
0.78030730672
140747
0.766109329841
140767
0.758732613801
140787
0.778420791185
140807
0.774151011561
140827
0.796907740246
140847
0.809844653179
140867
0.828741419798
140887
0.84604859104
140907
0.856251128974
140927
0.87636154263
140947
0.899843072616
140967
0.914776011561
140987
0.920613936055
141007
0.925853504335
141027
0.940086479408
141047
0.952438583815
141067
0.963610910405
141087
0.972844788656
141107
0.972565932081
141127
0.972343524205
141147
0.972946396315
141167
0.973516528179
141187
0.970026869581
141207
0.963415597905
141227
0.954167042991
141247
0.942993587428
141267
0.950885115607
141287
0.963260928468
141307
0.964750045159
141327
0.960395592486
141347
0.950720285405
141367
0.950182893786
141387
0.94645050578
141407
0.941166907514
141427
0.939870845376
141447
0.938429145592
141467
0.942713601879
141487
0.945997787211
141507
0.95317015896
141527
0.956690299855
141547
0.956648527818
141567
0.961340543714
141587
0.956594337066
141607
0.959409998194
141627
0.955133444725
141647
0.956749006503
141667
0.947814306358
141687
0.941267386199
141707
0.933679552023
141727
0.926334447254
141747
0.92147308526
141767
0.904495574422
141787
0.903004199783
141807
0.887061958092
141827
0.882635251084
141847
0.861612626445
141867
0.859747561416
141887
0.868790643064
141907
0.874805816474
141927
0.872850433526
141947
0.901151553468
141967
0.902816790101
141987
0.912933526012
142007
0.914835847182
142027
0.929846685332
142047
0.9455078125
142067
0.953621748555
142087
0.966101427023
142107
0.978240155347
142127
1.0
142147
0.992994716402
142167
0.992894237717
142187
0.992889721821
142207
0.993043262283
142227
0.996939351517
142247
0.993866284321
142267
0.991190615968
142287
0.991296739523
142307
0.991168036488
142327
0.990754832009
142347
1.0
142367
1.0
