133328
0.376029444946
133348
0.377464909559
133368
0.105010435469
133388
0.218711807122
133408
0.122432851045
133428
0.19867229806
133448
0.151017575775
133468
0.137863361161
133488
0.156940997292
133508
0.155442073744
133528
0.176011582431
133548
0.195209673022
133568
0.153514214801
133588
0.195890681408
133608
0.144809764215
133628
0.154463160913
133648
0.232484746352
133668
0.136666455137
133688
0.153102906889
133708
0.143070519329
133728
0.143768567614
133748
0.137363915839
133768
0.110837493419
133788
0.100475471946
133808
0.115190306295
133828
0.177977046668
133848
0.172453181408
133868
0.178069297157
133888
0.172614179076
133908
0.176090318517
133928
0.151622785988
133948
0.148477455626
133968
0.141760209838
133988
0.145550706039
134008
0.151127453745
134028
0.151851943254
134048
0.152162774519
134068
0.15765902339
134088
0.151471777226
134108
0.148056158807
134128
0.150239616238
134148
0.15106164448
134168
0.148568530949
134188
0.727112477437
134208
0.469252383236
134228
0.19002954366
134248
0.199901521134
134268
0.208458488455
134288
0.212784860108
134308
0.249286086981
134328
0.231394780385
134348
0.258105703783
134368
0.215575878084
134388
0.26880205983
134408
0.460832322691
134428
0.438966018915
134448
0.401753229355
134468
0.35309609093
134488
0.329998801331
134508
0.322121079648
134528
0.332895584198
134548
0.325439159334
134568
0.331532979844
134588
0.326522661891
134608
0.299280563703
134628
0.300229509815
134648
0.129496183063
134668
0.14593145965
134688
0.283406428625
134708
0.278626443103
134728
0.270116482401
134748
0.276732663959
134768
0.281424512071
134788
0.610175875263
134808
0.716346786628
134828
0.791482753272
134848
0.823107043472
134868
0.157089068141
134888
0.168703815997
134908
0.149389384025
134928
0.543808993306
134948
0.52903657585
134968
0.582160518201
134988
0.165112510341
135008
0.145461393464
135028
0.51570021059
135048
0.506318277113
135068
0.496690734055
135088
0.492068808288
135108
0.498078604468
135128
0.440091827429
135148
0.472149753685
135168
0.46192052591
135188
0.466192839952
135208
0.388286420728
135228
0.350574773428
135248
0.30041342321
135268
0.335845249511
135288
0.404423205287
135308
0.455789100105
135328
0.437674512071
135348
0.421630565584
135368
0.436046320322
135388
0.330902503573
135408
0.340643450098
135428
0.333488455174
135448
0.487694254851
135468
0.436348925429
135488
0.439455475331
135508
0.508024617366
135528
0.483497151399
135548
0.52046256863
135568
0.549648978076
135588
0.473585218299
135608
0.460066114809
135628
0.48614538677
135648
0.444633841945
135668
0.439000098714
135688
0.434743061823
135708
0.551512790501
135728
0.553015239546
135748
0.40148117855
135768
0.434869979693
135788
0.256309463372
135808
0.368652931333
135828
0.338475857401
135848
0.422783990486
135868
0.45646775816
135888
0.454916539749
135908
0.4575518483
135928
0.436250799113
135948
0.428598121616
135968
0.584039607777
135988
0.588837808363
136008
0.587637964425
136028
0.603116656325
136048
0.477801711981
136068
0.459265827128
136088
0.461579140343
136108
0.470010952542
136128
0.464089881355
136148
0.471635031212
136168
0.477512621277
136188
0.465304414862
136208
0.477459151248
136228
0.480320091569
136248
0.473193300617
136268
0.471302459386
136288
0.471270729919
136308
0.471481672119
136328
0.470370553174
136348
0.478086689606
136368
0.479200746465
136388
0.47158508668
136408
0.478631378798
136428
0.477482654558
136448
0.467114757258
136468
0.476467311597
136488
0.481935944081
136508
0.491384861989
136528
0.456433678362
136548
0.463598074609
136568
0.456842635943
136588
0.286018233867
136608
0.766197305581
136628
0.304438952505
136648
0.311705000564
136668
0.289634217998
136688
0.290079018126
136708
0.321437720931
136728
0.336402277941
136748
0.327861175353
136768
0.330418335402
136788
0.327999257295
136808
0.323901455325
136828
0.331195119773
136848
0.315746394592
136868
0.330093989734
136888
0.327758348375
136908
0.327305322089
136928
0.337486955663
136948
0.34882847755
136968
0.336969295277
136988
0.333278688139
137008
0.332225739884
137028
0.33442741238
137048
0.331095818291
137068
0.372690212282
137088
0.370650125038
137108
0.352587831867
137128
0.367263298172
137148
0.388558471533
137168
0.384843773503
137188
0.373677938854
137208
0.378555463109
137228
0.377950252896
137248
0.381343543171
137268
0.384001179866
137288
0.388081941937
137308
0.394508334273
137328
0.709658919976
137348
1.0
137368
1.0
137388
1.0
137408
0.995184759514
137428
0.995164194119
137448
0.995165956867
137468
0.995168307198
137488
0.994254028467
137508
1.0
137528
0.992702810056
137548
0.992426058589
137568
0.992419595179
137588
0.983511840967
137608
0.985198203407
137628
0.985197028242
137648
0.985197028242
137668
0.981041643163
137688
0.99580759721
137708
0.991681591268
137728
0.990333088899
137748
0.990332501316
137768
0.990330738568
137788
0.9901697409
137808
0.990672124135
137828
1.0
137848
0.999444146736
137868
0.997350589463
137888
0.994150026324
137908
0.990036947202
137928
0.986497936409
137948
0.985128281062
137968
0.984282749511
137988
0.979940513124
138008
0.974433100181
138028
0.967682949759
138048
0.960884029971
138068
0.956348478866
138088
0.950902174526
138108
0.945560459913
138128
0.944106192652
138148
0.940306882709
138168
0.938409578069
138188
0.939086473375
138208
0.941416238906
138228
0.943653166366
138248
0.945040449195
138268
0.947530037229
138288
0.951801763688
138308
0.95625035255
138328
0.955954210853
138348
0.953392350143
138368
0.949315113568
138388
0.950598394254
138408
0.945960603753
138428
0.94137393295
138448
0.940772835815
138468
0.936654468449
138488
0.936988215441
138508
0.938101684717
138528
0.940301006882
138548
0.940605962319
138568
0.945690903279
138588
0.944623853039
138608
0.948587098563
138628
0.950405079535
138648
0.954406517938
138668
0.958605971721
138688
0.961515681408
138708
0.957738112026
138728
0.958522534973
138748
0.955373091531
138768
0.950201188327
138788
0.952704878347
138808
0.949383860748
138828
0.946115725594
138848
0.948922608303
138868
0.951012052497
138888
0.947901389516
138908
0.942727135981
138928
0.948446078708
138948
0.948521289298
138968
0.949712907077
138988
0.949338029295
139008
0.954393003535
139028
0.950530234657
139048
0.942617845593
139068
0.942668377708
139088
0.940737580851
139108
0.944377068291
139128
0.945113897037
139148
0.950437984168
139168
0.950994425015
139188
0.948132309529
139208
0.943726026625
139228
0.947369627144
139248
0.957156992705
139268
0.955171550654
139288
0.959704751429
139308
0.96240880716
139328
0.958412657002
139348
0.955337248985
139368
0.950750578181
139388
0.952569146736
139408
0.956709254663
139428
0.953364733755
139448
0.95322606423
139468
0.950925090253
139488
0.949731122142
139508
0.947489494021
139528
0.946122776587
139548
0.946714472398
139568
0.948319748421
139588
0.949970855897
139608
0.950909225519
139628
0.950896886282
139648
0.943384641057
139668
0.940761671743
139688
0.939667005114
139708
0.939197526512
139728
0.943429884928
139748
0.945867178099
139768
0.944502810996
139788
0.943329408281
139808
0.94188806784
139828
0.947676345329
139848
0.953754301106
139868
0.956752735785
139888
0.957212225481
139908
0.954189112327
139928
0.955160386582
139948
0.955705075775
139968
0.961889971608
139988
0.958861570209
140008
0.958372113794
140028
0.951586120826
140048
0.953833624774
140068
0.953179645194
140088
0.954802548699
140108
0.953251330287
140128
0.950844591418
140148
0.947379028467
140168
0.944168476421
140188
0.947376090554
140208
0.949050701339
140228
0.952599701038
140248
0.947872010379
140268
0.947096988756
140288
0.949020147037
140308
0.953650886545
140328
0.957462535725
140348
0.955684510379
140368
0.953342993193
140388
0.950305778054
140408
0.952254202392
140428
0.955094577316
140448
0.956111095442
140468
0.951336398165
140488
0.94743778674
140508
0.946958906814
140528
0.942201837019
140548
0.938844976873
140568
0.93680959029
140588
0.940868024218
140608
0.937256740749
140628
0.937250277339
140648
0.933335213598
140668
0.941575473827
140688
0.945438242705
140708
0.945432366877
140728
0.948309171931
140748
0.954001085853
140768
0.956320862477
140788
0.949383273165
140808
0.952663747556
140828
0.952664922721
140848
0.951958060695
140868
0.950235268126
140888
0.952492760981
140908
0.953982283205
140928
0.953838913019
140948
0.957739874774
140968
0.955886638839
140988
0.958068333521
141008
0.958916802986
141028
0.95824225801
141048
0.960634894893
141068
0.963207919675
141088
0.956964853151
141108
0.956408412304
141128
0.949869204084
141148
0.942128389177
141168
0.947353174827
141188
0.944486358679
141208
0.934250667494
141228
0.933309359958
141248
0.923564300353
141268
0.911191570773
141288
0.912983110522
141308
0.906373392374
141328
0.906641330099
141348
0.911103433363
141368
0.903788615937
141388
0.899781301707
141408
0.913271613643
141428
0.905462051557
141448
0.900105647375
141468
0.907946351346
141488
0.90618125282
141508
0.906955099278
141528
0.907317050241
141548
0.908092659446
141568
0.91788061259
141588
0.923395076527
141608
0.925072037643
141628
0.929806779295
141648
0.934426354731
141668
0.941262879813
141688
0.947343773503
141708
0.953424667193
141728
0.962840092885
141748
0.957608256242
141768
0.94601583653
141788
0.946572864959
141808
0.934968693592
141828
0.926707280385
141848
0.9319332412
141868
0.929354928174
141888
0.931221678512
141908
0.925835307611
141928
0.927016348902
141948
0.930833286327
141968
0.943020927347
141988
0.941638932762
142008
0.948661133988
142028
0.956532392261
142048
0.944890615599
142068
0.950144780385
142088
0.945444706115
142108
0.946447122255
142128
0.94325831077
142148
0.946623984657
142168
0.944155549601
142188
0.941444442878
142208
0.941988544487
142228
0.946050503911
142248
0.94875632239
142268
0.947940169976
142288
0.945907721307
142308
0.952133160349
142328
0.947316157115
142348
0.943520960251
142368
0.952102018464
142388
0.95810241332
142408
0.964398362289
142428
0.969069645006
142448
0.975474884364
142468
0.979088518163
142488
0.985607748571
142508
0.986978579084
142528
0.994643008236
142548
1.0
142568
1.0
142588
0.975226336868
142608
0.985713513463
142628
0.986135985447
142648
0.985831030009
142668
0.983748049225
142688
1.0
142708
1.0
142728
0.750259711567
142748
0.720825929791
142768
0.765102638952
142788
0.7393224466
142808
0.748302473488
142828
0.759258541103
142848
0.798148291779
142868
1.0
142888
1.0
142908
1.0
