132711
1.0
132731
1.0
132751
1.0
132771
1.0
132791
0.931803864124
132811
0.833258655025
132831
0.894140625
132851
0.876292987898
132871
0.861298923866
132891
0.843446020987
132911
0.823551910999
132931
0.805105411305
132951
0.787643612132
132971
0.771446078431
132991
0.772109087776
133011
0.773969343597
133031
0.786734068627
133051
0.766177428002
133071
0.481941253064
133091
0.60074151731
133111
0.580583160999
133131
0.561427696078
133151
0.558743106618
133171
0.554640586703
133191
0.551288679534
133211
0.565196078431
133231
0.562220435049
133251
0.542834233303
133271
0.541072112439
133291
0.535435814951
133311
0.534264418658
133331
0.540953871783
133351
0.533789541207
133371
0.529284907322
133391
0.173891793045
133411
0.694911343444
133431
0.691943359375
133451
0.670420687806
133471
0.668144914216
133491
0.667269837623
133511
0.666998410692
133531
0.667036707261
133551
0.669148763021
133571
0.689480890012
133591
0.678163775276
133611
0.676104377298
133631
0.67572332644
133651
0.675108666513
133671
0.674299651501
133691
0.687481330423
133711
0.686488013174
133731
0.685386029412
133751
0.687004059436
133771
0.709855621936
133791
1.0
133811
0.996639476103
133831
0.995256969975
133851
0.995308191636
133871
0.995519780178
133891
0.996760589001
133911
0.995807004442
133931
0.995136335784
133951
0.995246438419
133971
0.995435527727
133991
0.997302964154
134011
0.99588024663
134031
0.995683019301
134051
0.995719879749
134071
0.995911841299
134091
1.0
134111
0.994353649663
134131
0.994497740502
134151
0.994528856464
134171
0.994542738971
134191
0.994727041207
134211
0.996571499694
134231
0.995961148131
134251
0.995748602175
134271
0.995991785386
134291
0.996267041973
134311
1.0
134331
0.996314912684
134351
0.996312519148
134371
0.996332624847
134391
0.996753408395
134411
1.0
134431
0.996519320619
134451
0.996598307292
134471
0.996605009191
134491
0.997125363817
134511
0.99791283701
134531
0.997077971814
134551
0.997093290441
134571
0.997156958487
134591
0.997667260263
134611
0.996419270833
134631
0.995720837163
134651
0.99576775046
134671
0.995942478554
134691
0.997463331036
134711
0.996801757813
134731
0.9965786803
134751
0.996592084099
134771
0.996787396599
134791
1.0
134811
0.994605928309
134831
0.994675819547
134851
0.994749061734
134871
0.995217237286
134891
1.0
134911
0.996136354933
134931
0.996169385723
134951
0.99627087163
134971
0.996854894301
134991
0.998229262408
135011
0.995581533395
135031
0.995641371783
135051
0.995723709406
135071
0.996425972733
135091
0.996392463235
135111
0.995609777114
135131
0.995649988511
135151
0.995709348192
135171
0.997198127298
135191
0.997011431526
135211
0.996691655178
135231
0.996718941483
135251
0.996926221661
135271
1.0
135291
0.992573337929
135311
0.992567593444
135331
0.992729875153
135351
0.992761948529
135371
0.993853879442
135391
1.0
135411
0.992975930607
135431
0.993278473499
135451
0.99328661152
135471
0.993798349418
135491
0.996025773591
135511
0.993993661918
135531
0.993540804994
135551
0.993615004596
135571
0.99410424326
135591
1.0
135611
0.994558057598
135631
0.994602577359
135651
0.994627470129
135671
0.995265107996
135691
1.0
135711
0.99261115579
135731
0.99271886489
135751
0.992942899816
135771
0.994105200674
135791
0.994987936581
135811
0.993143956801
135831
0.993266984528
135851
0.993540804994
135871
0.994990330116
135891
0.996479587929
135911
0.99616986443
135931
0.996165556066
135951
0.996419270833
135971
0.997570082721
135991
0.990172143076
136011
0.989875823376
136031
0.990141505821
136051
0.990145814185
136071
0.991070676317
136091
1.0
136111
0.992355526195
136131
0.992401960784
136151
0.992499138327
136171
0.993776807598
136191
1.0
136211
0.991314816942
136231
0.991415345435
136251
0.991717888327
136271
0.993210497089
136291
0.985836014093
136311
0.984466433058
136331
0.984869504442
136351
0.984949448529
136371
0.985910692402
136391
1.0
136411
0.994725605086
136431
0.994780656403
136451
0.994834750306
136471
0.995408720129
136491
1.0
136511
0.992381376379
136531
0.992523073683
136551
0.992572859222
136571
0.993913717831
136591
0.991397154565
136611
0.988230985754
136631
0.988924153646
136651
0.989038085937
136671
0.989900237439
136691
0.997892252604
136711
0.995117666207
136731
0.994883578431
136751
0.994952990962
136771
0.995357498468
136791
1.0
136811
0.994519282322
136831
0.994364659926
136851
0.994401999081
136871
0.995132506127
136891
1.0
136911
0.983802945006
136931
0.983745500153
136951
0.984038468903
136971
0.984645469516
136991
0.987741747089
137011
1.0
137031
0.997310623468
137051
0.990794941023
137071
0.982805319393
137091
0.973697916667
137111
0.967108513327
137131
0.959935566023
137151
0.952214499081
137171
0.946065027574
137191
0.93881261489
137211
0.92976361443
137231
0.920083678002
137251
0.910518152574
137271
0.902216892616
137291
0.902151309743
137311
0.903230794271
137331
0.903282015931
137351
0.905061370251
137371
0.910607670803
137391
0.905715284161
137411
0.912992110907
137431
0.909764667586
137451
0.908672257966
137471
0.908062863817
137491
0.905032647825
137511
0.906205958946
137531
0.913763308058
137551
0.922203871783
137571
0.932539636949
137591
0.93923962163
137611
0.951771695006
137631
0.951009114583
137651
0.953199678309
137671
0.961218501072
137691
0.969331150429
137711
0.980282054228
137731
0.990099379596
137751
0.984765625
137771
0.981800034467
137791
0.982374961703
137811
0.981958007812
137831
0.982003006281
137851
0.982323261336
137871
0.988816923254
137891
0.980388805913
137911
0.971041092218
137931
0.96388872932
137951
0.959144741881
137971
0.950745825674
137991
0.943742819393
138011
0.944059723499
138031
0.938729319853
138051
0.928640088848
138071
0.923042087929
138091
0.916071155025
138111
0.909970032935
138131
0.908363970588
138151
0.909575099571
138171
0.911041379442
138191
0.912328622855
138211
0.91106004902
138231
0.915191770067
138251
0.920024318321
138271
0.923030598958
138291
0.915238683364
138311
0.917483340993
138331
0.927903358609
138351
0.924449965533
138371
0.926785098805
138391
0.924556717218
138411
0.924295343137
138431
0.918869676777
138451
0.919064989277
138471
0.916243010876
138491
0.912976792279
138511
0.91048895144
138531
0.914849494485
138551
0.923540900735
138571
0.924087584252
138591
0.91906451057
138611
0.922989430147
138631
0.914235791973
138651
0.916324869792
138671
0.913730755974
138691
0.913077320772
138711
0.913416724112
138731
0.908538698683
138751
0.914985447304
138771
0.907870902267
138791
0.903923962163
138811
0.912102194393
138831
0.908005418964
138851
0.906275371477
138871
0.910674211091
138891
0.911640242034
138911
0.91056171492
138931
0.914578067555
138951
0.913422947304
138971
0.912918868719
138991
0.911364985447
139011
0.919267003676
139031
0.922193340227
139051
0.922367110907
139071
0.924795592065
139091
0.926130706189
139111
0.930210726869
139131
0.927432789522
139151
0.930451037837
139171
0.932864200368
139191
0.929081456801
139211
0.926766907935
139231
0.927957931219
139251
0.919472369026
139271
0.918372778799
139291
0.92131395527
139311
0.92356004902
139331
0.926606541054
139351
0.925495940564
139371
0.925513652727
139391
0.924568206189
139411
0.920802217371
139431
0.930014456955
139451
0.9286099303
139471
0.931403664982
139491
0.936703431373
139511
0.934792911305
139531
0.937542126225
139551
0.936466471354
139571
0.933643535539
139591
0.928371534161
139611
0.922185680913
139631
0.920807961857
139651
0.921482938879
139671
0.913674268536
139691
0.913025620404
139711
0.908657418045
139731
0.903880399816
139751
0.904330863205
139771
0.906983857996
139791
0.905654009651
139811
0.908930759804
139831
0.900869332108
139851
0.898254155178
139871
0.901303040748
139891
0.901844937194
139911
0.898258463542
139931
0.904544366575
139951
0.90351897595
139971
0.908458275888
139991
0.90636249617
140011
0.916686293658
140031
0.917619293811
140051
0.915141505821
140071
0.917448874081
140091
0.921068378523
140111
0.921165556066
140131
0.920310585172
140151
0.927157054228
140171
0.923837699142
140191
0.922627048866
140211
0.925541417739
140231
0.92985791973
140251
0.933103075214
140271
0.931207395067
140291
0.928094841452
140311
0.928394033395
140331
0.923461914062
140351
0.925594075521
140371
0.922954963235
140391
0.920661956189
140411
0.915447399663
140431
0.915682444853
140451
0.910715858609
140471
0.912135225184
140491
0.913600068934
140511
0.909532494638
140531
0.907006835937
140551
0.910546875
140571
0.909189740349
140591
0.911635454963
140611
0.915117570466
140631
0.910114602482
140651
0.917777745864
140671
0.91458381204
140691
0.905710018382
140711
0.908741191789
140731
0.913142903646
140751
0.912449257047
140771
0.907111672794
140791
0.898829561121
140811
0.89906317019
140831
0.891839001225
140851
0.887539253983
140871
0.88665747549
140891
0.892653282016
140911
0.878009631587
140931
0.876948337929
140951
0.884474092371
140971
0.879426125919
140991
0.875218769148
141011
0.872712258732
141031
0.868250708487
141051
0.864310470282
141071
0.859455901501
141091
0.851935412837
141111
0.850967467065
141131
0.841899797028
141151
0.839954810049
141171
0.853823912377
141191
0.855931659773
141211
0.866050570619
141231
0.871992283241
141251
0.872003293505
141271
0.876163736979
141291
0.89076573989
141311
0.886799651501
141331
0.885491823683
141351
0.876258520987
141371
0.869497261795
141391
0.883913526348
141411
0.883144722733
141431
0.892800723805
141451
0.891384229473
141471
0.890070178462
141491
0.892273188572
141511
0.894165996477
141531
0.89167767693
141551
0.87960468367
141571
0.873391065411
141591
0.88310546875
141611
0.892666207108
141631
0.889402382047
141651
0.890150601256
141671
0.895157877604
141691
0.904586971507
141711
0.904187729779
141731
0.902477309283
141751
0.90865167356
141771
0.91191071155
141791
0.928037875306
141811
0.947213924632
141831
0.95403693704
141851
0.968900792739
141871
0.97839307598
141891
0.986925551471
141911
0.988922238817
141931
0.993617398131
141951
0.995655254289
141971
0.999628523284
141991
0.980827301624
142011
0.979153262868
142031
0.979630533854
142051
0.97974207261
142071
0.982494159773
142091
0.975931085325
142111
0.977427523744
142131
0.977931602328
142151
0.97831696155
142171
0.977125938266
142191
0.964336799173
142211
0.957645909926
142231
0.957991057751
142251
0.958109777114
142271
0.964185527727
142291
1.0
