173279
0.113989583333
173299
0.117449652778
173319
0.116094835069
173339
0.117768880208
173359
0.118006076389
173379
0.117675130208
173399
0.119096137153
173419
0.118479600694
173439
0.116200954861
173459
0.119194010417
173479
0.1182578125
173499
0.0559798177083
173519
0.0566786024306
173539
0.0583493923611
173559
0.0585032552083
173579
0.0601082899306
173599
0.060591796875
173619
0.0606623263889
173639
0.0611586371528
173659
0.0619539930556
173679
0.0619333767361
173699
0.0794327256944
173719
0.0773285590278
173739
0.0781907552083
173759
0.0768448350694
173779
0.0757745225694
173799
0.0541111111111
173819
0.0511024305556
173839
0.0501979166667
173859
0.0542868923611
173879
0.0509552951389
173899
0.0480501302083
173919
0.0486560329861
173939
0.0485705295139
173959
0.0488463541667
173979
0.0502515190972
173999
0.0506762152778
174019
0.0510379774306
174039
0.0768914930556
174059
0.0771998697917
174079
0.0788352864583
174099
0.0817779947917
174119
0.0800633680556
174139
0.0785036892361
174159
0.0805013020833
174179
0.0811922743056
174199
0.0822625868056
174219
0.08282421875
174239
0.07717578125
174259
0.0765232204861
174279
0.0751688368056
174299
0.0767975260417
174319
0.07596875
174339
0.0752732204861
174359
0.0734418402778
174379
0.0804965277778
174399
0.115998046875
174419
0.121699001736
174439
0.118820529514
174459
0.104891927083
174479
0.107807508681
174499
0.120475260417
174519
0.119627387153
174539
0.101141276042
174559
0.0927380642361
174579
0.054392578125
174599
0.0747220052083
174619
0.0815162760417
174639
0.0756725260417
174659
0.0585247395833
174679
0.0602395833333
174699
0.0607072482639
174719
0.0607790798611
174739
0.0617393663194
174759
0.0610405815972
174779
0.0609776475694
174799
0.0586605902778
174819
0.0559001736111
174839
0.054505859375
174859
0.0587174479167
174879
0.0713029513889
174899
0.0796553819444
174919
0.0841957465278
174939
0.0863170572917
174959
0.0550835503472
174979
0.0555657552083
174999
0.0568116319444
175019
0.0571987847222
175039
0.0595720486111
175059
0.0570067274306
175079
0.0595503472222
175099
0.0584670138889
175119
0.0596898871528
175139
0.0599908854167
175159
0.0527884114583
175179
0.0476427951389
175199
0.0509479166667
175219
0.0592078993056
175239
0.042255859375
175259
0.0474431423611
175279
0.0496204427083
175299
0.0452256944444
175319
0.0429802517361
175339
0.0999205729167
175359
0.100158854167
175379
0.0947313368056
175399
0.103284939236
175419
0.0461881510417
175439
0.0486610243056
175459
0.0434542100694
175479
0.0415206163194
175499
0.0430227864583
175519
0.0442821180556
175539
0.0493101128472
175559
0.0452183159722
175579
0.0405629340278
175599
0.0482890625
175619
0.0491330295139
175639
0.0638033854167
175659
0.0636657986111
175679
0.0648919270833
175699
0.0632766927083
175719
0.0635084635417
175739
0.0631851128472
175759
0.0647749565972
175779
0.0612478298611
175799
0.0652936197917
175819
0.0668556857639
175839
0.0703849826389
175859
0.0677389322917
175879
0.0700444878472
175899
0.0700154079861
175919
0.0692228732639
175939
0.0708637152778
175959
0.0698116319444
175979
0.0698302951389
175999
0.0744724392361
176019
0.0695134548611
176039
0.068666015625
176059
0.0654611545139
176079
0.0415651041667
176099
0.0449142795139
176119
0.0382799479167
176139
0.0414366319444
176159
0.0378851996528
176179
0.0441636284722
176199
0.0442476128472
176219
0.04303515625
176239
0.0755447048611
176259
0.0637326388889
176279
0.0521334635417
176299
0.0510811631944
176319
0.0582951388889
176339
0.06205859375
176359
0.0626690538194
176379
0.0634609375
176399
0.0649325086806
176419
0.0982413194444
176439
0.0973598090278
176459
0.0971095920139
176479
0.0965807291667
176499
0.096806640625
176519
0.095455078125
176539
0.0932124565972
176559
0.0895047743056
176579
0.0496032986111
176599
0.0568938802083
176619
0.0585965711806
176639
0.0496710069444
176659
0.0455946180556
176679
0.0445004340278
176699
0.0493448350694
176719
0.0579711371528
176739
0.0560423177083
176759
0.0598413628472
176779
0.0589461805556
176799
0.0598344184028
176819
0.0581792534722
176839
0.0616121961806
176859
0.0607528211806
176879
0.0602068142361
176899
0.0638938802083
176919
0.0593537326389
176939
0.0640965711806
176959
0.0771011284722
176979
0.101903211806
176999
0.0600041232639
177019
0.0578821614583
177039
0.05989453125
177059
0.0634889322917
177079
0.0631091579861
177099
0.0587233072917
177119
0.0594763454861
177139
0.0701920572917
177159
0.0714670138889
177179
0.0712816840278
177199
0.0715121527778
177219
0.0722786458333
177239
0.0736106770833
177259
0.0814895833333
177279
0.0773268229167
177299
0.0747526041667
177319
0.0727061631944
177339
0.0783346354167
177359
0.0792254774306
177379
0.0688324652778
177399
0.0836334635417
177419
0.0944796006944
177439
0.096603515625
177459
0.107325303819
177479
0.0968543836806
177499
0.0909965277778
177519
0.0896968315972
177539
0.0949557291667
177559
0.109881727431
177579
0.0930501302083
177599
0.0899481336806
177619
0.0945494791667
177639
0.109713975694
177659
0.0857608506944
177679
0.284452039931
177699
0.322514756944
177719
0.30769140625
177739
0.298418836806
177759
0.288606336806
177779
0.307510633681
177799
0.305011284722
177819
0.2931171875
177839
0.294496961806
177859
0.280293619792
177879
0.284732638889
177899
0.272052517361
177919
0.265529947917
177939
0.269556423611
177959
0.264551866319
177979
0.261870442708
177999
0.263925347222
178019
0.259165147569
178039
0.257895182292
178059
0.258411024306
178079
0.257148220486
178099
0.250572699653
178119
0.246627387153
178139
0.247641927083
178159
0.252365668403
178179
0.251146267361
178199
0.246716362847
178219
0.246435980903
178239
0.252943793403
178259
0.258038411458
178279
0.247887152778
178299
0.251597439236
178319
0.259372395833
178339
0.263126085069
178359
0.266573133681
178379
0.283729817708
178399
0.279718098958
178419
0.278853298611
178439
0.300786458333
178459
0.297260633681
178479
0.29962109375
178499
0.300310329861
178519
0.287929036458
178539
0.280154513889
178559
0.276404296875
178579
0.268422743056
178599
0.265552951389
178619
0.260768663194
178639
0.255305121528
178659
0.251708550347
178679
0.252840928819
178699
0.248140407986
178719
0.249474392361
178739
0.251263454861
178759
0.252443793403
178779
0.256072699653
178799
0.254432508681
178819
0.254272135417
178839
0.257896267361
178859
0.256298177083
178879
0.253994140625
178899
0.25332421875
178919
0.253381944444
178939
0.250614366319
178959
0.251865885417
178979
0.247440538194
178999
0.249149522569
179019
0.257109809028
179039
0.252189236111
179059
0.25143359375
179079
0.245615017361
179099
0.262208767361
179119
0.261133897569
179139
0.262536458333
179159
0.264211154514
179179
0.271071180556
179199
0.271265842014
179219
0.276931206597
179239
0.277420355903
179259
0.2850546875
179279
0.288073350694
179299
0.280855251736
179319
0.284140625
179339
0.276857855903
179359
0.279206163194
179379
0.279181857639
179399
0.273908854167
179419
0.271212239583
179439
0.267396267361
179459
0.260047743056
179479
0.26516015625
179499
0.264393012153
179519
0.257890190972
179539
0.256014973958
179559
0.253739366319
179579
0.2546015625
179599
0.254774522569
179619
0.256913845486
179639
0.257322265625
179659
0.255594835069
179679
0.256150824653
179699
0.25521484375
179719
0.253771701389
179739
0.256536458333
179759
0.255012152778
179779
0.254915147569
179799
0.263298394097
179819
0.251467881944
179839
0.252903862847
179859
0.252075520833
179879
0.248501519097
179899
0.251163411458
179919
0.251889973958
179939
0.258228081597
179959
0.260097222222
179979
0.277551866319
179999
0.282920572917
180019
0.286324869792
180039
0.291765407986
180059
0.274478298611
180079
0.299484375
180099
0.525462673611
180119
0.911035807292
180139
1.0
180159
1.0
180179
1.0
180199
1.0
180219
1.0
180239
1.0
180259
1.0
180279
1.0
180299
1.0
180319
1.0
180339
1.0
180359
1.0
180379
1.0
180399
1.0
180419
1.0
180439
1.0
180459
1.0
180479
1.0
180499
1.0
180519
1.0
180539
1.0
180559
1.0
180579
1.0
180599
1.0
180619
1.0
180639
1.0
180659
1.0
180679
1.0
180699
1.0
180719
1.0
180739
1.0
180759
1.0
180779
1.0
180799
1.0
180819
1.0
180839
1.0
180859
1.0
180879
1.0
180899
1.0
180919
1.0
180939
1.0
180959
1.0
180979
1.0
180999
1.0
181019
1.0
181039
1.0
181059
1.0
181079
1.0
181099
1.0
181119
1.0
181139
1.0
181159
1.0
181179
1.0
181199
1.0
181219
1.0
181239
1.0
181259
1.0
181279
1.0
181299
1.0
181319
1.0
181339
1.0
181359
1.0
181379
1.0
181399
1.0
181419
1.0
181439
1.0
181459
1.0
181479
1.0
181499
1.0
181519
1.0
181539
1.0
181559
1.0
181579
1.0
181599
1.0
181619
1.0
181639
1.0
181659
1.0
181679
1.0
181699
1.0
181719
1.0
181739
1.0
181759
1.0
181779
1.0
181799
1.0
181819
1.0
181839
1.0
181859
1.0
181879
1.0
181899
1.0
181919
1.0
181939
1.0
181959
1.0
181979
1.0
181999
1.0
182019
1.0
182039
1.0
182059
1.0
182079
1.0
182099
1.0
182119
1.0
182139
1.0
182159
1.0
182179
1.0
182199
1.0
182219
1.0
182239
1.0
182259
1.0
182279
1.0
182299
1.0
182319
1.0
182339
1.0
182359
1.0
182379
1.0
182399
1.0
182419
1.0
182439
1.0
182459
1.0
182479
1.0
182499
1.0
182519
1.0
182539
1.0
182559
1.0
182579
1.0
182599
1.0
182619
1.0
182639
1.0
182659
1.0
182679
1.0
182699
1.0
182719
1.0
182739
1.0
182759
1.0
182779
1.0
182799
1.0
182819
1.0
182839
1.0
182859
1.0
