116540
0.105328282828
116560
0.0941554433221
116580
0.0612107182941
116600
0.103747194164
116620
0.124147025814
116640
0.106289281706
116660
0.102885802469
116680
0.103831369248
116700
0.0772432659933
116720
0.0985339506173
116740
0.102934904602
116760
0.0456874298541
116780
0.0430218855219
116800
0.0432028619529
116820
0.0555808080808
116840
0.0626921997755
116860
0.0729671717172
116880
0.122031425365
116900
0.124727833895
116920
0.0728535353535
116940
0.0716820987654
116960
0.0724382716049
116980
0.0788566217733
117000
0.126561447811
117020
0.10944023569
117040
0.0529320987654
117060
0.0519430415264
117080
0.0548218294052
117100
0.0497853535354
117120
0.051271043771
117140
0.0552188552189
117160
0.0516091470258
117180
0.0563397867565
117200
0.050182379349
117220
0.0504769921437
117240
0.124298540965
117260
0.123721941639
117280
0.0648049943883
117300
0.0659960718294
117320
0.0674873737374
117340
0.1225
117360
0.113021885522
117380
0.059879349046
117400
0.0632940516274
117420
0.0739772727273
117440
0.125597643098
117460
0.158359988777
117480
0.1670496633
117500
0.0640754769921
117520
0.0636742424242
117540
0.0608922558923
117560
0.0923835578002
117580
0.150301627385
117600
0.147334455668
117620
0.0720103815937
117640
0.0932070707071
117660
0.0766063411897
117680
0.0695300224467
117700
0.0622629068462
117720
0.0626248597082
117740
0.142290965208
117760
0.144336419753
117780
0.0778647586981
117800
0.0759441638608
117820
0.077398989899
117840
0.106452020202
117860
0.0891792929293
117880
0.134932659933
117900
0.138810325477
117920
0.141485690236
117940
0.148686868687
117960
0.152046857464
117980
0.156223344557
118000
0.0801459034792
118020
0.0829475308642
118040
0.083285634119
118060
0.137519640853
118080
0.141718574635
118100
0.146895342312
118120
0.0806439393939
118140
0.0854980359147
118160
0.110648148148
118180
0.108921156004
118200
0.119812008979
118220
0.0947951739618
118240
0.122662738496
118260
0.184305555556
118280
0.113159371493
118300
0.0949326599327
118320
0.0586644219978
118340
0.0564478114478
118360
0.102023007856
118380
0.0655555555556
118400
0.0910774410774
118420
0.123323512907
118440
0.125430695847
118460
0.119816217733
118480
0.122650112233
118500
0.133978675645
118520
0.126454826038
118540
0.12883698092
118560
0.12245650954
118580
0.101950056117
118600
0.0890221661055
118620
0.0834034792368
118640
0.0960774410774
118660
0.0877244668911
118680
0.0863650392817
118700
0.123324915825
118720
0.14125
118740
0.127884399551
118760
0.101360830527
118780
0.116015712682
118800
0.0994262065095
118820
0.0845230078563
118840
0.763703703704
118860
0.930096801347
118880
0.115972222222
118900
0.0855457351291
118920
0.192060886644
118940
0.191539001122
118960
0.198851010101
118980
0.193134118967
119000
0.07205667789
119020
0.0700743546577
119040
0.0677974186308
119060
0.0648316498316
119080
0.0624719416386
119100
0.0687261503928
119120
0.0656509539843
119140
0.0656200897868
119160
0.0674663299663
119180
0.0641400112233
119200
0.0668995510662
119220
0.0606944444444
119240
0.0616358024691
119260
0.0620033670034
119280
0.0687079124579
119300
0.0816624579125
119320
0.0821731200898
119340
0.16209315376
119360
0.179977553311
119380
0.164099326599
119400
0.0732281144781
119420
0.0742171717172
119440
0.0728942199776
119460
0.143601290685
119480
0.150398428732
119500
0.145437710438
119520
0.0717382154882
119540
0.0597124017957
119560
0.212219416386
119580
0.147961560045
119600
0.137751122334
119620
0.151182659933
119640
0.146640011223
119660
0.138063973064
119680
0.124539842873
119700
0.0717831088664
119720
0.0656804152637
119740
0.0684132996633
119760
0.0774859708193
119780
0.0611517957351
119800
0.0666484287318
119820
0.0601557239057
119840
0.0518434343434
119860
0.261805555556
119880
0.224517396184
119900
0.166491301908
119920
0.110469977553
119940
0.209485129068
119960
0.137817059484
119980
0.132501402918
120000
0.12539983165
120020
0.0927904040404
120040
0.0910157126824
120060
0.0911966891134
120080
0.0914884960718
120100
0.0923078002245
120120
0.0922320426487
120140
0.0916961279461
120160
0.0907968574635
120180
0.0912037037037
120200
0.0909427609428
120220
0.0921352413019
120240
0.0909666105499
120260
0.100472783389
120280
0.182951739618
120300
0.862890011223
120320
0.968294051627
120340
0.96153338945
120360
0.961888327722
120380
0.963765432099
120400
0.896825196409
120420
0.873893097643
120440
0.871857463524
120460
0.872111391695
120480
0.871561447811
120500
0.874086700337
120520
0.920294612795
120540
0.996120931538
120560
0.991475869809
120580
0.991597923681
120600
0.991439393939
120620
0.99182379349
120640
0.991530583614
120660
0.99137345679
120680
0.984595959596
120700
0.984454264871
120720
0.98448372615
120740
0.984729236813
120760
0.984182098765
120780
0.985507856341
120800
0.983828563412
120820
0.978399270483
120840
0.97031285073
120860
0.963287037037
120880
0.962262906846
120900
0.962337261504
120920
0.969938271605
120940
0.969308361392
120960
0.969708193042
120980
0.96132295174
121000
0.95200617284
121020
0.943331930415
121040
0.952304994388
121060
0.956290684624
121080
0.964496352413
121100
0.972853535354
121120
0.972436868687
121140
0.971029741863
121160
0.967760942761
121180
0.956515151515
121200
0.944793771044
121220
0.944419191919
121240
0.940563973064
121260
0.938253367003
121280
0.928406285073
121300
0.914319584736
121320
0.903684062851
121340
0.889431818182
121360
0.871471661055
121380
0.859580527497
121400
0.859190516274
121420
0.861534792368
121440
0.868012065095
121460
0.880213243547
121480
0.875328282828
121500
0.871752244669
121520
0.870663580247
121540
0.868681257015
121560
0.874189113356
121580
0.881080246914
121600
0.880700056117
121620
0.888376823793
121640
0.88888047138
121660
0.879424803591
121680
0.876203703704
121700
0.871989337823
121720
0.874350448934
121740
0.873702300786
121760
0.87588664422
121780
0.879792368126
121800
0.875415263749
121820
0.874842873176
121840
0.882251683502
121860
0.87975308642
121880
0.875148709315
121900
0.874868125701
121920
0.874135802469
121940
0.875538720539
121960
0.873381032548
121980
0.873943602694
122000
0.879173681257
122020
0.876468855219
122040
0.88063973064
122060
0.887671156004
122080
0.881828002245
122100
0.885244107744
122120
0.894633838384
122140
0.892334455668
122160
0.889208754209
122180
0.887725869809
122200
0.875601851852
122220
0.879158249158
122240
0.878560606061
122260
0.865287598204
122280
0.870472783389
122300
0.868424523008
122320
0.863639169473
122340
0.860535914703
122360
0.862161896745
122380
0.859430415264
122400
0.863720538721
122420
0.867181537598
122440
0.871328563412
122460
0.863111672278
122480
0.863188832772
122500
0.860641133558
122520
0.861328563412
122540
0.864315375982
122560
0.867542087542
122580
0.863455387205
122600
0.859189113356
122620
0.86257295174
122640
0.859559483726
122660
0.853855218855
122680
0.851348204265
122700
0.854793771044
122720
0.866181257015
122740
0.876265432099
122760
0.877415824916
122780
0.883947811448
122800
0.881792929293
122820
0.881997755331
122840
0.889501964085
122860
0.87797979798
122880
0.882622053872
122900
0.891725589226
122920
0.891383277217
122940
0.900608866442
122960
0.900554152637
122980
0.887854938272
123000
0.889990179574
123020
0.889462682379
123040
0.883831369248
123060
0.888294051627
123080
0.89165684624
123100
0.897001964085
123120
0.904385521886
123140
0.912300785634
123160
0.901045173962
123180
0.888246352413
123200
0.888849607183
123220
0.89154040404
123240
0.876179854097
123260
0.87571969697
123280
0.862490179574
123300
0.85827020202
123320
0.852293771044
123340
0.846120931538
123360
0.839607182941
123380
0.838240740741
123400
0.840983445567
123420
0.85080667789
123440
0.849542648709
123460
0.842170314254
123480
0.850227272727
123500
0.853581649832
123520
0.859451459035
123540
0.85742704826
123560
0.86769640853
123580
0.866408529742
123600
0.863193041526
123620
0.865281986532
123640
0.86390993266
123660
0.863618125701
123680
0.871777497194
123700
0.87467312009
123720
0.873884680135
123740
0.879190516274
123760
0.880318462402
123780
0.899198933782
123800
0.897491582492
123820
0.871216329966
123840
0.859039001122
123860
0.853174803591
123880
0.839929854097
123900
0.831349607183
123920
0.820165544332
123940
0.8131832211
123960
0.797929292929
123980
0.78616301908
124000
0.74580667789
124020
0.724842873176
124040
0.72560325477
124060
0.717219416386
124080
0.699861111111
124100
0.716548821549
124120
0.71060325477
124140
0.705569584736
124160
0.712547699214
124180
0.690131874299
124200
0.709960718294
124220
0.704831649832
124240
0.723588664422
124260
0.708751402918
124280
0.705148709315
124300
0.708949214366
124320
0.714410774411
124340
0.719454264871
124360
0.709165263749
124380
0.736642817059
124400
0.757867564534
124420
0.768518518519
124440
0.771184062851
124460
0.791680695847
124480
0.794953703704
124500
0.799370089787
124520
0.823260381594
124540
0.83326318743
124560
0.854922839506
124580
0.874771324355
124600
0.886987934905
124620
0.878005050505
124640
0.889130190797
124660
0.895822109989
124680
0.898518518519
124700
0.901209315376
124720
0.904085297419
124740
0.907372334456
124760
0.901675084175
124780
0.884253647587
124800
0.878498877666
124820
0.879827441077
124840
0.873368406285
124860
0.871488496072
124880
0.85584315376
124900
0.839409371493
124920
0.839342031425
124940
0.842086139169
124960
0.833612514029
124980
0.831961279461
125000
0.839950897868
125020
0.848035914703
125040
0.854715207632
125060
0.858097643098
125080
0.853477833895
125100
0.846440796857
125120
0.858434343434
125140
0.870245510662
125160
0.877598204265
125180
0.886679292929
125200
0.866921997755
125220
0.84182379349
125240
0.831771885522
125260
0.832595398429
125280
0.840503647587
125300
0.843326318743
125320
0.838108866442
125340
0.853656004489
125360
0.858779461279
125380
0.838382435466
125400
0.840890852974
125420
0.842512626263
125440
0.853893097643
125460
0.878143939394
125480
0.905589225589
125500
0.895767396184
125520
0.871085858586
125540
0.870140291807
125560
0.853839786756
125580
0.849176487093
125600
0.857868967452
125620
0.866544612795
125640
0.866038159371
125660
0.875280583614
125680
0.88673681257
125700
0.898949214366
125720
0.901734006734
125740
0.890541526375
125760
0.906394500561
125780
0.920012626263
125800
0.948106060606
125820
0.951937429854
125840
0.957978395062
125860
0.969135802469
125880
0.969607182941
125900
0.969971941639
125920
0.968671436588
125940
0.968867845118
125960
0.970715488215
125980
0.985688832772
126000
0.996861672278
126020
0.998337542088
126040
0.998337542088
126060
0.998337542088
126080
0.998337542088
126100
0.998337542088
126120
0.998337542088
