148600
0.103842592593
148620
0.10595630787
148640
0.0982349537037
148660
0.367690972222
148680
0.359508101852
148700
0.223473668981
148720
0.217416087963
148740
0.341209490741
148760
0.342986111111
148780
0.326665219907
148800
0.319775752315
148820
0.300503472222
148840
0.30755787037
148860
0.565338541667
148880
0.571885127315
148900
0.0603515625
148920
0.32939525463
148940
0.291825810185
148960
0.299094328704
148980
0.153888888889
149000
0.167984664352
149020
0.11486400463
149040
0.0907407407407
149060
0.109719328704
149080
0.0832450810185
149100
0.164965277778
149120
0.130054976852
149140
0.136929976852
149160
0.218302951389
149180
0.149616608796
149200
0.142076099537
149220
0.249386574074
149240
0.260251736111
149260
0.242365451389
149280
0.0538107638889
149300
0.0534794560185
149320
0.0769140625
149340
0.0626576967593
149360
0.0937991898148
149380
0.119884259259
149400
0.112964409722
149420
0.138012152778
149440
0.198528645833
149460
0.23044849537
149480
0.236051793981
149500
0.241213831019
149520
0.235855034722
149540
0.2314453125
149560
0.593935185185
149580
0.727071759259
149600
0.671704282407
149620
0.360186631944
149640
0.423004918981
149660
0.284524016204
149680
0.217421875
149700
0.195519386574
149720
0.146892361111
149740
0.548611111111
149760
0.56072337963
149780
0.545613425926
149800
0.485794270833
149820
0.451050347222
149840
0.338229166667
149860
0.549564525463
149880
0.360499131944
149900
0.474798900463
149920
0.474965277778
149940
0.642426215278
149960
0.602789351852
149980
0.47744212963
150000
0.539620949074
150020
0.254765625
150040
0.490322627315
150060
0.145980902778
150080
0.130465856481
150100
0.25125
150120
0.241655092593
150140
0.157374131944
150160
0.297569444444
150180
0.106472800926
150200
0.171507523148
150220
0.133943865741
150240
0.144052372685
150260
0.117214988426
150280
0.122566550926
150300
0.11373119213
150320
0.125279224537
150340
0.0988990162037
150360
0.103949652778
150380
0.121889467593
150400
0.110842013889
150420
0.125461516204
150440
0.125266203704
150460
0.124033564815
150480
0.132200520833
150500
0.155109953704
150520
0.153125
150540
0.170581597222
150560
0.174661458333
150580
0.169616608796
150600
0.193111979167
150620
0.175746527778
150640
0.178383969907
150660
0.175708912037
150680
0.438460648148
150700
0.0864872685185
150720
0.585729166667
150740
0.163560474537
150760
0.335868055556
150780
0.369574652778
150800
0.411391782407
150820
0.32591724537
150840
0.230280671296
150860
0.112232349537
150880
0.277021122685
150900
0.173774594907
150920
0.378091724537
150940
0.37459056713
150960
0.382106481481
150980
0.373589409722
151000
0.387381365741
151020
0.409424189815
151040
0.437641782407
151060
0.344361979167
151080
0.340666956019
151100
0.311786747685
151120
0.305258969907
151140
0.303013599537
151160
0.304856770833
151180
0.252254050926
151200
0.270065104167
151220
0.285075231481
151240
0.338171296296
151260
0.321342592593
151280
0.299943576389
151300
0.318342013889
151320
0.307517361111
151340
0.255094039352
151360
0.259027777778
151380
0.230837673611
151400
0.209344618056
151420
0.248872974537
151440
0.372673611111
151460
0.398952546296
151480
0.266818576389
151500
0.199272280093
151520
0.197685185185
151540
0.465326967593
151560
0.26390625
151580
0.206108217593
151600
0.282575231481
151620
0.328790509259
151640
0.253718171296
151660
0.123334780093
151680
0.157472511574
151700
0.184911747685
151720
0.249813368056
151740
0.227333622685
151760
0.232867476852
151780
0.19833912037
151800
0.139445891204
151820
0.0981061921296
151840
0.115979456019
151860
0.202965856481
151880
0.307317708333
151900
0.325998263889
151920
0.322857349537
151940
0.320027488426
151960
0.310729166667
151980
0.245651041667
152000
0.270619212963
152020
0.279988425926
152040
0.317528935185
152060
0.25197193287
152080
0.199712094907
152100
0.211614583333
152120
0.217620081019
152140
0.182809606481
152160
0.203472222222
152180
0.185847800926
152200
0.190368923611
152220
0.289298321759
152240
0.3209765625
152260
0.264340277778
152280
0.215041956019
152300
0.205865162037
152320
0.207229456019
152340
0.222526041667
152360
0.231743344907
152380
0.285502025463
152400
0.228010706019
152420
0.182229456019
152440
0.214877025463
152460
0.221362847222
152480
0.243631365741
152500
0.303142361111
152520
0.253605324074
152540
0.236792534722
152560
0.250727719907
152580
0.254147858796
152600
0.242057291667
152620
0.157760416667
152640
0.149182581019
152660
0.150416666667
152680
0.158842592593
152700
0.172530381944
152720
0.175739293981
152740
0.170797164352
152760
0.170590277778
152780
0.16275462963
152800
0.257816840278
152820
0.288234953704
152840
0.3080859375
152860
0.279712094907
152880
0.281018518519
152900
0.273894675926
152920
0.275451388889
152940
0.265513599537
152960
0.2374609375
152980
0.233352141204
153000
0.18072193287
153020
0.135849247685
153040
0.12416087963
153060
0.108752893519
153080
0.114388020833
153100
0.123553240741
153120
0.166452546296
153140
0.196508969907
153160
0.253616898148
153180
0.252731481481
153200
0.172786458333
153220
0.175133101852
153240
0.162727141204
153260
0.165630787037
153280
0.195431134259
153300
0.220212673611
153320
0.243726851852
153340
0.288045428241
153360
0.334701967593
153380
0.402960069444
153400
0.498592303241
153420
0.624398148148
153440
0.892761863426
153460
0.992884837963
153480
1.0
153500
0.99982494213
153520
0.998684895833
153540
0.995360243056
153560
0.980992476852
153580
0.973696469907
153600
0.962317708333
153620
0.951267361111
153640
0.941818576389
153660
0.92705005787
153680
0.921351273148
153700
0.908492476852
153720
0.903910590278
153740
0.894700520833
153760
0.888600983796
153780
0.884580439815
153800
0.885367476852
153820
0.881986400463
153840
0.88625
153860
0.892469618056
153880
0.903757233796
153900
0.904338831019
153920
0.907136863426
153940
0.912553530093
153960
0.919926215278
153980
0.918284143519
154000
0.92287037037
154020
0.927824074074
154040
0.932916666667
154060
0.941140046296
154080
0.94209056713
154100
0.942145543981
154120
0.932225115741
154140
0.925393518519
154160
0.920267650463
154180
0.913009259259
154200
0.906206597222
154220
0.900881076389
154240
0.890151909722
154260
0.892877604167
154280
0.894884259259
154300
0.880261863426
154320
0.867994791667
154340
0.883090277778
154360
0.884011863426
154380
0.891791087963
154400
0.891394675926
154420
0.897573784722
154440
0.905519386574
154460
0.89896556713
154480
0.90091724537
154500
0.891396122685
154520
0.894074074074
154540
0.898206018519
154560
0.889515335648
154580
0.888907696759
154600
0.889848090278
154620
0.895798611111
154640
0.898074363426
154660
0.898728298611
154680
0.900973668981
154700
0.893904803241
154720
0.901109664352
154740
0.904328703704
154760
0.902899305556
154780
0.905530960648
154800
0.902080439815
154820
0.903621238426
154840
0.904001736111
154860
0.907705439815
154880
0.892709780093
154900
0.891027199074
154920
0.8923828125
154940
0.8863671875
154960
0.892277199074
154980
0.88822337963
155000
0.888598090278
155020
0.897505787037
155040
0.88857349537
155060
0.890454282407
155080
0.892432002315
155100
0.898307291667
155120
0.900963541667
155140
0.910950520833
155160
0.909415509259
155180
0.913373842593
155200
0.909526909722
155220
0.914039351852
155240
0.916478587963
155260
0.912262731481
155280
0.906681134259
155300
0.902372685185
155320
0.90459056713
155340
0.90927662037
155360
0.912067418981
155380
0.914007523148
155400
0.912517361111
155420
0.918478009259
155440
0.9158984375
155460
0.920387731481
155480
0.920251736111
155500
0.924052372685
155520
0.928313078704
155540
0.927903645833
155560
0.9266796875
155580
0.921197916667
155600
0.91986255787
155620
0.922307581019
155640
0.9227734375
155660
0.925221354167
155680
0.922375578704
155700
0.921041666667
155720
0.920120081019
155740
0.922585358796
155760
0.908527199074
155780
0.905714699074
155800
0.910894097222
155820
0.909348958333
155840
0.907307581019
155860
0.898744212963
155880
0.901064814815
155900
0.899866898148
155920
0.906733217593
155940
0.904978298611
155960
0.898247974537
155980
0.907701099537
156000
0.912099247685
156020
0.911579861111
156040
0.911727430556
156060
0.913802083333
156080
0.917061631944
156100
0.919346064815
156120
0.921404803241
156140
0.922008101852
156160
0.916673900463
156180
0.9222265625
156200
0.914071180556
156220
0.902219328704
156240
0.898057002315
156260
0.900774016204
156280
0.90201244213
156300
0.893841145833
156320
0.891247106481
156340
0.885983796296
156360
0.882677951389
156380
0.883114872685
156400
0.884409722222
156420
0.892287326389
156440
0.896413483796
156460
0.892952835648
156480
0.894447337963
156500
0.8886328125
156520
0.890478877315
156540
0.892209201389
156560
0.898230613426
156580
0.891814236111
156600
0.898054108796
156620
0.903877314815
156640
0.8955859375
156660
0.900342881944
156680
0.902450810185
156700
0.905899884259
156720
0.901024305556
156740
0.906801215278
156760
0.910257523148
156780
0.905925925926
156800
0.909742476852
156820
0.909079861111
156840
0.902595486111
156860
0.905978009259
156880
0.902378472222
156900
0.887174479167
156920
0.8897265625
156940
0.887588252315
156960
0.88111400463
156980
0.886423611111
157000
0.871099537037
157020
0.870653935185
157040
0.878599537037
157060
0.872607060185
157080
0.873331886574
157100
0.884542824074
157120
0.893794849537
157140
0.89375
157160
0.898096064815
157180
0.897581018519
157200
0.907465277778
157220
0.918388310185
157240
0.919236111111
157260
0.913812210648
157280
0.921103877315
157300
0.921354166667
157320
0.92708912037
157340
0.92138599537
157360
0.927745949074
157380
0.921976273148
157400
0.922813946759
157420
0.921701388889
157440
0.923206018519
157460
0.923133680556
157480
0.918696469907
157500
0.902566550926
157520
0.890951967593
157540
0.876642071759
157560
0.869918981481
157580
0.867612847222
157600
0.873433159722
157620
0.857945601852
157640
0.856950231481
157660
0.860221354167
157680
0.852097800926
157700
0.860510706019
157720
0.875594618056
157740
0.885396412037
157760
0.893135127315
157780
0.895082465278
157800
0.888072916667
157820
0.902471064815
157840
0.894189814815
157860
0.889755497685
157880
0.878693576389
157900
0.873166956019
157920
0.869632523148
157940
0.860053530093
157960
0.8678515625
157980
0.877164351852
158000
0.882604166667
158020
0.890827546296
158040
0.905095486111
158060
0.912006655093
158080
0.908891782407
158100
0.899458912037
158120
0.888294270833
158140
0.911656539352
158160
0.922455150463
158180
0.922118055556
158200
0.92103587963
158220
0.919995659722
158240
0.921828703704
158260
0.920675636574
158280
0.922547743056
158300
0.9155859375
158320
0.781047453704
158340
0.834576099537
158360
0.832241030093
158380
0.828596643519
158400
0.830030381944
158420
0.823057002315
158440
0.814411168981
158460
0.798527199074
158480
0.801783854167
158500
0.802337962963
158520
0.804149305556
158540
0.805344328704
158560
0.8056640625
158580
0.807800925926
