127884
0.174490017361
127904
0.180555555556
127924
0.181219256366
127944
0.185154441551
127964
0.185671657986
127984
0.198399522569
128004
0.194446252894
128024
0.194401041667
128044
0.197554976852
128064
0.187062355324
128084
0.186895978009
128104
0.18962854456
128124
0.125779441551
128144
0.112581380208
128164
0.174627459491
128184
0.156803385417
128204
0.185185185185
128224
0.169854962384
128244
0.244949001736
128264
0.231253616898
128284
0.201549840856
128304
0.179233579282
128324
0.166341145833
128344
0.670379412616
128364
0.665152994792
128384
0.692847583912
128404
0.720531322338
128424
0.693507667824
128444
0.698079427083
128464
0.681134259259
128484
0.279890046296
128504
0.237563295718
128524
0.229437934028
128544
0.203436053241
128564
0.206922743056
128584
0.218780743634
128604
0.192400896991
128624
0.208355034722
128644
0.206890190972
128664
0.209322554977
128684
0.199090350116
128704
0.200793909144
128724
0.200960286458
128744
0.202204499421
128764
0.203213614005
128784
0.207906539352
128804
0.209669777199
128824
0.210590277778
128844
0.203336588542
128864
0.207503255208
128884
0.209966362847
128904
0.218665002894
128924
0.226195384838
128944
0.167534722222
128964
0.33646556713
128984
0.357329644097
129004
0.316825810185
129024
0.350231481481
129044
0.290337456597
129064
0.278804976852
129084
0.258232060185
129104
0.258622685185
129124
0.262552445023
129144
0.261615668403
129164
0.251414207176
129184
0.253477647569
129204
0.25107421875
129224
0.255515769676
129244
0.241959635417
129264
0.228844762731
129284
0.23431712963
129304
0.232300708912
129324
0.235970052083
129344
0.236597583912
129364
0.245493344907
129384
0.238485604745
129404
0.232828776042
129424
0.236610243056
129444
0.229788773148
129464
0.226510054977
129484
0.227065248843
129504
0.230519386574
129524
0.239747902199
129544
0.23738245081
129564
0.237008101852
129584
0.239272280093
129604
0.241238064236
129624
0.236508969907
129644
0.22878870081
129664
0.254090711806
129684
0.234534143519
129704
0.27064525463
129724
0.263657407407
129744
0.27939453125
129764
0.307647931134
129784
0.316822193287
129804
0.296773726852
129824
0.305680338542
129844
0.288899739583
129864
0.245373987269
129884
0.257655164931
129904
0.243813295718
129924
0.212498191551
129944
0.171433738426
129964
0.175575086806
129984
0.158790870949
130004
0.135206886574
130024
0.131090856481
130044
0.146987123843
130064
0.171446397569
130084
0.277652994792
130104
0.384939236111
130124
0.393585431134
130144
0.458803530093
130164
0.476783130787
130184
0.476638454861
130204
0.487490957755
130224
0.476419632523
130244
0.473386863426
130264
0.493880208333
130284
0.482175925926
130304
0.390679253472
130324
0.192838541667
130344
0.194862196181
130364
0.189644820602
130384
0.193621600116
130404
0.184521484375
130424
0.158394820602
130444
0.207584635417
130464
0.270388454861
130484
0.272073929398
130504
0.246578414352
130524
0.244894748264
130544
0.237290219907
130564
0.226068793403
130584
0.225562427662
130604
0.189657479745
130624
0.200173611111
130644
0.230662254051
130664
0.246108217593
130684
0.239498336227
130704
0.245066550926
130724
0.194115306713
130744
0.148585792824
130764
0.145298032407
130784
0.113767722801
130804
0.123737702546
130824
0.14210973669
130844
0.228783275463
130864
0.245851417824
130884
0.296334273727
130904
0.317491319444
130924
0.355394603588
130944
0.328729021991
130964
0.308481626157
130984
0.208582899306
131004
0.15621021412
131024
0.10638744213
131044
0.114429615162
131064
0.125826461227
131084
0.260029658565
131104
0.26962890625
131124
0.280143229167
131144
0.278810402199
131164
0.106371166088
131184
0.138854528356
131204
0.144270833333
131224
0.152517361111
131244
0.13247974537
131264
0.137809244792
131284
0.226600477431
131304
0.205356626157
131324
0.223732277199
131344
0.226705367477
131364
0.254781539352
131384
0.190089699074
131404
0.159096498843
131424
0.184288194444
131444
0.182179542824
131464
0.193686704282
131484
0.117768012153
131504
0.122082971644
131524
0.124656394676
131544
0.110422092014
131564
0.110637297454
131584
0.127817563657
131604
0.123278356481
131624
0.135092954282
131644
0.139718967014
131664
0.143028428819
131684
0.144352213542
131704
0.136742259838
131724
0.142923538773
131744
0.132074652778
131764
0.12181712963
131784
0.120437282986
131804
0.132340494792
131824
0.146766493056
131844
0.138657407407
131864
0.138883463542
131884
0.14306640625
131904
0.160235821759
131924
0.153045428241
131944
0.153904441551
131964
0.147377748843
131984
0.138104021991
132004
0.142238136574
132024
0.148413990162
132044
0.139038990162
132064
0.149652777778
132084
0.157004123264
132104
0.16294849537
132124
0.146280020255
132144
0.147345196759
132164
0.199640118634
132184
0.233262803819
132204
0.28931568287
132224
0.418292462384
132244
0.500889756944
132264
0.504302300347
132284
0.51867223669
132304
0.499213324653
132324
0.463268590856
132344
0.491435185185
132364
0.510416666667
132384
0.38240198206
132404
0.26418004919
132424
0.234109157986
132444
0.178960503472
132464
0.177039930556
132484
0.161237702546
132504
0.157443576389
132524
0.160633680556
132544
0.159847005208
132564
0.170654296875
132584
0.172723162616
132604
0.170607277199
132624
0.173614728009
132644
0.178748914931
132664
0.188908781829
132684
0.211205150463
132704
0.204025607639
132724
0.251569733796
132744
0.333861400463
132764
0.234912109375
132784
0.257725694444
132804
0.174743200231
132824
0.209367766204
132844
0.203595196759
132864
0.20777271412
132884
0.199594907407
132904
0.218795211227
132924
0.218149594907
132944
0.143719256366
132964
0.148330801505
132984
0.143326822917
133004
0.150515407986
133024
0.159031394676
133044
0.143592664931
133064
0.151260489005
133084
0.152906177662
133104
0.154445167824
133124
0.152430555556
133144
0.154607928241
133164
0.143601707176
133184
0.145681423611
133204
0.143315972222
133224
0.143916377315
133244
0.178682002315
133264
0.178226273148
133284
0.169064670139
133304
0.172365089699
133324
0.171820746528
133344
0.171858723958
133364
0.171048538773
133384
0.176631221065
133404
0.151690899884
133424
0.15423900463
133444
0.149513527199
133464
0.148972800926
133484
0.145158781829
133504
0.147260199653
133524
0.141983145255
133544
0.136803747106
133564
0.133338758681
133584
0.136380570023
133604
0.136622902199
133624
0.147021484375
133644
0.137756799769
133664
0.138773148148
133684
0.141644965278
133704
0.970350477431
133724
0.969623480903
133744
0.970836950231
133764
0.968549262153
133784
0.955367476852
133804
0.956042028356
133824
0.95494068287
133844
0.955092592593
133864
0.968352141204
133884
0.968489583333
133904
0.968883825231
133924
0.968874782986
133944
0.964049840856
133964
0.96326135706
133984
0.962774884259
134004
0.962986472801
134024
0.999965639468
134044
0.960868778935
134064
0.962534360532
134084
0.959897641782
134104
0.960205078125
134124
0.999962022569
134144
0.963335503472
134164
0.965530960648
134184
0.9640625
134204
0.964333767361
134224
0.968317780671
134244
0.967795138889
134264
0.968963396991
134284
0.969165943287
134304
0.944972511574
134324
0.947242115162
134344
0.946395760995
134364
0.946780960648
134384
0.945578342014
134404
0.946768301505
134424
0.944811559606
134444
0.947875072338
134464
0.94621129919
134484
0.955114293981
134504
0.955206524884
134524
0.954591652199
134544
0.955452473958
134564
0.953929759838
134584
0.954224537037
134604
0.955792462384
134624
0.955938946759
134644
0.954208260995
134664
0.954633246528
134684
0.950320095486
134704
0.951678240741
134724
0.952105034722
134744
0.95062572338
134764
0.951340060764
134784
0.961539713542
134804
0.963424117477
134824
0.96234447338
134844
0.962185329861
134864
0.963123914931
134884
0.963161892361
134904
0.945439091435
134924
0.947654441551
134944
0.947106481481
134964
0.944750072338
134984
0.945142505787
135004
0.946124493634
135024
0.948473668981
135044
0.942938006366
135064
0.940530960648
135084
0.946864149306
135104
0.942111545139
135124
0.944733796296
135144
0.944015842014
135164
0.952414279514
135184
0.954810474537
135204
0.953419777199
135224
0.952497468171
135244
0.955575448495
135264
0.9529296875
135284
0.946978081597
135304
0.947356047454
135324
0.947757523148
135344
0.946019603588
135364
0.947565827546
135384
0.946343315972
135404
0.947967303241
135424
0.946393952546
135444
0.947032335069
135464
0.946873191551
135484
0.94800708912
135504
0.947408492477
135524
0.944599971065
135544
0.942625144676
135564
0.943578197338
135584
0.942098885995
135604
0.943505859375
135624
0.94503942419
135644
0.945728443287
135664
0.945368561921
135684
0.943815104167
135704
0.945677806713
135724
0.94460901331
135744
0.944308810764
135764
0.944842303241
135784
0.952200882523
135804
0.953123191551
135824
0.95048828125
135844
0.950746889468
135864
0.949533420139
135884
0.999951171875
135904
0.937975622106
135924
0.938302951389
135944
0.936863425926
135964
0.939885344329
135984
0.9353515625
136004
0.937118417245
136024
0.937928602431
136044
0.953794126157
136064
0.954106987847
136084
0.952557146991
136104
0.954005714699
136124
0.953899016204
136144
0.999951171875
136164
0.946950954861
136184
0.947216796875
136204
0.948755787037
136224
0.949459273727
136244
0.947489872685
136264
0.949596715856
136284
0.948099320023
136304
0.938767722801
136324
0.940086082176
136344
0.939666521991
136364
0.938623046875
136384
0.941597945602
136404
0.939055266204
136424
0.956611689815
136444
0.95826099537
136464
0.958412905093
136484
0.958253761574
136504
0.957331452546
136524
0.944216579861
136544
0.945699508102
136564
0.946008752894
136584
0.943489583333
136604
0.948385054977
136624
0.948099320023
136644
0.904117838542
136664
0.905674913194
136684
0.905076316551
136704
0.904392722801
136724
0.904474103009
136744
0.902685546875
136764
0.999831814236
136784
0.911595775463
136804
0.909132667824
136824
0.907736545139
136844
0.908470775463
136864
0.909441912616
136884
0.905942563657
136904
0.886637369792
136924
0.885384114583
136944
0.881651475694
136964
0.881832320602
136984
0.880711082176
137004
0.882984302662
137024
0.930861183449
137044
0.931537543403
137064
0.931548394097
137084
0.931591796875
137104
0.934376808449
137124
0.92632740162
137144
0.890270543981
137164
0.891646773727
137184
0.888963035301
137204
0.890048104745
137224
0.88830114294
137244
0.891480396412
137264
0.890554470486
137284
0.948365162037
137304
0.949415870949
137324
0.947867838542
137344
0.94790943287
137364
0.83521412037
137384
0.830392795139
137404
0.834950086806
137424
0.834197771991
137444
0.833362268519
137464
0.999499059606
