149020
0.09169921875
149040
0.090695848652
149060
0.0874195772059
149080
0.0903243719363
149100
0.0911764705882
149120
0.0632046568627
149140
0.0593596813725
149160
0.0610255821078
149180
0.0547219669118
149200
0.0504653033088
149220
0.0537224264706
149240
0.0496974571078
149260
0.053195848652
149280
0.0565774356618
149300
0.0497357536765
149320
0.176619944853
149340
0.133651194853
149360
0.146532245711
149380
0.11970166973
149400
0.12634229473
149420
0.121758195466
149440
0.0806104473039
149460
0.0957778033088
149480
0.10358838848
149500
0.103184359681
149520
0.0709616268382
149540
0.0703814338235
149560
0.0754078584559
149580
0.0845703125
149600
0.0924345128676
149620
0.0782015931373
149640
0.0781920189951
149660
0.0762714460784
149680
0.0751857383578
149700
0.0668619791667
149720
0.0588062959559
149740
0.05771484375
149760
0.0621974571078
149780
0.0680300245098
149800
0.0557923560049
149820
0.0710956648284
149840
0.109208409926
149860
0.172238817402
149880
0.0704446231618
149900
0.0975126378676
149920
0.109777113971
149940
0.0658145680147
149960
0.06884765625
149980
0.0618278952206
150000
0.0812882965686
150020
0.0669941023284
150040
0.0592677696078
150060
0.0613300398284
150080
0.063782935049
150100
0.0604319852941
150120
0.0616555606618
150140
0.0603439031863
150160
0.065611596201
150180
0.0653952205882
150200
0.051633348652
150220
0.0556985294118
150240
0.0858857996324
150260
0.0827607996324
150280
0.0820408241422
150300
0.0832414215686
150320
0.0796549479167
150340
0.0778684129902
150360
0.0879384957108
150380
0.078488817402
150400
0.0745289522059
150420
0.0955020680147
150440
0.225114889706
150460
0.0684646905637
150480
0.0581341911765
150500
0.0396560968137
150520
0.0455671721814
150540
0.0966433057598
150560
0.109907322304
150580
0.0941616881127
150600
0.0600145526961
150620
0.0761048560049
150640
0.0697227328431
150660
0.248012408088
150680
0.217122395833
150700
0.178534773284
150720
0.0348996629902
150740
0.033678002451
150760
0.0323050704657
150780
0.033021216299
150800
0.0307444852941
150820
0.0304208792892
150840
0.0460746017157
150860
0.125013403799
150880
0.131315104167
150900
0.138417202819
150920
0.0368278952206
150940
0.0372721354167
150960
0.0364602481618
150980
0.0362821691176
151000
0.0358704810049
151020
0.0375287224265
151040
0.0375038296569
151060
0.0372376685049
151080
0.12766161152
151100
0.127470128676
151120
0.123808976716
151140
0.171869255515
151160
0.170191865809
151180
0.0669385723039
151200
0.080397901348
151220
0.0627680759804
151240
0.0639322916667
151260
0.0322342218137
151280
0.0303347120098
151300
0.0315046721814
151320
0.0315812653186
151340
0.0309034160539
151360
0.0683000153186
151380
0.0704139859069
151400
0.0703469669118
151420
0.0305951286765
151440
0.0307827818627
151460
0.0553059895833
151480
0.0985294117647
151500
0.0946135876225
151520
0.0931487438725
151540
0.0865751378676
151560
0.0795668658088
151580
0.0819699754902
151600
0.0857881433824
151620
0.166182215074
151640
0.214813112745
151660
0.25588426777
151680
0.188706341912
151700
0.182356770833
151720
0.24113817402
151740
0.276719515931
151760
0.171714154412
151780
0.185895373775
151800
0.0980143229167
151820
0.0546377144608
151840
0.162701056985
151860
0.101133578431
151880
0.0874559589461
151900
0.0321959252451
151920
0.0318857230392
151940
0.0306027879902
151960
0.0416819852941
151980
0.029896216299
152000
0.0392807904412
152020
0.0684627757353
152040
0.0464996936275
152060
0.0330422794118
152080
0.0797660079657
152100
0.0941099877451
152120
0.09453125
152140
0.10080614277
152160
0.103159466912
152180
0.100459558824
152200
0.0940333946078
152220
0.0872357536765
152240
0.0706992953431
152260
0.0834520526961
152280
0.102642463235
152300
0.10476026348
152320
0.101608455882
152340
0.102408854167
152360
0.0962603400735
152380
0.0995174632353
152400
0.103142233456
152420
0.104107306985
152440
0.102142693015
152460
0.108879059436
152480
0.118916590074
152500
0.126068474265
152520
0.15140356924
152540
0.115513939951
152560
0.0673272824755
152580
0.132636335784
152600
0.102073759191
152620
0.127998621324
152640
0.144902726716
152660
0.0829446231618
152680
0.0601619944853
152700
0.219910386029
152720
0.111688112745
152740
0.108720128676
152760
0.136385569853
152780
0.141938572304
152800
0.10651807598
152820
0.103237974877
152840
0.119376148897
152860
0.103144148284
152880
0.107707184436
152900
0.0949295343137
152920
0.061106004902
152940
0.0434225643382
152960
0.0500440410539
152980
0.0593367034314
153000
0.0484853707108
153020
0.0504844515931
153040
0.0484872855392
153060
0.051087622549
153080
0.064089307598
153100
0.059765625
153120
0.065207567402
153140
0.0705518535539
153160
0.109890088848
153180
0.237262561275
153200
0.0650409773284
153220
0.0818416819853
153240
0.148140701593
153260
0.211571308211
153280
0.0994523590686
153300
0.112959558824
153320
0.111513863358
153340
0.12679419424
153360
0.180185355392
153380
0.226405484069
153400
0.244577205882
153420
0.307117417279
153440
0.400888480392
153460
0.144904641544
153480
0.407561657475
153500
0.365402879902
153520
0.409258195466
153540
0.478718596814
153560
0.305348115809
153580
0.363308057598
153600
0.996725643382
153620
0.991450291054
153640
0.999762561275
153660
0.999762561275
153680
0.999762561275
153700
0.999762561275
153720
1.0
153740
0.974214920343
153760
0.94576439951
153780
0.919178921569
153800
0.889659926471
153820
0.858051853554
153840
0.832693780637
153860
0.79899854473
153880
0.770442708333
153900
0.748690257353
153920
0.725541896446
153940
0.743367034314
153960
0.748697916667
153980
0.757640165441
154000
0.760221354167
154020
0.764202282475
154040
0.782550168505
154060
0.790745634191
154080
0.804926853554
154100
0.811354932598
154120
0.819286151961
154140
0.822441789216
154160
0.792116651348
154180
0.791423483456
154200
0.769843367034
154220
0.761287913603
154240
0.751899509804
154260
0.745741421569
154280
0.766946231618
154300
0.75788526348
154320
0.737413832721
154340
0.732651654412
154360
0.726914828431
154380
0.746595435049
154400
0.754293045343
154420
0.773519837623
154440
0.763807827819
154460
0.773020067402
154480
0.76447801777
154500
0.770335477941
154520
0.788798253676
154540
0.775944010417
154560
0.781024050245
154580
0.796279488358
154600
0.80725145527
154620
0.789964384191
154640
0.794267003676
154660
0.807142310049
154680
0.807496553309
154700
0.806317018995
154720
0.791973039216
154740
0.802902879902
154760
0.804685585172
154780
0.791605392157
154800
0.773230698529
154820
0.788568474265
154840
0.78154296875
154860
0.765088848039
154880
0.758147594975
154900
0.742828967525
154920
0.756916360294
154940
0.748990885417
154960
0.744536994485
154980
0.754926853554
155000
0.757707184436
155020
0.768156403186
155040
0.776752068015
155060
0.799207261029
155080
0.802845435049
155100
0.807529105392
155120
0.812023207721
155140
0.807561657475
155160
0.826985677083
155180
0.826648667279
155200
0.824078967525
155220
0.825371476716
155240
0.825248927696
155260
0.809556908701
155280
0.814194623162
155300
0.821706495098
155320
0.820320159314
155340
0.815981158088
155360
0.811165364583
155380
0.80863013174
155400
0.810050934436
155420
0.814031862745
155440
0.807668887868
155460
0.813319546569
155480
0.822543275123
155500
0.820124846814
155520
0.815843290441
155540
0.816404335172
155560
0.817951516544
155580
0.817336856618
155600
0.815617340686
155620
0.81780981924
155640
0.809237132353
155660
0.810391773897
155680
0.79898705576
155700
0.793723192402
155720
0.793087469363
155740
0.78669385723
155760
0.807747395833
155780
0.791360294118
155800
0.767294730392
155820
0.776131663603
155840
0.78078661152
155860
0.774923406863
155880
0.775551470588
155900
0.788478477328
155920
0.780631510417
155940
0.774343213848
155960
0.756020220588
155980
0.746698835784
156000
0.765196078431
156020
0.789485677083
156040
0.774785539216
156060
0.755987668505
156080
0.786125153186
156100
0.760198376225
156120
0.754779411765
156140
0.767482383578
156160
0.783907781863
156180
0.780930223652
156200
0.789041436887
156220
0.783517156863
156240
0.777686504289
156260
0.822652420343
156280
0.804645373775
156300
0.798665364583
156320
0.79216260723
156340
0.797556678922
156360
0.790630744485
156380
0.80361328125
156400
0.800608915441
156420
0.798351332721
156440
0.796693091299
156460
0.773623238358
156480
0.790852864583
156500
0.814703967525
156520
0.825
156540
0.839703967525
156560
0.839144837623
156580
0.85231885723
156600
0.857915900735
156620
0.860987285539
156640
0.880164292279
156660
0.900505514706
156680
0.893455116422
156700
0.898381969975
156720
0.910071997549
156740
0.90202588848
156760
0.888327205882
156780
0.889462699142
156800
0.872953048407
156820
0.833750765931
156840
0.812679993873
156860
0.769364659926
156880
0.735520067402
156900
0.710765165441
156920
0.668495327819
156940
0.651129748775
156960
0.648200061275
156980
0.645973115809
157000
0.652900965074
157020
0.687318091299
157040
0.711234298407
157060
0.728481158088
157080
0.738011259191
157100
0.747891773897
157120
0.75660424326
157140
0.750262331495
157160
0.769439338235
157180
0.781728707108
157200
0.74609375
157220
0.740801164216
157240
0.733252910539
157260
0.721551393995
157280
0.730514705882
157300
0.745346966912
157320
0.745883118873
157340
0.751736749387
157360
0.769085094975
157380
0.75521216299
157400
0.771455652574
157420
0.786881510417
157440
0.788957184436
157460
0.815602022059
157480
0.824961703431
157500
0.808750765931
157520
0.802443321078
157540
0.800997625613
157560
0.803010110294
157580
0.813107000613
157600
0.783388863358
157620
0.785818780637
157640
0.772489659926
157660
0.787044270833
157680
0.784476485907
157700
0.801773131127
157720
0.823885569853
157740
0.805912990196
157760
0.797797947304
157780
0.809283088235
157800
0.840243949142
157820
0.837657015931
157840
0.834978170956
157860
0.814569929534
157880
0.813750382966
157900
0.811048560049
157920
0.790163526348
157940
0.798075597426
157960
0.793367034314
157980
0.763694852941
158000
0.725894224877
158020
0.712689568015
158040
0.712890625
158060
0.706305530025
158080
0.684478400735
158100
0.669581035539
158120
0.657973345588
158140
0.676206341912
158160
0.708377374387
158180
0.73912377451
158200
0.767398131127
158220
0.802487362132
158240
0.824412147672
158260
0.850197227328
158280
0.86579541973
158300
0.873257506127
158320
0.897987515319
158340
0.889453125
158360
0.870048253676
158380
0.85045189951
158400
0.849649586397
158420
0.851937806373
158440
0.825779335172
158460
0.816128599877
158480
0.797805606618
158500
0.813807827819
158520
0.810797717525
158540
0.826596966912
158560
0.841770067402
158580
0.859539675245
158600
0.85456495098
158620
0.8572265625
158640
0.887128523284
158660
0.882148054534
158680
0.906326593137
158700
0.887586167279
158720
0.897144990809
158740
0.873115808824
158760
0.884237132353
158780
0.883946078431
158800
0.899479166667
158820
0.881410845588
158840
0.885525811887
158860
0.893196614583
158880
0.908605238971
158900
0.942141544118
158920
0.942702588848
158940
0.953412224265
158960
0.974360447304
158980
0.975467218137
159000
0.977261412377
