153936
0.0648058987403
153956
0.0659134265988
153976
0.0693601623062
153996
0.0712095748547
154016
0.065156401405
154036
0.070603576187
154056
0.0724704003149
154076
0.0782336331153
154096
0.100219158794
154116
0.0812768743944
154136
0.0748762263808
154156
0.0741831698159
154176
0.071136900436
154196
0.0703518653101
154216
0.0767245033915
154236
0.0787132085756
154256
0.0937182049419
154276
0.0799142290455
154296
0.0447212633236
154316
0.0450604106105
154336
0.0475169573643
154356
0.0502748001453
154376
0.0435607437016
154396
0.0424123364826
154416
0.0406348413275
154436
0.0684725502665
154456
0.0674195282219
154476
0.0673457182655
154496
0.0753444464632
154516
0.0767036851986
154536
0.0862115431202
154556
0.0686735404554
154576
0.0549210422723
154596
0.0657820827277
154616
0.0637347080911
154636
0.0729037972384
154656
0.078495942345
154676
0.0405193949855
154696
0.055074339874
154716
0.0558877634448
154736
0.0923097595688
154756
0.054275299782
154776
0.0951830486919
154796
0.0867774194525
154816
0.0836266805959
154836
0.0930228773014
154856
0.0505991854409
154876
0.0818946069525
154896
0.0598541969477
154916
0.0909720960514
154936
0.0600816830184
154956
0.0815335059351
154976
0.0826682867006
154996
0.10832122093
155016
0.107259871609
155036
0.0579264322917
155056
0.0589783187984
155076
0.0558109253876
155096
0.119137218387
155116
0.119687575703
155136
0.0564721868944
155156
0.0565634084302
155176
0.0874723685804
155196
0.0891927083333
155216
0.0816731770833
155236
0.0615646953731
155256
0.066644712936
155276
0.0858159974564
155296
0.0429778343023
155316
0.0452629148498
155336
0.0451592023983
155356
0.0457345415455
155376
0.0972266382025
155396
0.0930168210998
155416
0.0942042151163
155436
0.0539668120155
155456
0.100783521076
155476
0.104415727955
155496
0.104800675266
155516
0.106359390141
155536
0.105205683745
155556
0.104578866885
155576
0.0616922541182
155596
0.060445433624
155616
0.121794376817
155636
0.120655432413
155656
0.123534020712
155676
0.0865453912306
155696
0.0853398286095
155716
0.0746684229651
155736
0.107501741158
155756
0.113892547844
155776
0.107404463421
155796
0.10340926296
155816
0.108058911701
155836
0.0589245700097
155856
0.0541333575581
155876
0.0516787033672
155896
0.0535557473353
155916
0.0586327367975
155936
0.0521594143653
155956
0.0547719083091
155976
0.129183699734
155996
0.115338844477
156016
0.116712845203
156036
0.0632331789002
156056
0.0660689952762
156076
0.0664637839147
156096
0.0686099503391
156116
0.0679350623789
156136
0.0669528221899
156156
0.0649251302083
156176
0.100572689559
156196
0.0971573703973
156216
0.061447356468
156236
0.0620363220688
156256
0.06168960453
156276
0.064765776405
156296
0.0645821977955
156316
0.0624318677326
156336
0.10525451187
156356
0.104784020712
156376
0.0996430626211
156396
0.101235465116
156416
0.0867925599564
156436
0.0864855862403
156456
0.0558101683624
156476
0.0632407491521
156496
0.0677999333818
156516
0.0706910125969
156536
0.0699654039486
156556
0.0678120457849
156576
1.0
156596
1.0
156616
0.110495775799
156636
0.0812382661095
156656
0.082720521439
156676
0.0583662639293
156696
0.0590354742006
156716
0.0527828246124
156736
0.0839915667393
156756
0.0768778009932
156776
0.0817500151405
156796
0.0646109647529
156816
0.0573643410853
156836
0.0543971808382
156856
0.124566603077
156876
0.124399300509
156896
0.108596778101
156916
0.0533778464147
156936
0.0395295845446
156956
0.051410337936
156976
0.0891472868217
156996
0.0898149830426
157016
0.0874841024709
157036
0.110775875121
157056
0.138821765988
157076
0.133912079094
157096
0.0649697946948
157116
0.0604439195736
157136
0.0698473080184
157156
0.0705695100533
157176
0.075703276405
157196
0.0800493580426
157216
0.0525197583576
157236
0.0532642926357
157256
0.0505817738614
157276
0.0505961573401
157296
0.0443234465843
157316
0.0422522256541
157336
0.0420610767926
157356
0.0480033460514
157376
0.0466702246851
157396
0.046167938469
157416
0.0424214207849
157436
0.0409535489341
157456
0.039914153343
157476
0.0415864219961
157496
0.0414410731589
157516
0.0419176205184
157536
0.0455199249031
157556
0.0499799388324
157576
0.046802704094
157596
0.18132873062
157616
0.175595400315
157636
0.153681035005
157656
0.139231695131
157676
0.138964465237
157696
0.162459499152
157716
0.167550115068
157736
0.154668952883
157756
0.115593204942
157776
0.0515076156734
157796
0.0431175054506
157816
0.090286988251
157836
0.109622168726
157856
0.0708454457364
157876
0.0485968538033
157896
0.0774966690891
157916
0.10008743641
157936
0.0495688741521
157956
0.112044649346
157976
0.104695827277
157996
0.0803362705911
158016
0.0736680141715
158036
0.0625003785126
158056
0.379243126211
158076
1.0
158096
0.993452867611
158116
0.982756101623
158136
0.977564801357
158156
0.971434032825
158176
0.962856180354
158196
0.949855029675
158216
0.942007706516
158236
0.931960468144
158256
0.926222217175
158276
0.917549358043
158296
0.905410080547
158316
0.90265564438
158336
0.897639595446
158356
0.906047117248
158376
0.904435789123
158396
0.902344885538
158416
0.90249818314
158436
0.90978606468
158456
0.907764807413
158476
0.908123637355
158496
0.90541197311
158516
0.911245609254
158536
0.917735964753
158556
0.918086088905
158576
0.91872956032
158596
0.9103515625
158616
0.908300024225
158636
0.908129693556
158656
0.90616256359
158676
0.902795694041
158696
0.906116763566
158716
0.90675720688
158736
0.900416742369
158756
0.899394001332
158776
0.903391851381
158796
0.900566254845
158816
0.89836747517
158836
0.902784338663
158856
0.903595491158
158876
0.903206001696
158896
0.899221399588
158916
0.904371063469
158936
0.899465918726
158956
0.903764307776
158976
0.910979136386
158996
0.905747713784
159016
0.90881972202
159036
0.908605105378
159056
0.912142305596
159076
0.904563347868
159096
0.900902752544
159116
0.905251483769
159136
0.905978984981
159156
0.903432730741
159176
0.905769289002
159196
0.897188029918
159216
0.892235192587
159236
0.893144001332
159256
0.88913101078
159276
0.885884508236
159296
0.885963617369
159316
0.887393259448
159336
0.890769591812
159356
0.888736979167
159376
0.893816239704
159396
0.896904523983
159416
0.895807215964
159436
0.896549100654
159456
0.893785580184
159476
0.888981876817
159496
0.892925221051
159516
0.894743595567
159536
0.896628209787
159556
0.898133175872
159576
0.896224715359
159596
0.897428006904
159616
0.89420762173
159636
0.892655720082
159656
0.890112872456
159676
0.893640609859
159696
0.899453806323
159716
0.906073234617
159736
0.901011764172
159756
0.892209075218
159776
0.893237872456
159796
0.894025557171
159816
0.894059623304
159836
0.895748925024
159856
0.898889065528
159876
0.891434638445
159896
0.893364674176
159916
0.900217644743
159936
0.900915243459
159956
0.899607482437
159976
0.906533505935
159996
0.915282067587
160016
0.911745624394
160036
0.917802204457
160056
0.925143834787
160076
0.910830002422
160096
0.90993027798
160116
0.917257146318
160136
0.923092296512
160156
0.916040228319
160176
0.919516866521
160196
0.921451822917
160216
0.920775420906
160236
0.918529327156
160256
0.921165288881
160276
0.916175357316
160296
0.911986736919
160316
0.914283551357
160336
0.910333393895
160356
0.910406068314
160376
0.906457046391
160396
0.907130798813
160416
0.9055168211
160436
0.904485374273
160456
0.907389701429
160476
0.910296678173
160496
0.904078094719
160516
0.902218083818
160536
0.903281325703
160556
0.908797389777
160576
0.917924464026
160596
0.919782582364
160616
0.922633917757
160636
0.923392078488
160656
0.925302431565
160676
0.924422389777
160696
0.926910353077
160716
0.922664577277
160736
0.918098958333
160756
0.918766276042
160776
0.914588253997
160796
0.918757948765
160816
0.915445963542
160836
0.911141139777
160856
0.906072856105
160876
0.90936629421
160896
0.910590025436
160916
0.908310622578
160936
0.908972262597
160956
0.912272135417
160976
0.919064543968
160996
0.919454411943
161016
0.922929536095
161036
0.92121184593
161056
0.918793528949
161076
0.920108860223
161096
0.919178097747
161116
0.910491612161
161136
0.909466600048
161156
0.911093068677
161176
0.913949324734
161196
0.92102523922
161216
0.921500272529
161236
0.929044407098
161256
0.924969718992
161276
0.920058139535
161296
0.91965805172
161316
0.909776601865
161336
0.906198143774
161356
0.901512157825
161376
0.896949188469
161396
0.89024459484
161416
0.880787079094
161436
0.867731044089
161456
0.859024875848
161476
0.845167151163
161496
0.839612478803
161516
0.840711300872
161536
0.840620836361
161556
0.836325475412
161576
0.840174191497
161596
0.842465328246
161616
0.851181337815
161636
0.859516942224
161656
0.86459014656
161676
0.863171859859
161696
0.868168226139
161716
0.873635462088
161736
0.878886188832
161756
0.87693419937
161776
0.880353303658
161796
0.891220021802
161816
0.892584181202
161836
0.897074476139
161856
0.891490279797
161876
0.889866460756
161896
0.894229953973
161916
0.89196455608
161936
0.884708091085
161956
0.88082871548
161976
0.888451202156
161996
0.888096914365
162016
0.893238250969
162036
0.897807655039
162056
0.898847807655
162076
0.896798161943
162096
0.902455789729
162116
0.908462027616
162136
0.908895046027
162156
0.913439089753
162176
0.921705804869
162196
0.935643395712
162216
0.932767457001
162236
0.93332122093
162256
0.933548707001
162276
0.9410636961
162296
0.943148164971
162316
0.94885878452
162336
0.950138157098
162356
0.948493898377
162376
0.954408536216
162396
0.950020061168
162416
0.951621547965
162436
0.945834090359
162456
0.940902449734
162476
0.948971202762
162496
0.948473458697
162516
0.946423434472
162536
0.946620261022
162556
0.936388308503
162576
0.934408309109
162596
0.931919210271
162616
0.925489038275
162636
0.927085982922
162656
0.926443268532
162676
0.927197644138
162696
0.931582712573
162716
0.935362917878
162736
0.937155932049
162756
0.943373001453
162776
0.943839707485
162796
0.956418059593
162816
0.962171829578
162836
0.970599412548
162856
0.332989643895
162876
0.341555005451
162896
0.346884462815
162916
0.336015095082
162936
0.339504602713
162956
0.325825157461
162976
0.502356240916
162996
0.501107906371
163016
0.495906386265
163036
0.497968522892
163056
0.497216418362
163076
0.496706940407
163096
0.498888687016
163116
0.496247047602
163136
0.497374636628
163156
0.479439195736
163176
0.466125015141
163196
0.473432200824
163216
0.477367217781
163236
0.479212466691
163256
0.481444176962
163276
0.487484480984
163296
0.484396575218
163316
0.481313211604
163336
1.0
163356
0.673647574491
163376
0.797439362282
163396
0.824314135174
163416
0.821808381783
163436
0.818109178173
163456
0.82734223595
163476
1.0
163496
1.0
163516
1.0
