161049
0.304776186791
161069
0.280582833462
161089
0.281981666022
161109
0.303599071207
161129
0.293764915506
161149
0.384709187951
161169
0.359628966718
161189
0.319492147188
161209
0.383826351264
161229
0.399342508385
161249
0.295032733488
161269
0.302252644479
161289
0.274608568756
161309
0.278782894737
161329
0.280546552503
161349
0.300420456011
161369
0.301932162668
161389
0.299843991873
161409
0.300194707817
161429
0.302057130418
161449
0.302516689241
161469
0.303643414603
161489
0.293861664732
161509
0.288463864164
161529
0.288538441692
161549
0.275060065144
161569
0.271740357327
161589
0.276081978844
161609
0.280457865712
161629
0.302109536249
161649
0.302873452012
161669
0.301307323916
161689
0.302974232456
161709
0.301454463364
161729
0.301291199045
161749
0.300940483101
161769
0.301059404025
161789
0.432043746775
161809
0.430892834107
161829
0.429463767415
161849
0.428183855779
161869
0.30712437113
161889
0.298529814886
161909
0.294726360939
161929
0.299837945046
161949
0.285373935759
161969
0.283303905444
161989
0.284902283282
162009
0.353168940273
162029
0.355553405573
162049
0.356262899897
162069
0.275257594814
162089
0.268452899252
162109
0.26372629644
162129
0.265504063467
162149
0.269186580882
162169
0.268140479876
162189
0.267080269608
162209
0.264087090428
162229
0.268003418473
162249
0.266636835655
162269
0.300720781734
162289
0.291209123452
162309
0.303373323013
162329
0.32230190596
162349
0.307247323271
162369
0.353539812307
162389
0.306267737358
162409
0.329741518318
162429
0.300666360294
162449
0.273560452141
162469
0.281917166538
162489
0.283035829463
162509
0.333669940015
162529
0.319171665377
162549
0.320145204463
162569
0.318093314628
162589
0.316271204205
162609
0.317341492518
162629
0.278573271414
162649
0.285498903509
162669
0.289203592621
162689
0.295766415119
162709
0.290005804954
162729
0.271238470717
162749
0.285404169892
162769
0.282116711816
162789
0.300037490325
162809
0.289294295021
162829
0.294030975877
162849
0.319998065015
162869
0.315436742131
162889
0.311548632611
162909
0.302857327141
162929
0.304838670666
162949
0.285571465428
162969
0.285392076238
162989
0.285625886868
163009
0.283378482972
163029
0.330565902348
163049
0.319937596749
163069
0.321711332559
163089
0.356127854102
163109
0.349270752709
163129
0.328020188338
163149
0.289890915248
163169
0.289711526058
163189
0.294589299536
163209
0.313191353844
163229
0.331192756708
163249
0.325228570046
163269
0.298529814886
163289
0.300019349845
163309
0.293502886352
163329
0.299501338364
163349
0.298158942853
163369
0.307023590686
163389
0.334159732972
163409
0.315426664087
163429
0.296816547343
163449
0.279236406734
163469
0.280181727296
163489
0.280782378741
163509
0.311286603457
163529
0.316136158411
163549
0.299511416409
163569
0.289945336687
163589
0.288203850619
163609
0.285462622549
163629
0.284853908669
163649
0.28753869969
163669
0.291670697884
163689
0.292714783282
163709
0.293789102812
163729
0.295375386997
163749
0.362642301987
163769
0.360888722265
163789
0.35516439306
163809
0.345894607843
163829
0.354980972652
163849
0.350449883901
163869
0.352767834107
163889
0.364029040893
163909
0.342449932276
163929
0.34147437758
163949
0.344149090557
163969
0.347672374871
163989
0.299567853457
164009
0.333166037797
164029
0.34206495098
164049
0.294028960268
164069
0.289614776832
164089
0.296278379773
164109
0.286639738132
164129
0.285196562178
164149
0.287232327141
164169
0.289387013029
164189
0.285976602812
164209
0.290251709236
164229
0.294790860423
164249
0.29743130805
164269
0.301393995098
164289
0.292799438854
164309
0.293567385836
164329
0.294506659572
164349
0.291120436662
164369
0.294972265222
164389
0.359897042699
164409
0.365145688209
164429
0.36803002451
164449
0.371521059082
164469
0.288744033798
164489
0.291944820691
164509
0.293581495098
164529
0.294049116357
164549
0.292910297343
164569
0.293279153767
164589
0.295099248581
164609
0.296447690918
164629
0.292297552245
164649
0.293758868679
164669
0.294756595072
164689
0.297548213364
164709
0.294875515996
164729
0.297846523478
164749
0.295980069659
164769
0.296018366228
164789
0.295917585784
164809
0.297399058308
164829
0.298213364293
164849
0.348315354102
164869
0.350927583204
164889
0.354174729102
164909
0.358022526445
164929
0.341407862487
164949
0.380653782895
164969
0.37523381063
164989
0.295121420279
165009
0.295224216331
165029
0.296514206011
165049
0.294935984262
165069
0.294809000903
165089
0.295230263158
165109
0.294190208978
165129
0.28211066499
165149
0.281745839783
165169
0.284652347781
165189
0.279454092492
165209
0.281280234133
165229
0.274977425181
165249
0.275449077657
165269
0.278569240196
165289
0.283318014706
165309
0.294137803148
165329
0.297348668086
165349
0.294730392157
165369
0.286621597652
165389
0.287705995227
165409
0.288338896414
165429
0.29454495614
165449
0.292410426342
165469
0.294349442079
165489
0.29384755547
165509
0.293813290119
165529
0.289949367905
165549
0.3600562758
165569
0.3073219008
165589
0.303391463493
165609
0.324591637642
165629
0.302970201238
165649
0.301200496646
165669
0.302550954592
165689
0.299493275929
165709
0.286698190789
165729
0.287482262642
165749
0.280681598297
165769
0.284190773349
165789
0.283850135449
165809
0.288782330366
165829
0.344659039603
165849
0.344106762771
165869
0.345892592234
165889
0.346600070949
165909
0.340260981037
165929
0.282473474587
165949
0.30719693305
165969
0.304953560372
165989
0.300432549665
166009
0.285136093911
166029
0.284904298891
166049
0.292170568885
166069
0.300563564241
166089
0.300188660991
166109
0.302542892157
166129
0.290757627064
166149
0.324430388932
166169
0.29635497291
166189
0.310804872936
166209
0.308757014319
166229
0.287869259546
166249
0.286214444659
166269
0.284362100103
166289
0.284196820175
166309
0.281971587977
166329
0.278817160088
166349
0.278502725103
166369
0.277313515867
166389
0.276751160991
166409
0.299612196852
166429
0.29705438919
166449
0.311201947884
166469
0.313985503741
166489
0.3108875129
166509
0.304455704979
166529
0.312901106166
166549
0.830295810759
166569
1.0
166589
1.0
166609
0.991074883901
166629
0.982863293344
166649
0.972746952399
166669
0.96296318692
166689
0.954104585913
166709
0.945282265867
166729
0.935359423375
166749
0.925690547601
166769
0.916886368034
166789
0.908807807663
166809
0.901079963235
166829
0.892535797214
166849
0.890540344427
166869
0.885043779025
166889
0.882080833978
166909
0.877763399768
166929
0.873663651316
166949
0.870204866486
166969
0.865101344814
166989
0.859368953173
167009
0.860348539087
167029
0.857814918731
167049
0.860457381966
167069
0.865004595588
167089
0.870936532508
167109
0.879027186533
167129
0.878392269737
167149
0.885104247291
167169
0.889276557663
167189
0.894253095975
167209
0.90137625774
167229
0.91311314822
167249
0.913566660217
167269
0.916203076625
167289
0.918144107972
167309
0.9131312887
167329
0.909896236455
167349
0.909841815015
167369
0.915677002709
167389
0.918500870743
167409
0.922715508901
167429
0.92380998452
167449
0.916142608359
167469
0.905633223684
167489
0.904302921827
167509
0.903928018576
167529
0.897216041022
167549
0.896024816176
167569
0.889572852167
167589
0.887269011223
167609
0.881355214783
167629
0.875743759675
167649
0.87738244969
167669
0.872375677245
167689
0.874987906347
167709
0.882431549923
167729
0.88422745743
167749
0.878900203173
167769
0.882062693498
167789
0.879565354102
167809
0.882691563467
167829
0.887468556502
167849
0.890963622291
167869
0.894361938854
167889
0.892916747291
167909
0.897058823529
167929
0.902410265093
167949
0.900493421053
167969
0.899894785217
167989
0.90582067531
168009
0.905645317337
168029
0.911813080495
168049
0.90236189048
168069
0.904611309985
168089
0.907997532895
168109
0.900602263932
168129
0.897264415635
168149
0.89503313661
168169
0.900305969427
168189
0.900045955882
168209
0.902089783282
168229
0.900922745743
168249
0.903057275542
168269
0.905373210139
168289
0.910132062693
168309
0.901853957043
168329
0.890322658669
168349
0.889203995743
168369
0.891961348684
168389
0.898612857972
168409
0.885394494969
168429
0.87652380031
168449
0.870906298375
168469
0.87403250774
168489
0.877642463235
168509
0.874359036378
168529
0.884469330495
168549
0.89064314048
168569
0.889554711687
168589
0.886228957043
168609
0.889494243421
168629
0.883574400155
168649
0.884910748839
168669
0.890564531734
168689
0.897252321981
168709
0.893630272833
168729
0.890582672214
168749
0.889875193498
168769
0.87600377322
168789
0.870870017415
168809
0.878700657895
168829
0.882564580108
168849
0.876862422601
168869
0.875991679567
168889
0.876179131192
168909
0.885164715557
168929
0.880962171053
168949
0.878198771285
168969
0.882715750774
168989
0.884257691563
169009
0.886567579334
169029
0.892015770124
169049
0.885829866486
169069
0.893479102167
169089
0.900686919505
169109
0.900021768576
169129
0.896399719427
169149
0.881506385449
169169
0.880520752709
169189
0.882213864164
169209
0.879063467492
169229
0.873439918731
169249
0.87890625
169269
0.879123935759
169289
0.885382401316
169309
0.882854827786
169329
0.885721023607
169349
0.883054373065
169369
0.894241002322
169389
0.907265866873
169409
0.917303599071
169429
0.914370888158
169449
0.918730650155
169469
0.913621081656
169489
0.914933243034
169509
0.915126741486
169529
0.919020897833
169549
0.918119920666
169569
0.911401896285
169589
0.909521333204
169609
0.903583349458
169629
0.901031588622
169649
0.887335526316
169669
0.881246371904
169689
0.882643188854
169709
0.895758755805
169729
0.897294649768
169749
0.901025541796
169769
0.901176712461
169789
0.906364889706
169809
0.913445723684
169829
0.923749516254
169849
0.915169069272
169869
0.906854682663
169889
0.919153928019
169909
0.921881046827
169929
0.900130611455
169949
0.871250967492
169969
0.847426470588
169989
0.823741050697
170009
0.796300551471
170029
0.770758755805
170049
0.744787635449
170069
0.720406830495
170089
0.707254982585
170109
0.695784152477
170129
0.667624080882
170149
0.651219040248
170169
0.649187306502
170189
0.646865325077
170209
0.646042956656
170229
0.675128192724
170249
0.693044940015
170269
0.712678986068
170289
0.736678840944
170309
0.760648461687
170329
0.780167618034
170349
0.803085090944
170369
0.822580059985
170389
0.836330543731
170409
0.865984181502
170429
0.87550188661
170449
0.889536571207
170469
0.889651460913
170489
0.894204721362
170509
0.89254184404
170529
0.895885739164
170549
0.891344572368
170569
0.899090557276
170589
0.895865583075
170609
0.882030443756
170629
0.901908378483
170649
0.900148751935
170669
0.898701544763
170689
0.900620404412
170709
0.900954995485
170729
0.902426389964
170749
0.908501435114
170769
0.911055211558
170789
0.91841621517
170809
0.918192482585
170829
0.930322416796
170849
0.954437161378
170869
0.953911087461
170889
0.956130272833
170909
0.97711880805
170929
0.989853424923
170949
0.989702254257
170969
0.991564676858
170989
0.99467879257
171009
1.0
171029
1.0
