128819
0.426736435012
128839
0.408109841418
128859
0.41775886194
128879
0.444291239117
128899
0.452128517568
128919
0.453087103545
128939
0.450430950715
128959
0.452611940299
128979
0.454748231499
128999
0.454420281405
129019
0.459435731499
129039
0.457946109297
129059
0.460059565454
129079
0.464096023787
129099
0.466964979789
129119
0.451392451803
129139
0.436465135261
129159
0.429893501244
129179
0.412177880131
129199
0.431208702581
129219
0.44638186023
129239
0.464356926306
129259
0.475792424596
129279
0.50038333722
129299
0.514200481965
129319
0.508453338775
129339
0.502111026897
129359
0.497100921175
129379
0.494244597326
129399
0.474422807836
129419
0.438891965951
129439
0.411322294776
129459
0.409643190299
129479
0.397550820118
129499
0.385439015858
129519
0.374342642257
129539
0.345663770989
129559
0.353535544932
129579
0.324630266636
129599
0.327496793377
129619
0.330020308613
129639
0.362765761039
129659
0.390364097481
129679
0.375479050062
129699
0.359405122823
129719
0.359976484764
129739
0.344434079602
129759
0.345515586132
129779
0.33272456079
129799
0.333957653141
129819
0.33738776819
129839
0.33816173041
129859
0.345382948539
129879
0.349978622512
129899
0.356130966262
129919
0.352612912002
129939
0.348424867848
129959
0.359570798352
129979
0.357564715485
129999
0.355574179882
130019
0.355235055193
130039
0.355758317786
130059
0.349256646455
130079
0.35154549518
130099
0.399766305193
130119
0.465310653762
130139
0.528570040423
130159
0.570598666822
130179
0.645471373601
130199
0.717450831779
130219
0.756674634639
130239
0.769658543221
130259
0.804931397699
130279
0.839857353856
130299
0.841698247046
130319
0.831605643657
130339
0.883747279229
130359
0.946944962687
130379
0.998649331468
130399
0.999579738029
130419
0.982318388526
130439
0.982037566076
130459
0.982373775653
130479
0.982990321828
130499
0.980338541667
130519
0.967432369403
130539
0.967689870958
130559
0.966533543221
130579
0.985992887127
130599
0.977390391791
130619
0.971644706157
130639
0.972771396922
130659
0.979670009328
130679
0.987291569496
130699
0.975846840019
130719
0.955400244869
130739
0.933723958333
130759
0.918964260728
130779
0.898476854011
130799
0.877139692164
130819
0.855894356343
130839
0.831900069963
130859
0.829391616138
130879
0.833185634328
130899
0.824537954757
130919
0.821431902985
130939
0.813284165112
130959
0.820156541511
130979
0.826778218284
130999
0.812556844683
131019
0.796280317164
131039
0.785914179104
131059
0.786736240672
131079
0.788674790112
131099
0.77511951959
131119
0.773883997979
131139
0.753963094683
131159
0.768449257618
131179
0.768793726679
131199
0.775086967506
131219
0.791327056126
131239
0.811120180348
131259
0.820755111163
131279
0.831813102456
131299
0.830132540423
131319
0.822130072295
131339
0.832190123601
131359
0.824188141325
131379
0.807835820896
131399
0.787581623134
131419
0.792786555504
131439
0.782509328358
131459
0.791588444496
131479
0.797382229478
131499
0.791624883396
131519
0.793573635728
131539
0.792237056903
131559
0.79266120569
131579
0.760688257929
131599
0.74630363806
131619
0.740724113806
131639
0.737983908582
131659
0.732340251866
131679
0.738995938277
131699
0.755602845149
131719
0.752537119092
131739
0.79532221704
131759
0.805400244869
131779
0.809261796486
131799
0.799810517724
131819
0.803846490205
131839
0.790966068097
131859
0.782314015858
131879
0.762541297419
131899
0.75958974658
131919
0.76318116449
131939
0.76025147699
131959
0.765079874067
131979
0.776654326026
131999
0.786576395367
132019
0.797381257774
132039
0.812040384017
132059
0.815564754353
132079
0.81062995569
132099
0.814031891325
132119
0.812392140858
132139
0.817241429571
132159
0.817416336287
132179
0.812240555037
132199
0.815595848881
132219
0.807296525187
132239
0.814311742071
132259
0.798905375466
132279
0.772994402985
132299
0.753429143346
132319
0.761162449471
132339
0.760671253109
132359
0.757385436101
132379
0.763317688899
132399
0.75466563666
132419
0.761326667444
132439
0.788380363806
132459
0.805312791511
132479
0.805860832556
132499
0.807446653451
132519
0.804750174907
132539
0.79258541278
132559
0.786663362873
132579
0.794519589552
132599
0.786369908271
132619
0.785678055037
132639
0.785001749067
132659
0.776625660759
132679
0.786664334577
132699
0.805308418843
132719
0.80469478778
132739
0.819967059235
132759
0.820856654229
132779
0.830551344838
132799
0.810657163402
132819
0.811265450093
132839
0.812186625466
132859
0.810784456623
132879
0.806207730877
132899
0.80167473181
132919
0.785428812966
132939
0.781690181903
132959
0.792685984142
132979
0.805806902985
132999
0.816772096549
133019
0.809654850746
133039
0.811702716884
133059
0.811466592817
133079
0.809356051772
133099
0.807073519123
133119
0.817706389925
133139
0.797931728078
133159
0.795987348414
133179
0.804334771455
133199
0.809800606343
133219
0.808117129198
133239
0.824660389459
133259
0.816840601679
133279
0.811963619403
133299
0.818747084888
133319
0.822246676772
133339
0.835385086287
133359
0.822408465485
133379
0.831732936878
133399
0.830400730721
133419
0.830916705535
133439
0.838597053794
133459
0.845735191231
133479
0.835485657649
133499
0.828261038557
133519
0.825874533582
133539
0.823829096704
133559
0.847589202425
133579
0.869865030317
133599
0.89071050995
133619
0.901696595149
133639
0.901249125466
133659
0.935248561878
133679
0.968199043843
133699
0.981771319185
133719
0.974060848103
133739
0.969660972481
133759
0.969837336754
133779
0.980636368937
133799
0.988724347015
133819
0.963623775653
133839
0.932926189366
133859
0.894247026586
133879
0.885132929104
133899
0.833351795709
133919
0.781966145833
133939
0.746926986163
133959
0.736470965485
133979
0.733248309235
133999
0.742872065454
134019
0.744591981499
134039
0.733766227456
134059
0.761023495802
134079
0.789437091884
134099
0.788475104944
134119
0.791683185634
134139
0.796471742848
134159
0.779886699316
134179
0.751224832867
134199
0.757087122979
134219
0.746132132307
134239
0.740100279851
134259
0.728225571362
134279
0.730698557991
134299
0.730600901741
134319
0.754874067164
134339
0.775265275187
134359
0.770302297108
134379
0.777499708489
134399
0.801836520522
134419
0.794402985075
134439
0.801445895522
134459
0.795936333955
134479
0.796058768657
134499
0.793161147388
134519
0.787671991604
134539
0.782293610075
134559
0.776683477146
134579
0.786373309235
134599
0.811384969683
134619
0.8412109375
134639
0.859539703825
134659
0.876852553638
134679
0.901151469216
134699
0.93046875
134719
0.963677705224
134739
0.954361979167
134759
0.946720013215
134779
0.938512515547
134799
0.935131471549
134819
0.957142024254
134839
0.957606984608
134859
0.937786652674
134879
0.916433943563
134899
0.90037119092
134919
0.890651721859
134939
0.861849444185
134959
0.857896066542
134979
0.832935420553
134999
0.802945720616
135019
0.809849677394
135039
0.801546952736
135059
0.811393715019
135079
0.796872084888
135099
0.805597986629
135119
0.807012301772
135139
0.807713386194
135159
0.844034223414
135179
0.867496987718
135199
0.884243334111
135219
0.885326784049
135239
0.919313102456
135259
0.937972248134
135279
0.973592000933
135299
0.951537721549
135319
0.929341573383
135339
0.899982509328
135359
0.89276614972
135379
0.863698111007
135399
0.846643248601
135419
0.821767140858
135439
0.802328688588
135459
0.823987970305
135479
0.839187363961
135499
0.833573344216
135519
0.845173060479
135539
0.827694049285
135559
0.825545611785
135579
0.817809876399
135599
0.824680795243
135619
0.817817164179
135639
0.807212472792
135659
0.810361765392
135679
0.796392548974
135699
0.813937636039
135719
0.805440570585
135739
0.806377293221
135759
0.80271251166
135779
0.794559429415
135799
0.811056047886
135819
0.842090329602
135839
0.865109511039
135859
0.89891849347
135879
0.906005130597
135899
0.923982625933
135919
0.953056494869
135939
0.977791705535
135959
0.965353408738
135979
0.958932388837
135999
0.943532338308
136019
0.92567387671
136039
0.910928754664
136059
0.889769900498
136079
0.845645794465
136099
0.814346723414
136119
0.809169484608
136139
0.797853020056
136159
0.783198752332
136179
0.784233617071
136199
0.770621501866
136219
0.749259561567
136239
0.775002915112
136259
0.786985482743
136279
0.794015275187
136299
0.800230293843
136319
0.818843283582
136339
0.81408436334
136359
0.832760027985
136379
0.859866196362
136399
0.851821459111
136419
0.851199082711
136439
0.863940065299
136459
0.863792852146
136479
0.871034961909
136499
0.894751340951
136519
0.913938121891
136539
0.925176850124
136559
0.93564453125
136579
0.961664334577
136599
0.972372026586
136619
0.987367362407
136639
0.973469566231
136659
0.932002098881
136679
0.894988922575
136699
0.876119402985
136719
0.849965018657
136739
0.817521280317
136759
0.792846315299
136779
0.789399195429
136799
0.791796875
136819
0.821195778918
136839
0.837007346082
136859
0.872431786381
136879
0.882507870802
136899
0.897694146455
136919
0.90051014459
136939
0.905200559701
136959
0.910484685945
136979
0.905322508551
136999
0.915462239583
137019
0.914778159981
137039
0.922724755131
137059
0.926384678172
137079
0.9171632074
137099
0.896322100435
137119
0.885149448072
137139
0.885244675062
137159
0.859600921175
137179
0.860816037002
137199
0.853508823072
137219
0.836260591573
137239
0.82263681592
137259
0.809007210044
137279
0.81337161847
137299
0.791517024254
137319
0.794484608209
137339
0.755992984297
137359
0.781588152985
137379
0.809873484142
137399
0.840106110075
137419
0.875922632929
137439
0.885506063433
137459
0.931471062655
137479
0.950247784515
137499
0.983837161847
137519
0.984217583955
137539
0.984198635728
137559
0.985437558302
137579
0.992181669776
137599
1.0
137619
0.678159009639
137639
0.092139886505
137659
0.0969046369714
137679
0.0987086054104
137699
0.718490555037
137719
0.999981051772
137739
0.999989797108
137759
0.999969391325
137779
0.99999271222
137799
0.999993683924
137819
0.999970848881
137839
0.99997813666
137859
1.0
137879
1.0
137899
1.0
137919
1.0
137939
1.0
137959
1.0
137979
1.0
137999
1.0
138019
1.0
138039
1.0
138059
1.0
138079
1.0
138099
1.0
138119
1.0
138139
0.999996113184
138159
1.0
138179
1.0
138199
1.0
138219
1.0
138239
1.0
138259
1.0
138279
1.0
138299
1.0
138319
1.0
138339
1.0
138359
1.0
138379
1.0
138399
1.0
