173096
0.86809706577
173116
0.854379390746
173136
0.843573991642
173156
0.83249909157
173176
0.825559820131
173196
0.819887430354
173216
0.821473398135
173236
0.817799176357
173256
0.82187651405
173276
0.827471308745
173296
0.822653221899
173316
0.827894107316
173336
0.837397044574
173356
0.844914683261
173376
0.847193707607
173396
0.859681216691
173416
0.872365173813
173436
0.894971081638
173456
0.906017214753
173476
0.915237024588
173496
0.918886643047
173516
0.924060910247
173536
0.919748894743
173556
0.925547329215
173576
0.92415023922
173596
0.916526238493
173616
0.92075271015
173636
0.91546753876
173656
0.908142184472
173676
0.899801659399
173696
0.884896968871
173716
0.881311319041
173736
0.873538941376
173756
0.874489765019
173776
0.873390185925
173796
0.877307034278
173816
0.870806080426
173836
0.870351486797
173856
0.872678203731
173876
0.864945948401
173896
0.863405023619
173916
0.865202579942
173936
0.867177658672
173956
0.872790621972
173976
0.882631570979
173996
0.887260780039
174016
0.884418907461
174036
0.891054233285
174056
0.8887710453
174076
0.890676099201
174096
0.890499333818
174116
0.881712920906
174136
0.890510689196
174156
0.895892759811
174176
0.890770348837
174196
0.889473943193
174216
0.893883993459
174236
0.891605347626
174256
0.89144712936
174276
0.896591494065
174296
0.894481286337
174316
0.896548343629
174336
0.894637990552
174356
0.88607300751
174376
0.888677552689
174396
0.880750363372
174416
0.87427704094
174436
0.87642396439
174456
0.879699990916
174476
0.87953306686
174496
0.878984602108
174516
0.874074158188
174536
0.872185758842
174556
0.872762233527
174576
0.871697099079
174596
0.873621078609
174616
0.888408808745
174636
0.887897816739
174656
0.894418453246
174676
0.896430626211
174696
0.890499333818
174716
0.886674842539
174736
0.886375817587
174756
0.885656643653
174776
0.890924403464
174796
0.895515004239
174816
0.891724957607
174836
0.891910807292
174856
0.900298267926
174876
0.898408733043
174896
0.894604681444
174916
0.892306352955
174936
0.896040379724
174956
0.89394682655
174976
0.894320418484
174996
0.900097277737
175016
0.889167347989
175036
0.878073522287
175056
0.875718416909
175076
0.876087088178
175096
0.882516503149
175116
0.877955047844
175136
0.871492702277
175156
0.870897680475
175176
0.874861842902
175196
0.873719113372
175216
0.874204366521
175236
0.872562757389
175256
0.863319479772
175276
0.872144500969
175296
0.883524860707
175316
0.883596021076
175336
0.893381707243
175356
0.885213783915
175376
0.878624258115
175396
0.879918392684
175416
0.881686425024
175436
0.879440331274
175456
0.885080925993
175476
0.888345975654
175496
0.883735313711
175516
0.883336361434
175536
0.868621305717
175556
0.868740158672
175576
0.869572507873
175596
0.866146590359
175616
0.866714359254
175636
0.856939271439
175656
0.857528994065
175676
0.86580138687
175696
0.86610306141
175716
0.865451262718
175736
0.862914849806
175756
0.863811167636
175776
0.876348640383
175796
0.891965691618
175816
0.882458590722
175836
0.888180565649
175856
0.886811107074
175876
0.899678264293
175896
0.900297132389
175916
0.894258342418
175936
0.887731649709
175956
0.88678726078
175976
0.886724049176
175996
0.890825233164
176016
0.888229772287
176036
0.890338465964
176056
0.895356407461
176076
0.906647816739
176096
0.901032203852
176116
0.893463087452
176136
0.891417226865
176156
0.895693662185
176176
0.898686939801
176196
0.901099200581
176216
0.9122055172
176236
0.912943238251
176256
0.908449536701
176276
0.917486524952
176296
0.903831683018
176316
0.902869503997
176336
0.895278812379
176356
0.892923328488
176376
0.895980574734
176396
0.889894470688
176416
0.882093326066
176436
0.876455759448
176456
0.864406567951
176476
0.861516245761
176496
0.866220400315
176516
0.867476683624
176536
0.869648967418
176556
0.866814665092
176576
0.862702125727
176596
0.863448174055
176616
0.8671394289
176636
0.865246108891
176656
0.867377513324
176676
0.870421890141
176696
0.876065891473
176716
0.883288290334
176736
0.891811636991
176756
0.898345521439
176776
0.898773240673
176796
0.898744095203
176816
0.896855695858
176836
0.895629315044
176856
0.896025617733
176876
0.896339783188
176896
0.894453276405
176916
0.896980605015
176936
0.906265519016
176956
0.913141957364
176976
0.914576898619
176996
0.903553854772
177016
0.891483088057
177036
0.884681595203
177056
0.879125408794
177076
0.878398286095
177096
0.882444964268
177116
0.882842023983
177136
0.880309774709
177156
0.884100578367
177176
0.877169255693
177196
0.864203685199
177216
0.858862115431
177236
0.85358564983
177256
0.865277903949
177276
0.871106619428
177296
0.884769031613
177316
0.901950853924
177336
0.909409444646
177356
0.909549115795
177376
0.910263369065
177396
0.901782415819
177416
0.889520500242
177436
0.885956047117
177456
0.889139338057
177476
0.896517305596
177496
0.89440596233
177516
0.894139489462
177536
0.897027540577
177556
0.889546617611
177576
0.885108935925
177596
0.878706773861
177616
0.872551780523
177636
0.876874015867
177656
0.882498334545
177676
0.890890715843
177696
0.89402404312
177716
0.901602622335
177736
0.900472762234
177756
0.907978288517
177776
0.902738917151
177796
0.886141896802
177816
0.876093522892
177836
0.866069752301
177856
0.859515049661
177876
0.86615264656
177896
0.862048434472
177916
0.855492974806
177936
0.862211194889
177956
0.857156159157
177976
0.869243201914
177996
0.868737887597
178016
0.85951050751
178036
0.874527237766
178056
0.888513656734
178076
0.907485465116
178096
0.914829745034
178116
0.911009417393
178136
0.904393395712
178156
0.899457212936
178176
0.890917211725
178196
0.889094673571
178216
0.890729847989
178236
0.883316678779
178256
0.875650663154
178276
0.877255556565
178296
0.862038593144
178316
0.851912624152
178336
0.841814286579
178356
0.829198461725
178376
0.826645015746
178396
0.831639867975
178416
0.828460362161
178436
0.83162018532
178456
0.83746214874
178476
0.833828806323
178496
0.827338829336
178516
0.826571584302
178536
0.819059623304
178556
0.816771136143
178576
0.821179672359
178596
0.815954684472
178616
0.816119337452
178636
0.820557776163
178656
0.822332243217
178676
0.821574839511
178696
0.825372456395
178716
0.818992248062
178736
0.820992308624
178756
0.811538956516
178776
0.815463753634
178796
0.818090252544
178816
0.819488099564
178836
0.821129330184
178856
0.830164425872
178876
0.824829669331
178896
0.827156386265
178916
0.845746275436
178936
0.843310168362
178956
0.837448143774
178976
0.839431549782
178996
0.840299857679
179016
0.83318268532
179036
0.828998607074
179056
0.828889216933
179076
0.819407854893
179096
0.816577716206
179116
0.814765397892
179136
0.797284172117
179156
0.794145545664
179176
0.792973670664
179196
0.788196084666
179216
0.779686742975
179236
0.780344597868
179256
0.77560486313
179276
0.776802476986
179296
0.787754360465
179316
0.780326050751
179336
0.788760068435
179356
0.774907264414
179376
0.780124682049
179396
0.787124894016
179416
0.798018865068
179436
0.823469673571
179456
0.828404720809
179476
0.834487039729
179496
0.850826292999
179516
0.841673479893
179536
0.841927083333
179556
0.845659974564
179576
0.851099579094
179596
0.856597096051
179616
0.855511143411
179636
0.848044225412
179656
0.852596217902
179676
0.84732391594
179696
0.83504837391
179716
0.821540016352
179736
0.822417030039
179756
0.807359798934
179776
0.805032324976
179796
0.813207818556
179816
0.802160549903
179836
0.794634962452
179856
0.796133493823
179876
0.796035837573
179896
0.806435471172
179916
0.81250151405
179936
0.824560168362
179956
0.821215631056
179976
0.822324672965
179996
0.837228984981
180016
0.843123940165
180036
0.85328246124
180056
0.856648573765
180076
0.863314180596
180096
0.86680558079
180116
0.864436470446
180136
0.862469718992
180156
0.857000211967
180176
0.851316845325
180196
0.858370049055
180216
0.859943525921
180236
0.864473186168
180256
0.866449778949
180276
0.862809623304
180296
0.870976032582
180316
0.878943344234
180336
0.887876241521
180356
0.892316951308
180376
0.898436364462
180396
0.89784285671
180416
0.899468568314
180436
0.900445509327
180456
0.888371714511
180476
0.892097035489
180496
0.891578851744
180516
0.887229363493
180536
0.887643834787
180556
0.880544452519
180576
0.875364886143
180596
0.8719741703
180616
0.873726683624
180636
0.872396211846
180656
0.873359526405
180676
0.874265685562
180696
0.88205168968
180716
0.890123092297
180736
0.892741263929
180756
0.890638626453
180776
0.890294937016
180796
0.891439937621
180816
0.889675690407
180836
0.889469779554
180856
0.890642790092
180876
0.88728576187
180896
0.883071024104
180916
0.883260658915
180936
0.892072432171
180956
0.89605438469
180976
0.903254451308
180996
0.916602319525
181016
0.931452882752
181036
0.939148800872
181056
0.946801568556
181076
0.958999515504
181096
0.967191663639
181116
0.97363432655
181136
0.985040046633
181156
0.990935758842
181176
0.993177310441
181196
0.990758993459
181216
0.985457546027
181236
0.985155114462
181256
0.985332258358
181276
0.985932200824
181296
0.988675660126
181316
0.991948658551
181336
0.98931458939
181356
0.976740779433
181376
0.962548449612
181396
0.949054475533
181416
0.939338814196
181436
0.923977258963
181456
0.916443722747
181476
0.912684335635
181496
0.903400557171
181516
0.890077670785
181536
0.885368595567
181556
0.88889481892
181576
0.870164501575
181596
0.855796541909
181616
0.854882433987
181636
0.858508206153
181656
0.859798934109
181676
0.856373773619
181696
0.859012384932
181716
0.861068843871
181736
0.856853349079
181756
0.861075278585
181776
0.869406340843
181796
0.870023316376
181816
0.882186440165
181836
0.895740219234
181856
0.894810970809
181876
0.907451777495
181896
0.898334923086
181916
0.889425115068
181936
0.8965324461
181956
0.903874076429
181976
0.909447674419
181996
0.910050644985
182016
0.909281128876
182036
0.902442163275
182056
0.908754239341
182076
0.903511839874
182096
0.900981861676
182116
0.901254390746
182136
0.904022453367
182156
0.92405409702
182176
0.939445176235
182196
0.942134508236
182216
0.942014519743
182236
0.943526299055
182256
0.952120049055
182276
0.959333742127
182296
0.969087633236
182316
0.974419361676
182336
0.984616491037
182356
0.98801742672
182376
0.999962905766
182396
1.0
182416
1.0
182436
1.0
182456
0.985875423934
182476
0.985535898135
182496
0.985499560925
182516
0.985499560925
182536
0.985499560925
182556
0.985499560925
182576
0.985499560925
182596
0.985499560925
182616
0.9854988039
182636
0.987473504118
182656
1.0
182676
1.0
