109315
0.0558178304451
109335
0.0570325773021
109355
0.0584129714577
109375
0.0551786017669
109395
0.0547889058784
109415
0.0574562521237
109435
0.0578045361876
109455
0.0764918875297
109475
0.0689432551818
109495
0.066370412844
109515
0.0647373003738
109535
0.0644261807679
109555
0.0643635321101
109575
0.0701176520557
109595
0.0705774294937
109615
0.0680502463473
109635
0.0678102701325
109655
0.0687149592253
109675
0.0705615018688
109695
0.0702525059463
109715
0.0631594036697
109735
0.0643911399932
109755
0.0695676180768
109775
0.0714460159701
109795
0.0706645005097
109815
0.0678102701325
109835
0.0686799184506
109855
0.0659796551138
109875
0.0669862810058
109895
0.0688158341828
109915
0.0681914712878
109935
0.0666231311587
109955
0.0662164458036
109975
0.0777937054027
109995
0.0708365188583
110015
0.0638634046891
110035
0.0653053856609
110055
0.0638580954808
110075
0.100405623513
110095
0.21187245158
110115
0.133323776758
110135
0.103034743459
110155
0.108989551478
110175
0.101007687734
110195
0.108560567448
110215
0.129769792729
110235
0.246847392117
110255
0.246408851512
110275
0.245347009854
110295
0.245791921509
110315
0.244948819232
110335
0.247462198437
110355
0.249591190962
110375
0.25433549949
110395
0.25963727489
110415
0.256639695889
110435
0.252795829086
110455
0.2511011298
110475
0.248853211009
110495
0.245590171594
110515
0.241095395855
110535
0.236402055725
110555
0.234870880054
110575
0.232794979613
110595
0.241350237853
110615
0.24878950051
110635
0.24837962963
110655
0.248342465172
110675
0.240421126402
110695
0.242281472987
110715
0.238352658852
110735
0.239106566429
110755
0.240263973836
110775
0.250750722052
110795
0.24474282195
110815
0.247080997282
110835
0.246633961944
110855
0.248990188583
110875
0.24962198437
110895
0.232823649337
110915
0.205675543663
110935
0.203709012912
110955
0.206784106354
110975
0.201864593952
110995
0.198804366293
111015
0.193766989467
111035
0.188393008835
111055
0.173686501869
111075
0.171692363235
111095
0.165743926266
111115
0.159628780156
111135
0.159631965681
111155
0.159536399932
111175
0.15940685525
111195
0.162555215766
111215
0.159844334013
111235
0.157867184845
111255
0.158076367652
111275
0.0440993459055
111295
0.046086051648
111315
0.0475471457696
111335
0.0461741845056
111355
0.0459734964322
111375
0.0473666326877
111395
0.0481216021067
111415
0.0440515630309
111435
0.0371772001359
111455
0.0438052157662
111475
0.0488171083928
111495
0.0570070931023
111515
0.0664468654434
111535
0.0628440366972
111555
0.0447279561672
111575
0.0527236238532
111595
0.0545138888889
111615
0.0477488956847
111635
0.0504576537547
111655
0.0502389143731
111675
0.0497334777438
111695
0.0710998555895
111715
0.061170574244
111735
0.0658448012232
111755
0.0622695803602
111775
0.0627070591233
111795
0.0686767329256
111815
0.0820899167516
111835
0.0842284658512
111855
0.087369393476
111875
0.0477552667346
111895
0.0516384216786
111915
0.0438731736323
111935
0.0442628695209
111955
0.0896385490996
111975
0.0909860261638
111995
0.0867206082229
112015
0.0533819656813
112035
0.0510703363914
112055
0.0517913268773
112075
0.0798196992864
112095
0.0826537546721
112115
0.0829234624533
112135
0.0889143730887
112155
0.0879799524295
112175
0.0505882602786
112195
0.0498131158682
112215
0.0500021236833
112235
0.0505691471288
112255
0.050543662929
112275
0.0515237427795
112295
0.051369775739
112315
0.0516872663948
112335
0.051329425756
112355
0.051503567788
112375
0.0458322714917
112395
0.0850928049609
112415
0.0841010448522
112435
0.0827397638464
112455
0.0835170319402
112475
0.0823659955827
112495
0.079457611281
112515
0.0779986408427
112535
0.0784074498811
112555
0.0789012062521
112575
0.0905018263677
112595
0.086077132178
112615
0.0836306489976
112635
0.079588217805
112655
0.0740411569827
112675
0.065162037037
112695
0.0442108392796
112715
0.0431320081549
112735
0.0412695378865
112755
0.0422666072035
112775
0.0423759768943
112795
0.04249490316
112815
0.0399061331974
112835
0.0389048165138
112855
0.0525367397214
112875
0.0568690536867
112895
0.0574127166157
112915
0.05520620965
112935
0.0582897978253
112955
0.0618236068637
112975
0.0629374787632
112995
0.0635968824329
113015
0.0633590299015
113035
0.0632836391437
113055
0.0640747111791
113075
0.339502633367
113095
0.348221415223
113115
0.333655071356
113135
0.286639908257
113155
0.252426308189
113175
0.289303007136
113195
0.296710414543
113215
0.291124065579
113235
0.0672984624533
113255
0.0640141862046
113275
0.0562861026164
113295
0.0568722392117
113315
0.0630723326538
113335
0.0538067023445
113355
0.0583259004417
113375
0.0701856099218
113395
0.0939995327897
113415
0.15253567788
113435
0.363842167856
113455
0.132622961264
113475
0.105211518858
113495
0.104107203534
113515
0.109603295957
113535
0.112423547401
113555
0.111711051648
113575
0.110683188923
113595
0.113900569147
113615
0.109209352701
113635
0.0808634896364
113655
0.0749978763167
113675
0.0787907747197
113695
0.0830572545022
113715
0.0908490485899
113735
0.0935843527013
113755
0.0975662589195
113775
0.105779604145
113795
0.109628780156
113815
0.108604102956
113835
0.108268560992
113855
0.108212283384
113875
0.107386170574
113895
0.110496304791
113915
0.109066004077
113935
0.0645313030921
113955
0.06520238702
113975
0.0664075773021
113995
0.0660306235134
114015
0.0625424736663
114035
0.0556330699966
114055
0.0557381923208
114075
0.0582112215426
114095
0.0619775739042
114115
0.0650123173632
114135
0.0649209989806
114155
0.147695803602
114175
0.193115018688
114195
0.27413566089
114215
0.424367142372
114235
0.196118968739
114255
0.124463769963
114275
0.0922697927285
114295
0.0824647468569
114315
0.0802019622834
114335
0.0776471712538
114355
0.0745603975535
114375
0.0755415392457
114395
0.0760087495753
114415
0.0933889738362
114435
0.0708651885831
114455
0.0770822714917
114475
0.0834469503908
114495
0.0752017499151
114515
0.0738521491675
114535
0.0874585881753
114555
0.075963090384
114575
0.0764993204213
114595
0.090795956507
114615
0.0840511382943
114635
0.0862767584098
114655
0.119629204893
114675
0.117124320421
114695
0.116321568128
114715
0.114561034659
114735
0.126612937479
114755
0.1281632263
114775
0.994794852192
114795
0.991023190622
114815
0.985537716616
114835
0.979211264016
114855
0.974139908257
114875
0.971674311927
114895
0.961627166157
114915
0.957030453619
114935
0.947241335372
114955
0.938340978593
114975
0.930542813456
114995
0.930173292559
115015
0.925882390418
115035
0.931807466871
115055
0.931371049949
115075
0.925710372069
115095
0.923171508665
115115
0.922916666667
115135
0.91940303262
115155
0.918619393476
115175
0.915392456677
115195
0.912404434251
115215
0.913022426096
115235
0.917982288481
115255
0.919154561672
115275
0.926054408767
115295
0.933989551478
115315
0.935607798165
115335
0.925235728848
115355
0.924512614679
115375
0.922652268094
115395
0.924907619776
115415
0.927233053007
115435
0.929517074414
115455
0.928230122324
115475
0.931775611621
115495
0.923499617737
115515
0.923247961264
115535
0.9219132263
115555
0.921327089704
115575
0.915163098879
115595
0.912700688073
115615
0.919686544343
115635
0.921002166157
115655
0.913430173293
115675
0.9062117737
115695
0.905179663609
115715
0.900433231397
115735
0.900856906218
115755
0.903825815494
115775
0.906074796126
115795
0.907345820591
115815
0.909327217125
115835
0.904978975535
115855
0.908909913354
115875
0.91004077472
115895
0.912076325178
115915
0.909801860347
115935
0.908460754332
115955
0.911512487258
115975
0.915102573904
115995
0.919963685015
116015
0.919584607543
116035
0.918049184506
116055
0.913512996942
116075
0.919791666667
116095
0.922872069317
116115
0.921177370031
116135
0.918667176351
116155
0.917351554536
116175
0.919884046891
116195
0.917571355759
116215
0.916456422018
116235
0.922811544343
116255
0.92376401631
116275
0.925207059123
116295
0.921788990826
116315
0.924206804281
116335
0.92495540265
116355
0.923859582059
116375
0.917969546381
116395
0.919874490316
116415
0.912535040775
116435
0.913280453619
116455
0.921546890928
116475
0.914226554536
116495
0.90939411315
116515
0.907912844037
116535
0.90379077472
116555
0.908320591233
116575
0.903841743119
116595
0.905437691131
116615
0.908167686035
116635
0.912404434251
116655
0.917036187564
116675
0.919842635066
116695
0.920932084608
116715
0.929841997961
116735
0.935270132518
116755
0.935563200815
116775
0.940357415902
116795
0.946769877676
116815
0.940914882773
116835
0.938707313965
116855
0.937694317023
116875
0.93692341998
116895
0.928437181448
116915
0.919540010194
116935
0.917252803262
116955
0.91004714577
116975
0.904558486239
116995
0.899840723751
117015
0.893893348624
117035
0.887640163099
117055
0.880268858308
117075
0.879701834862
117095
0.875767711519
117115
0.876828491335
117135
0.874152650357
117155
0.872314602446
117175
0.873324413863
117195
0.872913481142
117215
0.877742737003
117235
0.870925713558
117255
0.878787589195
117275
0.891415010194
117295
0.894259683996
117315
0.890695081549
117335
0.890765163099
117355
0.895489296636
117375
0.904274974516
117395
0.910050331295
117415
0.916102828746
117435
0.914092762487
117455
0.918265800204
117475
0.917052115189
117495
0.92814411315
117515
0.928478593272
117535
0.936652650357
117555
0.9312754842
117575
0.928676095821
117595
0.930396279307
117615
0.934476936799
117635
0.933897171254
117655
0.926130861366
117675
0.923999745158
117695
0.91937117737
117715
0.922760575943
117735
0.926605504587
117755
0.929300458716
117775
0.930141437309
117795
0.923671636086
117815
0.926544979613
117835
0.92368756371
117855
0.925579765545
117875
0.927685397554
117895
0.923576070336
117915
0.929746432212
117935
0.926615061162
117955
0.92880988787
117975
0.929294087666
117995
0.934798674822
118015
0.935518603466
118035
0.938051095821
118055
0.94183549949
118075
0.942877166157
118095
0.941000891947
118115
0.935091743119
118135
0.93123088685
118155
0.925723114169
118175
0.916647553517
118195
0.916430937819
118215
0.913003312946
118235
0.90505224261
118255
0.899225917431
118275
0.894645132518
118295
0.885126783894
118315
0.884511977574
118335
0.887703873598
118355
0.884887869521
118375
0.884193425076
118395
0.885378440367
118415
0.885107670744
118435
0.881039755352
118455
0.880428134557
118475
0.881887104995
118495
0.8875509684
118515
0.900445973496
118535
0.901675586137
118555
0.91435716106
118575
0.917523572885
118595
0.924022043833
118615
0.925146534149
118635
0.928226936799
118655
0.926557721713
118675
0.923273445464
118695
0.928956422018
118715
0.914927370031
118735
0.923614296636
118755
0.935732033639
118775
0.94255861366
118795
0.942873980632
118815
0.944743883792
118835
0.947974006116
118855
0.957227956167
118875
0.958400229358
118895
0.957721712538
118915
0.955823139653
118935
0.956947629969
118955
0.958129459735
118975
0.962643348624
118995
0.981135321101
119015
0.988911187564
119035
0.988497069317
119055
0.988745540265
119075
0.988544852192
119095
0.988538481142
119115
0.988608562691
119135
0.988952599388
119155
0.988614933741
119175
0.98869775739
119195
0.988796508665
119215
0.988882517839
119235
0.993268985729
119255
0.997486620795
