194561
0.26942630597
194581
0.259338561101
194601
0.269741623912
194621
0.274402887904
194641
0.27734132074
194661
0.2945433963
194681
0.281361260106
194701
0.279325540267
194721
0.302115399565
194741
0.341157007929
194761
0.341325112718
194781
0.156485152363
194801
0.122136874223
194821
0.118239369558
194841
0.123470052083
194861
0.193451686878
194881
0.238028121113
194901
0.106601270989
194921
0.103543318563
194941
0.103792074782
194961
0.401454155006
194981
0.104453319341
195001
0.113863300684
195021
0.132235793688
195041
0.1177491449
195061
0.53036380597
195081
0.525903684701
195101
0.525005830224
195121
0.107581720305
195141
0.1058350824
195161
0.110418124223
195181
0.118038712687
195201
0.533968341884
195221
0.530247201493
195241
0.53195059857
195261
0.131684837531
195281
0.107101212687
195301
0.130483811412
195321
0.129986784826
195341
0.0909874455846
195361
0.0935260222326
195381
0.565064812655
195401
0.554136057991
195421
0.540706623134
195441
0.550667074782
195461
0.068455573694
195481
0.0653203708022
195501
0.0685682913557
195521
0.0661215407338
195541
0.0630140314055
195561
0.0626292366294
195581
0.0593958916356
195601
0.0553297963308
195621
0.0553249378109
195641
0.0549712375622
195661
0.055126710199
195681
0.052931145056
195701
0.0524030239428
195721
0.0502356382152
195741
0.0507880519279
195761
0.050635980255
195781
0.0486969449627
195801
0.0487712803172
195821
0.0475032066231
195841
0.046875971704
195861
0.0479526197139
195881
0.0482849424751
195901
0.0470032649254
195921
0.0481207245025
195941
0.0465188704913
195961
0.0455131568719
195981
0.0458192436256
196001
0.0438238495025
196021
0.0442635455535
196041
0.0436353389303
196061
0.042531483209
196081
0.0419329135572
196101
0.0413406599813
196121
0.0409976484764
196141
0.0416700676306
196161
0.043455087842
196181
0.0421578630286
196201
0.041111823694
196221
0.0416953319341
196241
0.0418167949316
196261
0.0424926150498
196281
0.0425446012127
196301
0.0409791861007
196321
0.0402266013682
196341
0.0394332050684
196361
0.0388900225435
196381
0.0387394084266
196401
0.0396941075871
196421
0.0393219449627
196441
0.0378794504042
196461
0.0375461559391
196481
0.0370884833644
196501
0.0364155783582
196521
0.037889167444
196541
0.037111318408
196561
0.036473394745
196581
0.0373454990672
196601
0.0366269239739
196621
0.0360560478856
196641
0.0363703941231
196661
0.03779539801
196681
0.037258045709
196701
0.0375806514303
196721
0.0375704485386
196741
0.0375923118781
196761
0.0381481265547
196781
0.0375165189677
196801
0.0362124922264
196821
0.0360249533582
196841
0.03671632074
196861
0.0381024564677
196881
0.037843011505
196901
0.0365185789801
196921
0.036378653607
196941
0.0368839396766
196961
0.0369184351679
196981
0.0366070040423
197001
0.0368120335821
197021
0.0363679648632
197041
0.0355852573072
197061
0.0350760844216
197081
0.0348861162935
197101
0.0362868275808
197121
0.0367960004664
197141
0.0371370685634
197161
0.0359253537002
197181
0.0354783698694
197201
0.035398204291
197221
0.0373984569341
197241
0.0366439287935
197261
0.0371521299751
197281
0.0374290656095
197301
0.0374669620647
197321
0.03799071051
197341
0.037743897699
197361
0.0365608481032
197381
0.0369509872512
197401
0.0367493586754
197421
0.0373921408582
197441
0.0379523282027
197461
0.0372609608209
197481
0.037400886194
197501
0.0366244947139
197521
0.0367984297264
197541
0.0371453280473
197561
0.0365938860386
197581
0.0365112912002
197601
0.0366298390858
197621
0.0372692203047
197641
0.0364024603545
197661
0.0371832245025
197681
0.0369718788868
197701
0.0367517879353
197721
0.036522465796
197741
0.0362649642413
197761
0.0365180931281
197781
0.0367731654229
197801
0.0362542754975
197821
0.0362654500933
197841
0.03603515625
197861
0.0359545048197
197881
0.0370049168221
197901
0.0374849385883
197921
0.0370933418843
197941
0.0378449549129
197961
0.0375136038557
197981
0.0372162624378
198001
0.0371341534515
198021
0.0363742809391
198041
0.0361187227923
198061
0.0371409553794
198081
0.0369757657027
198101
0.0377244636194
198121
0.0380767063122
198141
0.0367085471082
198161
0.0368232081779
198181
0.0371773942786
198201
0.0366585043532
198221
0.0367270094838
198241
0.0364330690299
198261
0.0359234102923
198281
0.036034670398
198301
0.036769278607
198321
0.037305659204
198341
0.038083994092
198361
0.0391057408271
198381
0.0389002254353
198401
0.0371618470149
198421
0.0376005713619
198441
0.0399554959577
198461
0.03925538324
198481
0.0378789645522
198501
0.0366517024254
198521
0.0363242381841
198541
0.0367425567475
198561
0.0372201492537
198581
0.0365919426306
198601
0.0373829096704
198621
0.0367610191231
198641
0.0373586170709
198661
0.0375898826182
198681
0.037306630908
198701
0.035596431903
198721
0.036571536847
198741
0.0363324976679
198761
0.0364189793221
198781
0.0376802510883
198801
0.0375908543221
198821
0.0368586753731
198841
0.0370267801617
198861
0.0374266363495
198881
0.0381267490672
198901
0.03837890625
198921
0.0371273515236
198941
0.037402829602
198961
0.0362494169776
198981
0.0360895716729
199001
0.0367556747512
199021
0.0373712492226
199041
0.03672117926
199061
0.0372162624378
199081
0.043506102301
199101
0.0845445623445
199121
0.654004877954
199141
1.0
199161
1.0
199181
0.979097189832
199201
0.972336559391
199221
0.966742945429
199241
0.958088949782
199261
0.951592136971
199281
0.939705282183
199301
0.934892432369
199321
0.933831331623
199341
0.932968944341
199361
0.933886232898
199381
0.927447722326
199401
0.931801442009
199421
0.928754664179
199441
0.926705826337
199461
0.931904442631
199481
0.931722733986
199501
0.926298196517
199521
0.926837492226
199541
0.924582167289
199561
0.929467409049
199581
0.928544290267
199601
0.926821944963
199621
0.930629081157
199641
0.929539315143
199661
0.930802044465
199681
0.931051286536
199701
0.935819437966
199721
0.935895716729
199741
0.931169834422
199761
0.936388856499
199781
0.934967739428
199801
0.937819690609
199821
0.933771085976
199841
0.935934099036
199861
0.944208644279
199881
0.941168668377
199901
0.940491390703
199921
0.939602767413
199941
0.941944574005
199961
0.942107334422
199981
0.942248717351
200001
0.942654403762
200021
0.940254780784
200041
0.939251496424
200061
0.93671875
200081
0.940652207711
200101
0.937917832711
200121
0.94092768579
200141
0.942293415734
200161
0.940988903141
200181
0.944676033893
200201
0.943937053016
200221
0.945608383862
200241
0.946045164801
200261
0.945238650498
200281
0.947630499845
200301
0.944324762904
200321
0.940276644123
200341
0.944675062189
200361
0.945186178483
200381
0.942187985852
200401
0.93866701648
200421
0.940764925373
200441
0.938237037469
200461
0.936764420087
200481
0.935737814832
200501
0.936986940299
200521
0.925885708178
200541
0.931205787469
200561
0.926395366915
200581
0.924667191387
200601
0.923597831157
200621
0.923179512593
200641
0.922906463775
200661
0.917409048507
200681
0.920775031095
200701
0.922136874223
200721
0.927384561567
200741
0.927497279229
200761
0.932480177239
200781
0.928953377643
200801
0.935044504042
200821
0.935199490827
200841
0.93486328125
200861
0.93367440143
200881
0.934693233053
200901
0.931261174596
200921
0.93036137671
200941
0.928665267413
200961
0.934001865672
200981
0.930648515236
201001
0.935064909826
201021
0.932005013993
201041
0.93322012982
201061
0.931695040423
201081
0.93370598181
201101
0.930893384639
201121
0.928488417289
201141
0.92629382385
201161
0.919698868937
201181
0.921432874689
201201
0.918483267257
201221
0.920168201959
201241
0.912887224036
201261
0.91455563977
201281
0.918198072139
201301
0.914305425995
201321
0.916872182058
201341
0.921545106499
201361
0.922352106654
201381
0.922727670243
201401
0.922740302394
201421
0.923467136971
201441
0.92107431592
201461
0.920658912469
201481
0.921260397233
201501
0.921247765081
201521
0.922251535292
201541
0.921070429104
201561
0.921604380442
201581
0.920305698072
201601
0.920654539801
201621
0.924093400187
201641
0.922791316853
201661
0.920396066542
201681
0.928595304726
201701
0.924079310479
201721
0.92704349347
201741
0.924438840951
201761
0.924825579136
201781
0.926239408427
201801
0.924008376088
201821
0.928182816387
201841
0.924372279229
201861
0.927433146766
201881
0.931119305815
201901
0.9361085199
201921
0.936171194807
201941
0.938859413868
201961
0.93973394745
201981
0.935124183769
202001
0.934661652674
202021
0.934532416045
202041
0.937990224658
202061
0.935133900808
202081
0.933204582556
202101
0.934130616449
202121
0.934886602146
202141
0.934656308302
202161
0.929601504198
202181
0.935916608364
202201
0.933847364739
202221
0.934269570118
202241
0.932100240983
202261
0.935341359608
202281
0.932523418066
202301
0.933012185168
202321
0.935187344527
202341
0.935005150031
202361
0.933297866138
202381
0.927967098103
202401
0.924234297264
202421
0.921032046797
202441
0.917843886039
202461
0.922384658738
202481
0.91775400342
202501
0.919513759328
202521
0.921410039646
202541
0.922081001244
202561
0.925425120491
202581
0.927982645367
202601
0.931505558147
202621
0.928234316698
202641
0.932943194185
202661
0.937308574316
202681
0.936197916667
202701
0.935835471082
202721
0.938293882152
202741
0.936365049751
202761
0.940638118004
202781
0.943956001244
202801
0.941953319341
202821
0.939808768657
202841
0.939337492226
202861
0.932566173041
202881
0.933285233986
202901
0.930598472481
202921
0.931881607587
202941
0.916672982743
202961
0.922845732276
202981
0.925811858675
203001
0.922802977301
203021
0.927283018501
203041
0.931604186101
203061
0.927859724813
203081
0.935028470927
203101
0.937197800062
203121
0.943265605566
203141
0.939566328514
203161
0.944949082711
203181
0.939821400808
203201
0.943553229944
203221
0.939474016636
203241
0.947943874378
203261
0.938249183769
203281
0.940424343128
203301
0.940222714552
203321
0.944163460044
203341
0.9470581662
203361
0.952890819341
203381
0.951272932214
203401
0.961690570585
203421
0.962043299129
203441
0.958496579602
203461
0.955584382774
203481
0.955108733675
203501
0.946253109453
203521
0.947200034981
203541
0.941304706934
203561
0.945609355566
203581
0.931270891636
203601
0.926620802239
203621
0.937162818719
203641
0.925322119869
203661
0.928819768346
203681
0.930370607898
203701
0.910534242848
203721
0.909055309391
203741
0.911433554882
203761
0.925514517257
203781
0.938883706468
203801
0.945005441542
203821
0.959852592506
203841
0.999963075249
203861
0.999965018657
203881
0.999860074627
203901
0.999843069807
203921
0.999835296175
203941
0.9998289801
203961
0.999836267879
203981
0.999850843439
204001
0.999859102923
204021
0.79570069574
204041
0.795776974502
204061
0.795995122046
204081
0.796195293066
204101
0.796429473725
204121
0.796371171486
204141
1.0
