113014
0.123599175347
113034
0.122265842014
113054
0.119295572917
113074
0.115541883681
113094
0.109572482639
113114
0.116458116319
113134
0.123730685764
113154
0.124556206597
113174
0.147615885417
113194
0.148708333333
113214
0.101453776042
113234
0.0998355034722
113254
0.0931291232639
113274
0.118135416667
113294
0.118834201389
113314
0.119981336806
113334
0.0967415364583
113354
0.105219401042
113374
0.0924924045139
113394
0.0948118489583
113414
0.0980505642361
113434
0.101063368056
113454
0.103695963542
113474
0.111989366319
113494
0.108424913194
113514
0.108844401042
113534
0.103123480903
113554
0.108852213542
113574
0.127209201389
113594
0.127836588542
113614
0.112448567708
113634
0.115898003472
113654
0.103695963542
113674
0.0786239149306
113694
0.0754787326389
113714
0.0888381076389
113734
0.107995225694
113754
0.1156796875
113774
0.199759765625
113794
0.225746961806
113814
0.179909939236
113834
0.169841796875
113854
0.21605078125
113874
0.08076953125
113894
0.101965277778
113914
0.117357204861
113934
0.132527560764
113954
0.105862630208
113974
0.0905950520833
113994
0.0894646267361
114014
0.0995716145833
114034
0.0967749565972
114054
0.0954789496528
114074
0.0919077690972
114094
0.0890084635417
114114
0.0928862847222
114134
0.0835399305556
114154
0.0885008680556
114174
0.277928385417
114194
0.232166883681
114214
0.115072699653
114234
0.114476345486
114254
0.136786892361
114274
0.158080512153
114294
0.139372829861
114314
0.173199435764
114334
0.178895399306
114354
0.181440538194
114374
0.128433159722
114394
0.131074869792
114414
0.132327256944
114434
0.142493272569
114454
0.140366753472
114474
0.10394140625
114494
0.16954296875
114514
0.138421006944
114534
0.237727864583
114554
0.240664930556
114574
0.242857204861
114594
0.242213975694
114614
0.240417100694
114634
0.235847005208
114654
0.189567925347
114674
0.22303125
114694
0.209906684028
114714
0.166623046875
114734
0.18953125
114754
0.119479166667
114774
0.152590928819
114794
0.150513888889
114814
0.144900824653
114834
0.287275390625
114854
0.288587239583
114874
0.289243923611
114894
0.282411241319
114914
0.276864800347
114934
0.129117621528
114954
0.162624131944
114974
0.187811848958
114994
0.242378255208
115014
0.246461588542
115034
0.233443359375
115054
0.222035807292
115074
0.195546006944
115094
0.15540234375
115114
0.143340494792
115134
0.151565755208
115154
0.156833333333
115174
0.171697048611
115194
0.170484592014
115214
0.164117838542
115234
0.159506510417
115254
0.146761284722
115274
0.153828559028
115294
0.161400824653
115314
0.16587890625
115334
0.175098090278
115354
0.174075086806
115374
0.126081814236
115394
0.124757161458
115414
0.121375868056
115434
0.0981072048611
115454
0.0979891493056
115474
0.0971280381944
115494
0.0967918836806
115514
0.0976304253472
115534
0.0957638888889
115554
0.0970577256944
115574
0.118021484375
115594
0.117015625
115614
0.114977647569
115634
0.112345269097
115654
0.112865885417
115674
0.112115017361
115694
0.110243055556
115714
0.112506944444
115734
0.112900607639
115754
0.113522569444
115774
0.111562934028
115794
0.111295789931
115814
0.111169270833
115834
0.111523871528
115854
0.151039496528
115874
0.148940538194
115894
0.149339626736
115914
0.153756510417
115934
0.182921657986
115954
0.204442491319
115974
0.216424479167
115994
0.204863715278
116014
0.187211371528
116034
0.156506944444
116054
0.135729600694
116074
0.107360026042
116094
0.120595052083
116114
0.116750217014
116134
0.108412760417
116154
0.109987413194
116174
0.123175347222
116194
0.0980093315972
116214
0.105063151042
116234
0.0878702256944
116254
0.0867328559028
116274
0.0755101996528
116294
0.0783999565972
116314
0.0797395833333
116334
0.0779748263889
116354
0.0790525173611
116374
0.0850913628472
116394
0.0792267795139
116414
0.0712115885417
116434
0.0736527777778
116454
0.0662482638889
116474
0.0689131944444
116494
0.083369140625
116514
0.0953051215278
116534
0.0970269097222
116554
0.105255859375
116574
0.102437065972
116594
0.0955232204861
116614
1.0
116634
1.0
116654
1.0
116674
0.332101779514
116694
0.124647786458
116714
0.0921903211806
116734
0.0819828559028
116754
0.0614861111111
116774
0.0593109809028
116794
0.0669286024306
116814
0.0645188802083
116834
0.0618328993056
116854
0.0641879340278
116874
0.0596427951389
116894
0.0646586371528
116914
0.0707764756944
116934
0.0697994791667
116954
0.0694568142361
116974
1.0
116994
1.0
117014
1.0
117034
1.0
117054
0.999690104167
117074
0.999353515625
117094
0.994810546875
117114
0.990642144097
117134
0.986965928819
117154
0.984341579861
117174
0.979576388889
117194
0.97604296875
117214
0.972476996528
117234
0.968698133681
117254
0.968754557292
117274
0.968034071181
117294
0.964673177083
117314
0.962155381944
117334
0.957752387153
117354
0.952509765625
117374
0.95034765625
117394
0.949192708333
117414
0.948894965278
117434
0.948438368056
117454
0.948958333333
117474
0.947739583333
117494
0.949191623264
117514
0.947663845486
117534
0.949666449653
117554
0.947422960069
117574
0.949789930556
117594
0.948012803819
117614
0.943287543403
117634
0.94229296875
117654
0.939989583333
117674
0.939500434028
117694
0.940656032986
117714
0.943833550347
117734
0.94344921875
117754
0.936666449653
117774
0.930821180556
117794
0.927075520833
117814
0.928949869792
117834
0.929601779514
117854
0.930436197917
117874
0.933055555556
117894
0.932835286458
117914
0.936598090278
117934
0.935187717014
117954
0.931671657986
117974
0.932887369792
117994
0.932679470486
118014
0.931001302083
118034
0.929709418403
118054
0.931572048611
118074
0.927151041667
118094
0.931617621528
118114
0.932719618056
118134
0.937477213542
118154
0.941351128472
118174
0.937343532986
118194
0.936600694444
118214
0.935468315972
118234
0.932576605903
118254
0.934178385417
118274
0.931638888889
118294
0.934274305556
118314
0.938636935764
118334
0.942265407986
118354
0.943377387153
118374
0.943990234375
118394
0.944793836806
118414
0.943635199653
118434
0.947988715278
118454
0.944725694444
118474
0.945234157986
118494
0.944962239583
118514
0.944553819444
118534
0.946963324653
118554
0.947391927083
118574
0.948846354167
118594
0.950580946181
118614
0.949362847222
118634
0.946059678819
118654
0.943158854167
118674
0.944071614583
118694
0.941831380208
118714
0.939747612847
118734
0.942078342014
118754
0.938131076389
118774
0.939761501736
118794
0.940998046875
118814
0.940154079861
118834
0.938053819444
118854
0.936714626736
118874
0.936921006944
118894
0.939719401042
118914
0.939798828125
118934
0.938498914931
118954
0.935407118056
118974
0.937254340278
118994
0.941158203125
119014
0.941085286458
119034
0.940129774306
119054
0.943557074653
119074
0.941119791667
119094
0.943696180556
119114
0.946996527778
119134
0.94613671875
119154
0.94797265625
119174
0.951715277778
119194
0.947186848958
119214
0.950973524306
119234
0.951922960069
119254
0.94798046875
119274
0.951587890625
119294
0.953378038194
119314
0.954045572917
119334
0.954498914931
119354
0.955610894097
119374
0.956454861111
119394
0.958049262153
119414
0.956196831597
119434
0.958297092014
119454
0.955973741319
119474
0.955167100694
119494
0.950514105903
119514
0.949003689236
119534
0.950143012153
119554
0.950004991319
119574
0.95159375
119594
0.954779513889
119614
0.952222439236
119634
0.951322699653
119654
0.949106553819
119674
0.951732421875
119694
0.947949435764
119714
0.948671657986
119734
0.950198350694
119754
0.947814887153
119774
0.949202473958
119794
0.948029296875
119814
0.948410373264
119834
0.949656684028
119854
0.951076388889
119874
0.949108506944
119894
0.948309678819
119914
0.946795572917
119934
0.946065104167
119954
0.946183810764
119974
0.944032335069
119994
0.942778862847
120014
0.940919053819
120034
0.941434027778
120054
0.941971571181
120074
0.940820746528
120094
0.939063151042
120114
0.939069661458
120134
0.937325303819
120154
0.936502387153
120174
0.938713758681
120194
0.941478732639
120214
0.942337673611
120234
0.944217013889
120254
0.944629123264
120274
0.945352864583
120294
0.944887152778
120314
0.944368272569
120334
0.946986111111
120354
0.948929470486
120374
0.948201822917
120394
0.952101779514
120414
0.949184461806
120434
0.9475703125
120454
0.947194227431
120474
0.947940538194
120494
0.949616970486
120514
0.951746310764
120534
0.950907769097
120554
0.947322482639
120574
0.947111328125
120594
0.946020182292
120614
0.945817925347
120634
0.950902994792
120654
0.947264322917
120674
0.943364583333
120694
0.943884331597
120714
0.940506293403
120734
0.939142795139
120754
0.939713107639
120774
0.937857638889
120794
0.935615668403
120814
0.934984375
120834
0.932177300347
120854
0.931225260417
120874
0.930230902778
120894
0.928656467014
120914
0.929452039931
120934
0.928426649306
120954
0.927823350694
120974
0.928006076389
120994
0.922601128472
121014
0.921304904514
121034
0.924088541667
121054
0.925282769097
121074
0.926518446181
121094
0.925118706597
121114
0.923513454861
121134
0.921926432292
121154
0.922219401042
121174
0.927042534722
121194
0.925413628472
121214
0.927039930556
121234
0.927139322917
121254
0.926982204861
121274
0.928519965278
121294
0.933074001736
121314
0.934805989583
121334
0.927432291667
121354
0.922521484375
121374
0.922479600694
121394
0.917425130208
121414
0.913433376736
121434
0.912684678819
121454
0.911552083333
121474
0.909326822917
121494
0.907018663194
121514
0.906383029514
121534
0.901240017361
121554
0.895961154514
121574
0.896111762153
121594
0.895144748264
121614
0.893902777778
121634
0.889000434028
121654
0.888241753472
121674
0.887178819444
121694
0.897283420139
121714
0.904833767361
121734
0.908228732639
121754
0.912901692708
121774
0.913759765625
121794
0.915127387153
121814
0.91782421875
121834
0.922073784722
121854
0.930467664931
121874
0.930866753472
121894
0.932077473958
121914
0.940361328125
121934
0.943464626736
121954
0.944392578125
121974
0.948878689236
121994
0.953900390625
122014
0.954544704861
122034
0.956235243056
122054
0.956712890625
122074
0.952557942708
122094
0.941741753472
122114
0.941286458333
122134
0.942400824653
122154
0.946764539931
122174
0.947300998264
122194
0.946431640625
122214
0.944302951389
122234
0.947053602431
122254
0.948781032986
122274
0.952013671875
122294
0.953140842014
122314
0.955256727431
122334
0.957314236111
122354
0.960501736111
122374
0.961975477431
122394
0.965407986111
122414
0.971041449653
122434
0.977531684028
122454
0.983979817708
122474
0.989266710069
122494
0.994262586806
122514
0.994011284722
122534
0.994196614583
122554
0.995218098958
122574
0.999830295139
122594
1.0
