227120
0.999800347222
227140
1.0
227160
0.995826099537
227180
0.994781539352
227200
0.994953703704
227220
1.0
227240
1.0
227260
0.994309534144
227280
0.993917100694
227300
0.995157335069
227320
1.0
227340
1.0
227360
0.995177228009
227380
0.995074869792
227400
0.997803096065
227420
1.0
227440
0.997313368056
227460
0.995313946759
227480
0.995612702546
227500
1.0
227520
1.0
227540
0.99755823206
227560
0.997337962963
227580
0.997855541088
227600
1.0
227620
1.0
227640
0.997434895833
227660
0.997399811921
227680
0.999217303241
227700
1.0
227720
0.998342375579
227740
0.997556785301
227760
0.997685185185
227780
1.0
227800
1.0
227820
0.99728479456
227840
0.997046440972
227860
0.99746129919
227880
1.0
227900
1.0
227920
0.998060619213
227940
0.998071108218
227960
0.998952907986
227980
1.0
228000
0.99828125
228020
0.996838469329
228040
0.996804832176
228060
0.999212601273
228080
1.0
228100
0.996954933449
228120
0.996111834491
228140
0.996239872685
228160
1.0
228180
1.0
228200
0.996506438079
228220
0.996335358796
228240
0.996759259259
228260
1.0
228280
1.0
228300
0.993527560764
228320
0.993271846065
228340
1.0
228360
1.0
228380
0.992645037616
228400
0.990717230903
228420
0.991996166088
228440
1.0
228460
1.0
228480
0.993473668981
228500
0.993381076389
228520
0.994971788194
228540
1.0
228560
1.0
228580
0.991899594907
228600
0.991821108218
228620
0.997307581019
228640
1.0
228660
0.995838396991
228680
0.994205729167
228700
0.994392722801
228720
1.0
228740
1.0
228760
0.994846281829
228780
0.994307725694
228800
0.994876663773
228820
1.0
228840
1.0
228860
0.997175925926
228880
0.997154224537
228900
0.998230251736
228920
1.0
228940
0.997894965278
228960
0.995570384838
228980
0.99541051794
229000
1.0
229020
1.0
229040
1.0
229060
0.993929398148
229080
0.989350766782
229100
0.989565972222
229120
0.989165219907
229140
0.989527633102
229160
0.989510633681
229180
0.985121166088
229200
0.977469979745
229220
0.977278284144
229240
0.978741319444
229260
0.988990523727
229280
0.988773148148
229300
0.985860821759
229320
0.978541666667
229340
0.970932436343
229360
0.964054181134
229380
0.969825303819
229400
0.96355504919
229420
0.951978443287
229440
0.947605613426
229460
0.941925998264
229480
0.933217230903
229500
0.931457971644
229520
0.930973668981
229540
0.935651041667
229560
0.936417462384
229580
0.935776909722
229600
0.936593605324
229620
0.937523148148
229640
0.936246744792
229660
0.93584056713
229680
0.938006365741
229700
0.937439236111
229720
0.933109085648
229740
0.932510489005
229760
0.93189489294
229780
0.928424117477
229800
0.932471788194
229820
0.932875072338
229840
0.932940176505
229860
0.930313585069
229880
0.926939742477
229900
0.931050347222
229920
0.930577256944
229940
0.925180844907
229960
0.929523292824
229980
0.930676359954
230000
0.927244285301
230020
0.928028428819
230040
0.92757740162
230060
0.927765480324
230080
0.929420572917
230100
0.928337311921
230120
0.93203088831
230140
0.933089554398
230160
0.926390335648
230180
0.924391276042
230200
0.924545717593
230220
0.923307653356
230240
0.922591869213
230260
0.916760344329
230280
0.915795717593
230300
0.918770978009
230320
0.911964337384
230340
0.914510271991
230360
0.917729673032
230380
0.913348885995
230400
0.909418764468
230420
0.913018663194
230440
0.91490306713
230460
0.918063512731
230480
0.919130859375
230500
0.918114510995
230520
0.927543041088
230540
0.931138237847
230560
0.924480251736
230580
0.916056134259
230600
0.907253327546
230620
0.899255642361
230640
0.888005280671
230660
0.879985532407
230680
0.878765190972
230700
0.862111906829
230720
0.848568431713
230740
0.848459924769
230760
0.848653790509
230780
0.851285445602
230800
0.83826244213
230820
0.838569155093
230840
0.840472005208
230860
0.843343098958
230880
0.840583043981
230900
0.85706995081
230920
0.856649305556
230940
0.864825303819
230960
0.870934606481
230980
0.881701027199
231000
0.886349826389
231020
0.900595341435
231040
0.901947699653
231060
0.914154369213
231080
0.919381148727
231100
0.913989800347
231120
0.916627242477
231140
0.912993344907
231160
0.917260923032
231180
0.915669126157
231200
0.916348741319
231220
0.915598234954
231240
0.915716145833
231260
0.912931495949
231280
0.909910300926
231300
0.911740813079
231320
0.912146990741
231340
0.912411385995
231360
0.906005135995
231380
0.90908130787
231400
0.909742115162
231420
0.910610170718
231440
0.911355613426
231460
0.907766565394
231480
0.917066333912
231500
0.913280164931
231520
0.908571686921
231540
0.902907986111
231560
0.90185583044
231580
0.90162145544
231600
0.900952690972
231620
0.898440031829
231640
0.891329571759
231660
0.896219618056
231680
0.887165075231
231700
0.891050708912
231720
0.893850188079
231740
0.898721788194
231760
0.900601490162
231780
0.895775824653
231800
0.896513671875
231820
0.898481264468
231840
0.90156177662
231860
0.903731553819
231880
0.907155671296
231900
0.901363208912
231920
0.904131582755
231940
0.90486255787
231960
0.911082175926
231980
0.903230251736
232000
0.901123770255
232020
0.902815031829
232040
0.906295211227
232060
0.904926576968
232080
0.90111400463
232100
0.905286820023
232120
0.897969835069
232140
0.897243200231
232160
0.898806423611
232180
0.897572699653
232200
0.903571686921
232220
0.903700810185
232240
0.906102792245
232260
0.907297815394
232280
0.909270109954
232300
0.901830512153
232320
0.902005931713
232340
0.887217158565
232360
0.888599537037
232380
0.892135054977
232400
0.8890234375
232420
0.887072482639
232440
0.880051359954
232460
0.877731843171
232480
0.888478732639
232500
0.885485387731
232520
0.899272280093
232540
0.900349754051
232560
0.904324363426
232580
0.907700737847
232600
0.910510344329
232620
0.912183159722
232640
0.914009331597
232660
0.912075737847
232680
0.908169126157
232700
0.906198278356
232720
0.912280092593
232740
0.908673321759
232760
0.909638671875
232780
0.905188078704
232800
0.898053023727
232820
0.898458116319
232840
0.89617259838
232860
0.891937210648
232880
0.886442780671
232900
0.889066840278
232920
0.886729239005
232940
0.891138961227
232960
0.892917751736
232980
0.891596137153
233000
0.895691912616
233020
0.906878255208
233040
0.909136646412
233060
0.916976273148
233080
0.930814525463
233100
0.926892722801
233120
0.926919126157
233140
0.923939525463
233160
0.923094979745
233180
0.923275462963
233200
0.923563006366
233220
0.926910807292
233240
0.924397786458
233260
0.915490451389
233280
0.912541956019
233300
0.914703776042
233320
0.912178457755
233340
0.907813946759
233360
0.902595847801
233380
0.905515769676
233400
0.899089988426
233420
0.892903284144
233440
0.891781684028
233460
0.893922887731
233480
0.893192274306
233500
0.888989076968
233520
0.893623408565
233540
0.889274450231
233560
0.891798321759
233580
0.891265552662
233600
0.896066261574
233620
0.899291811343
233640
0.901983145255
233660
0.898092809606
233680
0.89537145544
233700
0.887497829861
233720
0.882948133681
233740
0.882239221644
233760
0.873506221065
233780
0.865685040509
233800
0.874012586806
233820
0.862166883681
233840
0.870908926505
233860
0.876324146412
233880
0.886206235532
233900
0.889634693287
233920
0.897032696759
233940
0.908236038773
233960
0.913733723958
233980
0.910732421875
234000
0.91609411169
234020
0.918800274884
234040
0.919147135417
234060
0.913977141204
234080
0.919139178241
234100
0.920368200231
234120
0.921843532986
234140
0.923545283565
234160
0.92578088831
234180
0.930419560185
234200
0.929772497106
234220
0.930607277199
234240
0.935984157986
234260
0.929559823495
234280
0.935705656829
234300
0.931149811921
234320
0.929775752315
234340
0.925640190972
234360
0.918724320023
234380
0.922080801505
234400
0.907906177662
234420
0.901717664931
234440
0.89669994213
234460
0.887033058449
234480
0.882592592593
234500
0.872528211806
234520
0.862339409722
234540
0.85714807581
234560
0.861461950231
234580
0.858458116319
234600
0.8498046875
234620
0.861119791667
234640
0.84882740162
234660
0.863858868634
234680
0.857517722801
234700
0.862114438657
234720
0.858928313079
234740
0.854749710648
234760
0.844853153935
234780
0.842646122685
234800
0.841042028356
234820
0.837719545718
234840
0.835542896412
234860
0.831463758681
234880
0.836413122106
234900
0.833675130208
234920
0.835676359954
234940
0.827906177662
234960
0.849309895833
234980
0.852315899884
235000
0.845581235532
235020
0.850073061343
235040
0.846091579861
235060
0.843342013889
235080
0.858621600116
235100
0.861686921296
235120
0.868409288194
235140
0.871544415509
235160
0.866588903356
235180
0.87306712963
235200
0.87337818287
235220
0.884788049769
235240
0.886749855324
235260
0.886986038773
235280
0.901051793981
235300
0.912487702546
235320
0.920635850694
235340
0.932781032986
235360
0.951162471065
235380
0.967882667824
235400
0.963005642361
235420
0.973344907407
235440
0.981128110532
235460
0.987211371528
235480
0.993441840278
235500
0.991486545139
235520
0.982329282407
235540
0.972086950231
235560
0.964117838542
235580
0.958552517361
235600
0.963463903356
235620
0.948866102431
235640
0.945855396412
235660
0.939073350694
235680
0.92701244213
235700
0.930652126736
235720
0.932446469907
235740
0.93556712963
235760
0.936990379051
235780
0.930532407407
235800
0.932612123843
235820
0.929900173611
235840
0.933961226852
235860
0.944735966435
235880
0.950270182292
235900
0.948960503472
235920
0.952645037616
235940
0.941880063657
235960
0.946187427662
235980
0.943198061343
236000
0.943383969907
236020
0.944097222222
236040
0.939112774884
236060
0.931724898727
236080
0.933254846644
236100
0.932938729745
236120
0.920908564815
236140
0.919580801505
236160
0.913723958333
236180
0.90755859375
236200
0.906732132523
236220
0.894647352431
236240
0.903984375
236260
0.911815321181
236280
0.918031322338
236300
0.930462601273
236320
0.939680989583
236340
0.961578414352
236360
0.972472149884
236380
0.986807002315
236400
0.99318287037
236420
0.993073640046
236440
0.99388599537
236460
0.995554832176
236480
1.0
236500
1.0
236520
1.0
236540
0.298128255208
236560
0.29306640625
236580
0.293267505787
236600
0.293068938079
236620
0.292904730903
236640
0.73380859375
236660
1.0
236680
1.0
236700
1.0
