161491
0.977131168379
161511
0.975783591576
161531
0.999994647827
161551
0.957599583869
161571
0.962558204881
161591
0.962703549829
161611
0.962711912599
161631
0.959932964033
161651
0.99934034468
161671
0.978431411903
161691
0.981117366463
161711
0.981045948405
161731
0.981064011989
161751
0.978087534789
161771
0.999733060373
161791
0.986403808071
161811
0.987326890655
161831
0.987324549079
161851
0.987337427746
161871
0.986447963498
161891
0.999867366463
161911
0.976766217084
161931
0.979247785538
161951
0.979130706754
161971
0.979132044798
161991
0.979297460394
162011
0.999883422982
162031
0.967345389103
162051
0.971240934757
162071
0.971259667362
162091
0.971323726183
162111
0.970276372832
162131
0.999845623261
162151
0.986040362075
162171
0.987444972972
162191
0.987422058981
162211
0.987373053147
162231
0.987603196585
162251
0.999864857632
162271
0.980352842004
162291
0.981942604635
162311
0.981885737797
162331
0.981895271355
162351
0.980917328998
162371
0.999978591308
162391
0.987344452473
162411
0.988830182241
162431
0.988528286234
162451
0.988546182563
162471
0.987630459216
162491
0.999826054378
162511
0.980530801756
162531
0.981794583601
162551
0.981703262149
162571
0.981714133751
162591
0.980919670574
162611
0.999916372297
162631
0.987361010758
162651
0.988177886159
162671
0.988147947442
162691
0.988108809677
162711
0.987839026707
162731
0.999809997859
162751
0.985786970135
162771
0.986497471098
162791
0.986539619461
162811
0.986526239028
162831
0.985705349497
162851
0.99997123207
162871
0.975256068026
162891
0.977483575519
162911
0.977357966709
162931
0.977409815885
162951
0.974894629094
162971
0.999644916774
162991
0.981666298705
163011
0.983143832959
163031
0.983067229983
163051
0.983066895472
163071
0.982536361325
163091
0.999855491329
163111
0.985573384982
163131
0.987143411475
163151
0.987089555234
163171
0.987085875615
163191
0.98591492052
163211
0.999850808178
163231
0.973233113894
163251
0.976364636855
163271
0.976510985335
163291
0.976525202045
163311
0.974509774406
163331
0.999949823378
163351
0.989548209698
163371
0.990303367855
163391
0.990376960233
163411
0.990380138086
163431
0.989758616999
163451
0.999957851638
163471
0.983512965639
163491
0.984790462428
163511
0.984849670841
163531
0.984846158478
163551
0.984066246521
163571
0.999827392421
163591
0.994667228645
163611
0.994719746842
163631
0.994730785699
163651
0.99473546885
163671
0.994731454721
163691
0.999970228538
163711
0.993387557536
163731
0.993971613413
163751
0.993978136373
163771
0.993998541533
163791
0.993271147773
163811
0.99999598587
163831
0.992514986084
163851
0.993437399647
163871
0.993454794209
163891
0.993454459698
163911
0.992698130754
163931
0.999988459377
163951
0.993866911529
163971
0.994650335849
163991
0.994603002569
164011
0.994603504335
164031
0.99380168192
164051
0.999999330978
164071
0.994769923464
164091
0.99547958815
164111
0.995499157033
164131
0.995502000375
164151
0.994682114376
164171
0.999993978805
164191
0.994667228645
164211
0.995036528581
164231
0.995110622725
164251
0.995114971366
164271
0.994371019321
164291
0.999979093074
164311
0.987626110576
164331
0.988190095804
164351
0.988175544584
164371
0.988174373796
164391
0.988912639156
164411
0.999992473507
164431
0.982247176729
164451
0.982914693053
164471
0.982762156123
164491
0.982763828677
164511
0.981897612931
164531
0.999889276921
164551
0.999889276921
164571
0.999889276921
164591
0.999889276921
164611
0.999889276921
164631
0.99720884179
164651
0.991081272747
164671
0.984992841469
164691
0.978764919182
164711
0.972781357043
164731
0.963470248608
164751
0.954645351638
164771
0.948045620584
164791
0.938799574502
164811
0.932569645151
164831
0.925497752087
164851
0.916679712588
164871
0.911925477681
164891
0.911284722222
164911
0.914685693642
164931
0.912622430957
164951
0.913506041265
164971
0.911842686256
164991
0.911481916346
165011
0.913908959538
165031
0.916376645793
165051
0.91494059088
165071
0.914608421644
165091
0.918678247431
165111
0.915698257868
165131
0.922700405427
165151
0.918878953918
165171
0.917066072575
165191
0.922609585742
165211
0.924423470617
165231
0.928515374117
165251
0.929510376525
165271
0.930664940591
165291
0.933140655106
165311
0.931461243577
165331
0.934348908157
165351
0.935395090719
165371
0.933200867052
165391
0.939335962588
165411
0.941800638247
165431
0.945043553308
165451
0.939176400931
165471
0.933207891779
165491
0.931267060051
165511
0.924722021516
165531
0.922288957129
165551
0.918838310854
165571
0.9196055114
165591
0.925178127007
165611
0.920082189306
165631
0.912968649647
165651
0.912658056358
165671
0.909474851477
165691
0.912962628452
165711
0.914585842164
165731
0.913380097945
165751
0.910752348266
165771
0.909767882948
165791
0.91076639772
165811
0.90129054271
165831
0.906083915382
165851
0.910589776012
165871
0.904254977521
165891
0.90712006262
165911
0.905602219814
165931
0.908139149807
165951
0.923747089756
165971
0.93181498876
165991
0.933101015575
166011
0.935862736834
166031
0.927665382145
166051
0.927561014772
166071
0.932074401895
166091
0.940610950546
166111
0.938288776493
166131
0.93673731535
166151
0.928625260918
166171
0.933189326429
166191
0.930541506101
166211
0.922500702473
166231
0.916242172447
166251
0.919019448459
166271
0.923162532113
166291
0.916673189627
166311
0.911652015093
166331
0.912247611593
166351
0.916865366089
166371
0.922383289178
166391
0.918300417469
166411
0.916388186416
166431
0.918078135035
166451
0.920264330443
166471
0.923293493096
166491
0.922278921805
166511
0.924105350835
166531
0.922642702312
166551
0.92525339194
166571
0.923828877649
166591
0.926789800096
166611
0.934672045601
166631
0.928220837347
166651
0.928488780507
166671
0.932874719011
166691
0.930478283558
166711
0.932489362556
166731
0.938086062942
166751
0.933643926622
166771
0.93334035806
166791
0.924918713873
166811
0.921622109827
166831
0.918408798972
166851
0.91785334377
166871
0.918242714355
166891
0.920448478645
166911
0.918636600835
166931
0.92489262203
166951
0.930611251606
166971
0.921195608542
166991
0.922224731053
167011
0.926897178067
167031
0.934736271676
167051
0.938965157354
167071
0.935197896596
167091
0.937004254978
167111
0.944037010276
167131
0.940925557964
167151
0.936103584618
167171
0.932841100674
167191
0.929201790302
167211
0.932844613038
167231
0.933703135035
167251
0.936106093449
167271
0.932267581888
167291
0.94005599711
167311
0.939913495504
167331
0.931751264451
167351
0.921218188022
167371
0.925470656712
167391
0.923479146596
167411
0.920487114644
167431
0.918094191554
167451
0.913393645633
167471
0.916401734104
167491
0.917033457771
167511
0.909464314387
167531
0.911648000963
167551
0.916684228484
167571
0.916870383751
167591
0.925685914419
167611
0.924458092486
167631
0.927602159602
167651
0.931063844733
167671
0.932958513969
167691
0.937503512364
167711
0.933433686577
167731
0.933165743417
167751
0.934160745825
167771
0.929179712588
167791
0.927996547848
167811
0.929342786609
167831
0.926222804271
167851
0.922133911368
167871
0.933598265896
167891
0.933476838471
167911
0.935035324342
167931
0.929603705042
167951
0.930764792068
167971
0.922438985228
167991
0.922584999197
168011
0.917676722062
168031
0.914987255138
168051
0.917433365446
168071
0.927799353725
168091
0.926040663134
168111
0.920824301541
168131
0.909008710662
168151
0.911448298009
168171
0.907059348908
168191
0.915341000321
168211
0.915481494862
168231
0.914898944284
168251
0.922678327714
168271
0.923317076108
168291
0.919743998876
168311
0.916043473025
168331
0.908841120745
168351
0.913744380218
168371
0.917542750482
168391
0.91824723025
168411
0.919112776975
168431
0.92373855973
168451
0.925468649647
168471
0.929551019589
168491
0.930679491811
168511
0.925058204881
168531
0.920200606134
168551
0.927849530347
168571
0.931266558285
168591
0.93029764772
168611
0.931627328195
168631
0.926978464194
168651
0.918497611593
168671
0.925789278259
168691
0.920490125241
168711
0.920365687219
168731
0.921882526493
168751
0.92497340639
168771
0.931422105812
168791
0.931399526333
168811
0.930333774888
168831
0.9341150851
168851
0.939262202954
168871
0.943792650128
168891
0.93895512203
168911
0.934091502087
168931
0.931784381021
168951
0.933006683526
168971
0.935030808446
168991
0.934732759313
169011
0.935763888889
169031
0.931602741651
169051
0.930229407514
169071
0.93230320729
169091
0.929862114644
169111
0.938189928548
169131
0.940268745986
169151
0.938636500482
169171
0.940592385196
169191
0.938288776493
169211
0.934866229127
169231
0.936746347142
169251
0.939638025851
169271
0.937216502087
169291
0.933124096821
169311
0.936308807001
169331
0.931913836705
169351
0.931490346018
169371
0.940304873154
169391
0.934212427746
169411
0.934898843931
169431
0.938256663455
169451
0.930444163455
169471
0.927466682723
169491
0.927682442197
169511
0.929241429833
169531
0.927928809409
169551
0.933454760758
169571
0.94404052264
169591
0.941473486673
169611
0.937173851959
169631
0.940581848105
169651
0.934955543513
169671
0.940581848105
169691
0.948113359024
169711
0.948621648202
169731
0.942369641137
169751
0.946334096018
169771
0.940788575787
169791
0.934541586384
169811
0.929565069043
169831
0.929008108542
169851
0.926894669236
169871
0.9239959658
169891
0.922238780507
169911
0.923165040944
169931
0.925088310854
169951
0.918405788375
169971
0.911789499037
169991
0.908339354528
170011
0.90511199422
170031
0.904722121869
170051
0.905427103404
170071
0.89672246307
170091
0.895217666185
170111
0.89249257386
170131
0.891033939467
170151
0.887347964836
170171
0.895212648523
170191
0.901773743577
170211
0.907051320649
170231
0.918575385356
170251
0.934729748715
170271
0.938824161047
170291
0.948400871066
170311
0.954356836063
170331
0.961937520071
170351
0.967624036609
170371
0.972511741329
170391
0.972600052184
170411
0.977509834618
170431
0.975048671323
170451
0.966852320167
170471
0.960784126793
170491
0.958695106776
170511
0.959191019054
170531
0.955192109559
170551
0.955228236727
170571
0.952894020285
170591
0.953860923785
170611
0.95345265334
170631
0.955062319364
170651
0.956749926408
170671
0.961872123207
170691
0.970892374492
170711
0.973793586759
170731
0.975593923946
170751
0.980831861486
170771
0.983378492293
170791
0.986498474631
170811
0.986423711464
170831
0.992334015735
170851
0.99229487797
170871
0.990932080925
170891
0.985754355331
170911
0.98593348587
170931
0.98603835501
170951
0.990671162492
170971
1.0
170991
1.0
171011
1.0
171031
1.0
171051
1.0
171071
1.0
