112066
0.185497089461
112086
0.21751685049
112106
0.23980736826
112126
0.234451593137
112146
0.235374540441
112166
0.234510952819
112186
0.22044653799
112206
0.23089575674
112226
0.240663296569
112246
0.228716681985
112266
0.225538066789
112286
0.24456763174
112306
0.233796721814
112326
0.245806525735
112346
0.239889705882
112366
0.238955269608
112386
0.252945006127
112406
0.237099800858
112426
0.201210171569
112446
0.197248391544
112466
0.202992876838
112486
0.291410079657
112506
0.268520220588
112526
0.238162530637
112546
0.313369332108
112566
0.401145067402
112586
0.309947533701
112606
0.303716681985
112626
0.305445772059
112646
0.289790134804
112666
0.281048943015
112686
0.184518612132
112706
0.209725413603
112726
0.160403262868
112746
0.140692018995
112766
0.15068359375
112786
0.160922181373
112806
0.160123697917
112826
0.0951784620098
112846
0.0822878370098
112866
0.0823720894608
112886
0.279932598039
112906
0.264403339461
112926
0.162505744485
112946
0.154193474265
112966
0.198581112132
112986
0.18707299326
113006
0.163399969363
113026
0.158415670956
113046
0.160232843137
113066
0.161125153186
113086
0.164345894608
113106
0.163340609681
113126
0.164137178309
113146
0.174172794118
113166
0.196379059436
113186
0.186263020833
113206
0.179053691789
113226
0.18957567402
113246
0.181935508578
113266
0.187314261642
113286
0.187130438113
113306
0.184193091299
113326
0.180863204657
113346
0.172104779412
113366
0.177565870098
113386
0.188430606618
113406
0.18010301777
113426
0.182686121324
113446
0.182770373775
113466
0.177548636642
113486
0.182676547181
113506
0.18193359375
113526
0.18718213848
113546
0.19407935049
113566
0.296436504289
113586
0.318464690564
113606
0.296045879289
113626
0.303270526961
113646
0.315709252451
113666
0.301575903799
113686
0.302715226716
113706
0.313803998162
113726
0.304099647672
113746
0.304714307598
113766
0.309972426471
113786
0.312354473039
113806
0.322173713235
113826
0.144739966299
113846
0.155290670956
113866
0.0927791819853
113886
0.0748238357843
113906
0.0804036458333
113926
0.0748563878676
113946
0.176125919118
113966
0.16677198223
113986
0.162396599265
114006
0.175080422794
114026
0.173722809436
114046
0.164713541667
114066
0.0799440870098
114086
0.0835267310049
114106
0.0841969209559
114126
0.0751378676471
114146
0.154325597426
114166
0.146750536152
114186
0.157372089461
114206
0.161778109681
114226
0.0771139705882
114246
0.15732421875
114266
0.152326516544
114286
0.148117723652
114306
0.158408011642
114326
0.152730545343
114346
0.151451439951
114366
0.0788832720588
114386
0.0791245404412
114406
0.0867704503676
114426
0.085227098652
114446
0.151993336397
114466
0.150434666054
114486
0.156587009804
114506
0.0852022058824
114526
0.0862611060049
114546
0.153573069853
114566
0.162997855392
114586
0.150476792279
114606
0.150352328431
114626
0.15266161152
114646
0.0771273743873
114666
0.0794883578431
114686
0.0789694393382
114706
0.171913296569
114726
0.170069316789
114746
0.177927772672
114766
0.171578201593
114786
0.172776884191
114806
0.17919921875
114826
0.166867723652
114846
0.265753293505
114866
0.262162990196
114886
0.251453354779
114906
0.344023820466
114926
0.320423560049
114946
0.32185010723
114966
0.306418504902
114986
0.279903875613
115006
0.251171875
115026
0.258522901348
115046
0.25458984375
115066
0.254511335784
115086
0.258281632966
115106
0.255011106005
115126
0.253557751225
115146
0.25622510723
115166
0.255800015319
115186
0.254978553922
115206
0.262660845588
115226
0.257513786765
115246
0.250674019608
115266
0.256742110907
115286
0.255767463235
115306
0.26599073223
115326
0.272910922181
115346
0.262718290441
115366
0.263242953431
115386
0.263648897059
115406
0.255474494485
115426
0.249170879289
115446
0.249008118873
115466
0.247539445466
115486
0.326307827819
115506
0.306778492647
115526
0.309966681985
115546
0.220699295343
115566
0.236259191176
115586
0.279256663603
115606
0.277115885417
115626
0.263916973039
115646
0.268933823529
115666
0.260349647672
115686
0.182079120711
115706
0.239968213848
115726
0.228350949755
115746
0.173330269608
115766
0.186161534926
115786
0.178998161765
115806
0.176160386029
115826
0.185943244485
115846
0.18859911152
115866
0.193399586397
115886
0.198636642157
115906
0.212159160539
115926
0.217287071078
115946
0.209195006127
115966
0.24509229473
115986
0.242853860294
116006
0.242928538603
116026
0.24215111826
116046
0.23684129902
116066
0.230597043505
116086
0.234597120098
116106
0.238497625613
116126
0.237833180147
116146
0.239512484681
116166
0.233838848039
116186
0.238241038603
116206
0.244619332108
116226
0.239642693015
116246
0.238876761642
116266
0.249620863971
116286
0.248801317402
116306
0.253207337623
116326
0.243022365196
116346
0.240571384804
116366
0.242266007966
116386
0.239659926471
116406
0.237385110294
116426
0.244937193627
116446
0.258203125
116466
0.259292662377
116486
0.251129748775
116506
0.25152611826
116526
0.262657015931
116546
0.259614353554
116566
0.269175091912
116586
0.257691865809
116606
0.254063265931
116626
0.26292700674
116646
0.248439414828
116666
0.254442401961
116686
0.254471124387
116706
0.25380859375
116726
0.249846813725
116746
0.24619140625
116766
0.253178615196
116786
0.252125459559
116806
0.250988051471
116826
0.25234375
116846
0.251924402574
116866
0.255219822304
116886
0.253622855392
116906
0.249613204657
116926
0.252933517157
116946
0.251968443627
116966
0.252889476103
116986
0.261238128064
117006
0.257402726716
117026
0.254356234681
117046
0.252100566789
117066
0.212346813725
117086
0.212513403799
117106
0.220283777574
117126
0.28420458027
117146
0.267978324142
117166
0.247171798407
117186
0.223334099265
117206
0.231684666054
117226
0.229463465074
117246
0.237691482843
117266
0.226706112132
117286
0.222688802083
117306
0.214066329657
117326
0.188396139706
117346
0.209265854779
117366
0.22152075674
117386
0.214774816176
117406
0.216436887255
117426
0.217103247549
117446
0.228705193015
117466
0.224831495098
117486
0.214035692402
117506
0.220304840686
117526
0.21295189951
117546
0.19351830576
117566
0.207509957108
117586
0.208205039828
117606
0.263813572304
117626
0.269931449142
117646
0.26431908701
117666
0.281114047181
117686
0.258467371324
117706
0.11011986826
117726
0.108365885417
117746
0.110857077206
117766
0.110652190564
117786
0.10681104473
117806
0.103751148897
117826
0.104130284926
117846
0.102738204657
117866
0.104917279412
117886
0.103724341299
117906
0.102108226103
117926
0.100227864583
117946
0.0952473958333
117966
0.0854415594363
117986
0.083273973652
118006
0.082102098652
118026
0.109886259191
118046
0.125361902574
118066
0.136106004902
118086
0.148291973039
118106
0.161860447304
118126
0.162679993873
118146
0.169318704044
118166
0.172516467525
118186
0.155256204044
118206
0.155311734069
118226
0.0481828278186
118246
0.0464748008578
118266
0.0466835171569
118286
0.0473517922794
118306
0.0474417892157
118326
0.047141161152
118346
0.0493049172794
118366
0.0473575367647
118386
0.0463120404412
118406
0.0495193780637
118426
0.0458678002451
118446
0.0464958639706
118466
0.0482919730392
118486
0.0439931832108
118506
0.0410730698529
118526
0.0472675398284
118546
0.046120557598
118566
0.0541819852941
118586
0.0584041819853
118606
0.0619351256127
118626
0.0705097273284
118646
0.0731024050245
118666
1.0
118686
1.0
118706
1.0
118726
1.0
118746
1.0
118766
1.0
118786
1.0
118806
0.9982421875
118826
0.990333946078
118846
0.825710401348
118866
0.817191329657
118886
0.809844132966
118906
0.799881280637
118926
0.793767233456
118946
0.783827359069
118966
0.776441865809
118986
0.767704503676
119006
0.764502910539
119026
0.917589613971
119046
0.921723728554
119066
0.917108992034
119086
0.912354473039
119106
0.764571844363
119126
0.761923636642
119146
0.761151960784
119166
0.767844286152
119186
0.76236596201
119206
0.763474647672
119226
0.768552772672
119246
0.767225796569
119266
0.776495481005
119286
0.764665670956
119306
0.766450291054
119326
0.774126838235
119346
0.765596277574
119366
0.763340609681
119386
0.770301011029
119406
0.770756740196
119426
0.769481464461
119446
0.771055453431
119466
0.768744255515
119486
0.770149739583
119506
0.770115272672
119526
0.765969669118
119546
0.771986060049
119566
0.927462469363
119586
0.920672487745
119606
0.918012791054
119626
0.773504518995
119646
0.772271369485
119666
0.773828125
119686
0.774867876838
119706
0.776874617034
119726
0.786747472426
119746
0.775591681985
119766
0.782697610294
119786
0.78671875
119806
0.783323759191
119826
0.783848422181
119846
0.781449142157
119866
0.781428079044
119886
0.782540594363
119906
0.773935355392
119926
0.784376914828
119946
0.782395067402
119966
0.789338235294
119986
0.793715533088
120006
0.949932981005
120026
0.94450635723
120046
0.949168964461
120066
0.802234604779
120086
0.804670266544
120106
0.806654028799
120126
0.797280943627
120146
0.79232153799
120166
0.795412071078
120186
0.782628676471
120206
0.785140931373
120226
0.788168275123
120246
0.78460669424
120266
0.785341988358
120286
0.794402956495
120306
0.789512484681
120326
0.784786688113
120346
0.789073988971
120366
0.79294385723
120386
0.790040977328
120406
0.789460784314
120426
0.788296568627
120446
0.785301776961
120466
0.787429151348
120486
0.786222809436
120506
0.793008961397
120526
0.797989430147
120546
0.790211397059
120566
0.788930376838
120586
0.793648514093
120606
0.790383731618
120626
0.786079197304
120646
0.788911228554
120666
0.786824065564
120686
0.785569852941
120706
0.788399969363
120726
0.785943244485
120746
0.945925245098
120766
0.940500536152
120786
0.932337622549
120806
0.777485447304
120826
0.781659773284
120846
0.770906096814
120866
0.772953048407
120886
0.773933440564
120906
0.759857536765
120926
0.759103094363
120946
0.771266084559
120966
0.769188495711
120986
0.769483379289
121006
0.921262254902
121026
0.926290594363
121046
0.775796568627
121066
0.785732613358
121086
0.779731541054
121106
0.777491191789
121126
0.783800551471
121146
0.778948376225
121166
0.777046951593
121186
0.783379289216
121206
0.773588771446
121226
0.769829963235
121246
0.771666283701
121266
0.776150811887
121286
0.783162913603
121306
0.786008348652
121326
0.784089690564
121346
0.785627297794
121366
0.787185968137
121386
0.789365042892
121406
0.786881510417
121426
0.792311963848
121446
0.783563112745
121466
0.772466681985
121486
0.779247089461
121506
0.776286764706
121526
0.779561121324
121546
0.788669960172
121566
0.782509957108
121586
0.937783394608
121606
0.938602941176
121626
0.946534160539
121646
0.788823146446
121666
0.785851332721
121686
0.784405637255
121706
0.785114123775
121726
0.793173636642
121746
0.791630284926
121766
0.791262637868
121786
0.787905943627
121806
0.948563878676
121826
0.937565104167
121846
0.937352558211
121866
0.941025199142
121886
0.94641161152
121906
0.947349877451
121926
0.955792356005
121946
0.957940793505
121966
0.964906939338
121986
0.974538526348
122006
0.992911305147
122026
0.995000382966
122046
1.0
