172883
0.169662415748
172903
0.15314989277
172923
0.398460477941
172943
0.34191607307
172963
0.228797583487
172983
0.252775543811
173003
0.211558861826
173023
0.178329407935
173043
0.189497644761
173063
0.376455748315
173083
0.401533298866
173103
0.298445638021
173123
0.156385474112
173143
0.184037990196
173163
0.20057109758
173183
0.160567938113
173203
0.173139744179
173223
0.161473173254
173243
0.158125095741
173263
0.134294098499
173283
0.172290996477
173303
0.186401367188
173323
0.174871706495
173343
0.17554955576
173363
0.16455748315
173383
0.219174613205
173403
0.115099379596
173423
0.286885818781
173443
0.292193723192
173463
0.242662377451
173483
0.237859509038
173503
0.161130897672
173523
0.223626589308
173543
0.218383789062
173563
0.219995595895
173583
0.228242761949
173603
0.203184838388
173623
0.0924665862439
173643
0.10081428079
173663
0.123996629902
173683
0.158571250766
173703
0.22669653799
173723
0.331208352482
173743
0.49944709329
173763
0.63088426777
173783
0.846928615196
173803
0.999977022059
173823
0.999950214461
173843
0.275470569087
173863
0.275414081648
173883
0.274075616575
173903
0.273913813572
173923
0.273707012102
173943
0.286434876685
173963
0.303315525429
173983
0.330435240502
174003
0.359317555147
174023
0.379345703125
174043
0.409392712163
174063
0.444821825214
174083
0.475360466452
174103
0.49242254519
174123
0.497703163297
174143
0.510457835478
174163
0.519990330116
174183
0.538328163297
174203
0.542281326593
174223
0.540757601869
174243
0.54902678845
174263
0.543751914828
174283
0.533551145067
174303
0.533940812653
174323
0.533048023897
174343
0.524732402727
174363
0.522870232077
174383
0.531424249387
174403
0.532182042739
174423
0.52877556296
174443
0.522797947304
174463
0.50866986443
174483
0.494631778493
174503
0.485624425551
174523
0.472450884651
174543
0.460538258272
174563
0.459187346814
174583
0.470264150582
174603
0.446998506434
174623
0.428858857996
174643
0.430026424632
174663
0.421844362745
174683
0.411022231158
174703
0.412270699295
174723
0.414059627757
174743
0.40560948989
174763
0.410069604013
174783
0.410645967371
174803
0.408084884344
174823
0.408381204044
174843
0.425965073529
174863
0.421557617188
174883
0.422930549173
174903
0.421662454044
174923
0.430254289216
174943
0.438893516391
174963
0.443410596661
174983
0.453772690717
175003
0.464805932138
175023
0.470617436428
175043
0.480871342678
175063
0.497564338235
175083
0.56076037837
175103
0.543113319547
175123
0.536476524203
175143
0.555830652574
175163
0.567281326593
175183
0.567354568781
175203
0.591982613358
175223
0.602853094363
175243
0.602791819853
175263
0.599817612592
175283
0.606932636336
175303
0.590653722426
175323
0.59078057981
175343
0.59175379136
175363
0.554472081801
175383
0.534132295496
175403
0.515525428922
175423
0.501607977175
175443
0.488216145833
175463
0.468822284773
175483
0.459191655178
175503
0.449605545343
175523
0.446916647518
175543
0.430108283548
175563
0.414167815564
175583
0.445849130668
175603
0.415830365349
175623
0.4099609375
175643
0.411518171722
175663
0.414004097733
175683
0.416965379902
175703
0.427908624387
175723
0.440401922488
175743
0.448510742187
175763
0.462265433517
175783
0.474371936275
175803
0.472778320312
175823
0.479252355239
175843
0.5097723269
175863
0.481792375153
175883
0.472785022212
175903
0.471305817249
175923
0.471754844516
175943
0.473059321385
175963
0.472118661918
175983
0.472422162224
176003
0.463356885723
176023
0.462760416667
176043
0.453062289369
176063
0.443186561734
176083
0.480586990656
176103
0.453147020527
176123
0.425110581342
176143
0.406941731771
176163
0.401518937653
176183
0.384907801011
176203
0.378296377145
176223
0.373585420496
176243
0.360690008425
176263
0.355609011183
176283
0.349910003064
176303
0.355300245098
176323
0.359095435049
176343
0.350431315104
176363
0.348446595435
176383
0.358045630362
176403
0.374850643382
176423
0.383698586857
176443
0.379377776501
176463
0.386052389706
176483
0.395733283548
176503
0.411441578585
176523
0.41119073606
176543
0.421130610447
176563
0.432521446078
176583
0.502639590993
176603
0.487028952206
176623
0.482473575368
176643
0.482451076134
176663
0.478872740502
176683
0.479937863817
176703
0.486068665748
176723
0.475202493107
176743
0.467826573989
176763
0.466023284314
176783
0.461865713082
176803
0.458284983915
176823
0.457447725184
176843
0.47554620481
176863
0.467466107537
176883
0.458397958793
176903
0.463304227941
176923
0.461128982843
176943
0.467705461091
176963
0.46559196921
176983
0.465908394608
177003
0.474926279105
177023
0.478366268382
177043
0.484030809589
177063
0.487838445925
177083
0.531123621324
177103
0.511292221967
177123
0.495011871936
177143
0.484370691636
177163
0.480911554075
177183
0.467585784314
177203
0.459226600797
177223
0.456345741422
177243
0.436811619179
177263
0.436564127604
177283
0.434455901501
177303
0.426363357843
177323
0.422621304381
177343
0.423117723652
177363
0.418863453585
177383
0.408796243107
177403
0.407207892923
177423
0.405224609375
177443
0.398786956189
177463
0.402263805913
177483
0.399054074755
177503
0.399406403186
177523
0.390421549479
177543
0.389925608915
177563
0.39232488894
177583
0.405236577053
177603
0.408600930607
177623
0.399904737286
177643
0.403309780944
177663
0.401883712469
177683
0.398102405025
177703
0.398870251225
177723
0.406856521906
177743
0.403629078585
177763
0.407599475337
177783
0.407923081342
177803
0.408553059896
177823
0.41088292739
177843
0.434401328891
177863
0.422335037531
177883
0.419336416207
177903
0.417966835172
177923
0.412313782935
177943
0.411967677696
177963
0.408112649357
177983
0.406114047181
178003
0.407102577359
178023
0.409703871783
178043
0.401478247549
178063
0.400254193474
178083
0.443679630055
178103
0.437940889246
178123
0.440959616268
178143
0.450911458333
178163
0.467980717678
178183
0.473997108609
178203
0.470792643229
178223
0.480986711091
178243
0.480452952665
178263
0.488560814951
178283
0.491754270067
178303
0.482829254749
178323
0.47753571155
178343
0.487452607996
178363
0.462656058517
178383
0.456435738358
178403
0.456672219669
178423
0.453541475184
178443
0.45521886489
178463
0.457447725184
178483
0.463500976562
178503
0.465927542892
178523
0.46839240579
178543
0.472308229933
178563
0.465731751685
178583
0.512177351409
178603
0.484532973346
178623
0.490076880362
178643
0.49832165288
178663
0.504034064798
178683
0.500795611213
178703
0.507800053615
178723
0.516737515319
178743
0.519318704044
178763
0.524024873621
178783
0.517825137868
178803
0.513930855545
178823
0.498613664216
178843
0.515749463848
178863
0.486908796722
178883
0.482791915594
178903
0.474249387255
178923
0.475126857384
178943
0.460681391697
178963
0.45792834712
178983
0.439261642157
179003
0.439963905484
179023
0.444749061734
179043
0.442631261489
179063
0.425822418811
179083
0.45616718367
179103
0.437383195466
179123
0.417208563113
179143
0.401229319853
179163
0.401756376379
179183
0.396578201593
179203
0.389597694547
179223
0.390900735294
179243
0.382133693321
179263
0.382422832414
179283
0.378503657322
179303
0.383511412377
179323
0.385462143842
179343
0.422004250919
179363
0.402845435049
179383
0.398258463542
179403
0.403581207874
179423
0.402306889553
179443
0.404551068474
179463
0.408741191789
179483
0.415405752145
179503
0.41359576057
179523
0.420017616422
179543
0.42615033318
179563
0.430163813572
179583
0.49212287454
179603
0.475497376685
179623
0.460060029871
179643
0.469859164369
179663
0.48598058364
179683
0.476130706189
179703
0.469736136642
179723
0.474553366268
179743
0.481835458793
179763
0.477586454504
179783
0.489833697151
179803
0.492508233762
179823
0.478480679381
179843
0.501075176164
179863
0.478319833793
179883
0.47621160769
179903
0.48044385723
179923
0.485332892923
179943
0.480303117341
179963
0.497364717371
179983
0.504451497396
180003
0.500057444853
180023
0.492678174786
180043
0.505661668964
180063
0.509683766085
180083
0.541544117647
180103
0.541466567096
180123
0.529845952053
180143
0.515345435049
180163
0.516520182292
180183
0.510136144301
180203
0.503971832874
180223
0.510285500919
180243
0.50403693704
180263
0.494273705576
180283
0.494886450674
180303
0.488208007813
180323
0.479706169577
180343
0.477363855699
180363
0.458760340074
180383
0.444765816483
180403
0.425899969363
180423
0.422408279718
180443
0.409053787531
180463
0.401981368719
180483
0.391337794884
180503
0.384414253983
180523
0.382242359835
180543
0.373985619638
180563
0.364786783854
180583
0.378057981005
180603
0.364168294271
180623
0.356012561275
180643
0.355964690564
180663
0.362931793811
180683
0.365215705423
180703
0.371828565411
180723
0.380234662224
180743
0.390352615656
180763
0.40099140242
180783
0.425727634804
180803
0.44632544424
180823
0.446996112898
180843
0.453835880055
180863
0.465024701287
180883
0.474549536612
180903
0.477658739277
180923
0.486033241422
180943
0.490314319087
180963
0.49684196921
180983
0.50066540288
181003
0.498381012561
181023
0.50150122549
181043
0.502193435968
181063
0.49956629136
181083
0.54170592065
181103
0.514093137255
181123
0.479172411152
181143
0.485284543505
181163
0.490937117034
181183
0.490655158548
181203
0.468325386795
181223
0.447994695925
181243
0.445228247549
181263
0.445349839154
181283
0.426381070006
181303
0.411002604167
181323
0.400816195619
181343
0.425701305913
181363
0.392240636489
181383
0.3932583678
181403
0.385023169424
181423
0.395530311734
181443
0.40283203125
181463
0.409880514706
181483
0.409518133425
181503
0.410102634804
181523
0.426043102788
181543
0.432191616881
181563
0.444634650735
181583
0.457547774969
181603
0.473524624694
181623
0.479962756587
181643
0.482606655944
181663
0.492496744792
181683
0.488895909926
181703
0.486547851563
181723
0.497802734375
181743
0.49420189951
181763
0.49862946155
181783
0.503047928156
181803
0.485377891391
181823
0.467602060355
181843
0.444182751225
181863
0.433802945006
181883
0.432700961244
181903
0.431660251991
181923
0.429771273744
181943
0.41436217065
181963
0.411601945466
181983
0.415685317096
182003
0.421303423713
182023
0.424777401195
182043
0.440222886029
182063
0.457480755974
182083
0.474977500766
182103
0.486528224571
182123
0.496750536152
182143
0.504853611366
182163
0.519138231464
182183
0.633230890012
182203
0.961749865962
182223
0.992931410846
182243
0.993227730545
182263
0.993241613051
182283
0.99400658701
182303
0.999086148131
182323
1.0
182343
0.987584731158
182363
0.196801757813
182383
0.195595415901
182403
0.196975049786
182423
0.869312480852
182443
1.0
182463
1.0
