226088
0.143446978401
226108
0.479939299939
226128
1.0
226148
0.993205710018
226168
0.993122414982
226188
0.993145392923
226208
0.993146829044
226228
1.0
226248
0.994361787684
226268
0.990803079044
226288
0.990803079044
226308
0.990861960018
226328
0.991950539982
226348
0.999998563879
226368
0.991636029412
226388
0.990856215533
226408
0.990893554687
226428
0.990942382813
226448
1.0
226468
0.991231043199
226488
0.986635454963
226508
0.986681410846
226528
0.986750344669
226548
0.989266429228
226568
1.0
226588
0.989208984375
226608
0.988894473805
226628
0.989342543658
226648
0.989361213235
226668
0.998357077206
226688
0.997842945772
226708
0.990702550551
226728
0.990826056985
226748
0.990938074449
226768
0.991195140165
226788
1.0
226808
0.989641256893
226828
0.98777142693
226848
0.987991153493
226868
0.988590016085
226888
0.989965820313
226908
1.0
226928
0.976183363971
226948
0.975190046722
226968
0.975105315564
226988
0.975323606005
227008
0.994008501838
227028
0.995303883272
227048
0.978685087316
227068
0.978930664062
227088
0.979052734375
227108
0.979565429688
227128
1.0
227148
0.97260167739
227168
0.970166015625
227188
0.970280905331
227208
0.97038861443
227228
0.98578527114
227248
1.0
227268
0.965734145221
227288
0.965851907169
227308
0.965915096507
227328
0.965940946691
227348
0.999997127757
227368
0.982273954504
227388
0.9759765625
227408
0.976158949908
227428
0.976390165441
227448
0.979891429228
227468
1.0
227488
0.963786764706
227508
0.962297506893
227528
0.962511488971
227548
0.962504308364
227568
0.998400160846
227588
0.998391544118
227608
0.961942784926
227628
0.964484719669
227648
0.964447380515
227668
0.964748965993
227688
1.0
227708
0.962994025735
227728
0.952974207261
227748
0.953272920496
227768
0.953542911305
227788
0.966034294577
227808
1.0
227828
0.967232977175
227848
0.967669558058
227868
0.967772958793
227888
0.967804553462
227908
0.999974149816
227928
0.991972081801
227948
0.986091164982
227968
0.986218979779
227988
0.986264935662
228008
0.987843232996
228028
1.0
228048
1.0
228068
0.990564682904
228088
0.98412511489
228108
0.976938763787
228128
0.97318761489
228148
0.973216337316
228168
0.972529392616
228188
0.967593922335
228208
0.959229473039
228228
0.95419251685
228248
0.95007611443
228268
0.945772058824
228288
0.936536362592
228308
0.916659007353
228328
0.904607077206
228348
0.90453527114
228368
0.903004365809
228388
0.894303385417
228408
0.890413411458
228428
0.894200942096
228448
0.886855181526
228468
0.888473690257
228488
0.885516716452
228508
0.887884880515
228528
0.886500459559
228548
0.901094324449
228568
0.903061810662
228588
0.908384076287
228608
0.90494743796
228628
0.914038085938
228648
0.910643095129
228668
0.903031652114
228688
0.902162798713
228708
0.89814453125
228728
0.892705939798
228748
0.888589537377
228768
0.891331092984
228788
0.897050206801
228808
0.899675436581
228828
0.894893152574
228848
0.88544921875
228868
0.890445484835
228888
0.88431037454
228908
0.88195513557
228928
0.880060891544
228948
0.881669347426
228968
0.890676700368
228988
0.892971622243
229008
0.895053040748
229028
0.89249530867
229048
0.888742244945
229068
0.886987304687
229088
0.883500402114
229108
0.882851275276
229128
0.875930606618
229148
0.868592026654
229168
0.846287626379
229188
0.83851629519
229208
0.848963120404
229228
0.855989583333
229248
0.872190946691
229268
0.885185451134
229288
0.90813849954
229308
0.925112017463
229328
0.948497817096
229348
0.969356043199
229368
0.988918887868
229388
0.985117474724
229408
0.971128216912
229428
0.956996783088
229448
0.933735926011
229468
0.916898839614
229488
0.889910768995
229508
0.864582375919
229528
0.85495557598
229548
0.868531709559
229568
0.872957835478
229588
0.887913602941
229608
0.901599839154
229628
0.927411247702
229648
0.941302849265
229668
0.96455078125
229688
0.966812672335
229708
0.954217888327
229728
0.947706514246
229748
0.931469726563
229768
0.919942938113
229788
0.907760799632
229808
0.901331284467
229828
0.886572265625
229848
0.879945523131
229868
0.875565831801
229888
0.869098977482
229908
0.867191808364
229928
0.857070025276
229948
0.857314165901
229968
0.850682636336
229988
0.854039330576
230008
0.85208381204
230028
0.860621074602
230048
0.872288602941
230068
0.87751752068
230088
0.880213120404
230108
0.878752106311
230128
0.889028990502
230148
0.891479970895
230168
0.891582892923
230188
0.889507218903
230208
0.885509535846
230228
0.89140625
230248
0.888342045803
230268
0.875051700368
230288
0.88005658318
230308
0.872443225337
230328
0.864107977175
230348
0.85543571921
230368
0.860838407629
230388
0.8641568053
230408
0.871899414063
230428
0.869806985294
230448
0.866636508119
230468
0.88111261106
230488
0.876883712469
230508
0.884877642463
230528
0.887100758272
230548
0.897399184283
230568
0.897822840074
230588
0.899482996324
230608
0.89535558364
230628
0.886095473346
230648
0.895897001379
230668
0.902702780331
230688
0.893523571538
230708
0.885185929841
230728
0.883722043505
230748
0.885467888327
230768
0.894794538909
230788
0.889453125
230808
0.881209788603
230828
0.874818570006
230848
0.8782260072
230868
0.875305893842
230888
0.873766371783
230908
0.872822840074
230928
0.868032418045
230948
0.880044615502
230968
0.881034581801
230988
0.868603994332
231008
0.86972321155
231028
0.872347005208
231048
0.868686810662
231068
0.871472886029
231088
0.870458505668
231108
0.872123927696
231128
0.869666245404
231148
0.865101773131
231168
0.866616881127
231188
0.870672487745
231208
0.855036477482
231228
0.86043437883
231248
0.857081992953
231268
0.849238376991
231288
0.860239545037
231308
0.86371495864
231328
0.854950788909
231348
0.850241747089
231368
0.855710497089
231388
0.856205480239
231408
0.861743164062
231428
0.860026999081
231448
0.868987438725
231468
0.864843271293
231488
0.864717371324
231508
0.865420592065
231528
0.876322189032
231548
0.875554342831
231568
0.880062806373
231588
0.874816176471
231608
0.870427389706
231628
0.871494427849
231648
0.886297009038
231668
0.881223671109
231688
0.880940276501
231708
0.879754997702
231728
0.875495940564
231748
0.875830556832
231768
0.882700482537
231788
0.88208582261
231808
0.863934685202
231828
0.864669021906
231848
0.870630840227
231868
0.878539560355
231888
0.867887848499
231908
0.874723307292
231928
0.879664522059
231948
0.88329407935
231968
0.8834927428
231988
0.879553940717
232008
0.891276999081
232028
0.887907858456
232048
0.890418198529
232068
0.88783605239
232088
0.877415556066
232108
0.869308651195
232128
0.874712297028
232148
0.872505457261
232168
0.865004595588
232188
0.865502929687
232208
0.861444450827
232228
0.86492656633
232248
0.857971909467
232268
0.850550513174
232288
0.859046128217
232308
0.849735753676
232328
0.841822246477
232348
0.844649969363
232368
0.845371380974
232388
0.848791264553
232408
0.86439185049
232428
0.875497376685
232448
0.871088484222
232468
0.86687634038
232488
0.870425953585
232508
0.876673081342
232528
0.891157322304
232548
0.877207797181
232568
0.869327799479
232588
0.859330958946
232608
0.867803117341
232628
0.86900993796
232648
0.865996476716
232668
0.865665690104
232688
0.862060546875
232708
0.867449352788
232728
0.861742206648
232748
0.865659945619
232768
0.864125210631
232788
0.863758042279
232808
0.866900754442
232828
0.861517693015
232848
0.873433191636
232868
0.880986711091
232888
0.88478716682
232908
0.889596737132
232928
0.882598517923
232948
0.888660386029
232968
0.889635512408
232988
0.882170553768
233008
0.86516974954
233028
0.849713254442
233048
0.852576401654
233068
0.850215418199
233088
0.847969803156
233108
0.84733025046
233128
0.830972828585
233148
0.833957088695
233168
0.861085899203
233188
0.864647958793
233208
0.868563782935
233228
0.871827129289
233248
0.876231234681
233268
0.878085746017
233288
0.883727309283
233308
0.891910328585
233328
0.881178672641
233348
0.876994293811
233368
0.884039905025
233388
0.885055721507
233408
0.886867627911
233428
0.886407111673
233448
0.894904162837
233468
0.88908404182
233488
0.885591394761
233508
0.881106387868
233528
0.878956514246
233548
0.877034983915
233568
0.866909849877
233588
0.867114257812
233608
0.857025026808
233628
0.857179170496
233648
0.864900716146
233668
0.876824831495
233688
0.878660194547
233708
0.877169500613
233728
0.880681295956
233748
0.882202148438
233768
0.900386316636
233788
0.914414349724
233808
0.907521924786
233828
0.881251436121
233848
0.877088120404
233868
0.868306717218
233888
0.869093232996
233908
0.858959960938
233928
0.837254423254
233948
0.823780732996
233968
0.824232632506
233988
0.822829063266
234008
0.822014303768
234028
0.818944833793
234048
0.8183526731
234068
0.82222924326
234088
0.827527573529
234108
0.822096162684
234128
0.82174096201
234148
0.837430587469
234168
0.83082299326
234188
0.819040575214
234208
0.834993010876
234228
0.838529698989
234248
0.847846775429
234268
0.85294452742
234288
0.868525007659
234308
0.862162032782
234328
0.86633013557
234348
0.870953488817
234368
0.87216796875
234388
0.864558919271
234408
0.874853515625
234428
0.861337699142
234448
0.866233436734
234468
0.870627489277
234488
0.889312863817
234508
0.895574831495
234528
0.899433210784
234548
0.899112477022
234568
0.894212431066
234588
0.900685987286
234608
0.906928327972
234628
0.910694795496
234648
0.90804084329
234668
0.90270134421
234688
0.909872376685
234708
0.915868661918
234728
0.927159447763
234748
0.924702722886
234768
0.917265050551
234788
0.922234987745
234808
0.923417873009
234828
0.912960516238
234848
0.90263671875
234868
0.893362247243
234888
0.88728314568
234908
0.882641122855
234928
0.870525524663
234948
0.889127604167
234968
0.893889303768
234988
0.910847981771
235008
0.93561963848
235028
0.953275792739
235048
0.969969267004
235068
0.997325942096
235088
1.0
235108
0.102607038909
235128
0.318382831648
235148
0.653536688113
235168
0.798726639093
235188
0.840615904565
235208
0.862625899969
235228
0.869840494792
235248
0.866099398744
235268
0.86111462163
235288
0.859677542892
235308
0.824242206648
235328
0.816593424479
235348
0.812295113358
235368
0.811170151654
235388
0.882266773897
235408
1.0
235428
0.587783873315
235448
0.154250440411
235468
0.153556315104
235488
0.152222637102
235508
0.999537090227
235528
0.19262120864
235548
0.192727002911
235568
0.193969247855
235588
0.19189453125
235608
0.190474685968
235628
0.190147729013
235648
1.0
235668
1.0
