112956
0.0740515506629
112976
0.0559008049242
112996
0.0452740293561
113016
0.0573123816288
113036
0.180314867424
113056
0.163942649148
113076
0.161906664299
113096
0.256748638731
113116
0.284656131629
113136
0.427688506155
113156
0.338071141098
113176
0.396854285038
113196
0.402405894886
113216
0.539916252367
113236
0.589617365057
113256
0.455888967803
113276
0.535768821023
113296
0.538196910511
113316
0.444482421875
113336
0.404810310133
113356
0.384589547822
113376
0.344831616951
113396
0.351041666667
113416
0.413458806818
113436
0.323551432292
113456
0.338213186553
113476
0.316234611742
113496
0.312899502841
113516
0.313779888731
113536
0.320978338068
113556
0.340552497633
113576
0.34325875947
113596
0.290207741477
113616
0.378666548295
113636
0.294261955492
113656
0.303869258996
113676
0.328082090436
113696
0.327598248106
113716
0.341712535511
113736
0.279040897254
113756
0.229631273674
113776
0.384055397727
113796
0.359904711174
113816
0.266762843277
113836
0.305163944129
113856
0.325961766098
113876
0.343644945549
113896
0.386880030777
113916
0.36952977036
113936
0.37587890625
113956
0.323959812973
113976
0.363102213542
113996
0.35478811553
114016
0.324249822443
114036
0.374786931818
114056
0.360406309186
114076
0.348514441288
114096
0.34170217803
114116
0.352263849432
114136
0.337665719697
114156
0.35663766572
114176
0.368229166667
114196
0.355129912405
114216
0.35752397017
114236
0.398169685133
114256
0.35595407197
114276
0.340142637311
114296
0.379465553977
114316
0.363386304451
114336
0.363516512784
114356
0.371991891572
114376
0.348626893939
114396
0.363626006155
114416
0.365003551136
114436
0.3568359375
114456
0.375303326231
114476
0.365417850379
114496
0.355925958807
114516
0.278861860795
114536
0.283460582386
114556
0.28086233428
114576
0.399680397727
114596
0.390888375947
114616
0.383815696023
114636
0.361659564394
114656
0.384642814867
114676
0.38310546875
114696
0.369260475852
114716
0.382785866477
114736
0.372443181818
114756
0.381338778409
114776
0.383507930871
114796
0.365345348011
114816
0.349341560133
114836
0.372389914773
114856
0.380925958807
114876
0.380015980114
114896
0.312739701705
114916
0.273196318655
114936
0.30897993608
114956
0.396854285038
114976
0.365864701705
114996
0.38310546875
115016
0.377610085227
115036
0.363149562027
115056
0.3630859375
115076
0.330940755208
115096
0.316574928977
115116
0.334485973011
115136
0.388102213542
115156
0.386255622633
115176
0.359533321496
115196
0.350008877841
115216
0.302846827652
115236
0.215863222064
115256
0.25243696733
115276
0.275698390152
115296
0.273816287879
115316
0.215983072917
115336
0.285552793561
115356
0.260974491004
115376
0.291712535511
115396
0.290250651042
115416
0.298088304924
115436
0.291452118845
115456
0.311073626894
115476
0.405706972064
115496
0.407936789773
115516
0.340255089962
115536
0.407667495265
115556
0.377624881629
115576
0.292823745265
115596
0.302470999053
115616
0.286992483428
115636
0.288464725379
115656
0.278049538352
115676
0.280585641572
115696
0.279706735322
115716
0.287646484375
115736
0.360208037405
115756
0.387914299242
115776
0.35546875
115796
0.397015565814
115816
0.394520892519
115836
0.337855113636
115856
0.348425662879
115876
0.408854166667
115896
0.409317294034
115916
0.319309303977
115936
0.339882220644
115956
0.360310132576
115976
0.311183120265
115996
0.332655658144
116016
0.38515477036
116036
0.382152580492
116056
0.345513731061
116076
0.368289831913
116096
0.355137310606
116116
0.373959812973
116136
0.396740352746
116156
0.399147727273
116176
0.387470407197
116196
0.357481060606
116216
0.358383641098
116236
0.397980291193
116256
0.37314601089
116276
0.352617483428
116296
0.371036044034
116316
0.39101266572
116336
0.355986624053
116356
0.368613873106
116376
0.370888080019
116396
0.347668087121
116416
0.300113932292
116436
0.283667732008
116456
0.283757990057
116476
0.303154592803
116496
0.296212121212
116516
0.291387014678
116536
0.301809599905
116556
0.29004202178
116576
0.314701704545
116596
0.303974313447
116616
0.338581616951
116636
0.329601680871
116656
0.334872159091
116676
0.357852450284
116696
0.642919921875
116716
1.0
116736
0.250662878788
116756
0.103343986742
116776
0.0648067589962
116796
0.0645493016098
116816
0.065155954072
116836
0.0635623816288
116856
0.0629720052083
116876
0.0648999763258
116896
0.0671416311553
116916
0.0651352391098
116936
0.0636985085227
116956
0.0631406841856
116976
0.0610603101326
116996
0.0625458688447
117016
0.0598558830492
117036
0.0528379498106
117056
0.0564334753788
117076
0.0620265151515
117096
0.068633108428
117116
0.082958984375
117136
0.0781664299242
117156
0.0742365056818
117176
0.0737319483902
117196
0.0729654947917
117216
0.0719696969697
117236
0.0753699100379
117256
0.0720540364583
117276
0.0693122632576
117296
0.0667791193182
117316
0.0627707741477
117336
0.0635239109848
117356
0.0669063683712
117376
0.0765062736742
117396
0.0911887428977
117416
0.0582919034091
117436
0.0758863044508
117456
0.0894886363636
117476
0.086162405303
117496
0.0907700047348
117516
0.089501953125
117536
0.0858250473485
117556
0.0949840198864
117576
0.0849239464962
117596
0.0809244791667
117616
0.0794078480114
117636
0.080010061553
117656
0.0773541074811
117676
0.0773171164773
117696
0.0758419152462
117716
0.0780347419508
117736
0.0782463304924
117756
0.0720569957386
117776
0.0663441051136
117796
0.0768895004735
117816
0.0758715080492
117836
0.0640980113636
117856
0.0967729048295
117876
0.109910629735
117896
0.116460996686
117916
0.131390565814
117936
0.108038884943
117956
0.0894605232008
117976
0.0726636482008
117996
0.0666296756629
118016
0.0669640743371
118036
0.0659386837121
118056
0.0654518821023
118076
0.0654356060606
118096
0.067157907197
118116
0.0696836529356
118136
0.0872529000947
118156
0.0931300307765
118176
0.0846235795455
118196
0.089531545928
118216
0.0910378196023
118236
0.120013612689
118256
0.0888923413826
118276
0.0874674479167
118296
0.0971235795455
118316
0.106136067708
118336
0.117257043087
118356
0.119695490057
118376
0.120013612689
118396
0.120738636364
118416
0.120859966856
118436
0.119537168561
118456
0.119945549242
118476
0.120034327652
118496
0.120962062027
118516
0.120976858428
118536
0.122056995739
118556
0.122095466383
118576
0.120223721591
118596
0.120445667614
118616
0.121055279356
118636
0.120584753788
118656
0.121860203598
118676
0.122212357955
118696
0.121623461174
118716
0.121525804924
118736
0.121651574337
118756
0.121795099432
118776
0.122301136364
118796
0.122132457386
118816
0.121734434186
118836
0.123184481534
118856
0.122025923295
118876
0.122185724432
118896
0.122258226799
118916
0.121435546875
118936
0.121732954545
118956
0.121786221591
118976
0.12060546875
118996
0.11855320786
119016
0.118668619792
119036
0.118807705966
119056
0.121243193655
119076
0.121346768466
119096
0.121081912879
119116
0.120846650095
119136
0.121608664773
119156
0.119662937973
119176
0.119287109375
119196
0.119554924242
119216
0.121028645833
119236
0.121044921875
119256
0.121249112216
119276
0.121235795455
119296
0.121555397727
119316
0.149149206913
119336
0.310150331439
119356
0.978275923295
119376
0.967329545455
119396
0.960671164773
119416
0.963627485795
119436
0.957310901989
119456
0.926620205966
119476
0.923610617898
119496
0.929057173295
119516
0.902570134943
119536
0.899449573864
119556
0.914044744318
119576
0.897452059659
119596
0.899489524148
119616
0.910786576705
119636
0.902126242898
119656
0.900177556818
119676
0.904296875
119696
0.886399147727
119716
0.892444957386
119736
0.906773792614
119756
0.891921164773
119776
0.894074041193
119796
0.9076171875
119816
0.893186257102
119836
0.899298650568
119856
0.914852627841
119876
0.899391867898
119896
0.899010120739
119916
0.9142578125
119936
0.906676136364
119956
0.914399857955
119976
0.927330433239
119996
0.913951526989
120016
0.91415571733
120036
0.920774147727
120056
0.910329367898
120076
0.914883700284
120096
0.928014026989
120116
0.920392400568
120136
0.925918856534
120156
0.923872514205
120176
0.900750177557
120196
0.891739169034
120216
0.896564275568
120236
0.867786754261
120256
0.861931818182
120276
0.87646040483
120296
0.876411576705
120316
0.882497336648
120336
0.891289358428
120356
0.85908351089
120376
0.84560694839
120396
0.847969933712
120416
0.827988873106
120436
0.834071673769
120456
0.847734670928
120476
0.830911162405
120496
0.835330847538
120516
0.850017755682
120536
0.83086381392
120556
0.818057528409
120576
0.81962742661
120596
0.793895004735
120616
0.794787227746
120636
0.815642755682
120656
0.80029148911
120676
0.798052793561
120696
0.815644235322
120716
0.797386955492
120736
0.795882161458
120756
0.809912109375
120776
0.791785037879
120796
0.791495028409
120816
0.809309895833
120836
0.794380326705
120856
0.792623993845
120876
0.807386363636
120896
0.782535807292
120916
0.782044566761
120936
0.810043797348
120956
0.790552497633
120976
0.795253314394
120996
0.813501716383
121016
0.794936671402
121036
0.794935191761
121056
0.814510830966
121076
0.792705374053
121096
0.79013967803
121116
0.806766394413
121136
0.788631924716
121156
0.78984522964
121176
0.818744081439
121196
0.816663707386
121216
0.829696377841
121236
0.863241299716
121256
0.860471413352
121276
0.877299360795
121296
0.886674360795
121316
0.876593572443
121336
0.88261422822
121356
0.89316258286
121376
0.876475201231
121396
0.883248993845
121416
0.90048532197
121436
0.890401574337
121456
0.879341264205
121476
0.882041607481
121496
0.857139263731
121516
0.842397608902
121536
0.841811671402
121556
0.827691465436
121576
0.831081321023
121596
0.841984789299
121616
0.834839607008
121636
0.834009528883
121656
0.84775834517
121676
0.833422111742
121696
0.826195549242
121716
0.845583274148
121736
0.826377544981
121756
0.822995087595
121776
0.845105350379
121796
0.847478693182
121816
0.861449455492
121836
0.891475793087
121856
0.891737689394
121876
0.899943773674
121896
0.919119910038
121916
0.922995087595
121936
0.923588423295
121956
0.94121389678
121976
0.936181640625
121996
0.950130208333
122016
0.967862215909
122036
0.972203480114
122056
0.961021839489
122076
0.956659860322
122096
0.926602450284
122116
0.916841264205
122136
0.918492542614
122156
0.899427379261
122176
0.908309659091
122196
0.926154119318
122216
0.922132457386
122236
0.925958806818
122256
0.940638316761
122276
0.926775568182
122296
0.916672585227
122316
0.928386896307
122336
0.926162997159
122356
0.945685369318
122376
0.963441051136
122396
0.974618252841
122416
0.980291193182
122436
0.985231711648
122456
0.985427024148
122476
0.985418146307
122496
0.985182883523
122516
0.985271661932
122536
0.978355823864
