134229
0.210642185999
134249
0.213151041667
134269
0.199133945725
134289
0.204064226105
134309
0.202543002522
134329
0.203625945605
134349
0.203959158862
134369
0.2021493756
134389
0.200769242315
134409
0.198057756964
134429
0.198354947166
134449
0.201533606508
134469
0.2072275006
134489
0.184024525696
134509
0.269001786143
134529
0.172451744116
134549
0.0792593509846
134569
0.0905503272094
134589
0.10644587536
134609
0.17251028158
134629
0.170686989673
134649
0.130886017051
134669
0.11418407781
134689
0.126242044909
134709
0.119596541787
134729
0.123344815682
134749
0.111562274856
134769
0.120154899135
134789
0.110710104467
134809
0.101358744597
134829
0.237154028578
134849
0.208844785663
134869
0.187078980548
134889
0.229166666667
134909
0.238205826729
134929
0.244098598103
134949
0.188483129203
134969
0.196422460375
134989
0.199161338256
135009
0.200405259366
135029
0.198929815082
135049
0.199721196566
135069
0.200874684798
135089
0.196377806796
135109
0.202225924592
135129
0.223279899135
135149
0.230959564121
135169
0.224294548511
135189
0.230634981388
135209
0.230491264409
135229
0.227791036263
135249
0.220651341859
135269
0.225347472382
135289
0.228958408381
135309
0.225568864073
135329
0.233982874039
135349
0.144219050192
135369
0.148371082493
135389
0.145229947166
135409
0.145291486551
135429
0.145615694044
135449
0.217814151057
135469
0.224887803194
135489
0.237172790586
135509
0.241118816042
135529
0.244807051513
135549
0.246300132085
135569
0.215424996998
135589
0.226958378362
135609
0.240994236311
135629
0.239447496398
135649
0.233086425312
135669
0.258956982469
135689
0.25361356268
135709
0.237068473823
135729
0.244915495917
135749
0.23994168768
135769
0.23789137548
135789
0.235649315562
135809
0.243053179035
135829
0.233284927354
135849
0.21115739073
135869
0.201468314721
135889
0.201484450048
135909
0.195672355307
135929
0.197751936239
135949
0.200864178074
135969
0.197381574207
135989
0.195914385207
136009
0.196243846061
136029
0.198418737992
136049
0.201192888449
136069
0.199372223223
136089
0.19206479647
136109
0.194979286744
136129
0.19553239073
136149
0.197890024616
136169
0.1965320305
136189
0.196227710735
136209
0.198698291907
136229
0.197926798151
136249
0.058203125
136269
0.0558394872719
136289
0.0545539145053
136309
0.0520266720701
136329
0.0504577929875
136349
0.0475009005764
136369
0.0456708543468
136389
0.0461016300432
136409
0.043947751561
136429
0.0412775426273
136449
0.0416411503362
136469
0.0414494026177
136489
0.0401225534342
136509
0.0420137638088
136529
0.0501185758886
136549
0.0539272634486
136569
0.057912689121
136589
0.0583085674832
136609
0.0563411833573
136629
0.0566143581892
136649
0.0593941372478
136669
0.0619003662344
136689
0.0655435728866
136709
0.133645908381
136729
0.523126801153
136749
0.999539955572
136769
1.0
136789
1.0
136809
1.0
136829
1.0
136849
1.0
136869
1.0
136889
1.0
136909
1.0
136929
1.0
136949
1.0
136969
0.996249099424
136989
0.996249099424
137009
0.996249099424
137029
0.996250225144
137049
0.996250225144
137069
1.0
137089
1.0
137109
1.0
137129
1.0
137149
1.0
137169
1.0
137189
0.986781415106
137209
0.986818563881
137229
0.986730757685
137249
0.990008855668
137269
0.98986889109
137289
0.990254637968
137309
0.989885776897
137329
0.989860635807
137349
0.989967954491
137369
0.989577329491
137389
0.989430235351
137409
0.989569074207
137429
0.989366444524
137449
0.98940434378
137469
0.989245241955
137489
1.0
137509
1.0
137529
1.0
137549
0.206585839938
137569
0.209891330451
137589
0.211459459054
137609
0.105272124159
137629
0.0966314691402
137649
0.101675447286
137669
0.190867405139
137689
0.191048646134
137709
0.193478701369
137729
0.0556083393372
137749
0.0578282600865
137769
0.058313070365
137789
0.076066807757
137809
0.0694355637608
137829
0.0710490964217
137849
0.402436059078
137869
0.158066162344
137889
0.0689605097262
137909
0.117164985591
137929
0.11755335915
137949
0.120860725865
137969
0.135383645533
137989
0.1255849994
138009
0.128299111431
138029
0.0727571896013
138049
0.071633345341
138069
0.0710018161623
138089
0.132365588977
138109
0.135234299952
138129
0.141128197046
138149
0.108286053074
138169
0.107703305115
138189
0.107289039986
138209
0.115731943444
138229
0.327993665946
138249
0.439376200768
138269
0.174173721182
138289
0.158264664385
138309
0.161095476105
138329
0.0981042867435
138349
0.095976675072
138369
0.0865059888329
138389
0.0853408681556
138409
0.0877045058838
138429
0.0899191732709
138449
0.0883150216138
138469
0.0893566882805
138489
0.085842189001
138509
0.0624103176033
138529
0.0322428854467
138549
0.0491174351585
138569
0.0484431286023
138589
0.0543539115034
138609
0.059052668708
138629
0.0523538814841
138649
0.0533546469741
138669
0.0489864763449
138689
0.0495433327329
138709
0.0488731538184
138729
0.0472536173151
138749
0.0427818804035
138769
0.0443650186119
138789
0.0448794728626
138809
0.0514026476945
138829
0.0520814571326
138849
0.0492033651537
138869
0.0590294038184
138889
0.0580691642651
138909
0.0619161263208
138929
0.0717117705331
138949
0.0858658291306
138969
0.0932351705091
138989
0.0829779809078
139009
0.0925214637368
139029
0.0824046139529
139049
0.095217189001
139069
0.110904854107
139089
0.107147949688
139109
0.103960284582
139129
0.101994776657
139149
0.0813967189001
139169
0.129325768492
139189
0.0724453650336
139209
0.0593097082133
139229
0.0566924081412
139249
0.0564987842219
139269
0.0540420869356
139289
0.0601585014409
139309
0.064350684438
139329
0.0684021523775
139349
0.0634005763689
139369
0.0731872148175
139389
0.0796177053314
139409
0.0780413214457
139429
0.0687019692603
139449
0.0746063730788
139469
0.0839393461816
139489
0.0929285993036
139509
0.0965729316763
139529
0.13752514109
139549
0.142034026777
139569
0.103524630764
139589
0.0865386347262
139609
0.0681586215178
139629
0.0668385266571
139649
0.0571261857589
139669
0.0596504262728
139689
0.0513486131124
139709
0.0490952959894
139729
0.0485421920029
139749
0.0485324357589
139769
0.0515155949808
139789
0.0610879713016
139809
0.880072121158
139829
0.883769737632
139849
0.880600084054
139869
0.881901792147
139889
0.88540053134
139909
0.87917567243
139929
0.872828860471
139949
0.875603761407
139969
0.88010289085
139989
0.877693098583
140009
0.870669353386
140029
0.871781940442
140049
0.865899300552
140069
0.869243816042
140089
0.869407045509
140109
0.871747418348
140129
0.873760206532
140149
0.875304319765
140169
0.878561029059
140189
0.882048135807
140209
0.87560976525
140229
0.880528788425
140249
0.883146838977
140269
0.879086365274
140289
0.877241684678
140309
0.871510641811
140329
0.869012292867
140349
0.864653878482
140369
0.858757354707
140389
0.857673661143
140409
0.857646643852
140429
0.863963061359
140449
0.862126260807
140469
0.862568293708
140489
0.864301527978
140509
0.866819764649
140529
0.868438925913
140549
0.873768086575
140569
0.881349813881
140589
0.883703320125
140609
0.889517291066
140629
0.890191222382
140649
0.88815854647
140669
0.88762307877
140689
0.882451518972
140709
0.882881168948
140729
0.892412644092
140749
0.894825813521
140769
0.892825783501
140789
0.892197631484
140809
0.894697106148
140829
0.896054349784
140849
0.893796529779
140869
0.887295869356
140889
0.88454685999
140909
0.882425627402
140929
0.887764544308
140949
0.885320229947
140969
0.87890662524
140989
0.881947196206
141009
0.8752934378
141029
0.873590973223
141049
0.879300627402
141069
0.876309963377
141089
0.874905064241
141109
0.873956081892
141129
0.867745482109
141149
0.861288349544
141169
0.856711170149
141189
0.851798526057
141209
0.855983954731
141229
0.852671334654
141249
0.848064136047
141269
0.849721571806
141289
0.85932509306
141309
0.870528638329
141329
0.876034161864
141349
0.884240288785
141369
0.893098583093
141389
0.900509951369
141409
0.907793737992
141429
0.90917987512
141449
0.904684122839
141469
0.901264934558
141489
0.898908426393
141509
0.879904388809
141529
0.874269782661
141549
0.869049816883
141569
0.860779148655
141589
0.850904704011
141609
0.852529869116
141629
0.834965252762
141649
0.832918317723
141669
0.835830556556
141689
0.832702179395
141709
0.843223913305
141729
0.836350639409
141749
0.83740168708
141769
0.846352290466
141789
0.859027902858
141809
0.867095941402
141829
0.874639769452
141849
0.885265069645
141869
0.881501786143
141889
0.882352080331
141909
0.875944479467
141929
0.882205361431
141949
0.885967894452
141969
0.874526822166
141989
0.86638298511
142009
0.866175102065
142029
0.855710779899
142049
0.848568834054
142069
0.842262172791
142089
0.861956277017
142109
0.859891330451
142129
0.859412524015
142149
0.860796784942
142169
0.868641555596
142189
0.876349363593
142209
0.872969950768
142229
0.873989853506
142249
0.875379743036
142269
0.876138853866
142289
0.871824717819
142309
0.871433717579
142329
0.882835014409
142349
0.883997133165
142369
0.882000105067
142389
0.879770052834
142409
0.872499399616
142429
0.884017771374
142449
0.893794653578
142469
0.896894137248
142489
0.909840297791
142509
0.915931571206
142529
0.907991864793
142549
0.895744401417
142569
0.896488127402
142589
0.879582807997
142609
0.889443368756
142629
0.901139229107
142649
0.901974888929
142669
0.910245181916
142689
0.916052398535
142709
0.920497868636
142729
0.920026567003
142749
0.945910257565
142769
0.962205061239
142789
0.985536743516
142809
0.994243065562
142829
1.0
142849
1.0
142869
0.0674156460134
142889
0.0741076789145
142909
0.0788319524496
142929
0.0737943533862
142949
0.0759275936599
142969
0.0710472202209
142989
0.0730821475744
143009
0.0657053013929
143029
0.0742078680355
143049
0.0700254412824
143069
0.0695353776417
143089
0.0734547610471
143109
0.0728772664505
143129
0.0729947166186
143149
0.0725102815802
143169
0.0672437860231
143189
0.073703545269
143209
0.068300837536
143229
0.06611318744
143249
0.0668509095821
143269
0.0694543257685
143289
0.0728097232229
143309
0.0737215567963
143329
0.0694216798751
143349
0.0686130373439
143369
0.0652186149135
143389
0.0738209954371
143409
0.073298285903
143429
0.0688179184678
143449
0.0735680835735
143469
0.0715080151297
143489
0.0735189271134
143509
0.073293407781
143529
0.0747894902738
143549
0.0653195545149
143569
0.0680922040106
143589
0.0622801092699
143609
0.0621427713737
143629
0.0774187980307
143649
0.0749485920989
143669
1.0
143689
1.0
143709
1.0
143729
1.0
143749
1.0
143769
1.0
143789
1.0
143809
1.0
