130091
0.444675819547
130111
0.466476141238
130131
0.480380189185
130151
0.472167490043
130171
0.440331552543
130191
0.433386948529
130211
0.597198127298
130231
0.533049460018
130251
0.48791216682
130271
0.478625248928
130291
0.354072840074
130311
0.338790594363
130331
0.330539119945
130351
0.317402918199
130371
0.316105621936
130391
0.309387446385
130411
0.304650639553
130431
0.302865540748
130451
0.29939922258
130471
0.293773456648
130491
0.2958041322
130511
0.301784141391
130531
0.311474609375
130551
0.325462909773
130571
0.319463273591
130591
0.317762905944
130611
0.315530215993
130631
0.31781652114
130651
0.318118585325
130671
0.315226715686
130691
0.315254959406
130711
0.441925168505
130731
0.442224839154
130751
0.438346354167
130771
0.435575597426
130791
0.434089690564
130811
0.435560278799
130831
0.321089441636
130851
0.320663871017
130871
0.324730487898
130891
0.332720109528
130911
0.334964767157
130931
0.334995883119
130951
0.336402803309
130971
0.337109853707
130991
0.338118010876
131011
0.337194106158
131031
0.33800982307
131051
0.336398016238
131071
0.335211301317
131091
0.32808191636
131111
0.330936925551
131131
0.332273475797
131151
0.332656441483
131171
0.335867608762
131191
0.336025582108
131211
0.336307061887
131231
0.461078718597
131251
0.463564165901
131271
0.461691942402
131291
0.46336071538
131311
0.460358743107
131331
0.462889188879
131351
0.46334252451
131371
0.46289397595
131391
0.463051949295
131411
0.462314261642
131431
0.461323816636
131451
0.460675647212
131471
0.458989162071
131491
0.454991000306
131511
0.462284103094
131531
0.461839384191
131551
0.459677542892
131571
0.345668658088
131591
0.35077789905
131611
0.347934857537
131631
0.347465724571
131651
0.350064146752
131671
0.350637637868
131691
0.353383501838
131711
0.366172640931
131731
0.363149605545
131751
0.402765490962
131771
0.405730124081
131791
0.404698510263
131811
0.393410596661
131831
0.392149682138
131851
0.391991708793
131871
0.388298004749
131891
0.375981828278
131911
0.376110121783
131931
0.374258003983
131951
0.374224494485
131971
0.372751991422
131991
0.371186619179
132011
0.373583505668
132031
0.373031077665
132051
0.368495327819
132071
0.301452397365
132091
0.295584884344
132111
0.284304151348
132131
0.291110887714
132151
0.292159256281
132171
0.313858570772
132191
0.332576976103
132211
0.348055491728
132231
0.344982670803
132251
0.345236864277
132271
0.345055434283
132291
0.331678442862
132311
0.311855660233
132331
0.304664043352
132351
0.294976926317
132371
0.315511546415
132391
0.322852519914
132411
0.32885167739
132431
0.319269875919
132451
0.376336550245
132471
0.374597407322
132491
0.386582797181
132511
0.308332375919
132531
0.319201420803
132551
0.329121189491
132571
0.324948299632
132591
0.301977060355
132611
0.317779181985
132631
0.362544998468
132651
0.429013480392
132671
0.417993164062
132691
0.438278856464
132711
0.444982670803
132731
0.4216729856
132751
0.429044117647
132771
0.412827435662
132791
0.411969113817
132811
0.355538162531
132831
0.351174268536
132851
0.352922028186
132871
0.358318014706
132891
0.326818608303
132911
0.346291456036
132931
0.290593405331
132951
0.193931429994
132971
0.192409620098
132991
0.202225030637
133011
0.196384325214
133031
0.197395833333
133051
0.198471966912
133071
0.383410883885
133091
0.382880955116
133111
0.373955461091
133131
0.370343137255
133151
0.365586224724
133171
0.374979415594
133191
0.380550130208
133211
0.371573893229
133231
0.369681085325
133251
0.319393382353
133271
0.658350566789
133291
0.398384842218
133311
0.294297640931
133331
0.344539866728
133351
0.295558076746
133371
0.282899624694
133391
0.290651328891
133411
0.296487247243
133431
0.316509650735
133451
0.307144703585
133471
0.29702722886
133491
0.291800704657
133511
0.292295209099
133531
0.31751349954
133551
0.312035175398
133571
0.248776903339
133591
0.236827895221
133611
0.246640433517
133631
0.418691119026
133651
0.390386125153
133671
0.34867589614
133691
0.496833352482
133711
0.480955116422
133731
0.471346507353
133751
0.482320389093
133771
0.470015222886
133791
0.287613932292
133811
0.325827205882
133831
0.288542145374
133851
0.231628657322
133871
0.199052638634
133891
0.393858187806
133911
0.402096737132
133931
0.39337421492
133951
0.382299804688
133971
0.379555855545
133991
0.374845377604
134011
0.391040039063
134031
0.411155311734
134051
0.418900314032
134071
0.409998755362
134091
0.414208505668
134111
0.460652669271
134131
0.45941138174
134151
0.450696518842
134171
0.450718539369
134191
0.455431889553
134211
0.447808957567
134231
0.313823146446
134251
0.30802265242
134271
0.320154526654
134291
0.311042815564
134311
0.18306573606
134331
0.179372032016
134351
0.183049938725
134371
0.186542107077
134391
0.189822686887
134411
0.192522116268
134431
0.212293198529
134451
0.223988491881
134471
0.231859394148
134491
0.531016390931
134511
0.530411305147
134531
0.12716327742
134551
0.135478898591
134571
0.390102730545
134591
0.390521599265
134611
0.483373066023
134631
0.190885895374
134651
0.144721296722
134671
0.518512082567
134691
0.448176604626
134711
0.346858723958
134731
0.371421185662
134751
0.367969228707
134771
0.346496342678
134791
0.333998257506
134811
0.446011891085
134831
0.375609872855
134851
0.40094018076
134871
0.43815056296
134891
0.238354970895
134911
0.402573050705
134931
0.226476332721
134951
0.422658164828
134971
0.486633061428
134991
0.882119332108
135011
0.655898628983
135031
0.309739774816
135051
0.307074812347
135071
0.256421855852
135091
0.303111596201
135111
0.326515107996
135131
0.294663373162
135151
0.541410079657
135171
0.888488530178
135191
0.259225643382
135211
0.254810527727
135231
0.771312040441
135251
0.732993451287
135271
0.729677447151
135291
0.682650696998
135311
0.366165460325
135331
0.378630514706
135351
0.355272480086
135371
0.39148906633
135391
0.364233877145
135411
0.27857019761
135431
0.285298904718
135451
0.273156020221
135471
0.501732441023
135491
0.300562959559
135511
0.225340360754
135531
0.543003216912
135551
0.330300245098
135571
0.339094573376
135591
0.333656460631
135611
0.302727194393
135631
0.286727366728
135651
0.281611902574
135671
0.29310278799
135691
0.468435010723
135711
0.472948740043
135731
0.471562404259
135751
0.474673043045
135771
0.412281230852
135791
0.411920285692
135811
0.255358168658
135831
0.253082395067
135851
0.257602826287
135871
0.257430491728
135891
0.257322303922
135911
0.256622912837
135931
0.257829254749
135951
0.255655924479
135971
0.25514275046
135991
0.253540996477
136011
0.253969439338
136031
0.25218481924
136051
0.257846488205
136071
0.356035539216
136091
0.362815946691
136111
0.350674019608
136131
0.355209769455
136151
0.343398628983
136171
0.350407858456
136191
0.336223288143
136211
0.374065563725
136231
0.375997625613
136251
0.357044653799
136271
0.365471813725
136291
0.38785759421
136311
0.356644454657
136331
0.316664751838
136351
0.270186121324
136371
0.248097617953
136391
0.189057234222
136411
0.135523418352
136431
0.123758233762
136451
0.198744351256
136471
0.210349647672
136491
0.200240789675
136511
0.193235389859
136531
0.184409466912
136551
0.169038181679
136571
0.175944967831
136591
0.237907379749
136611
0.253959386489
136631
0.179026884191
136651
0.0763791551777
136671
0.122304878983
136691
0.204146560968
136711
0.122341260723
136731
0.102452895221
136751
0.140621170343
136771
0.154337565104
136791
0.150990445006
136811
0.143382831648
136831
0.129017788756
136851
0.132054227941
136871
0.118251187194
136891
0.107283528646
136911
0.10064051011
136931
0.134528664982
136951
0.139607268689
136971
0.138636450674
136991
0.127383961397
137011
0.127326516544
137031
0.126949295343
137051
0.116907456342
137071
0.114789656097
137091
0.113240081189
137111
0.112351600797
137131
0.110218003217
137151
0.112365483303
137171
0.117130533854
137191
0.0994178921569
137211
0.0962785309436
137231
0.0980305989583
137251
0.104826803768
137271
0.115403837316
137291
0.0653191061581
137311
0.0803213082108
137331
0.0920352711397
137351
0.100646254596
137371
0.101573510263
137391
0.11397154565
137411
0.147697418811
137431
0.169508750766
137451
0.149449965533
137471
0.122029143689
137491
0.102982345282
137511
0.104638193168
137531
0.106475949755
137551
0.110299383425
137571
0.102197744332
137591
0.0950769761029
137611
0.0869935278799
137631
0.0812126608456
137651
0.0741651348039
137671
0.0661094515931
137691
0.0630318435968
137711
0.0634971469056
137731
0.0625081380208
137751
0.0655168121936
137771
0.0622185202206
137791
0.0592711205576
137811
0.0603434244792
137831
0.0688194125306
137851
0.0590872970282
137871
0.0656790939032
137891
0.0673263250613
137911
0.0672755821078
137931
0.0675498812806
137951
0.120735198376
137971
0.118544634651
137991
0.118324908088
138011
0.118937174479
138031
0.118378523284
138051
0.103691789216
138071
0.104269109988
138091
0.107570752911
138111
0.108664119945
138131
0.110299862132
138151
0.111150524663
138171
0.110981062347
138191
0.119700712316
138211
0.119868738511
138231
0.121064548866
138251
0.11915881587
138271
1.0
138291
1.0
138311
0.971765376072
138331
0.972843903186
138351
0.972843903186
138371
0.964812634038
138391
0.964815984988
138411
0.964995021446
138431
1.0
138451
0.999257525276
138471
0.990809302237
138491
0.982079120711
138511
0.972007601869
138531
0.964115636489
138551
0.952958888634
138571
0.944132486979
138591
0.938066789216
138611
0.929794730392
138631
0.927748257506
138651
0.935005457261
138671
0.928532379749
138691
0.932498468137
138711
0.939752316942
138731
0.930960860907
138751
0.937492340686
138771
0.933004940257
138791
0.927996706495
138811
0.927984738817
138831
0.933750287224
138851
0.930363913143
138871
0.933339077819
138891
0.932643995098
138911
0.944124827665
138931
0.945058306526
138951
0.953406479779
138971
0.95626483992
138991
0.959145699295
139011
0.95849609375
139031
0.95923761106
139051
0.964886354933
139071
0.966554649203
139091
0.971017156863
139111
0.970472388174
139131
0.977094343597
139151
0.977172372855
139171
0.980848843444
139191
0.985427198223
139211
0.989420572917
139231
0.993926642923
139251
0.987236232384
139271
0.976934455423
139291
0.977174287684
139311
0.979225068934
139331
0.984931736366
139351
0.975728113511
139371
0.97127087163
139391
0.963120883119
139411
0.963995959712
139431
0.966452205882
139451
0.962686217065
139471
0.951454790901
139491
0.946540383732
139511
0.944128657322
139531
0.940749942555
139551
0.937039483762
139571
0.931065219056
139591
0.932747395833
139611
0.927948835784
139631
0.929960841759
139651
0.936746036305
139671
0.940774356618
