160285
0.200224949471
160305
0.200649098259
160325
0.200829835199
160345
0.201621288091
160365
0.201186936412
160385
0.200721976057
160405
0.200020405784
160425
0.199667677239
160445
0.201248153762
160465
0.20087161847
160485
0.199683224502
160505
0.183062713775
160525
0.191985385572
160545
0.187211403918
160565
0.193785467195
160585
0.194800897854
160605
0.195295009328
160625
0.194254800218
160645
0.194461773165
160665
0.192919193097
160685
0.0911016208022
160705
0.106134367226
160725
0.122469196984
160745
0.117873037158
160765
0.109272971082
160785
0.0963493081468
160805
0.101131549285
160825
0.107154656405
160845
0.10508298352
160865
0.105236026897
160885
0.0899846470771
160905
0.11633288635
160925
0.163841923197
160945
0.157452483675
160965
0.137328008396
160985
0.176184993004
161005
0.165730915734
161025
0.202597850591
161045
0.248932097326
161065
0.186921836132
161085
0.124649700715
161105
0.135340873756
161125
0.135210179571
161145
0.123390372357
161165
0.117817650031
161185
0.08534913324
161205
0.0905579524254
161225
0.0968453630286
161245
0.102094993781
161265
0.108742906561
161285
0.111820293066
161305
0.111505946828
161325
0.11016596704
161345
0.17654792444
161365
0.189200481965
161385
0.190858208955
161405
0.190978700249
161425
0.202422458022
161445
0.235951589708
161465
0.242408562655
161485
0.233371229789
161505
0.221082089552
161525
0.224575365361
161545
0.223125583022
161565
0.219753284359
161585
0.213982334422
161605
0.182971373601
161625
0.130135455535
161645
0.113389109142
161665
0.0956501671331
161685
0.091749747357
161705
0.0841655977923
161725
0.0805824393657
161745
0.0782547224813
161765
0.0832099269279
161785
0.0808321672886
161805
0.0895250310945
161825
0.105958974658
161845
0.109080573694
161865
0.105094158116
161885
0.273902946206
161905
0.27371103467
161925
0.27595955768
161945
0.278574413091
161965
0.27675538324
161985
0.276436178483
162005
0.275011660448
162025
0.277016771611
162045
0.319108072917
162065
0.319986493315
162085
0.321370199782
162105
0.319496268657
162125
0.320992692786
162145
0.28497065454
162165
0.293508531561
162185
0.30166987329
162205
0.294392782183
162225
0.299195914956
162245
0.298380655317
162265
0.293801986163
162285
0.29246346393
162305
0.29572255908
162325
0.294284437189
162345
0.292353661381
162365
0.291665694963
162385
0.282867887127
162405
0.289575559701
162425
0.28583255597
162445
0.281825248756
162465
0.286843128109
162485
0.287237639925
162505
0.285539101368
162525
0.286647329757
162545
0.282799867848
162565
0.279683613184
162585
0.280043629509
162605
0.279979497046
162625
0.28185537158
162645
0.276512457245
162665
0.272709693719
162685
0.2720946051
162705
0.279766693874
162725
0.279708877488
162745
0.287945526275
162765
0.285446303638
162785
0.287876535292
162805
0.284574685168
162825
0.286037099658
162845
0.253471898321
162865
0.2648558963
162885
0.25831778607
162905
0.257270289179
162925
0.262987795398
162945
0.272478914024
162965
0.288008687034
162985
0.271408096238
163005
0.266588930348
163025
0.270263914801
163045
0.258797321984
163065
0.259014011971
163085
0.237699199316
163105
0.22206788324
163125
0.216368353545
163145
0.21806397699
163165
0.219290753265
163185
0.254626282649
163205
0.257490380131
163225
0.256832536536
163245
0.276926888993
163265
0.271537332867
163285
0.256488067475
163305
0.241550548041
163325
0.241438802083
163345
0.239453125
163365
0.242198674596
163385
0.242319165889
163405
0.236984996891
163425
0.23953377643
163445
0.245755111163
163465
0.250647154851
163485
0.254706448228
163505
0.256505072295
163525
0.258247337531
163545
0.261714863184
163565
0.267753517568
163585
0.262268248601
163605
0.360945759484
163625
0.50624028296
163645
0.503063296797
163665
0.487312461132
163685
0.493787896455
163705
0.496925528607
163725
0.498074568563
163745
0.503720168688
163765
0.505595557369
163785
0.485447761194
163805
0.495236221238
163825
0.490685731499
163845
0.495023418066
163865
0.50792473181
163885
0.498510377799
163905
0.502663440609
163925
0.500777849036
163945
0.479343030939
163965
0.481282066231
163985
0.476149039956
164005
0.473022096549
164025
0.472945817786
164045
0.466748775653
164065
0.466093361318
164085
0.468695098725
164105
0.471483403296
164125
0.468152887904
164145
0.458571400808
164165
0.464308341107
164185
0.467079640858
164205
0.462139011971
164225
0.460079485386
164245
0.461692513993
164265
0.456289354011
164285
0.474906716418
164305
0.457768773321
164325
0.451591651119
164345
0.43720946051
164365
0.430042171953
164385
0.424751729633
164405
0.413147640703
164425
0.433069029851
164445
0.453721626244
164465
0.464866585044
164485
0.472612523321
164505
0.480224852301
164525
0.492433341107
164545
0.49784670398
164565
0.510052277674
164585
0.512536438899
164605
0.510582342195
164625
0.510047419154
164645
0.503170184235
164665
0.497044562345
164685
0.489163071362
164705
0.483265314055
164725
0.484391518968
164745
0.482359685945
164765
0.478866895989
164785
0.476518287469
164805
0.477700365361
164825
0.476680076182
164845
0.476106284981
164865
0.476537235697
164885
0.470874630752
164905
0.475543668377
164925
0.477266013682
164945
0.475493625622
164965
0.478439346238
164985
0.484194748912
165005
0.487789567786
165025
0.474057932991
165045
0.484525614117
165065
0.474725979478
165085
0.467954660292
165105
0.470010785914
165125
0.466911050218
165145
0.453025400342
165165
0.471283232276
165185
0.464397252021
165205
0.465831001244
165225
0.471540247979
165245
0.471199179882
165265
0.474354302705
165285
0.477071187034
165305
0.474279967351
165325
0.467713191853
165345
0.472886543843
165365
0.457198868937
165385
0.462606887438
165405
0.453602592506
165425
0.45215572528
165445
0.462109860852
165465
0.457137651586
165485
0.455450287624
165505
0.470693893812
165525
0.469994752799
165545
0.472811236785
165565
0.461812519434
165585
0.472518268035
165605
0.476137379509
165625
0.475342525653
165645
0.470789606654
165665
0.473972908893
165685
0.479888156872
165705
0.478947061567
165725
0.473360249534
165745
0.481175178794
165765
0.481483694807
165785
0.476751982276
165805
0.476832147854
165825
0.482992751088
165845
0.476837006374
165865
0.485541044776
165885
0.473162993626
165905
0.472264167444
165925
0.469612873134
165945
0.477401080535
165965
0.482742537313
165985
0.492223938899
166005
0.488748639614
166025
0.4827882074
166045
0.482042424596
166065
0.473200404229
166085
0.481064890392
166105
0.484037818719
166125
0.486531211132
166145
0.47617673352
166165
0.48741934857
166185
0.485573111007
166205
0.489780589241
166225
0.492555289956
166245
0.489412799285
166265
0.508254625311
166285
0.50096927472
166305
0.495405783582
166325
0.49541258551
166345
0.4786987912
166365
0.462576278762
166385
0.459738417289
166405
0.467371152052
166425
0.482408271144
166445
0.484554765236
166465
0.480415792133
166485
0.489424945585
166505
0.483578688588
166525
0.476976931748
166545
0.46739010028
166565
0.466337744869
166585
0.467903645833
166605
0.460560478856
166625
0.466973239272
166645
0.459999319807
166665
0.473007520989
166685
0.489031405473
166705
0.4888793338
166725
0.49453853778
166745
0.497420125933
166765
0.50068359375
166785
0.500618975435
166805
0.499598200404
166825
0.506191697761
166845
0.486507404384
166865
0.473706662002
166885
0.475971218128
166905
0.476918143657
166925
0.469874261505
166945
0.476891907649
166965
0.479154034515
166985
0.490129916822
167005
0.496023301461
167025
0.486716806592
167045
0.482901896766
167065
0.488169504042
167085
0.490490904851
167105
0.493561489428
167125
0.49951171875
167145
0.496012126866
167165
0.493107703669
167185
0.494273262593
167205
0.499818291356
167225
0.494344196984
167245
0.477739719372
167265
0.469884950249
167285
0.460128070585
167305
0.46111580768
167325
0.464364699938
167345
0.459982314988
167365
0.47773194574
167385
0.479473239272
167405
0.479203105566
167425
0.484001865672
167445
0.491369325249
167465
0.501384678172
167485
0.489669814988
167505
0.495626846238
167525
0.493818990983
167545
0.501194710044
167565
0.505751515858
167585
0.510397232587
167605
0.509884172886
167625
0.507594352456
167645
0.491307136194
167665
0.489395794465
167685
0.479108364428
167705
0.497355021766
167725
0.483032590951
167745
0.481740224658
167765
0.481894725591
167785
0.476476018346
167805
0.482133278918
167825
0.468761174596
167845
0.471882773632
167865
0.476399739583
167885
0.465919912158
167905
0.470898923352
167925
0.475619947139
167945
0.474082225591
167965
0.482072061567
167985
0.479256063433
168005
0.470959168999
168025
0.473312150187
168045
0.489511913091
168065
0.483076803483
168085
0.481334052394
168105
0.473979224969
168125
0.484257423818
168145
0.469481693097
168165
0.47100095227
168185
0.474026352612
168205
0.469007015703
168225
0.461072566853
168245
0.436988883706
168265
0.44014643579
168285
0.432893637282
168305
0.442389614428
168325
0.448169795553
168345
0.453654578669
168365
0.448910233986
168385
0.458263370647
168405
0.44748280084
168425
0.450266246891
168445
0.436309662624
168465
0.442247259795
168485
0.443885552705
168505
0.441720110386
168525
0.44836170709
168545
0.441695331934
168565
0.437370763371
168585
0.438933263371
168605
0.442653432058
168625
0.445085607121
168645
0.455458547108
168665
0.456392354633
168685
0.455104361007
168705
0.449443213619
168725
0.46466787158
168745
0.471590776586
168765
0.47902819885
168785
0.49510261194
168805
0.494346626244
168825
0.499886310634
168845
0.489671758396
168865
0.476713599969
168885
0.47273204291
168905
0.464368100902
168925
0.474570020989
168945
0.477126088308
168965
0.494528334888
168985
0.495203183302
169005
0.5103515625
169025
0.51084713153
169045
0.514920514614
169065
0.51298099347
169085
0.508952308769
169105
0.513135980255
169125
0.512518948228
169145
0.507015216884
169165
0.498926752954
169185
0.510896202581
169205
0.501956040112
169225
0.481916103078
169245
0.489842778296
169265
0.492160778141
169285
0.482795981032
169305
0.469199413091
169325
0.4732664801
169345
0.498509406095
169365
0.513653898476
169385
0.515631316076
169405
0.533592292444
169425
0.541171583489
169445
0.546954679726
169465
0.529386757618
169485
0.526413829291
169505
0.544788751555
169525
0.535300062189
169545
0.972169912158
169565
0.977303424285
169585
0.977385533271
169605
0.977481731965
169625
0.973216437345
169645
1.0
169665
1.0
169685
1.0
169705
1.0
169725
0.160622182058
169745
0.161520036536
169765
0.162201201026
169785
0.162751671331
169805
0.162472306437
169825
0.163101970616
169845
1.0
169865
1.0
