125889
0.298060619213
125909
0.227297092014
125929
0.289412254051
125949
0.286578052662
125969
0.284645543981
125989
0.281937210648
126009
0.383487051505
126029
0.258139829282
126049
0.181748770255
126069
0.18181568287
126089
0.182622251157
126109
0.179490017361
126129
0.246611689815
126149
0.2942578125
126169
0.289676649306
126189
0.281242766204
126209
0.281750940394
126229
0.263137659144
126249
0.204700882523
126269
0.183700086806
126289
0.197345196759
126309
0.250445240162
126329
0.241565393519
126349
0.24470630787
126369
0.231479673032
126389
0.242106843171
126409
0.240218822338
126429
0.239840133102
126449
0.24076171875
126469
0.278349609375
126489
0.201902850116
126509
0.21568359375
126529
0.163349247685
126549
0.154885706019
126569
0.121666666667
126589
0.193419777199
126609
0.229412254051
126629
0.221306423611
126649
0.227696759259
126669
0.244523654514
126689
0.26302806713
126709
0.280459346065
126729
0.265698784722
126749
0.203802083333
126769
0.210516131366
126789
0.208843677662
126809
0.213650896991
126829
0.218643301505
126849
0.234529441551
126869
0.301281467014
126889
0.304326171875
126909
0.300925925926
126929
0.303001663773
126949
0.312339771412
126969
0.303301866319
126989
0.203208912037
127009
0.155185546875
127029
0.157039207176
127049
0.146325231481
127069
0.141402633102
127089
0.148815104167
127109
0.1398046875
127129
0.150043764468
127149
0.14726634838
127169
0.140128038194
127189
0.168753255208
127209
0.18134837963
127229
0.203255931713
127249
0.194417679398
127269
0.138663917824
127289
0.173678385417
127309
0.127697844329
127329
0.129156901042
127349
0.125005425347
127369
0.103841507523
127389
0.0917711950231
127409
0.122816478588
127429
0.166899956597
127449
0.165150462963
127469
0.164512803819
127489
0.163718532986
127509
0.163383608218
127529
0.165769314236
127549
0.180655020255
127569
0.190887586806
127589
0.192059823495
127609
0.171126302083
127629
0.164615162037
127649
0.165904947917
127669
0.167297815394
127689
0.173572048611
127709
0.160984881366
127729
0.169546802662
127749
0.171928530093
127769
0.191466290509
127789
0.183830656829
127809
0.245204716435
127829
0.320539641204
127849
0.324079861111
127869
0.336873914931
127889
0.477024739583
127909
0.338641854745
127929
0.32673828125
127949
0.140711805556
127969
0.133760489005
127989
0.130179398148
128009
0.102547381366
128029
0.138096788194
128049
0.102935112847
128069
0.0988990162037
128089
0.0973213252315
128109
0.0886179832176
128129
0.0919943576389
128149
0.0834924768519
128169
0.0780414496528
128189
0.0783727575231
128209
0.0845641637731
128229
0.0913928674769
128249
0.194529441551
128269
0.330368200231
128289
0.181232638889
128309
0.0793757233796
128329
0.0922023292824
128349
0.114775390625
128369
0.236267361111
128389
0.511587456597
128409
0.481238787616
128429
0.489757667824
128449
0.573190827546
128469
0.710890842014
128489
0.840230758102
128509
0.893978226273
128529
0.950240162037
128549
1.0
128569
1.0
128589
0.994626736111
128609
0.912602358218
128629
0.81923828125
128649
0.788682002315
128669
0.763870442708
128689
0.716243489583
128709
0.733753255208
128729
0.745066550926
128749
0.692560402199
128769
0.684416956019
128789
0.692957537616
128809
0.707475766782
128829
0.679067201968
128849
0.657032696759
128869
0.674119285301
128889
0.650436921296
128909
0.64017578125
128929
0.612180989583
128949
0.610081018519
128969
0.638023365162
128989
0.617122395833
129009
0.613305121528
129029
0.629657118056
129049
0.616316189236
129069
0.579548249421
129089
0.583534071181
129109
0.622056568287
129129
0.599596354167
129149
0.598040002894
129169
0.597311921296
129189
0.591966145833
129209
0.602547381366
129229
0.564679181134
129249
0.548988353588
129269
0.518902994792
129289
0.550494791667
129309
0.614847728588
129329
0.631024305556
129349
0.655625
129369
0.633692491319
129389
0.640040147569
129409
0.643034577546
129429
0.619169921875
129449
0.649874131944
129469
0.667507233796
129489
0.698283058449
129509
0.678892867477
129529
0.680431495949
129549
0.684633608218
129569
0.679959129051
129589
0.681557798032
129609
0.685903862847
129629
0.68913990162
129649
0.672557508681
129669
0.681749131944
129689
0.715356264468
129709
0.694203559028
129729
0.682608868634
129749
0.6561328125
129769
0.664700882523
129789
0.665857204861
129809
0.655894458912
129829
0.661939380787
129849
0.660590277778
129869
0.645024233218
129889
0.599309172454
129909
0.590313946759
129929
0.590571108218
129949
0.566337167245
129969
0.604695095486
129989
0.584395978009
130009
0.577606336806
130029
0.586838469329
130049
0.568234230324
130069
0.592849754051
130089
0.58845703125
130109
0.572741608796
130129
0.564972873264
130149
0.564828197338
130169
0.576895978009
130189
0.550716145833
130209
0.566612051505
130229
0.561600115741
130249
0.570445601852
130269
0.595528428819
130289
0.581278935185
130309
0.598995225694
130329
0.59089771412
130349
0.594581524884
130369
0.580653935185
130389
0.575704210069
130409
0.608717086227
130429
0.616897424769
130449
0.655125506366
130469
0.616451822917
130489
0.60490198206
130509
0.645030020255
130529
0.651530671296
130549
0.674682436343
130569
0.658453052662
130589
0.685104890046
130609
0.669753327546
130629
0.649259982639
130649
0.690172164352
130669
0.674794560185
130689
0.664820601852
130709
0.653823423032
130729
0.666315104167
130749
0.681574797454
130769
0.677789713542
130789
0.674185836227
130809
0.647603443287
130829
0.658799913194
130849
0.657592592593
130869
0.637196903935
130889
0.654901258681
130909
0.656864149306
130929
0.663771339699
130949
0.646765769676
130969
0.663004918981
130989
0.665387008102
131009
0.650035083912
131029
0.664815538194
131049
0.645787037037
131069
0.647685185185
131089
0.634823133681
131109
0.605667679398
131129
0.628016854745
131149
0.628324291088
131169
0.619831452546
131189
0.560868055556
131209
0.556106409144
131229
0.574547887731
131249
0.549970703125
131269
0.568657407407
131289
0.557688078704
131309
0.590301649306
131329
0.593207103588
131349
0.587345196759
131369
0.594059244792
131389
0.57388708044
131409
0.578745298032
131429
0.573604239005
131449
0.575202184606
131469
0.587354600694
131489
0.590767144097
131509
0.596009837963
131529
0.565256799769
131549
0.572729311343
131569
0.593006727431
131589
0.580583767361
131609
0.583985821759
131629
0.577075014468
131649
0.583595558449
131669
0.571494140625
131689
0.585267288773
131709
0.594755859375
131729
0.592743417245
131749
0.609944299769
131769
0.621920211227
131789
0.665652850116
131809
0.659738136574
131829
0.658052300347
131849
0.675152633102
131869
0.639196325231
131889
0.647094545718
131909
0.645437282986
131929
0.662626953125
131949
0.667548828125
131969
0.662310112847
131989
0.665720124421
132009
0.64808521412
132029
0.659539568866
132049
0.671277488426
132069
0.643180700231
132089
0.67331995081
132109
0.69058521412
132129
0.685704210069
132149
0.628883101852
132169
0.629105179398
132189
0.646643880208
132209
0.630260054977
132229
0.642965133102
132249
0.620110677083
132269
0.646587818287
132289
0.673619429977
132309
0.658122106481
132329
0.653516710069
132349
0.645043402778
132369
0.65777307581
132389
0.631012731481
132409
0.649849898727
132429
0.664523654514
132449
0.665545428241
132469
0.686039858218
132489
0.675096209491
132509
0.666782407407
132529
0.646749855324
132549
0.627377025463
132569
0.670006148727
132589
0.669803602431
132609
0.66425853588
132629
0.632741970486
132649
0.632124565972
132669
0.603570963542
132689
0.579584780093
132709
0.617191116898
132729
0.585856119792
132749
0.581492693866
132769
0.590562427662
132789
0.583216507523
132809
0.588217592593
132829
0.562419704861
132849
0.574493634259
132869
0.538090639468
132889
0.500210865162
132909
0.508139105903
132929
0.514629991319
132949
0.519136284722
132969
0.512038845486
132989
0.51693287037
133009
0.485560257523
133029
0.475617766204
133049
0.519546079282
133069
0.528559389468
133089
0.543523582176
133109
0.52052806713
133129
0.527950303819
133149
0.533309100116
133169
0.516891637731
133189
0.566570457176
133209
0.561463396991
133229
0.565802589699
133249
0.569833622685
133269
0.577393663194
133289
0.595754123264
133309
0.582590784144
133329
0.592171585648
133349
0.563707682292
133369
0.555812355324
133389
0.58521520544
133409
0.60068431713
133429
0.607264178241
133449
0.583405309606
133469
0.605617766204
133489
0.631717303241
133509
0.637689887153
133529
0.630461154514
133549
0.607009186921
133569
0.595654658565
133589
0.591563946759
133609
0.629688946759
133629
0.643756148727
133649
0.632854817708
133669
0.635654658565
133689
0.599967809606
133709
0.623677300347
133729
0.636039496528
133749
0.61828197338
133769
0.647841073495
133789
0.642999131944
133809
0.641490162037
133829
0.629025607639
133849
0.635126953125
133869
0.637531828704
133889
0.623479817708
133909
0.654157624421
133929
0.643156828704
133949
0.653871527778
133969
0.669592375579
133989
0.680338179977
134009
0.680846715856
134029
0.640479600694
134049
0.654326533565
134069
0.679811921296
134089
0.699716435185
134109
0.694106264468
134129
0.674156539352
134149
0.67861328125
134169
0.6677734375
134189
0.630949797454
134209
0.587288411458
134229
0.608155381944
134249
0.618098596644
134269
0.594306278935
134289
0.590222077546
134309
0.568898654514
134329
0.566859085648
134349
0.56675708912
134369
0.544009693287
134389
0.543671875
134409
0.550495876736
134429
0.588994864005
134449
0.563505135995
134469
0.554075882523
134489
0.590734953704
134509
0.595026403356
134529
0.598666811343
134549
0.571650028935
134569
0.568958695023
134589
0.607704354745
134609
0.597838903356
134629
0.598822337963
134649
0.572565827546
134669
0.621124855324
134689
0.641736472801
134709
0.623101490162
134729
0.606928168403
134749
0.592313368056
134769
0.629630353009
134789
0.599422381366
134809
0.603935546875
134829
0.632395471644
134849
0.635797526042
134869
0.647950665509
134889
0.652097439236
134909
0.690337456597
134929
0.691350911458
134949
0.654476634838
134969
0.635343605324
134989
0.626589265046
135009
0.638240379051
135029
0.654940321181
135049
0.66861328125
135069
0.704188368056
135089
0.711876808449
135109
0.732580295139
135129
0.726415653935
135149
0.763612196181
135169
0.736477864583
135189
0.711070601852
135209
0.719666883681
135229
0.705208333333
135249
0.743831741898
135269
0.743330439815
135289
0.999216579861
135309
1.0
135329
0.106463396991
135349
0.105954137731
135369
0.106457609954
135389
0.106568648727
135409
0.106295934606
135429
0.985316840278
135449
1.0
135469
1.0
