134983
0.150294916311
135003
0.14533141916
135023
0.139257256054
135043
0.134508547009
135063
0.120605190527
135083
0.115690660613
135103
0.139682380698
135123
0.120335870726
135143
0.127885728276
135163
0.138808760684
135183
0.141915954416
135203
0.0800703347578
135223
0.0748864850427
135243
0.09372440349
135263
0.0852642004986
135283
0.0775763443732
135303
0.0875578703704
135323
0.0968672097578
135343
0.161094417735
135363
0.139756944444
135383
0.12616519765
135403
0.134726673789
135423
0.134175792379
135443
0.145921251781
135463
0.0745715366809
135483
0.174224314459
135503
0.178247418091
135523
0.170646367521
135543
0.166565393519
135563
0.16327457265
135583
0.161995860043
135603
0.205859375
135623
0.212561209046
135643
0.233479122151
135663
0.252067752849
135683
0.148088051994
135703
0.147666266026
135723
0.151898593305
135743
0.155093705484
135763
0.109566417379
135783
0.107731258903
135803
0.104896723647
135823
0.100119079416
135843
0.106824252137
135863
0.104407051282
135883
0.106599448006
135903
0.134811253561
135923
0.134520788818
135943
0.129076522436
135963
0.126571403134
135983
0.132477519587
136003
0.129388132123
136023
0.11482483084
136043
0.11476028312
136063
0.116972711895
136083
0.349828614672
136103
0.345963541667
136123
0.308726184117
136143
0.250437366453
136163
0.211991408476
136183
0.162200632123
136203
0.151405582265
136223
0.142886396011
136243
0.134169115028
136263
0.13200565349
136283
0.121831597222
136303
0.127929131054
136323
0.128526753917
136343
0.120141114672
136363
0.125426237536
136383
0.126189681268
136403
0.126400017806
136423
0.110768340456
136443
0.108815215456
136463
0.100558671652
136483
0.0981314547721
136503
0.0994836182336
136523
0.104491631054
136543
0.112225115741
136563
0.116035657051
136583
0.110857371795
136603
0.110562455484
136623
0.112693643162
136643
0.0714932781339
136663
0.0964131499288
136683
0.0966079059829
136703
0.0938245637464
136723
0.0943376068376
136743
0.109135728276
136763
0.110460069444
136783
0.111752136752
136803
0.105956196581
136823
0.0978398771368
136843
0.124511440527
136863
0.134933671652
136883
0.140620548433
136903
0.142860799501
136923
0.14385238604
136943
0.143198005698
136963
0.108274350071
136983
0.107753516738
137003
0.110928596866
137023
0.106336805556
137043
0.100937054843
137063
0.102436120014
137083
0.10229255698
137103
0.105876068376
137123
0.345490562678
137143
0.324601584758
137163
0.275504139957
137183
0.246828258547
137203
0.248224937678
137223
0.127534054487
137243
0.120945735399
137263
0.116766826923
137283
0.120081018519
137303
0.125899216524
137323
0.128445512821
137343
0.14822605057
137363
0.157742387821
137383
0.156919960826
137403
0.151363292379
137423
0.154608484687
137443
0.172181045228
137463
0.166444088319
137483
0.169533475783
137503
0.171581196581
137523
0.168821225071
137543
0.175535300926
137563
0.178475560897
137583
0.182619969729
137603
0.184882478632
137623
0.205109285969
137643
0.119235220798
137663
0.162447694088
137683
0.192039485399
137703
0.207672275641
137723
0.239977297009
137743
0.21411369302
137763
0.153126112892
137783
0.173044649217
137803
0.132192619302
137823
0.130291800214
137843
0.130570023148
137863
0.136796652422
137883
0.142225338319
137903
0.133681668447
137923
0.152673165954
137943
0.140000667735
137963
0.121979611823
137983
0.109034455128
138003
0.195811075499
138023
0.196447649573
138043
0.189287304131
138063
0.184006632835
138083
0.18003360933
138103
0.117818509615
138123
0.127048833689
138143
0.124588230057
138163
0.125937054843
138183
0.156946670228
138203
0.162110487892
138223
0.154664129274
138243
0.135585826211
138263
0.137281873219
138283
0.134090099715
138303
0.144515669516
138323
0.148799189815
138343
0.151531339031
138363
0.14651664886
138383
0.141202590812
138403
0.135004896724
138423
0.132449697293
138443
0.136264690171
138463
0.301859642094
138483
0.291473023504
138503
0.284283742877
138523
0.268486244658
138543
0.273627804487
138563
0.285097266738
138583
0.27726696047
138603
0.273870414886
138623
0.114362980769
138643
0.116633279915
138663
0.110704905627
138683
0.107112491097
138703
0.277046607906
138723
0.273926059473
138743
0.268094506766
138763
0.108314414174
138783
0.101945334758
138803
0.0963586182336
138823
0.116126914174
138843
0.0952245815527
138863
0.0895198985043
138883
0.0935864049145
138903
0.0912571225071
138923
0.0925937054843
138943
0.262217325499
138963
0.228572382479
138983
0.202269186254
139003
0.208212028134
139023
0.165089699074
139043
0.189275062322
139063
0.192466835826
139083
0.0820245726496
139103
0.0869569088319
139123
0.0849236556268
139143
0.0891359508547
139163
0.102184606481
139183
0.120354789886
139203
0.113413684117
139223
0.0972556089744
139243
0.101822916667
139263
0.101394453348
139283
0.32384704416
139303
0.588933404558
139323
0.503452190171
139343
0.167806267806
139363
0.355301816239
139383
0.351150730057
139403
0.39039463141
139423
0.208554798789
139443
0.220990251068
139463
0.616913728632
139483
0.485385505698
139503
0.48636039886
139523
0.488194444444
139543
0.480139334046
139563
0.478722622863
139583
0.481532674501
139603
0.489665687322
139623
0.480926148504
139643
0.487869480057
139663
0.492842993234
139683
0.982212651353
139703
0.980285122863
139723
0.980524394587
139743
0.980706908832
139763
0.986299189815
139783
1.0
139803
1.0
139823
0.993778935185
139843
0.991025641026
139863
0.991024528134
139883
0.991057914886
139903
0.990923254986
139923
0.990958867521
139943
0.990730724715
139963
0.990761885684
139983
0.990995592949
140003
0.990934383903
140023
0.981293402778
140043
0.985672631766
140063
0.981379095442
140083
0.982020121083
140103
0.981387998575
140123
0.981288951211
140143
0.981061921296
140163
0.981010728276
140183
0.981430288462
140203
0.980842681624
140223
0.980768117877
140243
0.991101317664
140263
0.988531650641
140283
0.993772257835
140303
0.993432825855
140323
0.993537437678
140343
0.993571937322
140363
0.993547453704
140383
0.983114093661
140403
0.974703970798
140423
0.965552662037
140443
0.952875712251
140463
0.942285434473
140483
0.939906071937
140503
0.929905626781
140523
0.91586204594
140543
0.902610844017
140563
0.88840923255
140583
0.876443420584
140603
0.875925925926
140623
0.874352297009
140643
0.868504050926
140663
0.883383413462
140683
0.874612713675
140703
0.86723201567
140723
0.865276664886
140743
0.881712962963
140763
0.880192752849
140783
0.887710336538
140803
0.889240562678
140823
0.89213630698
140843
0.888936743234
140863
0.891511974715
140883
0.879177795584
140903
0.884975961538
140923
0.890612758191
140943
0.886469462251
140963
0.880031383547
140983
0.875119079416
141003
0.863297943376
141023
0.867776219729
141043
0.865407986111
141063
0.864138176638
141083
0.865498130342
141103
0.868133457977
141123
0.861478365385
141143
0.856789752493
141163
0.860118411681
141183
0.864153757123
141203
0.86987068198
141223
0.879076522436
141243
0.880105947293
141263
0.882676727208
141283
0.884308226496
141303
0.882496438746
141323
0.87643451745
141343
0.886076611467
141363
0.897447026353
141383
0.895766559829
141403
0.893974804131
141423
0.895829994658
141443
0.900427350427
141463
0.895551771724
141483
0.892585915242
141503
0.892201967593
141523
0.89887264067
141543
0.905012464387
141563
0.905228365385
141583
0.896527777778
141603
0.899730680199
141623
0.897897747507
141643
0.898391871439
141663
0.890941061254
141683
0.896006944444
141703
0.900048967236
141723
0.899797453704
141743
0.898124777422
141763
0.911646412037
141783
0.903202902422
141803
0.902693198006
141823
0.904412615741
141843
0.897866586538
141863
0.892185274217
141883
0.901097311254
141903
0.893882434117
141923
0.889798121439
141943
0.89504985755
141963
0.888842147436
141983
0.868853498932
142003
0.87856681802
142023
0.876106214387
142043
0.879099893162
142063
0.881395788818
142083
0.880915019587
142103
0.880597845442
142123
0.882864805912
142143
0.880035835114
142163
0.876582532051
142183
0.87919448896
142203
0.88474002849
142223
0.879079861111
142243
0.87898303953
142263
0.869679264601
142283
0.872519364316
142303
0.868788951211
142323
0.86205818198
142343
0.855440927707
142363
0.865232149217
142383
0.86319778312
142403
0.861562945157
142423
0.862960737179
142443
0.872176593661
142463
0.872898860399
142483
0.878303062678
142503
0.86561832265
142523
0.876502403846
142543
0.883417913105
142563
0.881553819444
142583
0.884506321225
142603
0.897922231125
142623
0.910081686254
142643
0.916503071581
142663
0.922974537037
142683
0.933572605057
142703
0.944412170584
142723
0.957427439459
142743
0.966000044516
142763
0.969711538462
142783
0.979224537037
142803
0.985280893875
142823
0.976994301994
142843
0.962004763177
142863
0.946141604345
142883
0.922286769943
142903
0.907110265313
142923
0.883429042023
142943
0.862325275997
142963
0.851237535613
142983
0.841260461182
143003
0.822828748219
143023
0.801289841524
143043
0.792038372507
143063
0.789771412037
143083
0.791951566952
143103
0.797146545584
143123
0.795775462963
143143
0.798396323006
143163
0.79878360933
143183
0.780720263533
143203
0.785082799145
143223
0.786203481125
143243
0.787794916311
143263
0.784237001425
143283
0.790553774929
143303
0.789042467949
143323
0.791782407407
143343
0.790535968661
143363
0.795508368946
143383
0.804214521011
143403
0.807996127137
143423
0.803967459046
143443
0.815428018162
143463
0.837048165954
143483
0.843012152778
143503
0.858208689459
143523
0.874666132479
143543
0.874207621083
143563
0.884263710826
143583
0.879157763533
143603
0.888073139245
143623
0.899817485755
143643
0.905361912393
143663
0.907997240028
143683
0.904591791311
143703
0.91036769943
143723
0.909536369302
143743
0.885071670228
143763
0.887310808405
143783
0.89612602386
143803
0.904753160613
143823
0.891224848647
143843
0.898869301994
143863
0.906937767094
143883
0.895215678419
143903
0.881651753917
143923
0.867978766026
143943
0.850357238248
143963
0.850820201211
143983
0.841279380342
144003
0.830465411325
144023
0.834340500356
144043
0.834343839031
144063
0.827396055912
144083
0.818574163105
144103
0.822596153846
144123
0.825428463319
144143
0.847958956553
144163
0.863385861823
144183
0.890724047365
144203
0.918656517094
144223
0.918144586895
144243
0.921655760328
144263
0.928404335826
144283
0.935544649217
144303
0.940035167379
144323
0.955662393162
144343
0.963380297365
144363
0.962742610399
144383
0.962353098291
144403
0.962030359687
144423
0.962418758903
144443
0.964532140313
144463
1.0
144483
1.0
144503
1.0
144523
1.0
144543
1.0
144563
1.0
