134401
0.0858967079156
134421
0.0844657215957
134441
0.0834867115706
134461
0.0848687473893
134481
0.0850058087928
134501
0.0854626801378
134521
0.0608797384085
134541
0.0588238173559
134561
0.0598795164996
134581
0.0584403717627
134601
0.0614247206558
134621
0.0616759998956
134641
0.062539160401
134661
0.0596184471596
134681
0.0589249817251
134701
0.0567727913534
134721
0.0583555242272
134741
0.056170700188
134761
0.0544965930451
134781
0.0557383040936
134801
0.0560483239348
134821
0.0733784330618
134841
0.0731287855054
134861
0.0728122389307
134881
0.0737194548872
134901
0.0748534748329
134921
0.0594030649541
134941
0.0691556364871
134961
0.0587438648705
134981
0.0593100590017
135001
0.0595580748747
135021
0.0623254098789
135041
0.0589739322264
135061
0.0610902255639
135081
0.0681847848789
135101
0.0735693400167
135121
0.059802827381
135141
0.059985575919
135161
0.0605126096491
135181
0.0615226216583
135201
0.0623906772139
135221
0.0645673428363
135241
0.0608715799916
135261
0.0639489348371
135281
0.0629291327277
135301
0.0630515089808
135321
0.0637906615497
135341
0.0614018770886
135361
0.0636846021303
135381
0.0681847848789
135401
0.076889815685
135421
0.0633615288221
135441
0.0633778456558
135461
0.0649638418964
135481
0.0617836909983
135501
0.0642100041771
135521
0.0640762061404
135541
0.0792378080618
135561
0.109167776211
135581
0.0594862808062
135601
0.0628491802423
135621
0.061899540518
135641
0.0614753028404
135661
0.0616694731621
135681
0.058789552005
135701
0.058645963868
135721
0.0589396668755
135741
0.0604016551796
135761
0.0609564275272
135781
0.0613774018379
135801
0.0622242455096
135821
0.0584517935464
135841
0.0589739322264
135861
0.0583963163116
135881
0.0593394293024
135901
0.0593165857352
135921
0.0607916275063
135941
0.0677181234336
135961
0.0707008406433
135981
0.0676136956976
136001
0.0683430581662
136021
0.0689190423977
136041
0.0696304563492
136061
0.0686514463241
136081
0.0701754385965
136101
0.0698801039056
136121
0.0687950344612
136141
0.0676854897661
136161
0.0662120796784
136181
0.0665743133876
136201
0.0643894893484
136221
0.0647615131579
136241
0.0658906380535
136261
0.0638330853175
136281
0.0618456949666
136301
0.0625228435673
136321
0.0612876592523
136341
0.0622699326441
136361
0.0622324039265
136381
0.0613382414369
136401
0.0614491959064
136421
0.0611554928989
136441
0.0629356594612
136461
0.0607279918546
136481
0.0612484988513
136501
0.0620235484545
136521
0.0581124034043
136541
0.0577452746449
136561
0.0573504072682
136581
0.0568804824561
136601
0.0576555320593
136621
0.0571676587302
136641
0.0578513340643
136661
0.0582054093567
136681
0.0583620509607
136701
0.0616596830618
136721
0.0679090303885
136741
0.0695390820802
136761
0.0711740288221
136781
0.0719556051587
136801
0.0494775349833
136821
0.0466171940267
136841
0.0458731464077
136861
0.0475456218672
136881
0.0470479584378
136901
0.0482341922515
136921
0.0489749765038
136941
0.0501758954678
136961
0.0473253446115
136981
0.0532614087302
137001
0.0477724258563
137021
0.0545651237469
137041
0.0568282685881
137061
0.0426864687761
137081
0.0415051300125
137101
0.0503961727235
137121
0.212345642753
137141
0.153438609545
137161
0.153025793651
137181
0.151846086571
137201
0.156856986216
137221
0.159975133145
137241
0.161383275898
137261
0.162040844298
137281
0.151958672723
137301
0.141987455618
137321
0.147313270155
137341
0.154502467105
137361
0.161849937343
137381
0.164294199039
137401
0.153908534357
137421
0.1471517335
137441
0.147037515664
137461
0.155740914787
137481
0.158738317147
137501
0.05143392335
137521
0.0478360615079
137541
0.0536530127402
137561
0.0542975276734
137581
0.0503341687552
137601
0.0517129412072
137621
0.0530264463241
137641
0.243509163534
137661
0.243208933793
137681
0.229742650898
137701
0.223937121449
137721
0.23035290048
137741
0.226644084169
137761
0.231581558062
137781
0.239188465957
137801
0.251209077381
137821
0.248466217627
137841
0.249944522765
137861
0.255294812552
137881
0.244649710213
137901
0.233193661236
137921
0.229687173663
137941
0.229019815163
137961
0.0500355706976
137981
0.0482227704678
138001
0.0755289917502
138021
0.0840202720343
138041
0.0584126331454
138061
0.0493943191312
138081
0.247451310568
138101
0.252658012218
138121
0.250990431809
138141
0.251868277464
138161
0.258618551587
138181
0.262035296575
138201
0.262594963972
138221
0.268033364662
138241
0.270441729323
138261
0.270859440267
138281
0.0675582184628
138301
0.0698458385547
138321
0.126577837824
138341
0.134346282373
138361
0.135573308271
138381
0.164627062448
138401
0.184359009503
138421
0.0661337588764
138441
0.0648218854428
138461
0.06614518066
138481
0.138296587824
138501
0.120530819236
138521
0.116634359336
138541
0.185977639411
138561
0.181702628968
138581
0.0644629151003
138601
0.0644906537176
138621
0.0650258458647
138641
0.0664421470343
138661
0.0728285557644
138681
0.0669626540309
138701
0.0662414499791
138721
0.0704805633876
138741
0.0678910818713
138761
0.0667342183584
138781
0.0712033991228
138801
0.0684050621345
138821
0.0705670426065
138841
0.0708705357143
138861
0.0707155257937
138881
0.0708558505639
138901
0.0505495509607
138921
0.0526593175647
138941
0.0515840382206
138961
0.0866505456349
138981
0.0874794407895
139001
0.0876736111111
139021
0.090535583751
139041
0.09049642335
139061
0.0913644789056
139081
0.0884095003133
139101
0.0889838528613
139121
0.088138640873
139141
0.0909467679616
139161
0.0928068870092
139181
0.0888712667084
139201
0.0833104897661
139221
0.0824163272765
139241
0.0822237886383
139261
0.0832256422306
139281
0.0820785688179
139301
0.0821976817043
139321
0.0830477887427
139341
0.0833170164996
139361
1.0
139381
1.0
139401
1.0
139421
0.998986724624
139441
0.991277020677
139461
0.980664552005
139481
0.968661889098
139501
0.958945214599
139521
0.945146068296
139541
0.938464324875
139561
0.922212758459
139581
0.912716361216
139601
0.903689888784
139621
0.888490758145
139641
0.869248316103
139661
0.859629542607
139681
0.851812147556
139701
0.837293428885
139721
0.838140272556
139741
0.843603148496
139761
0.83788572995
139781
0.845174459586
139801
0.845223410088
139821
0.85194431391
139841
0.845169564536
139861
0.849276511591
139881
0.846427592419
139901
0.85585545896
139921
0.866825266291
139941
0.877192982456
139961
0.882993616855
139981
0.872679746241
140001
0.879043311404
140021
0.876610471491
140041
0.8671875
140061
0.867877702068
140081
0.870217536028
140101
0.879151002506
140121
0.872821702694
140141
0.879341909461
140161
0.890551574248
140181
0.877472000313
140201
0.866977012845
140221
0.866428767231
140241
0.873879033521
140261
0.868817551692
140281
0.865273535401
140301
0.87850485589
140321
0.878260103383
140341
0.8808495849
140361
0.877442630013
140381
0.886278195489
140401
0.885847431078
140421
0.880688048246
140441
0.883032777256
140461
0.877055921053
140481
0.878196467732
140501
0.877917449875
140521
0.884148848684
140541
0.873732182018
140561
0.876860119048
140581
0.881750274123
140601
0.878558701441
140621
0.87733983396
140641
0.867207080201
140661
0.867334351504
140681
0.866732260338
140701
0.861827420113
140721
0.866967222744
140741
0.856765938283
140761
0.857539356203
140781
0.862086857769
140801
0.864793820489
140821
0.850715656328
140841
0.844244400063
140861
0.85585545896
140881
0.847367442043
140901
0.850348527569
140921
0.848346452068
140941
0.853946389411
140961
0.849648535401
140981
0.849697485902
141001
0.865190319549
141021
0.861988956767
141041
0.866272125627
141061
0.85272752193
141081
0.863144188596
141101
0.862263079574
141121
0.868034343672
141141
0.871710526316
141161
0.858518366228
141181
0.871813322368
141201
0.876889489348
141221
0.881427200815
141241
0.872767857143
141261
0.877202772556
141281
0.869874882519
141301
0.863638588659
141321
0.870163690476
141341
0.874794407895
141361
0.876620261591
141381
0.878495065789
141401
0.879224428258
141421
0.884192904135
141441
0.876649631892
141461
0.880198543233
141481
0.878685972744
141501
0.885416666667
141521
0.872728696742
141541
0.880825109649
141561
0.884148848684
141581
0.872136395677
141601
0.873624490915
141621
0.873149671053
141641
0.876869909148
141661
0.871039904449
141681
0.872498629386
141701
0.875107691103
141721
0.872807017544
141741
0.87033012218
141761
0.867363721805
141781
0.87655662594
141801
0.873477639411
141821
0.888236215539
141841
0.884403391291
141861
0.879395755013
141881
0.877026550752
141901
0.88047756109
141921
0.885989387531
141941
0.889562774123
141961
0.887032033208
141981
0.889083059211
142001
0.886787280702
142021
0.888921522556
142041
0.888608239348
142061
0.899573151629
142081
0.891447368421
142101
0.889499138471
142121
0.897502545426
142141
0.888999843358
142161
0.890673950501
142181
0.885059328008
142201
0.879616032268
142221
0.870266486529
142241
0.857901589912
142261
0.867814066416
142281
0.84257518797
142301
0.83907522713
142321
0.83829691416
142341
0.83321585213
142361
0.836407424812
142381
0.819397125627
142401
0.82343554198
142421
0.813302788221
142441
0.802695214599
142461
0.824727835213
142481
0.834527725564
142501
0.828012413847
142521
0.837469650689
142541
0.838389920113
142561
0.84531152099
142581
0.85584566886
142601
0.848336661967
142621
0.847029683584
142641
0.828345277256
142661
0.840269619361
142681
0.853770167607
142701
0.862542097431
142721
0.861200853697
142741
0.858283403822
142761
0.864818295739
142781
0.861127427945
142801
0.855140781642
142821
0.860334429825
142841
0.849800281955
142861
0.843921326754
142881
0.859056821742
142901
0.87734472901
142921
0.870785361842
142941
0.876096491228
142961
0.871622415414
142981
0.856442864975
143001
0.855135886591
143021
0.86405956297
143041
0.868269306078
143061
0.861940006266
143081
0.872934288847
143101
0.887565593672
143121
0.877378994361
143141
0.885446036967
143161
0.880120222431
143181
0.883776824875
143201
0.891496318922
143221
0.89920602287
143241
0.908692630013
143261
0.913969494048
143281
0.907645089286
143301
0.891462053571
143321
0.90233885495
143341
0.883864935777
143361
0.861993851817
143381
0.874716087093
143401
0.884246749687
143421
0.883341165414
143441
0.878857299499
143461
0.893219376566
143481
0.878441220238
143501
0.877760808271
143521
0.884031367481
143541
0.880771264098
143561
0.90077733396
143581
0.914561795113
143601
0.929428062343
143621
0.951636904762
143641
0.961970355576
143661
0.962611607143
143681
0.963468240915
143701
0.977472979323
143721
0.980747767857
143741
0.986895950815
143761
0.995804942043
143781
0.99258399906
143801
0.992677005013
143821
0.993308466479
143841
0.993279096178
143861
0.993190985276
143881
0.992706375313
143901
0.999941259398
143921
1.0
143941
1.0
143961
1.0
143981
1.0
