148834
0.304969618056
148854
0.305307962437
148874
0.299579288984
148894
0.290870127052
148914
0.0515886403093
148934
0.0584314827967
148954
0.0575363005051
148974
0.0528852982955
148994
0.0548463147096
149014
0.0569128787879
149034
0.264856573548
149054
0.26321269334
149074
0.259185606061
149094
0.265767045455
149114
0.268795868845
149134
0.291553720802
149154
0.320175879893
149174
0.275792100694
149194
0.270328776042
149214
0.269870087595
149234
0.166482698074
149254
0.185494101168
149274
0.183993746054
149294
0.0422752919823
149314
0.0421080926452
149334
0.0420681423611
149354
0.240055831755
149374
0.235778192077
149394
0.241659268466
149414
0.239672604956
149434
0.24785304214
149454
0.24720150726
149474
0.245196594855
149494
0.244409919508
149514
0.0526081123737
149534
0.0511970288826
149554
0.0492044468119
149574
0.0528488005051
149594
0.0529686513573
149614
0.0549301609848
149634
0.0670173413826
149654
0.281733349116
149674
0.285568083176
149694
0.053394787721
149714
0.0573878432765
149734
0.0565572719381
149754
0.0591061987058
149774
0.0609281289457
149794
0.238738458807
149814
0.249273003472
149834
0.24898841935
149854
0.259527896149
149874
0.0817027698864
149894
0.0630252722538
149914
0.0931744199811
149934
0.1004532631
149954
0.103934856376
149974
0.0660674124053
149994
0.0713319720644
150014
0.071510022096
150034
0.188477055713
150054
0.199874723801
150074
0.146687578914
150094
0.101716382576
150114
0.113754734848
150134
0.119902639678
150154
0.108662799874
150174
0.103765190972
150194
0.0731593276515
150214
0.0645512744634
150234
0.0639959161932
150254
0.0636334043561
150274
0.292176156092
150294
0.299204446812
150314
0.294922861427
150334
0.295069839015
150354
0.1014998619
150374
0.0956089212437
150394
0.0991028448548
150414
0.0839330808081
150434
0.0781886245265
150454
0.0809012981376
150474
0.101589133523
150494
0.0987023555871
150514
0.0894694010417
150534
0.086969302399
150554
0.0864953243371
150574
0.271110026042
150594
0.302418225221
150614
0.440107125947
150634
0.0754813762626
150654
0.0760826033775
150674
0.0723139599116
150694
0.0818906841856
150714
0.0559955018939
150734
0.0595841224747
150754
0.0618262705177
150774
0.0700545494003
150794
0.0642252604167
150814
0.0658878827336
150834
0.0662459556503
150854
0.0658104482323
150874
0.0664920691288
150894
0.0689315025253
150914
0.071985479798
150934
0.0712910353535
150954
0.0744816327336
150974
0.0758650962753
150994
0.0696688565341
151014
0.278962476326
151034
0.0592847419508
151054
0.0695297703598
151074
0.0675519846907
151094
0.0724431818182
151114
0.0697803227588
151134
0.0677448311237
151154
0.0676831794508
151174
0.0654203164457
151194
0.0600398516414
151214
0.0616940893308
151234
0.0563501223169
151254
0.0614637586806
151274
0.0465021306818
151294
0.0410274621212
151314
0.0483186355745
151334
0.0578850023674
151354
0.0627436474116
151374
0.0670434816919
151394
0.0755336568813
151414
0.0832046046402
151434
0.0821752683081
151454
0.0801599984217
151474
0.0767158893624
151494
0.0763454861111
151514
0.0750567195391
151534
0.0756683041351
151554
0.0747647372159
151574
0.0748298413826
151594
0.0738291114268
151614
0.0726019965278
151634
0.0718256786616
151654
0.0689793442235
151674
1.0
151694
1.0
151714
1.0
151734
0.992529296875
151754
0.980832741477
151774
0.980545691288
151794
0.980638908617
151814
0.98047318892
151834
0.977678148674
151854
0.973039476799
151874
0.97177882339
151894
0.974843158144
151914
0.97538618608
151934
0.96347952178
151954
0.952996271307
151974
0.94326023911
151994
0.941752485795
152014
0.92832179214
152034
0.927821673769
152054
0.926574337121
152074
0.927840909091
152094
0.929543974905
152114
0.932304983428
152134
0.934308416193
152154
0.932574277936
152174
0.932142223011
152194
0.930911162405
152214
0.9283203125
152234
0.930350378788
152254
0.9283203125
152274
0.924442175663
152294
0.922373638731
152314
0.924501361269
152334
0.929270241477
152354
0.927447324811
152374
0.915261008523
152394
0.919461706913
152414
0.93066702178
152434
0.933975497159
152454
0.943437795928
152474
0.944713245739
152494
0.938523910985
152514
0.949393347538
152534
0.95282759233
152554
0.943597597064
152574
0.930001183712
152594
0.926183712121
152614
0.91767282197
152634
0.917621034564
152654
0.914213423295
152674
0.909446022727
152694
0.914129083807
152714
0.910890151515
152734
0.912838837595
152754
0.911109138258
152774
0.907572798295
152794
0.904147431345
152814
0.908231238163
152834
0.905939275568
152854
0.905646306818
152874
0.904243607955
152894
0.905630030777
152914
0.897150213068
152934
0.899036754261
152954
0.904274680398
152974
0.904134114583
152994
0.90449514678
153014
0.909591027462
153034
0.913534268466
153054
0.917564808239
153074
0.923893229167
153094
0.919751716383
153114
0.916333747633
153134
0.920948745265
153154
0.91533055161
153174
0.912779651989
153194
0.912371271307
153214
0.907957504735
153234
0.911961410985
153254
0.917721650095
153274
0.918245442708
153294
0.915963837595
153314
0.919371448864
153334
0.924309008049
153354
0.92578272964
153374
0.927766927083
153394
0.927043383049
153414
0.924643406723
153434
0.925762014678
153454
0.930230527936
153474
0.928179746686
153494
0.92509765625
153514
0.926975319602
153534
0.926720821496
153554
0.925408380682
153574
0.928545217803
153594
0.929875414299
153614
0.930007102273
153634
0.925013316761
153654
0.92460641572
153674
0.922857481061
153694
0.922009647254
153714
0.916838304924
153734
0.918047170928
153754
0.909025804924
153774
0.910437381629
153794
0.90800929214
153814
0.911780894886
153834
0.909456380208
153854
0.913003077652
153874
0.913519472064
153894
0.919196851326
153914
0.925343276515
153934
0.926892459754
153954
0.924856474905
153974
0.927352627841
153994
0.929626834754
154014
0.930804628314
154034
0.929711174242
154054
0.929512902462
154074
0.930573804451
154094
0.92050485322
154114
0.922927024148
154134
0.919688091856
154154
0.917223011364
154174
0.921417791193
154194
0.924272017045
154214
0.91533647017
154234
0.919371448864
154254
0.927240175189
154274
0.928156072443
154294
0.930578243371
154314
0.925140565814
154334
0.924180279356
154354
0.92373490767
154374
0.92323922822
154394
0.922551195549
154414
0.914422052557
154434
0.912900982481
154454
0.91464695786
154474
0.91357569839
154494
0.907189571496
154514
0.904873934659
154534
0.906022135417
154554
0.902917850379
154574
0.905951112689
154594
0.907346413352
154614
0.910752544981
154634
0.918430397727
154654
0.917887369792
154674
0.923890269886
154694
0.917452355587
154714
0.921817294034
154734
0.927977035985
154754
0.930294152462
154774
0.93036813447
154794
0.92978663589
154814
0.925275213068
154834
0.929069010417
154854
0.93349905303
154874
0.938223544034
154894
0.935518761837
154914
0.928941761364
154934
0.924761777936
154954
0.924794330019
154974
0.933145419034
154994
0.929353101326
155014
0.925470525568
155034
0.920430871212
155054
0.922890033144
155074
0.924381510417
155094
0.92987837358
155114
0.933615944602
155134
0.928233013731
155154
0.934986091383
155174
0.935320490057
155194
0.937687914299
155214
0.935138494318
155234
0.930698094223
155254
0.924147727273
155274
0.917696496212
155294
0.919540127841
155314
0.912057587595
155334
0.901232540246
155354
0.901981238163
155374
0.903114642519
155394
0.910637133049
155414
0.91591352983
155434
0.919011896307
155454
0.919543087121
155474
0.927392578125
155494
0.930023378314
155514
0.936742424242
155534
0.933315577652
155554
0.923866595644
155574
0.922349964489
155594
0.917073567708
155614
0.917012902462
155634
0.917655066288
155654
0.912029474432
155674
0.916619318182
155694
0.920421993371
155714
0.925818241004
155734
0.930600437973
155754
0.927806877367
155774
0.924596058239
155794
0.922250828598
155814
0.926864346591
155834
0.915809955019
155854
0.915496271307
155874
0.919569720644
155894
0.92031693892
155914
0.92167672822
155934
0.920822975852
155954
0.915482954545
155974
0.920177852746
155994
0.919004498106
156014
0.914861505682
156034
0.915226976799
156054
0.912025035511
156074
0.911536754261
156094
0.908570075758
156114
0.909447502367
156134
0.906696851326
156154
0.903823390152
156174
0.906943951231
156194
0.912174479167
156214
0.918337180398
156234
0.922188683712
156254
0.926787405303
156274
0.927917850379
156294
0.931276633523
156314
0.932288707386
156334
0.934545158617
156354
0.930883049242
156374
0.929514382102
156394
0.929508463542
156414
0.941495028409
156434
0.941051136364
156454
0.941787997159
156474
0.93466648911
156494
0.93554391572
156514
0.93320608428
156534
0.928781960227
156554
0.925577059659
156574
0.916545336174
156594
0.915164831913
156614
0.913288648201
156634
0.915929805871
156654
0.916589725379
156674
0.909033203125
156694
0.910400390625
156714
0.916321910511
156734
0.920148259943
156754
0.916820549242
156774
0.913458806818
156794
0.910279060133
156814
0.916714015152
156834
0.928916607481
156854
0.92392874053
156874
0.921123342803
156894
0.920984256629
156914
0.924184718277
156934
0.918909801136
156954
0.919840494792
156974
0.906276633523
156994
0.901387902462
157014
0.905779474432
157034
0.90918412642
157054
0.899622691761
157074
0.907071200284
157094
0.912547348485
157114
0.910539476799
157134
0.910962653883
157154
0.909731593277
157174
0.910918264678
157194
0.902507990057
157214
0.910431463068
157234
0.912973484848
157254
0.922113222064
157274
0.927581972064
157294
0.931306226326
157314
0.936156486742
157334
0.934730113636
157354
0.95185102983
157374
0.954804391572
157394
0.951306522254
157414
0.946911991004
157434
0.938883463542
157454
0.936501242898
157474
0.933016690341
157494
0.93437352036
157514
0.926299124053
157534
0.930607836174
157554
0.930906723485
157574
0.934499289773
157594
0.94072265625
157614
0.944930752841
157634
0.95166459517
157654
0.943140388258
157674
0.951319839015
157694
0.947265625
157714
0.945430871212
157734
0.94804539536
157754
0.940957919034
157774
0.929045336174
157794
0.924501361269
157814
0.914078776042
157834
0.91142282197
157854
0.912702710701
157874
0.91806788589
157894
0.912707149621
157914
0.918184777462
157934
0.94033647017
157954
0.952700343277
157974
0.976241418087
157994
0.975005918561
158014
0.976205906723
158034
0.979287997159
158054
0.989497514205
158074
0.993211410985
158094
0.993227687027
158114
1.0
158134
1.0
158154
1.0
158174
1.0
158194
1.0
158214
1.0
158234
1.0
158254
1.0
158274
1.0
158294
1.0
158314
1.0
158334
1.0
158354
1.0
158374
1.0
158394
1.0
158414
1.0
