148622
0.26314051011
148642
0.263685278799
148662
0.158728745404
148682
0.154071882659
148702
0.157501819087
148722
0.153563017004
148742
0.149675436581
148762
0.131501799939
148782
0.116854319853
148802
0.111777152267
148822
0.0680850758272
148842
0.0757893880208
148862
0.0629097732843
148882
0.0592663334865
148902
0.0657197840074
148922
0.0672602634804
148942
0.0525060317096
148962
0.0421195235907
148982
0.0770024318321
149002
0.071244542739
149022
0.103872740502
149042
0.162819297641
149062
0.118052523744
149082
0.112929878983
149102
0.101064165901
149122
0.106538660386
149142
0.102417470895
149162
0.0657901539522
149182
0.0751618030025
149202
0.0706969018076
149222
0.154327990962
149242
0.0592356962316
149262
0.0610088273591
149282
0.0676705154718
149302
0.0962129480699
149322
0.1019464231
149342
0.0858652152267
149362
0.078959386489
149382
0.0850619446998
149402
0.0843098958333
149422
0.0840930415135
149442
0.0843328737745
149462
0.0842117608762
149482
0.083966662837
149502
0.0836411420037
149522
0.0834329044118
149542
0.0836966720282
149562
0.0817100375306
149582
0.0773796530331
149602
0.0736514820772
149622
0.074777879902
149642
0.0733484604779
149662
0.0732570274203
149682
0.0748717064951
149702
0.0746443206189
149722
0.0741852405025
149742
0.0752139820772
149762
0.0741354549632
149782
0.072678270527
149802
0.0681037454044
149822
0.0657528147978
149842
0.0658744064032
149862
0.0637274050245
149882
0.0652224073223
149902
0.123490636489
149922
0.122966930913
149942
0.120763442096
149962
0.123408777574
149982
0.121803672641
150002
0.0843448414522
150022
0.0819383808211
150042
0.0791867723652
150062
0.078972790288
150082
0.0772513595282
150102
0.0756840724571
150122
0.0737122778799
150142
0.0627551508885
150162
0.0593017578125
150182
0.0670673445159
150202
0.0696044921875
150222
0.057648303462
150242
0.0581490310968
150262
0.0564170687806
150282
0.0558162913603
150302
0.138864315257
150322
0.130060412837
150342
0.131686580882
150362
0.132947495404
150382
0.128924919577
150402
0.126768822763
150422
0.126211128983
150442
0.0723326439951
150462
0.0655694699755
150482
0.055881395527
150502
0.0518104702819
150522
0.0560077742034
150542
0.0561403760723
150562
0.0571356081495
150582
0.0583285462623
150602
0.0571825214461
150622
0.0600121591605
150642
0.103928270527
150662
0.111282169118
150682
0.115106081495
150702
0.119841930913
150722
0.120672487745
150742
0.117025696998
150762
0.115691540288
150782
0.114547909007
150802
0.117162128523
150822
0.11787109375
150842
0.120998965993
150862
0.113073012408
150882
0.111952359069
150902
0.108687576593
150922
0.107373046875
150942
0.109190219056
150962
0.0658284505208
150982
0.0720875459559
151002
0.0601911956189
151022
0.0719276577819
151042
0.241534543505
151062
0.1686556947
151082
0.123248410692
151102
0.127200616575
151122
0.120136335784
151142
0.139740349265
151162
0.257602826287
151182
0.152832509957
151202
0.0831547755821
151222
0.114736040901
151242
0.220619351256
151262
0.269823740043
151282
0.197704120711
151302
0.0661554074755
151322
0.0592720779718
151342
0.062863817402
151362
0.0781503714767
151382
0.0806425206801
151402
0.05679620481
151422
0.0391524969363
151442
0.0503537645527
151462
0.0792796415441
151482
0.238209443934
151502
0.989671415441
151522
0.999103860294
151542
0.998085171569
151562
0.999427466299
151582
0.470885512408
151602
0.0950650084252
151622
0.0553418926164
151642
0.062277879902
151662
0.0996510225184
151682
0.101145546109
151702
0.108758425245
151722
0.103561102175
151742
0.107263422947
151762
0.0965676700368
151782
0.107666494332
151802
0.114905503217
151822
0.108687576593
151842
0.10341796875
151862
0.10783739277
151882
0.107773724724
151902
0.0926063687194
151922
0.0759799134498
151942
0.0759957107843
151962
0.0803126914828
151982
0.0715202780331
152002
0.0692330154718
152022
0.0597364238664
152042
0.0640160654105
152062
0.0730406518076
152082
0.132680376838
152102
0.0537458831189
152122
0.117745672488
152142
0.186421472886
152162
0.234165804994
152182
0.212591433058
152202
0.244031958487
152222
0.248008099724
152242
0.194363223805
152262
0.17369408701
152282
0.138895909926
152302
0.0967160692402
152322
0.0663186465993
152342
0.143956801471
152362
0.16873516008
152382
0.19826372932
152402
0.219720818015
152422
0.22521685432
152442
0.197399184283
152462
0.163369332108
152482
0.100319297641
152502
0.152619964001
152522
0.180006318934
152542
0.195869715074
152562
0.181811523438
152582
0.133668428309
152602
0.0605832567402
152622
0.0655934053309
152642
0.0990377987132
152662
0.086048560049
152682
0.0921104281556
152702
0.0606086282169
152722
0.087810680913
152742
0.0544988893995
152762
0.0561671836703
152782
0.993544155944
152802
0.991963465074
152822
0.992977366728
152842
0.989729339001
152862
0.927264763327
152882
0.929805261949
152902
0.929465858609
152922
0.932209329044
152942
0.948153626685
152962
0.950959807751
152982
0.940769090839
153002
0.945863013174
153022
0.946562882966
153042
0.906167662377
153062
0.909033203125
153082
0.913487572763
153102
0.91195379519
153122
0.911494236366
153142
0.904452933517
153162
0.905305032169
153182
0.907039388021
153202
0.904197782629
153222
0.919265567555
153242
0.90141027114
153262
0.900227385876
153282
0.902447150735
153302
0.901909562653
153322
0.90765021829
153342
0.916879212623
153362
0.911634018842
153382
0.913624961703
153402
0.912717333027
153422
0.883748372396
153442
0.885772824755
153462
0.887843232996
153482
0.885491823683
153502
0.884428136489
153522
0.912153416054
153542
0.908553059896
153562
0.911607211244
153582
0.912937538297
153602
0.93475078508
153622
0.92834520527
153642
0.907540594363
153662
0.925555300245
153682
0.922348920037
153702
0.935261565564
153722
0.92463091682
153742
0.920258884804
153762
0.894862036612
153782
0.916895967371
153802
0.932924038756
153822
0.919510186887
153842
0.916108494179
153862
0.915481866575
153882
0.913090724571
153902
0.930126953125
153922
0.932081035539
153942
0.93373448989
153962
0.93712421492
153982
0.910311351103
154002
0.882172947304
154022
0.881555893842
154042
0.879503676471
154062
0.883824965533
154082
0.934683766085
154102
0.934839345895
154122
0.933158605239
154142
0.93632477405
154162
0.937835094975
154182
0.941369389553
154202
0.940042892157
154222
0.939329139859
154242
0.939410520067
154262
0.925129250919
154282
0.924010033701
154302
0.914533547794
154322
0.919073127298
154342
0.920051604626
154362
0.944023820466
154382
0.944435508578
154402
0.944887408088
154422
0.945756261489
154442
0.94665814568
154462
0.913474647672
154482
0.914913162531
154502
0.917139629289
154522
0.917904603248
154542
0.917649931066
154562
0.920768707874
154582
0.923322131587
154602
0.92328192019
154622
0.920903224571
154642
0.912520105699
154662
0.91374798943
154682
0.913672353707
154702
0.910981062347
154722
0.915899299173
154742
0.932834999234
154762
0.930739698223
154782
0.935919787837
154802
0.938638365502
154822
0.936060527727
154842
0.842897901348
154862
0.842624559589
154882
0.84470502068
154902
0.842028090533
154922
0.913942344516
154942
0.889772901348
154962
0.887083046109
154982
0.885600011489
155002
0.881788545496
155022
0.823354204963
155042
0.820450846354
155062
0.825757314645
155082
0.820811791513
155102
0.825185259651
155122
0.784082509957
155142
0.77527477788
155162
0.779254748775
155182
0.781699027267
155202
0.778129308364
155222
0.888369810815
155242
0.997955441942
155262
1.0
155282
0.935494217218
155302
0.935276405484
155322
0.93528693704
155342
0.935334807751
155362
0.93523236443
155382
0.935320925245
155402
0.954502240349
155422
0.954465858609
155442
0.954425647212
155462
0.954481177237
155482
0.954462986366
155502
0.960015988817
155522
0.959878599877
155542
0.959844132966
155562
0.959753657322
155582
0.959824984681
155602
0.905242321538
155622
0.905096794577
155642
0.905052274816
155662
0.905088656556
155682
0.904978075214
155702
0.92449687883
155722
0.924372414982
155742
0.924390127145
155762
0.924477730545
155782
0.92443225337
155802
0.9206021178
155822
0.920512120864
155842
0.920553289675
155862
0.920173196232
155882
0.920447016697
155902
0.92044318704
155922
0.903810987286
155942
0.903478764553
155962
0.903784179688
155982
0.903749712776
156002
0.903687002145
156022
0.912680951287
156042
0.912834137561
156062
0.912797755821
156082
0.912800628064
156102
0.912821691176
156122
0.939199410233
156142
0.939173081342
156162
0.939140529259
156182
0.939117551317
156202
0.939154890472
156222
0.915889725031
156242
0.915733187806
156262
0.915848077512
156282
0.915718826593
156302
0.915738932292
156322
0.928676470588
156342
0.929072840074
156362
0.9291015625
156382
0.929069489124
156402
0.92896082261
156422
0.929112572763
156442
0.941130993413
156462
0.941107058058
156482
0.941078814338
156502
0.94105535769
156522
0.941085516238
156542
0.921170821844
156562
0.92093481924
156582
0.920980296415
156602
0.920991306679
156622
0.921048272825
156642
0.918489104626
156662
0.918364640778
156682
0.918338790594
156702
0.918345013787
156722
0.918305281097
156742
0.946957337623
156762
0.946796492034
156782
0.946718462776
156802
0.946783088235
156822
0.946822820925
156842
0.901170438879
156862
0.901102941176
156882
0.900914809283
156902
0.900917681526
156922
0.901122089461
156942
0.929991000306
156962
0.929901482077
156982
0.929834941789
157002
0.929723403033
157022
0.929832548254
157042
0.929816750919
157062
0.924013863358
157082
0.924083275888
157102
0.923968386183
157122
0.924027267157
157142
0.924033490349
157162
0.904563993566
157182
0.904291609222
157202
0.904452933517
157222
0.904364851409
157242
0.904398839614
157262
0.899861653646
157282
0.899814740349
157302
0.899589748009
157322
0.899805166207
157342
0.899803730086
157362
0.931426642923
157382
0.931393133425
157402
0.931310795803
157422
0.909383138021
157442
0.909483666513
157462
0.909466911765
157482
0.919291896446
157502
0.919288545496
157522
0.919296683517
157542
0.919275141697
157562
0.917216701134
157582
0.917166915594
157602
0.917185106464
157622
0.917204733456
157642
0.917198510263
157662
0.973901367187
157682
0.973909026501
157702
0.973913334865
157722
0.97391907935
157742
0.973923387714
157762
0.954806219363
157782
0.954761220895
157802
0.954721009498
157822
0.954743508732
157842
0.954731062347
157862
0.891753312653
157882
0.891672411152
157902
0.891454120711
157922
0.891587201287
157942
0.891579541973
157962
0.967720301011
157982
0.967698280484
158002
0.967661898744
158022
0.967670994179
158042
0.967703546262
158062
0.970668658088
158082
0.970941999847
158102
0.97095636106
158122
0.971705537684
158142
0.971726122089
158162
0.970918064491
158182
1.0
158202
1.0
