131649
0.131743956998
131669
0.134065838675
131689
0.126759815705
131709
0.132407184829
131729
0.133852330395
131749
0.128103632479
131769
0.128040698451
131789
0.121512920673
131809
0.126612580128
131829
0.129556790865
131849
0.12859775641
131869
0.130801949786
131889
0.130325520833
131909
0.1372394164
131929
0.136193075588
131949
0.146249165331
131969
0.151161692041
131989
0.154989149306
132009
0.168765190972
132029
0.169669971955
132049
0.15571864984
132069
0.138964009081
132089
0.132452256944
132109
0.131030482105
132129
0.131531283387
132149
0.120782752404
132169
0.112143763355
132189
0.110863214476
132209
0.128963842147
132229
0.0958483573718
132249
0.103427150107
132269
0.0935445045406
132289
0.175974726229
132309
0.114441105769
132329
0.115157084669
132349
0.112679620726
132369
0.11193893563
132389
0.107453425481
132409
0.111390391293
132429
0.115396968483
132449
0.121618756677
132469
0.131483206464
132489
0.144462473291
132509
0.147280148237
132529
0.162081497062
132549
0.155888087607
132569
0.138837306357
132589
0.0968457865919
132609
0.0926901375534
132629
0.0940833667201
132649
0.0847801482372
132669
0.079227096688
132689
0.0767633213141
132709
0.0735189636752
132729
0.0718726629274
132749
0.109149472489
132769
0.51146083734
132789
0.525350060096
132809
0.536765992254
132829
0.546529614049
132849
0.0947058627137
132869
0.104689336271
132889
0.0900100160256
132909
0.0891192574786
132929
0.0737992454594
132949
0.0897801482372
132969
0.0884224759615
132989
0.100655548878
133009
0.0891623263889
133029
0.0831223290598
133049
0.0799696180556
133069
0.170588775374
133089
0.0930785924145
133109
0.107453592415
133129
0.0748273904915
133149
0.161208600427
133169
0.167206530449
133189
0.260136217949
133209
0.189206396902
133229
0.145667735043
133249
0.112019063835
133269
0.0958992721688
133289
0.094464977297
133309
0.0872562767094
133329
0.197328559028
133349
0.179908186432
133369
0.158020499466
133389
0.249549612714
133409
0.18905582265
133429
0.122491820246
133449
0.107237246261
133469
0.0990895432692
133489
0.0888590077457
133509
0.0962211204594
133529
0.0917868589744
133549
0.0977096688034
133569
0.105611144498
133589
0.134201055021
133609
0.114855602297
133629
0.133512787126
133649
0.126888020833
133669
0.114043636485
133689
0.154066840278
133709
0.139173177083
133729
0.146521935096
133749
0.154192708333
133769
0.152813334669
133789
0.130696614583
133809
0.123193442842
133829
0.106875500801
133849
0.0905770900107
133869
0.0955637353098
133889
0.104576322115
133909
0.0999919871795
133929
0.111855134882
133949
0.0860179620726
133969
0.0749263822115
133989
0.0630203325321
134009
0.0579423744658
134029
0.049022769765
134049
0.135605635684
134069
0.143515124199
134089
0.140614650107
134109
0.139083867521
134129
0.137882278312
134149
0.136230969551
134169
0.139835069444
134189
0.139521734776
134209
0.147779280182
134229
0.14988948985
134249
0.147669437767
134269
0.156937266293
134289
0.143065571581
134309
0.145368589744
134329
0.14322265625
134349
0.13782668937
134369
0.134199719551
134389
0.132953058226
134409
0.127713675214
134429
0.120897769765
134449
0.105808961004
134469
0.14083583734
134489
0.0667679954594
134509
0.0676430622329
134529
0.0759269831731
134549
0.0942182491987
134569
0.0994282518697
134589
0.101921741453
134609
0.0840017361111
134629
0.0973576055021
134649
0.128323651175
134669
0.130105836004
134689
0.165660223024
134709
0.204987813835
134729
0.764044638088
134749
1.0
134769
1.0
134789
0.397666266026
134809
0.0614855435363
134829
0.0606620592949
134849
0.062410022703
134869
0.0624808026175
134889
0.0592775106838
134909
0.0503076589209
134929
0.064168502938
134949
0.067085670406
134969
0.075133213141
134989
0.085003505609
135009
0.0929831063034
135029
0.0577392160791
135049
0.0575285456731
135069
0.0592900307158
135089
0.0614581663996
135109
0.0630527176816
135129
0.0612096020299
135149
0.0599091880342
135169
0.0592090678419
135189
0.0605914463141
135209
0.0571404246795
135229
0.0549818042201
135249
0.0551637620192
135269
0.0561072716346
135289
0.0586274706197
135309
0.0591055689103
135329
0.128240518162
135349
0.128297943376
135369
0.129254473825
135389
0.135513488248
135409
0.142588141026
135429
0.168332331731
135449
0.190692942041
135469
0.265127704327
135489
0.345742354434
135509
0.363155048077
135529
0.198944310897
135549
0.204273838141
135569
0.19235042735
135589
0.178092948718
135609
0.156245826656
135629
0.154000734509
135649
0.143874866453
135669
0.137883613782
135689
0.127297676282
135709
0.119388855502
135729
0.113298611111
135749
0.110224358974
135769
0.111014790331
135789
0.122729366987
135809
0.116564336271
135829
0.11807041266
135849
0.122602497329
135869
0.123323985043
135889
0.122077323718
135909
0.128356537126
135929
0.138013989049
135949
0.137696481036
135969
0.142252270299
135989
0.154333767361
136009
0.162626535791
136029
0.160972389156
136049
0.15972255609
136069
0.164616887019
136089
0.159567474626
136109
0.158142361111
136129
0.166910223024
136149
0.159134281517
136169
0.142800981571
136189
0.125916132479
136209
0.0882256610577
136229
0.0749674479167
136249
0.067370960203
136269
0.0691129139957
136289
0.0673530982906
136309
0.0678056557158
136329
0.0689287860577
136349
0.0690830328526
136369
0.0703682558761
136389
0.069421741453
136409
0.0710324853098
136429
0.07103515625
136449
0.067332565438
136469
0.0672133747329
136489
0.0660269764957
136509
0.0664142628205
136529
0.0683263221154
136549
0.0697465945513
136569
0.0707224893162
136589
0.122133747329
136609
0.120673410791
136629
0.121565671741
136649
0.120324853098
136669
0.120373263889
136689
0.120988247863
136709
0.12070446047
136729
0.121833433494
136749
0.124168502938
136769
0.073148704594
136789
0.0751687700321
136809
0.0745060430021
136829
0.0769010416667
136849
0.0955415331197
136869
0.0944701522436
136889
0.0841317775107
136909
0.0812962406517
136929
0.0793770032051
136949
0.0867648237179
136969
0.084386852297
136989
0.0827297008547
137009
0.0858897569444
137029
0.0851085069444
137049
0.0867967080662
137069
0.0846783186432
137089
0.0883184762286
137109
0.0893125667735
137129
0.148423811432
137149
0.134230268429
137169
0.1196222289
137189
0.117554921207
137209
0.140105502137
137229
0.14697799813
137249
0.155377938034
137269
0.156076388889
137289
0.156980836004
137309
0.16191139156
137329
0.158371060363
137349
0.161725928152
137369
0.165227530716
137389
0.170584435096
137409
0.174604200053
137429
0.176853298611
137449
0.175767728365
137469
0.17539596688
137489
0.175164429754
137509
0.170559061165
137529
0.105310496795
137549
0.0969551282051
137569
0.0907421875
137589
0.0915419671474
137609
0.0904897836538
137629
0.0896838274573
137649
0.0881083066239
137669
0.0881076388889
137689
0.0890995592949
137709
0.0873355702457
137729
0.0876787860577
137749
0.0866887019231
137769
0.166040164263
137789
0.171120292468
137809
0.173214476496
137829
0.171103932959
137849
0.168647836538
137869
0.112542401175
137889
0.115772903312
137909
0.117957398504
137929
0.119049979968
137949
0.115371427618
137969
0.11028896234
137989
0.102569444444
138009
0.0905635683761
138029
0.0926220285791
138049
0.368168235844
138069
0.382404513889
138089
0.393340344551
138109
0.397588808761
138129
0.410413327991
138149
0.095538528312
138169
0.0977133413462
138189
0.0825
138209
0.0607298344017
138229
0.0531119791667
138249
0.0585728832799
138269
0.0732269965278
138289
0.0798435830662
138309
0.0791189236111
138329
0.184224258814
138349
0.166933426816
138369
0.174957098024
138389
0.158952991453
138409
0.159927049947
138429
0.128269397703
138449
0.146200587607
138469
0.186158019498
138489
0.0693494591346
138509
0.0413142694979
138529
0.082061965812
138549
0.0867220886752
138569
0.0652221888355
138589
0.0911919070513
138609
0.0946981837607
138629
0.0682263287927
138649
0.0453859508547
138669
0.220523671207
138689
0.0666122462607
138709
0.141649138622
138729
0.105605635684
138749
0.133519798344
138769
0.104885650374
138789
0.0968549679487
138809
0.0943564703526
138829
0.0886271367521
138849
0.109792835203
138869
0.103375066774
138889
0.112382478632
138909
0.0483613782051
138929
0.0515945512821
138949
0.0525896434295
138969
0.0467409521902
138989
0.0450126869658
139009
0.0486583533654
139029
0.0498409121261
139049
0.0504555622329
139069
0.0622846554487
139089
0.0750629340278
139109
0.091285556891
139129
0.100615651709
139149
0.107636384882
139169
0.107729366987
139189
0.109540431357
139209
0.110473758013
139229
0.109124766293
139249
0.999994491186
139269
1.0
139289
1.0
139309
1.0
139329
0.996208934295
139349
0.992652577457
139369
0.989541266026
139389
0.985357905983
139409
0.979772970085
139429
0.974456463675
139449
0.970554387019
139469
0.967014723558
139489
0.962114383013
139509
0.958711104434
139529
0.952593149038
139549
0.947079994658
139569
0.943189102564
139589
0.940705462073
139609
0.939114082532
139629
0.942416366186
139649
0.942768763355
139669
0.94359909188
139689
0.945483940972
139709
0.945558560363
139729
0.946479200053
139749
0.946573517628
139769
0.946563000801
139789
0.947186999199
139809
0.945755709135
139829
0.952666266026
139849
0.955265090812
139869
0.956334134615
139889
0.948770032051
139909
0.942602664263
139929
0.939337773771
139949
0.934972789797
139969
0.928729967949
139989
0.921553318643
140009
0.9172527711
140029
0.907355602297
140049
0.905543870192
140069
0.905762720353
140089
0.89769798344
140109
0.888987212874
140129
0.880895933494
140149
0.882774105235
140169
0.877954727564
140189
0.882615017361
140209
0.878523303953
140229
0.881171875
140249
0.882158954327
140269
0.881199752938
140289
0.885393129006
140309
0.885987580128
140329
0.884955428686
140349
0.884695846688
140369
0.883702423878
140389
0.883720452724
140409
0.878472222222
140429
0.88306239984
140449
0.878034855769
140469
0.876425280449
140489
0.872770098825
140509
0.872200020032
140529
0.877349926549
140549
0.876486211271
140569
0.885336872329
140589
0.891203258547
140609
0.886381043002
140629
0.893875367254
140649
0.905807792468
140669
0.903901575855
140689
0.901006777511
140709
0.907913161058
140729
0.918973190438
140749
0.92914730235
140769
0.938410122863
140789
0.943817441239
140809
0.95310146234
140829
0.953378572382
140849
0.951987847222
140869
0.962443075588
140889
0.968875868056
140909
0.969621561165
140929
0.983435997596
140949
0.998581730769
140969
1.0
140989
1.0
141009
1.0
141029
1.0
141049
1.0
141069
1.0
141089
0.767308193109
141109
0.735078959669
141129
0.732917668269
141149
0.73058460203
141169
0.741106270032
141189
1.0
141209
0.999789329594
141229
0.999718716613
