110991
0.0602422003284
111011
0.0515051997811
111031
0.0587666484218
111051
0.0685835157818
111071
0.0701559934319
111091
0.0658741561759
111111
0.0615341634738
111131
0.119599525634
111151
0.119377166575
111171
0.120060207991
111191
0.117366812625
111211
0.114130633096
111231
0.119085249042
111251
0.117479702609
111271
0.126585020982
111291
0.132665115855
111311
0.12025063857
111331
0.192154716293
111351
0.230798440066
111371
0.133026591863
111391
0.151652298851
111411
0.213768016785
111431
0.248461731436
111451
0.710430350301
111471
0.57519499179
111491
0.44779465426
111511
0.509873882503
111531
0.72863870644
111551
0.795348704616
111571
0.807706166758
111591
0.807468983762
111611
0.531598932677
111631
0.527122103631
111651
0.530706075534
111671
0.533231846378
111691
0.540039454479
111711
0.532573891626
111731
0.530557836161
111751
0.532759760993
111771
0.247379584018
111791
0.201523444627
111811
0.354901021711
111831
0.212348339719
111851
0.226476692209
111871
0.844614349571
111891
0.704834884145
111911
0.591185458858
111931
0.515309706258
111951
0.504579456304
111971
0.453167761357
111991
0.495077312534
112011
0.497233625251
112031
0.528532658274
112051
0.526000045612
112071
0.526504059478
112091
0.531597792374
112111
0.35865831965
112131
0.400125433315
112151
0.381354907864
112171
0.241404397008
112191
0.462847792374
112211
0.284608191936
112231
0.77315270936
112251
0.590956257982
112271
0.206016237913
112291
0.20556125707
112311
0.170615535486
112331
0.0695105820106
112351
0.0449917898194
112371
0.0419585842
112391
0.0490387246853
112411
0.0511722313446
112431
0.048931536216
112451
0.0490797755884
112471
0.466649562124
112491
0.325299899653
112511
0.34397692027
112531
0.407434774676
112551
0.285162379128
112571
0.290503557745
112591
0.262804460865
112611
0.22457808794
112631
0.219910828316
112651
0.217409003831
112671
0.218878854224
112691
0.199418445539
112711
0.155344599526
112731
0.113812488597
112751
0.0950351213282
112771
0.0897749042146
112791
0.80647692027
112811
0.844458128079
112831
0.851964741835
112851
0.847446861887
112871
0.759999315818
112891
0.721337347199
112911
0.664675697865
112931
0.629404989965
112951
0.375555327495
112971
0.773253056012
112991
0.774364851305
113011
0.34552545156
113031
0.446605318373
113051
0.388809067688
113071
0.434277504105
113091
0.221924603175
113111
0.131336663018
113131
0.0860677796023
113151
0.0850928206532
113171
0.0727193942711
113191
0.0738996077358
113211
0.072005564678
113231
0.390186553549
113251
0.34887338077
113271
0.344670224412
113291
0.176776591863
113311
0.174007936508
113331
0.481662789637
113351
0.22051746944
113371
0.279415252691
113391
0.342405582923
113411
0.38771095603
113431
0.274128808612
113451
0.212786216019
113471
0.410279830323
113491
0.527721902937
113511
0.178992200328
113531
0.205765371283
113551
0.432040229885
113571
0.319134282065
113591
0.480431262543
113611
0.47655651341
113631
0.472385285532
113651
0.465834245576
113671
0.173305509943
113691
0.184674329502
113711
0.189740695129
113731
0.175123152709
113751
0.200675059296
113771
0.21942277869
113791
0.169429620507
113811
0.0925184729064
113831
0.107254606824
113851
0.358006066411
113871
0.594169631454
113891
0.18529465426
113911
0.0528051450465
113931
0.0740866174056
113951
0.0790731618318
113971
0.085093960956
113991
0.0890827403758
114011
0.0901603265827
114031
0.101153986499
114051
0.260255883963
114071
0.146156039044
114091
0.150916803503
114111
0.505303548623
114131
0.275294198139
114151
0.304408410874
114171
0.43239258347
114191
0.446431992337
114211
0.307684501003
114231
0.379248768473
114251
0.358349297573
114271
0.398062625433
114291
0.0890907224959
114311
0.0959587666484
114331
0.129126756066
114351
0.127395776318
114371
0.128114167123
114391
0.381602353585
114411
0.601619230068
114431
0.561673280423
114451
0.520552818829
114471
0.586658456486
114491
0.604101669403
114511
0.55753968254
114531
0.528718527641
114551
0.530416438606
114571
0.312948139026
114591
0.308863574165
114611
0.599181262543
114631
0.550352353585
114651
0.647783251232
114671
0.275120872104
114691
0.415810299215
114711
0.182858967342
114731
0.186847746762
114751
0.195289408867
114771
0.203398102536
114791
0.193746579091
114811
0.17769111476
114831
0.346622422916
114851
0.141054324028
114871
0.0808075624886
114891
0.164537721219
114911
0.0875399106003
114931
0.0943794471812
114951
0.0691434044882
114971
0.0917829775588
114991
0.123956622879
115011
0.094389709907
115031
0.0807026546251
115051
0.0939324484583
115071
0.0980215745302
115091
0.132606960409
115111
0.096904077723
115131
0.16121031746
115151
0.122803776683
115171
0.352701377486
115191
0.319068144499
115211
0.336518199234
115231
0.403790366721
115251
0.256017378216
115271
0.170054506477
115291
0.420441069148
115311
0.334507845284
115331
0.309520388615
115351
0.31849913337
115371
0.278191707718
115391
0.313299352308
115411
0.764013181901
115431
0.557701605546
115451
0.11390941434
115471
0.305223727422
115491
0.198154989965
115511
0.244117177522
115531
0.285098522167
115551
0.353254424375
115571
0.355304688925
115591
0.383221583653
115611
0.290698549535
115631
0.325578133552
115651
0.363216110199
115671
0.414293696406
115691
0.397183451925
115711
0.47351532567
115731
0.396502691115
115751
0.470777458493
115771
0.511511357417
115791
0.67634555738
115811
0.677927157453
115831
0.976131180442
115851
0.802201924831
115871
0.792370233534
115891
0.401618089765
115911
0.383481572706
115931
0.288700738916
115951
0.0866219667944
115971
0.379393586937
115991
0.374115124977
116011
0.369492337165
116031
0.328913519431
116051
0.362863756614
116071
0.374761676701
116091
0.99962598066
116111
0.99962598066
116131
0.994672505017
116151
0.994490056559
116171
0.994490056559
116191
0.994490056559
116211
0.999908775771
116231
0.995904032111
116251
0.995904032111
116271
0.995904032111
116291
0.995904032111
116311
0.994691890166
116331
0.994691890166
116351
0.994691890166
116371
0.994691890166
116391
0.999954387885
116411
0.996073937238
116431
0.996073937238
116451
0.996073937238
116471
0.999954387885
116491
0.995567642766
116511
0.995567642766
116531
0.995567642766
116551
0.995567642766
116571
0.988622058019
116591
0.988612935596
116611
0.988612935596
116631
0.988612935596
116651
0.990136380223
116671
0.989901477833
116691
0.989901477833
116711
0.989901477833
116731
0.999977193943
116751
0.98390918628
116771
0.98390918628
116791
0.983093869732
116811
0.999954387885
116831
0.999949826674
116851
0.998666985951
116871
0.994959861339
116891
0.989330186097
116911
0.987708675424
116931
0.985020981573
116951
0.980850893997
116971
0.980057243204
116991
0.978059432585
117011
0.974220032841
117031
0.974298713738
117051
0.971301997811
117071
0.967923280423
117091
0.965821702244
117111
0.961635650429
117131
0.958952517789
117151
0.95864235541
117171
0.960002736727
117191
0.96203817734
117211
0.960751915709
117231
0.960033524904
117251
0.958919449006
117271
0.962186416712
117291
0.95873814085
117311
0.96034254698
117331
0.96046569969
117351
0.958926290823
117371
0.958866995074
117391
0.959719941616
117411
0.956961548987
117431
0.957820197044
117451
0.956686735997
117471
0.956082375479
117491
0.958125798212
117511
0.958707352673
117531
0.958670862981
117551
0.955622833425
117571
0.954895320197
117591
0.95376984127
117611
0.951128899836
117631
0.951948777595
117651
0.948469713556
117671
0.950225779967
117691
0.951223544974
117711
0.951128899836
117731
0.950719531107
117751
0.948960043788
117771
0.949143632549
117791
0.949458356139
117811
0.948720580186
117831
0.947742200328
117851
0.951358100712
117871
0.948890485313
117891
0.947142401022
117911
0.946577951104
117931
0.946300857508
117951
0.948369366904
117971
0.949402481299
117991
0.949580368546
118011
0.948215426017
118031
0.94992816092
118051
0.951013729246
118071
0.951848430943
118091
0.949215471629
118111
0.948885924101
118131
0.949533616128
118151
0.948787858055
118171
0.951143723773
118191
0.954376482394
118211
0.955303548623
118231
0.953215654078
118251
0.952166575442
118271
0.954735677796
118291
0.955215745302
118311
0.956611476008
118331
0.956829273855
118351
0.957122331691
118371
0.957066456851
118391
0.961748540412
118411
0.961113391717
118431
0.966630176975
118451
0.963329000182
118471
0.965280058384
118491
0.965931171319
118511
0.96365056559
118531
0.962403074257
118551
0.964627805145
118571
0.965522942894
118591
0.96312488597
118611
0.964177385514
118631
0.96228904397
118651
0.962715517241
118671
0.963473818646
118691
0.959844234629
118711
0.959478197409
118731
0.961625387703
118751
0.956392537858
118771
0.952012634556
118791
0.94595534574
118811
0.938237775953
118831
0.930511083744
118851
0.918521939427
118871
0.912237730341
118891
0.905651340996
118911
0.897401249772
118931
0.885865945995
118951
0.885506750593
118971
0.877598750228
118991
0.867875387703
119011
0.861561530743
119031
0.855578361613
119051
0.856861202335
119071
0.854114212735
119091
0.853739053093
119111
0.862490877577
119131
0.874956668491
119151
0.885900155081
119171
0.895045384054
119191
0.901435641306
119211
0.903451696771
119231
0.903532658274
119251
0.908186234264
119271
0.913728106185
119291
0.918435276409
119311
0.926854132458
119331
0.930175834702
119351
0.936918445539
119371
0.938630040139
119391
0.941887885422
119411
0.934642401022
119431
0.932632047072
119451
0.924275907681
119471
0.91455026455
119491
0.919734081372
119511
0.929074302135
119531
0.925452700237
119551
0.925267971173
119571
0.927801724138
119591
0.933530605729
119611
0.938601532567
119631
0.9406050447
119651
0.943297299763
119671
0.943516237913
119691
0.941070288269
119711
0.944826445904
119731
0.949220032841
119751
0.956995758073
119771
0.958441662105
119791
0.954883917168
119811
0.96288998358
119831
0.968200374019
119851
0.965057699325
119871
0.965467068053
119891
0.960374475461
119911
0.956123426382
119931
0.954607963875
119951
0.953237319832
119971
0.962096332786
119991
0.961951514322
120011
0.957398284984
120031
0.95364668856
120051
0.952125524539
120071
0.954126756066
120091
0.955825807334
120111
0.955297847108
120131
0.961738277687
120151
0.956576126619
120171
0.955864577632
120191
0.965080505382
120211
0.972633871556
120231
0.979195174238
120251
0.979664979018
120271
0.978221355592
120291
0.981157635468
120311
0.981285349389
120331
0.986056376574
120351
0.993442118227
120371
0.993496852764
120391
0.993496852764
120411
0.993496852764
120431
0.993496852764
120451
0.993496852764
120471
0.333747263273
120491
0.260543240285
120511
0.373978288633
120531
0.32259966247
120551
0.999899653348
120571
0.999854041233
