168268
0.110612457874
168288
0.105608053768
168308
0.0813581878064
168328
0.089404296875
168348
0.089111328125
168368
0.0887044270833
168388
0.0879011565564
168408
0.0855679381127
168428
0.0926719515931
168448
0.107115023744
168468
0.108053768382
168488
0.115125229779
168508
0.114786783854
168528
0.122592103248
168548
0.128556793811
168568
0.134607651654
168588
0.181572169884
168608
0.172228764553
168628
0.105164292279
168648
0.0903238932292
168668
0.088019397212
168688
0.101936848958
168708
0.103475413603
168728
0.0999703201593
168748
0.0949415019914
168768
0.108802466299
168788
0.119680127911
168808
0.1267511106
168828
0.129682234222
168848
0.131300742953
168868
0.129304534314
168888
0.130032647825
168908
0.132373046875
168928
0.130529067096
168948
0.128496476716
168968
0.123837220435
168988
0.12409620098
169008
0.123411171109
169028
0.119280407475
169048
0.118465647978
169068
0.119553270527
169088
0.122039675245
169108
0.1197198606
169128
0.115025658701
169148
0.110334807751
169168
0.111200788909
169188
0.110538736979
169208
0.108829273897
169228
0.106596583946
169248
0.103578335631
169268
0.100161803002
169288
0.100459558824
169308
0.0994815602022
169328
0.0978917738971
169348
0.095179419424
169368
0.0929840686275
169388
0.0938419117647
169408
0.0932449640012
169428
0.0947107651654
169448
0.0942306219363
169468
0.0939702052696
169488
0.0951573988971
169508
0.0942938112745
169528
0.0941679113051
169548
0.0941918466605
169568
0.0946365655637
169588
0.0955805759804
169608
0.094753370098
169628
0.0957059972426
169648
0.0949458103554
169668
0.0943656173407
169688
0.094815123315
169708
0.0949410232843
169728
0.0953129787071
169748
0.0953608494179
169768
0.0948610791973
169788
0.0950616574755
169808
0.0948926738664
169828
0.0959156709559
169848
0.0954293045343
169868
0.0950712316176
169888
0.0955604702819
169908
0.0956203086703
169928
0.0955461090686
169948
0.0948060278799
169968
0.0953972311581
169988
0.0941444546569
170008
0.0950377221201
170028
0.0951258042279
170048
0.0953531901042
170068
0.0942267922794
170088
0.0941023284314
170108
0.0941564223346
170128
0.0945738549326
170148
0.094846239277
170168
0.0944460401348
170188
0.0953589345895
170208
0.0948390586703
170228
0.0949357575061
170248
0.0955374923407
170268
0.0954676011029
170288
0.0962675206801
170308
0.0961713005515
170328
0.0950224034926
170348
0.0946940104167
170368
0.0951631433824
170388
0.0951018688725
170408
0.0950429878983
170428
0.095805089614
170448
0.0951229319853
170468
0.0941856234681
170488
0.0954149433211
170508
0.095148303462
170528
0.095863013174
170548
0.0941372740502
170568
0.0966342103248
170588
0.0952526616115
170608
0.0966011795343
170628
0.0960118910846
170648
0.0963919845282
170668
0.0967888327206
170688
0.0951363357843
170708
0.0965537875306
170728
0.0963757084865
170748
0.0954982383578
170768
0.0956384995404
170788
0.096391027114
170808
0.0950295840993
170828
0.0956083409926
170848
0.0957706227022
170868
0.0956834980086
170888
0.0956112132353
170908
0.0952809053309
170928
0.0958668428309
170948
0.0963292738971
170968
0.0966074027267
170988
0.0975303500306
171008
0.0975159888174
171028
0.0969989851409
171048
0.0958218443627
171068
0.0958113128064
171088
0.0963101256127
171108
0.0965724571078
171128
0.0959640203738
171148
0.0963015088848
171168
0.0966045304841
171188
0.0959865196078
171208
0.0954867493873
171228
0.0969209558824
171248
0.0966035730699
171268
0.0962938495711
171288
0.0938356885723
171308
0.0938548368566
171328
0.0930386412377
171348
0.0921640433517
171368
0.0931358187806
171388
0.0940175972733
171408
0.0932401769301
171428
0.0940113740809
171448
0.0933450137868
171468
0.0946566712623
171488
0.0936016007966
171508
0.0937902113971
171528
0.0953163296569
171548
0.0950573491115
171568
0.0935508578431
171588
0.0945360370711
171608
0.0930439070159
171628
0.0928691789216
171648
0.0945858226103
171668
0.0943555644914
171688
0.0944694967831
171708
0.0935020297181
171728
0.0943383310355
171748
0.0937509574142
171768
0.0935068167892
171788
0.0943292356005
171808
0.094016161152
171828
0.0936982996324
171848
0.0940266927083
171868
0.0939252068015
171888
0.0940477558211
171908
0.0940812653186
171928
0.0940467984069
171948
0.09361261106
171968
0.0925752527574
171988
0.0930142271752
172008
0.0940621170343
172028
0.0938098383885
172048
0.251882276348
172068
0.767801681219
172088
0.980556832108
172108
0.989636948529
172128
0.982071461397
172148
0.974494485294
172168
0.960608628217
172188
0.953976619945
172208
0.944786879596
172228
0.933330939798
172248
0.923012408088
172268
0.917003676471
172288
0.907851275276
172308
0.90963493796
172328
0.916617359835
172348
0.918469956342
172368
0.913002642463
172388
0.914717371324
172408
0.920641371783
172428
0.917341164982
172448
0.912968175551
172468
0.919401999081
172488
0.917598230699
172508
0.916050091912
172528
0.916562787224
172548
0.916827033548
172568
0.913246783088
172588
0.91461540671
172608
0.917662856158
172628
0.909607651654
172648
0.910951861213
172668
0.913169232537
172688
0.908573644301
172708
0.897595932904
172728
0.910183536305
172748
0.911833639706
172768
0.904664522059
172788
0.906382123162
172808
0.90769330193
172828
0.907950367647
172848
0.903531422335
172868
0.904384478401
172888
0.905625287224
172908
0.906514246324
172928
0.913865751379
172948
0.923364257812
172968
0.916529756434
172988
0.923388671875
173008
0.930418485754
173028
0.930598000919
173048
0.929676011029
173068
0.936780503217
173088
0.92605267693
173108
0.928123563879
173128
0.925749655331
173148
0.925917681526
173168
0.925637637868
173188
0.927251838235
173208
0.925508386949
173228
0.920016659007
173248
0.918217198989
173268
0.922669175092
173288
0.914152975643
173308
0.911908318015
173328
0.91628705193
173348
0.912214211857
173368
0.912281709559
173388
0.919121955423
173408
0.922624655331
173428
0.923667279412
173448
0.934435317096
173468
0.925548598346
173488
0.925024414063
173508
0.925621840533
173528
0.923729032629
173548
0.918013269761
173568
0.920315372243
173588
0.914216164982
173608
0.909600471048
173628
0.90443761489
173648
0.913920323989
173668
0.912238625919
173688
0.912387982537
173708
0.909675149357
173728
0.916002699908
173748
0.918416819853
173768
0.923609834559
173788
0.929624310662
173808
0.932337143842
173828
0.931945082721
173848
0.942658547794
173868
0.937504308364
173888
0.943692555147
173908
0.947488223805
173928
0.944126263787
173948
0.943523092831
173968
0.942379940257
173988
0.942128619026
174008
0.941029986213
174028
0.937741268382
174048
0.944071691176
174068
0.937360696232
174088
0.934886259191
174108
0.930055147059
174128
0.924786017923
174148
0.923440372243
174168
0.919852941176
174188
0.913911707261
174208
0.911131376379
174228
0.916239659926
174248
0.912711109835
174268
0.917075482537
174288
0.92045323989
174308
0.919749540441
174328
0.925578756893
174348
0.925873161765
174368
0.928835880055
174388
0.934242876838
174408
0.925843003217
174428
0.929423253676
174448
0.932667451746
174468
0.935426240809
174488
0.937699620864
174508
0.941162109375
174528
0.93205279182
174548
0.929331341912
174568
0.922223977482
174588
0.924039234835
174608
0.926377240349
174628
0.917381376379
174648
0.909790039062
174668
0.920275160846
174688
0.91802332261
174708
0.916900275735
174728
0.924505974265
174748
0.928690831801
174768
0.933952780331
174788
0.934173943015
174808
0.934662224265
174828
0.931610466452
174848
0.933178710938
174868
0.923434627757
174888
0.923374310662
174908
0.925894703585
174928
0.922646197151
174948
0.918877814798
174968
0.921054974724
174988
0.916782513787
175008
0.91167566636
175028
0.911053825827
175048
0.90597857307
175068
0.906755514706
175088
0.911200310202
175108
0.905167164522
175128
0.903833007812
175148
0.909797219669
175168
0.905213120404
175188
0.907676068474
175208
0.913450712316
175228
0.91956428079
175248
0.923866900276
175268
0.92068158318
175288
0.916521139706
175308
0.918699735754
175328
0.920721794577
175348
0.917226275276
175368
0.918762925092
175388
0.918178423713
175408
0.914578067555
175428
0.912273092831
175448
0.916107536765
175468
0.922369025735
175488
0.923342715993
175508
0.925453814338
175528
0.929766486673
175548
0.934109317555
175568
0.943498678768
175588
0.943021886489
175608
0.93999597886
175628
0.944343118107
175648
0.930773207721
175668
0.926826746324
175688
0.934890567555
175708
0.923922909007
175728
0.918171243107
175748
0.915316233915
175768
0.91996495864
175788
0.918494370404
175808
0.919696403952
175828
0.925231215533
175848
0.923921472886
175868
0.921645220588
175888
0.924719956342
175908
0.928585994945
175928
0.927770278033
175948
0.917572380515
175968
0.918455595129
175988
0.921062155331
176008
0.920662913603
176028
0.913894473805
176048
0.912115119485
176068
0.912135225184
176088
0.904747817096
176108
0.911069623162
176128
0.915883501838
176148
0.908016429228
176168
0.913801125919
176188
0.913269761029
176208
0.918333524816
176228
0.920049689798
176248
0.924302045037
176268
0.921031996783
176288
0.919561408548
176308
0.915655158548
176328
0.910518152574
176348
0.915329159007
176368
0.918184168199
176388
0.917598230699
176408
0.921958295037
176428
0.922812787224
176448
0.931775620404
176468
0.941401941636
176488
0.943255974265
176508
0.951793715533
176528
0.96000402114
176548
0.956880457261
176568
0.963690544577
176588
0.95609777114
176608
0.953979492188
176628
0.94792767693
176648
0.938496668199
176668
0.934531537224
176688
0.921627987132
176708
0.917552274816
176728
0.917184627757
176748
0.911203182445
176768
0.915132410386
176788
0.917721737132
176808
0.918590590533
176828
0.925720932904
176848
0.925855928309
176868
0.926895680147
176888
0.935242417279
176908
0.933251953125
176928
0.934629193474
176948
0.918385225184
176968
0.912105066636
176988
0.922376206342
177008
0.904563993566
177028
0.895134420956
177048
0.887634995404
177068
0.891252585018
177088
0.892177447151
177108
0.897407801011
177128
0.920154526654
177148
0.932160500919
177168
0.930086741728
177188
0.948102883732
177208
0.960206514246
177228
0.978973747702
177248
0.978978056066
177268
0.985541130515
177288
0.987189797794
177308
0.984152401195
177328
0.981907743566
177348
0.978699448529
177368
0.985216567096
177388
0.984465475643
177408
0.977330824908
177428
0.97418571921
177448
0.974095243566
177468
0.974221622243
177488
0.975924862132
177508
0.966555606618
177528
0.969804113051
177548
0.951645795037
177568
0.933588005515
177588
0.929477826287
177608
0.935018382353
177628
0.935400390625
177648
0.935374540441
177668
0.935219439338
177688
0.945470473346
177708
0.950077550551
177728
0.964977309283
177748
0.982691865809
177768
0.999979894301
177788
1.0
177808
1.0
177828
1.0
177848
1.0
