139065
0.0571767769608
139085
0.0542566636029
139105
0.0524394914216
139125
0.0495729932598
139145
0.0461128982843
139165
0.0457931219363
139185
0.0459329044118
139205
0.0477117800245
139225
0.0494044883578
139245
0.051589307598
139265
0.0540862438725
139285
0.0531556372549
139305
0.0561293658088
139325
0.0539311427696
139345
0.0536668964461
139365
0.0532437193627
139385
0.0578584558824
139405
0.0681468290441
139425
0.0658375459559
139445
0.05947265625
139465
0.0515854779412
139485
0.051686963848
139505
0.0547947303922
139525
0.0558383118873
139545
0.0563916973039
139565
0.0579790900735
139585
0.0598785998775
139605
0.0590839460784
139625
0.0591260723039
139645
0.0576497395833
139665
0.0561427696078
139685
0.0534581801471
139705
0.0503216911765
139725
0.0495653339461
139745
0.0496151194853
139765
0.0468788296569
139785
0.0478151807598
139805
0.0474130667892
139825
0.0471928615196
139845
0.0474379595588
139865
0.047545189951
139885
0.0486711090686
139905
0.0482402726716
139925
0.0500172334559
139945
0.0505361519608
139965
0.0510052849265
139985
0.050865502451
140005
0.0511469822304
140025
0.0505189185049
140045
0.0518037683824
140065
0.0517329197304
140085
0.051646752451
140105
0.0524835324755
140125
0.0522001378676
140145
0.0527726715686
140165
0.0530618106618
140185
0.053431372549
140205
0.0531824448529
140225
0.0522001378676
140245
0.052037377451
140265
0.0523628982843
140285
0.0529316023284
140305
0.0541111366422
140325
0.0535462622549
140345
0.0541475183824
140365
0.0540077359069
140385
0.0554898131127
140405
0.0557253370098
140425
0.0557732077206
140445
0.0552102481618
140465
0.0547449448529
140485
0.0555223651961
140505
0.0556085324755
140525
0.0556717218137
140545
0.056361060049
140565
0.0548483455882
140585
0.0547755821078
140605
0.0549651501225
140625
0.0547238817402
140645
0.0571001838235
140665
0.0572189031863
140685
0.0577646292892
140705
0.0574391084559
140725
0.0576152726716
140745
0.0576784620098
140765
0.0585611979167
140785
0.0571403952206
140805
0.059583716299
140825
0.0602711397059
140845
0.814815027574
140865
1.0
140885
0.992241115196
140905
0.992020909926
140925
0.992022824755
140945
0.992367493873
140965
0.99085669424
140985
0.990243949142
141005
0.990253523284
141025
0.991214767157
141045
0.991025199142
141065
0.990163526348
141085
0.990341605392
141105
0.991155407475
141125
0.991693474265
141145
0.991791130515
141165
0.991783471201
141185
0.992020909926
141205
0.992338771446
141225
0.991459865196
141245
0.99147901348
141265
0.991839001225
141285
0.992865349265
141305
0.991459865196
141325
0.991561351103
141345
0.991655177696
141365
0.986084941789
141385
0.984463082108
141405
0.984526271446
141425
0.984445848652
141445
1.0
141465
0.973383884804
141485
0.973351332721
141505
0.97333984375
141525
0.999982766544
141545
0.989569929534
141565
0.989732689951
141585
0.989698223039
141605
0.99143114277
141625
0.992727481618
141645
0.992746629902
141665
0.992880667892
141685
0.992857689951
141705
1.0
141725
0.99886450674
141745
0.994527420343
141765
0.991787300858
141785
0.990387561275
141805
0.984612438725
141825
0.984646905637
141845
0.984869025735
141865
0.984229473039
141885
0.985230928309
141905
0.984256280637
141925
0.980311734069
141945
0.973374310662
141965
0.966021369485
141985
0.958026960784
142005
0.951836320466
142025
0.949013863358
142045
0.944215303309
142065
0.934177772672
142085
0.927456724877
142105
0.917828967525
142125
0.907439108456
142145
0.895685891544
142165
0.889265471814
142185
0.881167662377
142205
0.877579273897
142225
0.878337545956
142245
0.872413066789
142265
0.879578354779
142285
0.878586473652
142305
0.879731541054
142325
0.880359604779
142345
0.882077205882
142365
0.889336320466
142385
0.890579044118
142405
0.892377068015
142425
0.895299096201
142445
0.896478630515
142465
0.897648590686
142485
0.899862132353
142505
0.903900505515
142525
0.906131280637
142545
0.909782858456
142565
0.913516773897
142585
0.921706495098
142605
0.918514476103
142625
0.914759497549
142645
0.90980200674
142665
0.910328584559
142685
0.915330116422
142705
0.912848498775
142725
0.916561351103
142745
0.915337775735
142765
0.915797334559
142785
0.914518229167
142805
0.912846583946
142825
0.904584099265
142845
0.896080346201
142865
0.895241651348
142885
0.901508884804
142905
0.906332337623
142925
0.913817401961
142945
0.911623008578
142965
0.915831801471
142985
0.913241038603
143005
0.919138710172
143025
0.911937040441
143045
0.905020680147
143065
0.902117800245
143085
0.903961780025
143105
0.909949448529
143125
0.90960669424
143145
0.901271446078
143165
0.901708026961
143185
0.894540824142
143205
0.888746553309
143225
0.885451133578
143245
0.884237132353
143265
0.885994944853
143285
0.877180989583
143305
0.881950827206
143325
0.890517769608
143345
0.887432981005
143365
0.895425474877
143385
0.887645526961
143405
0.882178691789
143425
0.887591911765
143445
0.885746017157
143465
0.892428768382
143485
0.89652075674
143505
0.89742455576
143525
0.890647977941
143545
0.888920802696
143565
0.887166819853
143585
0.896065027574
143605
0.8947265625
143625
0.892537913603
143645
0.894477634804
143665
0.900047870711
143685
0.895682061887
143705
0.89580078125
143725
0.893451286765
143745
0.893673406863
143765
0.893085554534
143785
0.890481387868
143805
0.891651348039
143825
0.899507889093
143845
0.897378599877
143865
0.888926547181
143885
0.892940027574
143905
0.890565640319
143925
0.888442095588
143945
0.890515854779
143965
0.895368030025
143985
0.900361902574
144005
0.894695925245
144025
0.897838158701
144045
0.901290594363
144065
0.901606541054
144085
0.897627527574
144105
0.891180300245
144125
0.901434206495
144145
0.901859298407
144165
0.901842064951
144185
0.905893841912
144205
0.907680376838
144225
0.904011565564
144245
0.912432981005
144265
0.90570044424
144285
0.912938495711
144305
0.910274969363
144325
0.906508501838
144345
0.908880974265
144365
0.915544577206
144385
0.908708639706
144405
0.905595128676
144425
0.901390165441
144445
0.896271829044
144465
0.892300474877
144485
0.889190793505
144505
0.890387561275
144525
0.883725873162
144545
0.890914139093
144565
0.890416283701
144585
0.889267386642
144605
0.886081112132
144625
0.892045802696
144645
0.890728400735
144665
0.891350719975
144685
0.890318627451
144705
0.88685278799
144725
0.8904296875
144745
0.88996629902
144765
0.888909313725
144785
0.892022824755
144805
0.886885340074
144825
0.886374080882
144845
0.878467754289
144865
0.87672143076
144885
0.873561963848
144905
0.870494408701
144925
0.86945848652
144945
0.874320235907
144965
0.875700827206
144985
0.872416896446
145005
0.875419347426
145025
0.871365655637
145045
0.879645373775
145065
0.882515701593
145085
0.880281096814
145105
0.889859068627
145125
0.892317708333
145145
0.897089460784
145165
0.896492034314
145185
0.903624770221
145205
0.904515165441
145225
0.898874080882
145245
0.905777037377
145265
0.910296032475
145285
0.914225260417
145305
0.904201133578
145325
0.903678385417
145345
0.890515854779
145365
0.895000382966
145385
0.889839920343
145405
0.890127144608
145425
0.881879978554
145445
0.879201133578
145465
0.881879978554
145485
0.878280101103
145505
0.884800091912
145525
0.880451516544
145545
0.875247012868
145565
0.87458448223
145585
0.876499310662
145605
0.877022058824
145625
0.892281326593
145645
0.877786075368
145665
0.871135876225
145685
0.881269148284
145705
0.885137101716
145725
0.891693474265
145745
0.886337699142
145765
0.888614430147
145785
0.886146216299
145805
0.890801164216
145825
0.895777803309
145845
0.900691253064
145865
0.907542509191
145885
0.90305223652
145905
0.900679764093
145925
0.906405101103
145945
0.910334329044
145965
0.907688036152
145985
0.910711550245
146005
0.912632123162
146025
0.911056219363
146045
0.908296951593
146065
0.90764208027
146085
0.895431219363
146105
0.889079733456
146125
0.880284926471
146145
0.871492034314
146165
0.870475260417
146185
0.860003063725
146205
0.85455346201
146225
0.842863434436
146245
0.836420036765
146265
0.831922104779
146285
0.828333716299
146305
0.826639093137
146325
0.808683746936
146345
0.819186580882
146365
0.81712622549
146385
0.831439568015
146405
0.818882123162
146425
0.827219286152
146445
0.833346737132
146465
0.835462622549
146485
0.837739353554
146505
0.839345894608
146525
0.843709788603
146545
0.837141927083
146565
0.835165824142
146585
0.834403722426
146605
0.834620098039
146625
0.823192401961
146645
0.825945925245
146665
0.824078967525
146685
0.821589690564
146705
0.822357536765
146725
0.822032015931
146745
0.819087009804
146765
0.822499234069
146785
0.81494140625
146805
0.827412683824
146825
0.825455729167
146845
0.83181104473
146865
0.818051087623
146885
0.82562231924
146905
0.838997395833
146925
0.831669347426
146945
0.841808363971
146965
0.841205193015
146985
0.844318704044
147005
0.830692784926
147025
0.828230315564
147045
0.830258118873
147065
0.844678691789
147085
0.857216988358
147105
0.86087622549
147125
0.876005284926
147145
0.883804381127
147165
0.894383808211
147185
0.900980392157
147205
0.913166360294
147225
0.916789215686
147245
0.922317325368
147265
0.927734375
147285
0.938321461397
147305
0.94245557598
147325
0.937905943627
147345
0.931138939951
147365
0.927341835172
147385
0.927663526348
147405
0.918451286765
147425
0.924071308211
147445
0.920090379902
147465
0.901792279412
147485
0.89410424326
147505
0.894808900123
147525
0.898240272672
147545
0.89597120098
147565
0.896200980392
147585
0.897853477328
147605
0.904607077206
147625
0.910188802083
147645
0.896725643382
147665
0.900155101103
147685
0.90914330576
147705
0.898640471814
147725
0.895883118873
147745
0.910366881127
147765
0.896049708946
147785
0.903448606005
147805
0.900953584559
147825
0.901644837623
147845
0.903098192402
147865
0.907333792892
147885
0.902159926471
147905
0.904164751838
147925
0.906278722426
147945
0.910813036152
147965
0.907898667279
147985
0.904026884191
148005
0.892507276348
148025
0.884051393995
148045
0.886027496936
148065
0.881033624387
148085
0.874276194853
148105
0.872623697917
148125
0.866745174632
148145
0.868795955882
148165
0.876924402574
148185
0.882157628676
148205
0.892059206495
148225
0.891974954044
148245
0.895278033088
148265
0.912940410539
148285
0.928753063725
148305
0.946867340686
148325
0.960652190564
148345
0.966115196078
148365
0.979576439951
148385
0.993120021446
148405
1.0
148425
0.996742876838
148445
0.997135416667
148465
0.997141161152
148485
0.997342218137
148505
0.945226332721
148525
0.923270909926
148545
0.92310814951
148565
0.923062193627
148585
0.929063265931
148605
0.999961703431
148625
0.999988511029
148645
0.999988511029
