147079
0.273890579578
147099
0.272486297844
147119
0.271744034641
147139
0.273727819162
147159
0.270872320131
147179
0.272797813711
147199
0.270706153101
147219
0.275205910853
147239
0.265411518895
147259
0.268888914123
147279
0.271853424782
147299
0.272059335635
147319
0.269873046875
147339
0.275091600048
147359
0.275608648256
147379
0.276198749394
147399
0.276511779312
147419
0.276752134811
147439
0.277570100533
147459
0.278811621851
147479
0.258993459302
147499
0.270721672117
147519
0.272881464995
147539
0.274418983164
147559
0.275205153828
147579
0.277984571827
147599
0.274027222626
147619
0.274103682171
147639
0.283619488857
147659
0.274182412791
147679
0.274857679264
147699
0.271995367006
147719
0.264642002786
147739
0.269186803537
147759
0.270205002422
147779
0.265758993459
147799
0.266762051841
147819
0.268772710756
147839
0.266383160732
147859
0.267640579578
147879
0.267544815891
147899
0.269177719234
147919
0.270422647166
147939
0.271516548571
147959
0.268901026526
147979
0.254758281856
147999
0.266166651526
148019
0.262067738614
148039
0.261233118338
148059
0.261452655644
148079
0.263806625484
148099
0.260483284884
148119
0.264767668968
148139
0.263342190528
148159
0.258518425993
148179
0.259314059472
148199
0.257258357558
148219
0.260863690044
148239
0.251357346172
148259
0.251062863372
148279
0.252438756662
148299
0.252646560078
148319
0.253159066134
148339
0.253778691255
148359
0.252982300751
148379
0.254271893169
148399
0.254735949612
148419
0.252822189922
148439
0.258058154675
148459
0.260085089632
148479
0.243841600048
148499
0.250971263324
148519
0.258022195979
148539
0.262858829942
148559
0.268766276042
148579
0.267733693677
148599
0.274053718508
148619
0.280668604651
148639
0.286571887112
148659
0.294389307776
148679
0.29838791485
148699
0.301937605984
148719
0.299213450824
148739
0.294159929142
148759
0.295545285247
148779
0.304118595567
148799
0.304220793968
148819
0.302115885417
148839
0.302820297359
148859
0.301979999394
148879
0.293066784763
148899
0.289145015746
148919
0.27646484375
148939
0.270979060683
148959
0.274853515625
148979
0.254946781129
148999
0.260932957849
149019
0.264841857437
149039
0.264084075218
149059
0.258648634327
149079
0.255257539971
149099
0.251046208818
149119
0.246678551962
149139
0.243447189922
149159
0.245467690165
149179
0.250312651405
149199
0.250687757389
149219
0.245447628997
149239
0.238362251696
149259
0.241819964268
149279
0.23834976078
149299
0.236935259205
149319
0.233959014656
149339
0.232481301478
149359
0.23319290516
149379
0.236896650921
149399
0.242185228924
149419
0.245929854046
149439
0.249489765019
149459
0.248259977592
149479
0.245050569283
149499
0.254271514656
149519
0.25443389656
149539
0.25584915516
149559
0.255172374637
149579
0.254097020349
149599
0.254455093266
149619
0.255874894016
149639
0.252402419453
149659
0.253654917636
149679
0.258673237645
149699
0.258225078731
149719
0.256325702519
149739
0.245211815649
149759
0.24772627483
149779
0.251453866885
149799
0.253194646318
149819
0.25356521015
149839
0.255925236192
149859
0.254701883479
149879
0.251461815649
149899
0.253201459545
149919
0.253884674782
149939
1.0
149959
1.0
149979
1.0
149999
1.0
150019
1.0
150039
1.0
150059
1.0
150079
1.0
150099
1.0
150119
1.0
150139
1.0
150159
1.0
150179
0.990682155402
150199
0.990720006662
150219
0.990723791788
150239
0.990726062863
150259
1.0
150279
1.0
150299
0.981618292757
150319
0.981565300993
150339
0.981561515867
150359
0.981584983648
150379
0.988568541061
150399
1.0
150419
0.981838587088
150439
0.981786730862
150459
0.981778025073
150479
0.981792030039
150499
1.0
150519
1.0
150539
0.971968871124
150559
0.971929505814
150579
0.971842069404
150599
0.971959029797
150619
0.974457212936
150639
1.0
150659
0.990815013324
150679
0.990667014898
150699
0.990687076066
150719
0.990710165334
150739
0.99108564983
150759
1.0
150779
0.987798646439
150799
0.986563559835
150819
0.986569616037
150839
0.986569237524
150859
0.986210786095
150879
1.0
150899
0.995478288517
150919
0.991896423813
150939
0.991910428779
150959
0.991937303173
150979
0.991937681686
150999
1.0
151019
1.0
151039
0.982588420543
151059
0.982618323038
151079
0.982591827156
151099
0.982596369307
151119
1.0
151139
1.0
151159
0.986927688953
151179
0.986961376575
151199
0.986982951793
151219
0.986982951793
151239
1.0
151259
1.0
151279
0.992019061894
151299
0.991989916424
151319
0.992031174297
151339
0.992031174297
151359
1.0
151379
1.0
151399
0.989562893653
151419
0.989553809351
151439
0.989578791182
151459
0.989585982922
151479
1.0
151499
1.0
151519
0.96370253452
151539
0.963813060199
151559
0.96382782219
151579
0.963902389172
151599
0.984442753755
151619
1.0
151639
0.994800750969
151659
0.994761764172
151679
0.994760250121
151699
0.994760250121
151719
0.996426462573
151739
1.0
151759
0.99591736313
151779
0.995917741642
151799
0.995923040819
151819
0.995926825945
151839
0.996250075703
151859
1.0
151879
0.994541848353
151899
0.991542136022
151919
0.991308215237
151939
0.991392623547
151959
0.99142517563
151979
0.991408142563
151999
0.991362342539
152019
0.991440316134
152039
0.991503527737
152059
0.991572038517
152079
0.989624591206
152099
0.987847474564
152119
0.981462724079
152139
0.975031795058
152159
0.967963829336
152179
0.964978500484
152199
0.965237403101
152219
0.964332379482
152239
0.961740703731
152259
0.962622638081
152279
0.962753224927
152299
0.959057806444
152319
0.9538070797
152339
0.948784217539
152359
0.944354484617
152379
0.939492868823
152399
0.936464768047
152419
0.935180096294
152439
0.933024088542
152459
0.932855650436
152479
0.935898513203
152499
0.933277691982
152519
0.932316269985
152539
0.93277313469
152559
0.94109284157
152579
0.934753134084
152599
0.930892305596
152619
0.926225245276
152639
0.926422071827
152659
0.925728258236
152679
0.922146772045
152699
0.922205062984
152719
0.920636885296
152739
0.921128951672
152759
0.921848882631
152779
0.921846233043
152799
0.920633478682
152819
0.921127059109
152839
0.918178824491
152859
0.908824642684
152879
0.906948355741
152899
0.907710301599
152919
0.908174736555
152939
0.905329457364
152959
0.908547192951
152979
0.91647476078
152999
0.914778645833
153019
0.917410065407
153039
0.911019258721
153059
0.915908127422
153079
0.917817723474
153099
0.91927613251
153119
0.922111570373
153139
0.920544149709
153159
0.920910549903
153179
0.921052113614
153199
0.919022150557
153219
0.921329184835
153239
0.922745957485
153259
0.927251014414
153279
0.928455062984
153299
0.928260886022
153319
0.92593871124
153339
0.929594007389
153359
0.929985389414
153379
0.928577701066
153399
0.925299403464
153419
0.921732679264
153439
0.924074915213
153459
0.920704260538
153479
0.923001832001
153499
0.918122804627
153519
0.917418014172
153539
0.915947492733
153559
0.913651813832
153579
0.911735783067
153599
0.912131707243
153619
0.911713072311
153639
0.913252861555
153659
0.912404993338
153679
0.914779402859
153699
0.914274088542
153719
0.911892108769
153739
0.910421965843
153759
0.909215267684
153779
0.908678915334
153799
0.909719067951
153819
0.911214949734
153839
0.909512778585
153859
0.912479938832
153879
0.911674842539
153899
0.914577277132
153919
0.918750378513
153939
0.916748046875
153959
0.918180338542
153979
0.919569479772
153999
0.917254118217
154019
0.920153146197
154039
0.914381964632
154059
0.915260870882
154079
0.911312984496
154099
0.914808169816
154119
0.915771862888
154139
0.914732467297
154159
0.915608345446
154179
0.914856240916
154199
0.918975214995
154219
0.924319055838
154239
0.923150965964
154259
0.923875439075
154279
0.921028267321
154299
0.924732391594
154319
0.923361797481
154339
0.920034671754
154359
0.919329124273
154379
0.924833454457
154399
0.925804717781
154419
0.927833166788
154439
0.928154523983
154459
0.921265594719
154479
0.918077004603
154499
0.91402162064
154519
0.915800251332
154539
0.915098488978
154559
0.920041863493
154579
0.917702655644
154599
0.91843659157
154619
0.91686387173
154639
0.919034641473
154659
0.915715085998
154679
0.915861570373
154699
0.920068737888
154719
0.920647483648
154739
0.926828215843
154759
0.925883826914
154779
0.927385007873
154799
0.927744973353
154819
0.921459393169
154839
0.926994382873
154859
0.932509689922
154879
0.933564983043
154899
0.933181928295
154919
0.934313302447
154939
0.928205244671
154959
0.931254163639
154979
0.931976365673
154999
0.931991506177
155019
0.9292007328
155039
0.930851426235
155059
0.928750681323
155079
0.92780288578
155099
0.927604166667
155119
0.924255844234
155139
0.921574460998
155159
0.922890170785
155179
0.920547556323
155199
0.92147415516
155219
0.923434093387
155239
0.921183078973
155259
0.924451535247
155279
0.918930929021
155299
0.913618883236
155319
0.919115264656
155339
0.919909384084
155359
0.920435138081
155379
0.928277162064
155399
0.929573567708
155419
0.933518047481
155439
0.93676833515
155459
0.940686319041
155479
0.944560773983
155499
0.949702110586
155519
0.950710468144
155539
0.957483951066
155559
0.957075157461
155579
0.959066133721
155599
0.954345703125
155619
0.956455153828
155639
0.954904387718
155659
0.9559555172
155679
0.960414017078
155699
0.96094620579
155719
0.961644183018
155739
0.961127134811
155759
0.959724367127
155779
0.957964283551
155799
0.958191391109
155819
0.958656583091
155839
0.953142033067
155859
0.949910671027
155879
0.949879254482
155899
0.952401283915
155919
0.951244927931
155939
0.951166197311
155959
0.951926629118
155979
0.948955683745
155999
0.94806731468
156019
0.942217023983
156039
0.948199794089
156059
0.948453397529
156079
0.949971233043
156099
0.954826414123
156119
0.954323370882
156139
0.954311258479
156159
0.956006237888
156179
0.958014247214
156199
0.959323900799
156219
0.963500030281
156239
0.967855953246
156259
0.969581970688
156279
0.971088450824
156299
0.972554430111
156319
0.972520363978
156339
0.975013247941
156359
0.98191315407
156379
0.990810471172
156399
1.0
156419
1.0
156439
1.0
156459
0.926472414002
156479
0.918449839511
156499
0.911965918726
156519
0.900303567103
156539
0.898154372578
156559
0.897324672965
156579
0.901447810683
156599
0.905585710392
156619
0.908342417636
156639
1.0
156659
1.0
