119875
0.728423813346
119895
0.744310364595
119915
0.767654112207
119935
0.777019796683
119955
0.704951081556
119975
0.662780421157
119995
0.702754767637
120015
0.763060842314
120035
0.798466999159
120055
0.758234684323
120075
0.760515793396
120095
0.737346413284
120115
0.773104888023
120135
0.733495996713
120155
0.747895647023
120175
0.746368139953
120195
0.747788160208
120215
0.675719445081
120235
0.679181714821
120255
0.736095983337
120275
0.702191059008
120295
0.682498280211
120315
0.69138027402
120335
0.686970926011
120355
0.687624206986
120375
0.738398589773
120395
0.734896908201
120415
0.748104649163
120435
0.728969607506
120455
0.693844110678
120475
0.723846069327
120495
0.765930740274
120515
0.71611299014
120535
0.742676565008
120555
0.699813211802
120575
0.716429479095
120595
0.730558023771
120615
0.746609388137
120635
0.756753754873
120655
0.750898112054
120675
0.70998504739
120695
0.683180224337
120715
0.63823759841
120735
0.598455533899
120755
0.560094683941
120775
0.566002875869
120795
0.519911335321
120815
0.552092887717
120835
0.552624350302
120855
0.580416857754
120875
0.544288150654
120895
0.599455161278
120915
0.597566976229
120935
0.571730728808
120955
0.592045736834
120975
0.789176555454
120995
0.789991066651
121015
0.786637478025
121035
0.777794896048
121055
0.583877933196
121075
0.558156338378
121095
0.586282054957
121115
0.579027889246
121135
0.581725808301
121155
0.551661746159
121175
0.538419370557
121195
0.556465212489
121215
0.537345696706
121235
0.511128468241
121255
0.519348820989
121275
0.465416714439
121295
0.510668663533
121315
0.536801096843
121335
0.54636384048
121355
0.730793300466
121375
0.754538332187
121395
0.558450135672
121415
0.848063804173
121435
0.864514064053
121455
0.862861155698
121475
0.859791809982
121495
0.660868350149
121515
0.58337035657
121535
0.779425112742
121555
0.713947727968
121575
0.687348324161
121595
0.338467620194
121615
0.695047963005
121635
0.323608165176
121655
0.609395303065
121675
0.35861423221
121695
0.667009430177
121715
0.717961763357
121735
0.709574208897
121755
0.719121426661
121775
0.669414746236
121795
0.884519748911
121815
0.427152602614
121835
0.429299950317
121855
0.4302971891
121875
0.427864404189
121895
0.855472034319
121915
0.938398112054
121935
0.608332377895
121955
0.619366496599
121975
0.619993503019
121995
0.626107114194
122015
0.622036946801
122035
0.625752407705
122055
0.88018683597
122075
0.625951855461
122095
0.832445969961
122115
0.638803695636
122135
0.380841311244
122155
0.292482372162
122175
0.39692133876
122195
0.391481311626
122215
0.480358576015
122235
0.528559246732
122255
0.641789440495
122275
0.653930673393
122295
0.654218499197
122315
0.626348362379
122335
0.622678284797
122355
0.629491754567
122375
0.647087346174
122395
0.538437285026
122415
0.533729362532
122435
0.524770933654
122455
0.51690887029
122475
0.600128745318
122495
0.581211065887
122515
0.590376108308
122535
0.590495538103
122555
0.604964457693
122575
0.623618197279
122595
0.623895274402
122615
0.527882079798
122635
0.518808998318
122655
0.521966722082
122675
0.530718537415
122695
0.523241037988
122715
0.525536478636
122735
0.393205877857
122755
0.380469884583
122775
0.437649287243
122795
0.471310574792
122815
0.472344836811
122835
0.874309695788
122855
0.350602881602
122875
0.271598878315
122895
0.312386541695
122915
0.35857362608
122935
0.276324715279
122955
0.371251098754
122975
0.323827915998
122995
0.296541790874
123015
0.302729448521
123035
0.263925514026
123055
0.268321724757
123075
0.279243579454
123095
0.303830591225
123115
0.372515860277
123135
0.317150596194
123155
0.29537615608
123175
0.284718241229
123195
0.28644280746
123215
0.282701072002
123235
0.277071151494
123255
0.282716597875
123275
0.310436253153
123295
0.337393946343
123315
0.340660351219
123335
0.33400930597
123355
0.322282494458
123375
0.752922447069
123395
0.297150882825
123415
0.301436023848
123435
0.296139312467
123455
0.341136876099
123475
0.365215116946
123495
0.37896148628
123515
0.383247821601
123535
0.405847521593
123555
0.38301015631
123575
0.333528003898
123595
0.325933463273
123615
0.317717887717
123635
0.345838827104
123655
0.379695979515
123675
0.274339792097
123695
0.286518048231
123715
0.292911125124
123735
0.293017417641
123755
0.299636216846
123775
0.310452973324
123795
0.319200011465
123815
0.314562552549
123835
0.31359755981
123855
0.287328976534
123875
0.286857228847
123895
0.278117356493
123915
0.283810574792
123935
0.284240522052
123955
0.28677959948
123975
0.281375401284
123995
0.285287921348
124015
0.287908211037
124035
0.296261130857
124055
0.470137774211
124075
0.446662653826
124095
0.425562992051
124115
0.383228712833
124135
0.342862636628
124155
0.457951157991
124175
0.482883321868
124195
0.494397548345
124215
0.485460616831
124235
0.468304526867
124255
0.467807698922
124275
0.346696333028
124295
0.322788876787
124315
0.329711027669
124335
0.352426574562
124355
0.342823224796
124375
0.360688727738
124395
0.375392924024
124415
0.389632538409
124435
0.37282160055
124455
0.357977671406
124475
0.351312294581
124495
0.311392885806
124515
0.317496942597
124535
0.344012745548
124555
0.36516615073
124575
0.352414631583
124595
0.317293911947
124615
0.319174931208
124635
0.32821815524
124655
0.317678475885
124675
0.313604725598
124695
0.301671300543
124715
0.299956288695
124735
0.355815992127
124755
0.364333725063
124775
0.344146506917
124795
0.342567645036
124815
0.33501968203
124835
0.3346888615
124855
0.342439855156
124875
0.34025906711
124895
0.331939587633
124915
0.330494487121
124935
0.332770819002
124955
0.347587279294
124975
0.303926135061
124995
0.301055042804
125015
0.307467228464
125035
0.272153032561
125055
0.274354123672
125075
0.274589400367
125095
0.274257385538
125115
0.273413016892
125135
0.273828632577
125155
0.274256191241
125175
0.273767723381
125195
0.273360467783
125215
0.273274478331
125235
0.273076224872
125255
0.273263729649
125275
0.273381965146
125295
0.272940074906
125315
0.27299023542
125335
0.271868789651
125355
0.271357630131
125375
0.463030507147
125395
0.44413313078
125415
0.377666867309
125435
0.377220199878
125455
0.390005159367
125475
0.377937972942
125495
0.384995079492
125515
0.377850789192
125535
0.380312237254
125555
0.357639685088
125575
0.386037701597
125595
0.342949820378
125615
0.473766051364
125635
0.468053724299
125655
0.364490178094
125675
0.446231512268
125695
0.367008952457
125715
0.331721031109
125735
0.375226916609
125755
0.38155789001
125775
0.332014828403
125795
0.330358337155
125815
0.327365426508
125835
0.324113353206
125855
0.312595543836
125875
0.301876719789
125895
0.289937323244
125915
0.287696820301
125935
0.283941947566
125955
0.281449447757
125975
0.283257614844
125995
0.274441307422
126015
0.273607687457
126035
0.271548717802
126055
0.271862818161
126075
0.272690466636
126095
0.273365244974
126115
0.274250219751
126135
0.274459221891
126155
0.272651054804
126175
0.273417794084
126195
0.275346585263
126215
0.276352184132
126235
0.275419437438
126255
0.276815571734
126275
0.273100110831
126295
0.281710999006
126315
0.278364576168
126335
0.284146172514
126355
0.283424816556
126375
0.284143783918
126395
0.28422380188
126415
0.285378687992
126435
0.286250525491
126455
0.287629939616
126475
0.288966359016
126495
0.290128410915
126515
0.292061979286
126535
0.28971279523
126555
0.292294867385
126575
0.297116248185
126595
0.294886493923
126615
0.292731980433
126635
0.297152077123
126655
0.300814988917
126675
0.304769309409
126695
0.306630025606
126715
0.30981044103
126735
0.313443495376
126755
0.313396917756
126775
0.316222626691
126795
0.324488362761
126815
0.333731034549
126835
0.330241295957
126855
0.315428418558
126875
0.314149325461
126895
0.306841416342
126915
0.30661569403
126935
0.305321075059
126955
0.3007086964
126975
0.296023465566
126995
0.298262774211
127015
0.297654876557
127035
0.302644653367
127055
0.317389455782
127075
0.31526479974
127095
0.302098859207
127115
0.302774831843
127135
0.309097445158
127155
0.315390201024
127175
0.326098276389
127195
0.318615999771
127215
0.310488802262
127235
0.309116553925
127255
0.306471183979
127275
0.30760337843
127295
0.347276761828
127315
0.459847703126
127335
0.781020694795
127355
0.933300848429
127375
0.936838358939
127395
0.944154628143
127415
0.941935622564
127435
0.940436778644
127455
0.944554717955
127475
0.948322727968
127495
0.943648245815
127515
0.946467983261
127535
0.953726926164
127555
0.951309667125
127575
0.955052596881
127595
0.958709537186
127615
0.956532332034
127635
0.957225024841
127655
0.958409768402
127675
0.959134707254
127695
0.958213903539
127715
0.957379089276
127735
0.959937275472
127755
0.955037071008
127775
0.954871063594
127795
0.952696247038
127815
0.947696915845
127835
0.94750821677
127855
0.945157838416
127875
0.945256965146
127895
0.938153280975
127915
0.937886952534
127935
0.940970629825
127955
0.938105509058
127975
0.936044150806
127995
0.9392424807
128015
0.933872917144
128035
0.932479171444
128055
0.937884563938
128075
0.941393411297
128095
0.943287567836
128115
0.945593757166
128135
0.946553972713
128155
0.943358031415
128175
0.943236213025
128195
0.945797982114
128215
0.946181351754
128235
0.943568227853
128255
0.942463502255
128275
0.94477805167
128295
0.941998920355
128315
0.943286373538
128335
0.942323769395
128355
0.93576349079
128375
0.934722062982
128395
0.928377952305
128415
0.92770078537
128435
0.923850368799
128455
0.92268234541
128475
0.926956737751
128495
0.918059218069
128515
0.924300619124
128535
0.925297857907
128555
0.928776847818
128575
0.929176937629
128595
0.932091024612
128615
0.937430730719
128635
0.941441183215
128655
0.944862846824
128675
0.950943017657
128695
0.950857028205
128715
0.953791418253
128735
0.954634592601
128755
0.959833371551
128775
0.96121636857
128795
0.964971241306
128815
0.96836663036
128835
0.968781051747
128855
0.967024239471
128875
0.962841808072
128895
0.959666169839
128915
0.960363639838
128935
0.957750515937
128955
0.958070587786
128975
0.961021698005
128995
0.965531367041
129015
0.957701549721
129035
0.958808663915
129055
0.961068275625
129075
0.961051555454
129095
0.962382003363
129115
0.961242643125
129135
0.961165013758
129155
0.96529967324
129175
0.963275338225
129195
0.963111719407
129215
0.966075966904
129235
0.967842333563
129255
0.966820014523
129275
0.967558090652
129295
0.963802023618
129315
0.972079702668
129335
0.976704024306
129355
0.976450833142
129375
0.978644758465
129395
0.979913102882
129415
0.978257805931
129435
0.978079855538
129455
0.979419857831
129475
0.983634535275
129495
0.987924453489
129515
0.988549071314
129535
0.988860783077
129555
0.990948415883
129575
0.992184514255
129595
0.994926622334
129615
0.994884821906
129635
0.995177424903
129655
0.997087107315
129675
0.996997534969
129695
0.99702619812
129715
1.0
129735
1.0
129755
1.0
129775
1.0
129795
1.0
129815
1.0
129835
1.0
129855
1.0
