133067
0.0683916823308
133087
0.0742672109962
133107
0.0787310072055
133127
0.0790457589286
133147
0.0777294799499
133167
0.0770182291667
133187
0.0643126370614
133207
0.0433388157895
133227
0.0495354597431
133247
0.0517636865602
133267
0.0661845042293
133287
0.0638309641291
133307
0.0692468475877
133327
0.301701029919
133347
0.116250587406
133367
0.113563204887
133387
0.0603344298246
133407
0.0593720629699
133427
0.059219337406
133447
0.0528053532268
133467
0.0619052514098
133487
0.0671728148496
133507
0.0702586544486
133527
0.070390331297
133547
0.0682321036967
133567
0.0636444627193
133587
0.0674019031955
133607
0.0715039552005
133627
0.0723224075815
133647
0.0771748707707
133667
0.0810590930451
133687
0.0877476895363
133707
0.0892475328947
133727
0.127502839129
133747
0.170993401472
133767
0.248613721805
133787
0.276788651316
133807
0.223088482926
133827
0.132686697212
133847
0.100310835683
133867
0.105520637531
133887
0.0892680921053
133907
0.0824414552005
133927
0.11289160401
133947
0.168116091009
133967
0.180593084273
133987
0.172759046053
134007
0.103142132675
134027
0.0978628211153
134047
0.099298049812
134067
0.116898692043
134087
0.117461622807
134107
0.12989064458
134127
0.119976210056
134147
0.129485823935
134167
0.133342633929
134187
0.135263451598
134207
0.111060365758
134227
0.0953555764411
134247
0.0919642857143
134267
0.123094356986
134287
0.124945175439
134307
0.131106575031
134327
0.134375
134347
0.180484903665
134367
0.183936403509
134387
0.0559048989662
134407
0.0559421013471
134427
0.114352776472
134447
0.108677944862
134467
0.105931821742
134487
0.0990684719612
134507
0.0991203594925
134527
0.0975182095865
134547
0.100302024593
134567
0.0981961740288
134587
0.096365425282
134607
0.109320175439
134627
0.114941651003
134647
0.544765722901
134667
0.544964951441
134687
0.544924322525
134707
0.544854812813
134727
0.589510886591
134747
0.589668017701
134767
0.589702283051
134787
0.589710115132
134807
0.669503348214
134827
0.66951950188
134847
0.669500411184
134867
0.575065104167
134887
0.575236430921
134907
0.575279996867
134927
0.575292723997
134947
0.553408423402
134967
0.553381500627
134987
0.553440241228
135007
0.613866697995
135027
0.613871593045
135047
0.613829006109
135067
0.613864739975
135087
0.568530701754
135107
0.568572799185
135127
0.568602658991
135147
0.584335350094
135167
0.584371573465
135187
0.584398006736
135207
0.584368636435
135227
0.0463952850877
135247
0.0463879425125
135267
0.0463801104323
135287
0.0463859844925
135307
0.63729685542
135327
0.637332589286
135347
0.637310072055
135367
0.572706669016
135387
0.572819744674
135407
0.572820723684
135427
0.572868695175
135447
0.520286556234
135467
0.520250332863
135487
0.52029879386
135507
0.666566807644
135527
0.6666015625
135547
0.66659960448
135567
0.6666015625
135587
0.563606281328
135607
0.563598449248
135627
0.563575932018
135647
0.61524220708
135667
0.615252486685
135687
0.615272066886
135707
0.615272556391
135727
0.522578908208
135747
0.52266799812
135767
0.522772262688
135787
0.540014587249
135807
0.5400488526
135827
0.540085075971
135847
0.540106614192
135867
0.655989093828
135887
0.656026296209
135907
0.655993499373
135927
0.655981751253
135947
0.665929472118
135967
0.665971569549
135987
0.665911849937
136007
0.625513001253
136027
0.625466498277
136047
0.625456218672
136067
0.606482025376
136087
0.606527059837
136107
0.606517759242
136127
0.606532933897
136147
0.643460702538
136167
0.643577694236
136187
0.643575736216
136207
0.643570841165
136227
0.530103579261
136247
0.530109453321
136267
0.530112390351
136287
0.69392671131
136307
0.693967829731
136327
0.693890487939
136347
0.69394824953
136367
0.702874373434
136387
0.702829338972
136407
0.702832765508
136427
0.594778450031
136447
0.59492481203
136467
0.595118656015
136487
0.595149005326
136507
0.67869331532
136527
0.678709468985
136547
0.678677161654
136567
0.706792861059
136587
0.706781602444
136607
0.707004816729
136627
0.707024886435
136647
0.640714089912
136667
0.640714579417
136687
0.640907444392
136707
0.977285009398
136727
0.977289414944
136747
0.977289414944
136767
0.977289414944
136787
0.977287946429
136807
0.977285009398
136827
0.977286477914
136847
0.977286477914
136867
1.0
136887
1.0
136907
0.845768718672
136927
0.845798578477
136947
0.845814732143
136967
0.845829906798
136987
0.845834312343
137007
0.845853403039
137027
0.845856340069
137047
0.845856340069
137067
0.845872493734
137087
0.845863193139
137107
0.85369821037
137127
0.853741286811
137147
0.853744713346
137167
0.853756461466
137187
0.853768699091
137207
0.853753034931
137227
0.853764293546
137247
0.853798069392
137267
0.853769678102
137287
0.853792684837
137307
0.853789747807
137327
0.824687695802
137347
0.824698464912
137367
0.824697975407
137387
0.824719024123
137407
0.824726366698
137427
0.824720982143
137447
0.824720003133
137467
0.824719513628
137487
0.824720492638
137507
0.824721471648
137527
0.824725877193
137547
0.816247160871
137567
0.816246671366
137587
0.816247650376
137607
0.816247650376
137627
0.816254503446
137647
0.816250587406
137667
0.816250587406
137687
0.816255971961
137707
0.816254503446
137727
0.816260867011
137747
0.816263804041
137767
0.75195997807
137787
0.752008439066
137807
0.752105361059
137827
0.752093612939
137847
0.752102424029
137867
0.752118088189
137887
0.75213962641
137907
0.752151864035
137927
0.752139136905
137947
0.752123472744
137967
0.752122983239
137987
0.83398829104
138007
0.834002486685
138027
0.83398731203
138047
0.833993675595
138067
0.83397947995
138087
0.83398535401
138107
0.83399318609
138127
0.83398633302
138147
0.83398241698
138167
0.833995633615
138187
0.850671600877
138207
0.850682859492
138227
0.850963345865
138247
0.851671170113
138267
0.852564027256
138287
0.852727032425
138307
0.85272654292
138327
0.852770598371
138347
0.852782346491
138367
0.852810737782
138387
0.852869478383
138407
0.784918840069
138427
0.78496779057
138447
0.785019188596
138467
0.785053453947
138487
0.785077439693
138507
0.785105830984
138527
0.785155760495
138547
0.785201284461
138567
0.785259535558
138587
0.785266388628
138607
0.785264920113
138627
0.821025708803
138647
0.821057037124
138667
0.821051652569
138687
0.821058995144
138707
0.821065848214
138727
0.821056547619
138747
0.821075638315
138767
0.821059484649
138787
0.821057526629
138807
0.821037456924
138827
0.821042351974
138847
0.811797070802
138867
0.811795112782
138887
0.811825951598
138907
0.811849447838
138927
0.811882244674
138947
0.811890566259
138967
0.811892524279
138987
0.81189839834
139007
0.811892524279
139027
0.81189546131
139047
0.811903782895
139067
0.803081923559
139087
0.803155838816
139107
0.803312969925
139127
0.803409891917
139147
0.803438772713
139167
0.803414297462
139187
0.80350485589
139207
0.803521009555
139227
0.80352149906
139247
0.803421640038
139267
0.842825814536
139287
0.842840499687
139307
0.842890429198
139327
0.842939379699
139347
0.843019169016
139367
0.843006931391
139387
0.843045112782
139407
0.843027980107
139427
0.843034833177
139447
0.843026511591
139467
0.843060287437
139487
0.822274925595
139507
0.822299400846
139527
0.822306253916
139547
0.822353246397
139567
0.822355204417
139587
0.822387511748
139607
0.822407091949
139627
0.822398770363
139647
0.822411497494
139667
0.822426182644
139687
0.822436951754
139707
0.835657503133
139727
0.835667782738
139747
0.835682467888
139767
0.835680999373
139787
0.835723096805
139807
0.835711838189
139827
0.835716243734
139847
0.835727012845
139867
0.835736802945
139887
0.83573631344
139907
0.83574120849
139927
0.844461250783
139947
0.844477404449
139967
0.844481809994
139987
0.844499432174
140007
0.8445214599
140027
0.84453908208
140047
0.844541529605
140067
0.844571878916
140087
0.844566494361
140107
0.844563557331
140127
0.844570899906
140147
0.838714461936
140167
0.838725720551
140187
0.838753622337
140207
0.838755090852
140227
0.838755090852
140247
0.838778097588
140267
0.838775650063
140287
0.838772223528
140307
0.838785440163
140327
0.838801104323
140347
0.833204593515
140367
0.83320704104
140387
0.833240327381
140407
0.833248159461
140427
0.833250117481
140447
0.833251585996
140467
0.833260397086
140487
0.833265292137
140507
0.833272634712
140527
0.833279977287
140547
0.833281935307
140567
0.829996867168
140587
0.830046307174
140607
0.83009085213
140627
0.830144208177
140647
0.830154487782
140667
0.830165746397
140687
0.830161340852
140707
0.830172599467
140727
0.830232319079
140747
0.830247004229
140767
0.830266094925
140787
0.870762844612
140807
0.870763334117
140827
0.870769697682
140847
0.870779487782
140867
0.870791235902
140887
0.870810816103
140907
0.870819627193
140927
0.870802005013
140947
0.870813753133
140967
0.870812774123
140987
0.870813263628
141007
0.826976131736
141027
0.826982984806
141047
0.827003054511
141067
0.826989348371
141087
0.826985921836
141107
0.827000606986
141127
0.827019208177
141147
0.827022634712
141167
0.827024103227
141187
0.827031445802
141207
0.827027040257
141227
0.935200305451
141247
0.935197368421
141267
0.935200305451
141287
0.935198836936
141307
0.935192962876
141327
0.935192962876
141347
0.935198836936
141367
0.924644619361
141387
0.924644619361
141407
0.924668115602
141427
0.924671052632
141447
0.924675458177
141467
0.924681332237
141487
0.924678395207
141507
0.924547697368
141527
0.924559445489
141547
0.924582941729
141567
0.92460643797
141587
0.924613780545
141607
0.92462112312
141627
0.924631402726
141647
0.97189262218
141667
0.97189262218
141687
0.97189262218
141707
0.971899964756
141727
0.971899964756
141747
0.971901433271
141767
0.971901433271
141787
0.941560444079
141807
0.941563381109
141827
0.941564849624
141847
0.941564849624
141867
0.941564849624
141887
0.941567786654
141907
0.941567786654
141927
0.941567786654
141947
0.941567786654
141967
0.940230948465
141987
0.94021968985
142007
0.940217242325
142027
0.940253955201
142047
0.940278430451
142067
0.940306332237
142087
0.940332276003
142107
0.940343045113
142127
0.803910655545
142147
0.803944431391
142167
0.803934151786
142187
0.803995339912
142207
0.803993871397
142227
0.804016388628
142247
0.80409960448
142267
0.80409373042
142287
0.80409960448
142307
0.812970903822
142327
0.812959645207
142347
0.812976777882
142367
0.813027196898
142387
0.813017896303
142407
0.813041882049
142427
0.813087406015
142447
0.81309181156
142467
0.831464403195
142487
0.831607828164
142507
0.831715519267
142527
0.831790413534
142547
0.831786007989
142567
0.831876566416
142587
0.831926495927
142607
0.837196017387
142627
1.0
142647
1.0
