124485
0.160941946138
124505
0.119730691057
124525
0.117439236111
124545
0.115724932249
124565
0.117467394986
124585
0.113917682927
124605
0.109188473916
124625
0.105738270664
124645
0.100343834688
124665
0.0721910992547
124685
0.0696186907182
124705
0.0704124322493
124725
0.074159679878
124745
0.0789369495257
124765
0.0834955115176
124785
0.0857384823848
124805
0.0812618563686
124825
0.100628599255
124845
0.100530572493
124865
0.169496104336
124885
0.203607511856
124905
0.291278582317
124925
0.0886602303523
124945
0.0886706046748
124965
0.0896898289295
124985
0.0895198170732
125005
0.0891838160569
125025
0.0881897865854
125045
0.0887159129404
125065
0.0892591886856
125085
0.0883174542683
125105
0.0866423187669
125125
0.0860492886179
125145
0.0862176067073
125165
0.0897565210027
125185
0.0905326897019
125205
0.0921722560976
125225
0.0934698932927
125245
0.0941067496612
125265
0.0944397865854
125285
0.0915015243902
125305
0.0914591802168
125325
0.09136962229
125345
0.0920026676829
125365
0.0919376693767
125385
0.091983401084
125405
0.0920356961382
125425
0.093526846206
125445
0.0948251185637
125465
0.0974997882791
125485
0.097574949187
125505
0.0976090362466
125525
0.0964361026423
125545
0.096235602981
125565
0.0961187330623
125585
0.0959317835366
125605
0.0958898628049
125625
0.096104971206
125645
0.0950245596206
125665
0.0952127794715
125685
0.0949589261518
125705
0.0954545647019
125725
0.0942236195799
125745
0.0933422256098
125765
0.0938128810976
125785
0.0938560721545
125805
0.0939348323171
125825
0.0947253980352
125845
0.0920733824526
125865
0.0920960365854
125885
0.0924225101626
125905
0.0927959857724
125925
0.0928474339431
125945
0.0925042344173
125965
0.0932041836043
125985
0.0931899983062
126005
0.0953199102304
126025
0.0994939871274
126045
0.104271468496
126065
0.104449102304
126085
0.0905731283875
126105
0.119829776423
126125
0.104284806911
126145
0.104545223577
126165
0.104720740176
126185
0.104937965786
126205
0.114831681911
126225
0.112660272696
126245
0.111459815379
126265
0.111483528117
126285
0.108571095867
126305
0.111442665989
126325
0.11141366023
126345
0.1115087229
126365
0.111555724932
126385
0.150050389566
126405
0.15217035061
126425
0.171317962398
126445
0.211592352642
126465
0.228171155149
126485
0.220225059282
126505
0.217767826897
126525
0.218461636179
126545
0.217213118225
126565
0.21671133977
126585
0.216275618225
126605
0.216975355691
126625
0.216123390921
126645
0.213285907859
126665
0.210737000339
126685
0.207324059959
126705
0.201698424797
126725
0.200883087737
126745
0.201667090108
126765
0.201028751694
126785
0.194379022696
126805
0.193705326897
126825
0.0687663025068
126845
0.0694541836043
126865
0.070376227981
126885
0.0700594935637
126905
0.0701416412602
126925
0.0697099424119
126945
0.0693968072493
126965
0.0682435636856
126985
0.199573170732
127005
0.198770113482
127025
0.190785272696
127045
0.148953887195
127065
0.120931360095
127085
0.132671917344
127105
0.135281588753
127125
0.132588711043
127145
0.103072281504
127165
0.0966725948509
127185
0.0820077489837
127205
0.0835950203252
127225
0.0826812330623
127245
0.0800851117886
127265
0.0796548949864
127285
0.0781993140244
127305
0.0787773119919
127325
0.0566126778455
127345
0.0505221036585
127365
0.0507619834011
127385
0.0515853658537
127405
0.0508847815041
127425
0.0507511856369
127445
0.0496271595528
127465
0.0504270409892
127485
0.051120850271
127505
0.050868902439
127525
0.0526545562331
127545
0.0543739413957
127565
0.0501247035908
127585
0.0507141344851
127605
0.0508202066396
127625
0.0507738397696
127645
0.051104971206
127665
0.0510425135501
127685
0.0500976033198
127705
0.0502074864499
127725
0.050958248645
127745
0.0517587652439
127765
0.0514155657182
127785
0.0511483739837
127805
0.0697556741192
127825
0.0712754065041
127845
0.0706533705962
127865
0.0695530572493
127885
0.0700224424119
127905
0.0692443682249
127925
0.0673795308266
127945
0.101431868225
127965
0.103382664295
127985
0.0986879657859
128005
0.0969027354336
128025
0.0999542682927
128045
0.099564701897
128065
0.0994184027778
128085
0.0904827235772
128105
0.092004149729
128125
0.0935744834011
128145
0.0905182926829
128165
0.0900656334688
128185
0.0960766006098
128205
0.0923418445122
128225
0.0920384485095
128245
0.0926541327913
128265
0.0938848661924
128285
0.100920774051
128305
0.129343453591
128325
0.141031292344
128345
0.142688431572
128365
0.0969167090108
128385
0.0958422256098
128405
0.0954998729675
128425
0.0955492039295
128445
0.0934656588753
128465
0.145311441396
128485
0.148922764228
128505
0.123221332995
128525
0.120794164973
128545
0.0969967394986
128565
0.112463584011
128585
0.133156334688
128605
0.133452320461
128625
0.129195460705
128645
0.128545054201
128665
0.119246273713
128685
0.0991355436992
128705
0.0954016344851
128725
0.122869876355
128745
0.124767318767
128765
0.113744283537
128785
0.0784724339431
128805
0.076573721206
128825
0.0762250169377
128845
0.0757516090786
128865
0.0740201558266
128885
0.0770670308266
128905
0.0733096205962
128925
0.073890370935
128945
0.0751731876694
128965
0.187469935637
128985
0.0957452574526
129005
0.0615620765583
129025
0.0706819529133
129045
0.0705989583333
129065
0.0672518631436
129085
0.0647283621274
129105
0.0615104166667
129125
0.0738933350271
129145
0.0698223661924
129165
0.0893866446477
129185
0.134462017276
129205
0.150470020325
129225
0.069714600271
129245
0.0615631351626
129265
0.066106453252
129285
0.0696593411247
129305
0.0822853150407
129325
0.0880318428184
129345
0.0561386348238
129365
0.063040523374
129385
0.0818690718157
129405
0.138480479336
129425
0.240414337737
129445
0.213282732046
129465
1.0
129485
1.0
129505
1.0
129525
0.999259188686
129545
0.996561229675
129565
0.993178353659
129585
0.987226033198
129605
0.98061526084
129625
0.977619834011
129645
0.972505716463
129665
0.965916963076
129685
0.961243436653
129705
0.955332401762
129725
0.951963922764
129745
0.945034722222
129765
0.940792682927
129785
0.933321900407
129805
0.932740091463
129825
0.924171536247
129845
0.925676659892
129865
0.924693851626
129885
0.922180513211
129905
0.920709053184
129925
0.921222688008
129945
0.92316882622
129965
0.920432334011
129985
0.91899665481
130005
0.916870342141
130025
0.91948721206
130045
0.916122755759
130065
0.917444317412
130085
0.915671155149
130105
0.918806741192
130125
0.917666412602
130145
0.923906885163
130165
0.925976033198
130185
0.929086212737
130205
0.931378514566
130225
0.933304327575
130245
0.933292471206
130265
0.928505038957
130285
0.928474762873
130305
0.924614879743
130325
0.927091378726
130345
0.924012533875
130365
0.92683837229
130385
0.926226498984
130405
0.926238143631
130425
0.92390857893
130445
0.920864879743
130465
0.921287051152
130485
0.915866996951
130505
0.922368521341
130525
0.928786204268
130545
0.929826177168
130565
0.928119706978
130585
0.929717776084
130605
0.930702066396
130625
0.930930936653
130645
0.929645579268
130665
0.929935636856
130685
0.928092606707
130705
0.930664803523
130725
0.931088033537
130745
0.932529429201
130765
0.933356410908
130785
0.927257791328
130805
0.92626714939
130825
0.933666158537
130845
0.929833799119
130865
0.93317390752
130885
0.934966759824
130905
0.937610518293
130925
0.938604336043
130945
0.93869135332
130965
0.939816438008
130985
0.933523246951
131005
0.936214642615
131025
0.935741869919
131045
0.939182969173
131065
0.940882029133
131085
0.940011009485
131105
0.944740218496
131125
0.946904640921
131145
0.947136475271
131165
0.948226202575
131185
0.948003260501
131205
0.945837144309
131225
0.946624322493
131245
0.951900829946
131265
0.95735116023
131285
0.954434917005
131305
0.946370680894
131325
0.944228700881
131345
0.938593961721
131365
0.936175474255
131385
0.931529683266
131405
0.931622205285
131425
0.927647357724
131445
0.926232427168
131465
0.927510374322
131485
0.931706893631
131505
0.929851583672
131525
0.931495172764
131545
0.92698001355
131565
0.929115641938
131585
0.931447959011
131605
0.93107660061
131625
0.93208735603
131645
0.937118690718
131665
0.936734840786
131685
0.939315718157
131705
0.943582740515
131725
0.940550685976
131745
0.93917492378
131765
0.930775745257
131785
0.931558689024
131805
0.927759781504
131825
0.930571011179
131845
0.932779048103
131865
0.934684747629
131885
0.935697196816
131905
0.935640032182
131925
0.933857765921
131945
0.931981919038
131965
0.929816438008
131985
0.929489329268
132005
0.931533494241
132025
0.934023119919
132045
0.933657054539
132065
0.938619368225
132085
0.940770875678
132105
0.937893377371
132125
0.934880165989
132145
0.934155868902
132165
0.936994834011
132185
0.943100016938
132205
0.942164634146
132225
0.939625465786
132245
0.942971925813
132265
0.937783494241
132285
0.938636729336
132305
0.942020452236
132325
0.942215870596
132345
0.933209264905
132365
0.934208375678
132385
0.938319783198
132405
0.931866319444
132425
0.924086001016
132445
0.917914549458
132465
0.919631817412
132485
0.920805386179
132505
0.914230606369
132525
0.913397484756
132545
0.914686653117
132565
0.914027777778
132585
0.913794884824
132605
0.922265413279
132625
0.91998052168
132645
0.909592860772
132665
0.901137999661
132685
0.90720464939
132705
0.91368161416
132725
0.907440929878
132745
0.912179242886
132765
0.920391260163
132785
0.926340828252
132805
0.926158536585
132825
0.92874745935
132845
0.926568004743
132865
0.918284214092
132885
0.921418106369
132905
0.918169673103
132925
0.921247882791
132945
0.92743161416
132965
0.925850694444
132985
0.927713414634
133005
0.930120892615
133025
0.929459900068
133045
0.929651507453
133065
0.933108274051
133085
0.929271045054
133105
0.92298822832
133125
0.927654344512
133145
0.932152142615
133165
0.939610221883
133185
0.949325033875
133205
0.957590193089
133225
0.960998052168
133245
0.960708629743
133265
0.961018800813
133285
0.958566014566
133305
0.95803946477
133325
0.95553226626
133345
0.958827489837
133365
0.967162516938
133385
0.966889820461
133405
0.972010501355
133425
0.971180767276
133445
0.96789803523
133465
0.969736830962
133485
0.965735306572
133505
0.96756351626
133525
0.966041243225
133545
0.972402608401
133565
0.97478510332
133585
0.978093665312
133605
0.97976329607
133625
0.979912982724
133645
0.968714430894
133665
0.965919927168
133685
0.965604886518
133705
0.965987466125
133725
0.966357554201
133745
0.971923484079
133765
0.973001355014
133785
0.973967437331
133805
0.978069740854
133825
0.978839557927
133845
0.978970401423
133865
0.978760797764
133885
0.979004065041
133905
0.988001778455
133925
0.996648246951
133945
0.99661140752
133965
0.999999576558
133985
1.0
134005
1.0
134025
1.0
134045
1.0
134065
1.0
