117602
0.0573794246343
117622
0.0578655629572
117642
0.0577500489812
117662
0.0580749575496
117682
0.0588341660136
117702
0.0595329643417
117722
0.059641131139
117742
0.0595333725183
117762
0.0592590778474
117782
0.0596619481452
117802
0.0595052083333
117822
0.058692120559
117842
0.058545585162
117862
0.0836496701933
117882
0.0937969403083
117902
0.106469190831
117922
0.124493861024
117942
0.13655098942
117962
0.159631743077
117982
0.175592672414
118002
0.193268759796
118022
0.179288711468
118042
0.169267567921
118062
0.162208153736
118082
0.165131106322
118102
0.291769118992
118122
0.287679597701
118142
0.285993012017
118162
0.284816647074
118182
0.285539527821
118202
0.283154960162
118222
0.282284319488
118242
0.108181899817
118262
0.101274327325
118282
0.0980015673981
118302
0.10195067594
118322
0.105295683124
118342
0.107738620037
118362
0.0839411082811
118382
0.0818365497649
118402
0.108821104363
118422
0.137728987069
118442
0.231776955982
118462
0.0901409025601
118482
0.106369595742
118502
0.189902527429
118522
0.494355325888
118542
1.0
118562
1.0
118582
1.0
118602
1.0
118622
0.996273755878
118642
0.996309267241
118662
0.996303144592
118682
0.996343554075
118702
0.998108101489
118722
0.994940242947
118742
0.994961059953
118762
0.994950039185
118782
0.994974529781
118802
1.0
118822
0.992760579937
118842
0.992729966693
118862
0.992860991379
118882
0.992916095219
118902
0.99832729232
118922
0.997978301332
118942
0.997988097571
118962
0.998016261755
118982
0.998075039185
119002
0.997679516066
119022
0.997524000784
119042
0.997559512147
119062
0.997569308386
119082
0.997760335031
119102
0.996510090125
119122
0.996458659875
119142
0.996484375
119162
0.99648559953
119182
0.997192153213
119202
0.997957484326
119222
0.998019935345
119242
0.998007690047
119262
0.998005240987
119282
1.0
119302
0.997596248041
119322
0.997635432994
119342
0.997640331113
119362
0.997666046238
119382
0.998501175549
119402
0.998219533699
119422
0.998221982759
119442
0.99821586011
119462
0.998285658307
119482
0.99559169279
119502
0.995235354624
119522
0.995240252743
119542
0.995239028213
119562
0.99559291732
119582
0.992488734326
119602
0.992414038009
119622
0.992425058777
119642
0.992431181426
119662
0.993538156348
119682
0.994904731583
119702
0.994927997649
119722
0.994937793887
119742
0.994930446708
119762
1.0
119782
0.995673736285
119802
0.995681083464
119822
0.995684757053
119842
0.995712921238
119862
0.996410903213
119882
0.995665164577
119902
0.995662715517
119922
0.995672511755
119942
0.995897825235
119962
0.995236579154
119982
0.994953712774
120002
0.994943916536
120022
0.994956161834
120042
0.995441075627
120062
0.996690096003
120082
0.996665605408
120102
0.99665336011
120122
0.996682748824
120142
0.997133375784
120162
0.994684316223
120182
0.994701459639
120202
0.994685540752
120222
0.994730848354
120242
1.0
120262
0.993399784483
120282
0.993404682602
120302
0.993500195925
120322
0.99352836011
120342
0.996990105799
120362
0.996394984326
120382
0.996396208856
120402
0.996467231583
120422
0.996587235502
120442
0.995444749216
120462
0.995109228056
120482
0.995187597962
120502
0.995190047022
120522
0.995551283307
120542
0.963331455721
120562
0.963384110502
120582
0.963591056034
120602
0.962373873433
120622
0.962139988245
120642
0.961989371082
120662
0.962250195925
120682
0.960357072884
120702
0.957661882837
120722
0.959703173981
120742
0.963048589342
120762
0.966226244122
120782
0.969386755486
120802
0.970970072492
120822
0.975093064263
120842
0.977462529389
120862
0.980837333464
120882
0.983834982367
120902
0.98794450431
120922
0.985736677116
120942
0.982326361677
120962
0.980211598746
120982
0.978728693182
121002
0.978558483542
121022
0.975573079937
121042
0.974801626176
121062
0.974521208856
121082
0.974468554075
121102
0.974579986285
121122
0.976300450627
121142
0.977908258229
121162
0.976044523903
121182
0.973928536442
121202
0.971357023903
121222
0.971368044671
121242
0.970794964734
121262
0.969013273903
121282
0.966536050157
121302
0.962737558777
121322
0.958659874608
121342
0.955898559953
121362
0.956405515282
121382
0.957328810737
121402
0.956507151254
121422
0.956940634796
121442
0.95373848942
121462
0.952506612461
121482
0.95262171826
121502
0.947335423197
121522
0.945706798589
121542
0.944997795846
121562
0.941675646552
121582
0.94062377547
121602
0.941556867163
121622
0.942597717476
121642
0.944470023511
121662
0.943454888323
121682
0.944575333072
121702
0.946533356191
121722
0.949343652038
121742
0.949947345219
121762
0.95128453174
121782
0.951518416928
121802
0.952936422414
121822
0.951410658307
121842
0.95055716105
121862
0.950509404389
121882
0.950704104624
121902
0.950911050157
121922
0.952646208856
121942
0.952144151646
121962
0.955249559169
121982
0.955400176332
122002
0.955822639107
122022
0.955867946708
122042
0.955754065439
122062
0.953314802116
122082
0.952798050549
122102
0.953023364028
122122
0.95362828174
122142
0.954083806818
122162
0.952251910266
122182
0.951410658307
122202
0.952822541144
122222
0.95173026058
122242
0.95256906348
122262
0.952893563871
122282
0.951493926332
122302
0.952340076411
122322
0.949194259404
122342
0.951621277429
122362
0.952500489812
122382
0.95223109326
122402
0.952587431426
122422
0.951698422806
122442
0.951529437696
122462
0.951607807602
122482
0.951482905564
122502
0.950028164185
122522
0.949447737069
122542
0.950214292712
122562
0.951033503135
122582
0.949388959639
122602
0.950063675549
122622
0.947793397335
122642
0.947969729624
122662
0.946747648903
122682
0.946920307602
122702
0.947028066223
122722
0.949087725313
122742
0.945252498041
122762
0.944722276646
122782
0.945711696708
122802
0.947597472571
122822
0.945829251567
122842
0.946076606583
122862
0.944572884013
122882
0.94430961011
122902
0.945851293103
122922
0.944879016458
122942
0.945777821317
122962
0.948075039185
122982
0.947815438871
123002
0.94464513127
123022
0.946488048589
123042
0.942276890674
123062
0.944340223354
123082
0.941785854232
123102
0.942756906348
123122
0.942584247649
123142
0.943876126567
123162
0.942827929075
123182
0.942650372257
123202
0.943287127743
123222
0.945054124216
123242
0.945656592868
123262
0.946866428292
123282
0.947455427116
123302
0.948743632445
123322
0.949317936912
123342
0.949059561129
123362
0.949172217868
123382
0.948765673981
123402
0.94760237069
123422
0.948316271552
123442
0.947198275862
123462
0.948143612853
123482
0.949717133621
123502
0.951224529781
123522
0.951722913401
123542
0.949047315831
123562
0.948765673981
123582
0.943992456897
123602
0.941930348746
123622
0.941583806818
123642
0.941747893809
123662
0.939920895376
123682
0.941456455721
123702
0.941316859326
123722
0.940422952586
123742
0.941272776254
123762
0.939631906348
123782
0.939820483934
123802
0.939169034091
123822
0.937379996082
123842
0.936777527429
123862
0.938189410266
123882
0.937419181034
123902
0.939128624608
123922
0.937762049373
123942
0.935641163793
123962
0.934197443182
123982
0.937540409483
124002
0.936061177508
124022
0.940688675549
124042
0.942471590909
124062
0.945862313871
124082
0.947854623824
124102
0.9477138029
124122
0.948192594044
124142
0.951455965909
124162
0.950395523119
124182
0.949238342476
124202
0.949027723354
124222
0.948362803683
124242
0.946970513323
124262
0.945985991379
124282
0.948219533699
124302
0.948682405956
124322
0.94838362069
124342
0.946661931818
124362
0.948810981583
124382
0.94559169279
124402
0.946406005094
124422
0.947288891066
124442
0.949024049765
124462
0.9483799471
124482
0.94910976685
124502
0.948781592868
124522
0.949791829937
124542
0.942442202194
124562
0.943781837774
124582
0.938603301332
124602
0.933963557994
124622
0.929885873824
124642
0.927944994122
124662
0.930620591693
124682
0.931965125392
124702
0.930822639107
124722
0.933363538401
124742
0.934182748824
124762
0.931906347962
124782
0.931189998041
124802
0.932180642633
124822
0.934021110893
124842
0.932409629702
124862
0.929889547414
124882
0.931218162226
124902
0.930330378135
124922
0.928815634796
124942
0.926834345611
124962
0.925067349138
124982
0.922024392633
125002
0.92226684953
125022
0.926154731583
125042
0.924270180251
125062
0.927840909091
125082
0.929643416928
125102
0.931671238245
125122
0.927461304859
125142
0.927322932994
125162
0.926948226881
125182
0.926660462382
125202
0.922020719044
125222
0.919206749608
125242
0.91707851685
125262
0.913137980016
125282
0.905512833072
125302
0.90301356779
125322
0.902547021944
125342
0.90574794279
125362
0.9050205721
125382
0.906231632053
125402
0.906573275862
125422
0.907945973746
125442
0.911068524687
125462
0.912785315439
125482
0.914623334639
125502
0.914972325627
125522
0.915369073276
125542
0.915358052508
125562
0.916502987853
125582
0.917248726489
125602
0.91741281348
125622
0.913131857367
125642
0.909828076019
125662
0.908188430643
125682
0.908516604624
125702
0.909172952586
125722
0.908510481975
125742
0.908388028997
125762
0.910546875
125782
0.910135432994
125802
0.909242750784
125822
0.907579839342
125842
0.90976440047
125862
0.904258914577
125882
0.897332157785
125902
0.889536393025
125922
0.887493877351
125942
0.889252710293
125962
0.888795144331
125982
0.889349448145
126002
0.889657213297
126022
0.893358966823
126042
0.89073765674
126062
0.893121816223
126082
0.898239942529
126102
0.902735191353
126122
0.908809267241
126142
0.913402886625
126162
0.919416144201
126182
0.924746522335
126202
0.930875293887
126222
0.93547381139
126242
0.943366722179
126262
0.948125244906
126282
0.952403343783
126302
0.955703043365
126322
0.956185508098
126342
0.959848484848
126362
0.965544997388
126382
0.971284776646
126402
0.969303487461
126422
0.969956161834
126442
0.971432944749
126462
0.974146502743
126482
0.975609815831
126502
0.975697981975
126522
0.981488783307
126542
0.984601538009
126562
0.98454276058
126582
0.98443010384
126602
0.98465174373
126622
0.984436226489
126642
0.984530515282
126662
0.98292270768
126682
0.982944749216
126702
0.981525519201
126722
0.980305887539
126742
0.978367456897
126762
0.978306230408
126782
0.97633841105
126802
0.974868975313
126822
0.975172658699
126842
0.978084590517
126862
0.980514057602
126882
0.984133767633
126902
0.985780760188
126922
0.985084002743
126942
0.986188528605
126962
0.985908111285
126982
0.985784433777
127002
0.986062402038
127022
0.982381465517
127042
0.982249216301
127062
0.983821512539
127082
0.984741134404
127102
0.991848305251
127122
1.0
127142
1.0
127162
1.0
127182
1.0
