161737
0.255461090686
161757
0.217186063879
161777
0.22746629902
161797
0.244534122243
161817
0.234087775735
161837
0.245760091146
161857
0.184920247396
161877
0.215377987132
161897
0.18826305913
161917
0.18541618796
161937
0.200975605086
161957
0.194902248009
161977
0.16937567019
161997
0.174354224112
162017
0.159939874387
162037
0.204754040288
162057
0.184847483915
162077
0.191260723039
162097
0.202475394455
162117
0.18318493413
162137
0.190837067249
162157
0.18566272212
162177
0.187050015319
162197
0.172238338695
162217
0.175209673713
162237
0.185335765165
162257
0.188918887868
162277
0.214155847886
162297
0.207824946385
162317
0.243463254442
162337
0.193705958946
162357
0.16570111443
162377
0.157117895987
162397
0.182205499387
162417
0.198386278339
162437
0.203409830729
162457
0.184781422335
162477
0.17435278799
162497
0.156193033854
162517
0.186119887408
162537
0.177709960937
162557
0.197895124847
162577
0.195125804228
162597
0.189798751532
162617
0.159031767004
162637
0.164892578125
162657
0.136513863358
162677
0.127491670496
162697
0.146665804994
162717
0.149317363664
162737
0.181609030331
162757
0.140278894761
162777
0.122057387408
162797
0.146293370864
162817
0.149126838235
162837
0.161505725337
162857
0.205566884957
162877
0.182410864737
162897
0.219472369026
162917
0.166704963235
162937
0.144216260723
162957
0.12816808364
162977
0.121220128676
162997
0.119384765625
163017
0.145635627298
163037
0.162511488971
163057
0.166558957567
163077
0.152834903493
163097
0.146164598652
163117
0.15767846201
163137
0.131906786152
163157
0.149343213848
163177
0.15474207261
163197
0.153642003676
163217
0.217293294271
163237
0.237972483915
163257
0.213243910846
163277
0.2255859375
163297
0.209733551624
163317
0.191523054534
163337
0.213969152114
163357
0.196071250766
163377
0.197738587623
163397
0.180400773591
163417
0.163661343444
163437
0.196415441176
163457
0.177466777727
163477
0.163139073989
163497
0.179217888327
163517
0.174748200061
163537
0.192296166513
163557
0.203001493566
163577
1.0
163597
1.0
163617
1.0
163637
1.0
163657
1.0
163677
1.0
163697
0.980123602175
163717
0.977756874234
163737
0.977733417586
163757
0.977789905025
163777
0.977780809589
163797
0.979830154718
163817
0.979832548254
163837
0.979832548254
163857
0.979836856618
163877
0.986875765931
163897
0.982901539522
163917
0.978604185815
163937
0.978653971354
163957
0.978676470588
163977
0.978710458793
163997
0.978719075521
164017
0.978711416207
164037
0.978719554228
164057
0.980576459099
164077
0.980586033241
164097
0.983804859835
164117
1.0
164137
0.995904181985
164157
0.993705480239
164177
0.993602558211
164197
0.993602558211
164217
0.993429744945
164237
0.99821729473
164257
0.994865866268
164277
0.99517846201
164297
0.995341701134
164317
0.995361328125
164337
0.999972713695
164357
0.994801719516
164377
0.99529430913
164397
0.995274203431
164417
0.995353668811
164437
1.0
164457
0.989979702819
164477
0.99048761106
164497
0.990439740349
164517
0.990455058977
164537
0.997292432598
164557
0.989275524663
164577
0.989895450368
164597
0.989989755668
164617
0.989988798254
164637
0.995229204963
164657
0.994150199142
164677
0.993540804994
164697
0.993573835784
164717
0.993554208793
164737
0.995684455423
164757
0.991978304994
164777
0.991318646599
164797
0.991761929381
164817
0.991826076134
164837
0.993907494638
164857
0.994768210018
164877
0.993577665441
164897
0.99357958027
164917
0.993568570006
164937
0.99486060049
164957
0.996313476563
164977
0.995264629289
164997
0.995281384038
165017
0.995303404565
165037
0.995755304075
165057
0.996526022518
165077
0.995169366575
165097
0.995211971507
165117
0.995217715993
165137
0.99516027114
165157
0.996754365809
165177
0.994794060202
165197
0.994913258272
165217
0.994928098192
165237
0.994847675398
165257
0.998095703125
165277
0.994735657935
165297
0.995185163909
165317
0.995188036152
165337
0.995183249081
165357
1.0
165377
0.994928098192
165397
0.995221066942
165417
0.995232077206
165437
0.995235906863
165457
0.998331227022
165477
0.995874023437
165497
0.995503982843
165517
0.995523609835
165537
0.995532226562
165557
0.996185183058
165577
0.997755342371
165597
0.993472828585
165617
0.989975394455
165637
0.985678519455
165657
0.980967562806
165677
0.978402650123
165697
0.971272786458
165717
0.968468041513
165737
0.966969688266
165757
0.96300647212
165777
0.961218979779
165797
0.963477998621
165817
0.963038545496
165837
0.963230028339
165857
0.96106818704
165877
0.960712986366
165897
0.961731675092
165917
0.958785232843
165937
0.957212679994
165957
0.959660309436
165977
0.963618259804
165997
0.958337641697
166017
0.95863013174
166037
0.959359681373
166057
0.964698223039
166077
0.95962823606
166097
0.96107153799
166117
0.960140931373
166137
0.958457318474
166157
0.955849800858
166177
0.950483494179
166197
0.956903435202
166217
0.950764016544
166237
0.949022001379
166257
0.951593137255
166277
0.95061083027
166297
0.94822399663
166317
0.945640893076
166337
0.948193838082
166357
0.948714671415
166377
0.946555223652
166397
0.942843328738
166417
0.940731272978
166437
0.938590494792
166457
0.942118087469
166477
0.932924517463
166497
0.934044213388
166517
0.931779450061
166537
0.927574486826
166557
0.930168121936
166577
0.924710860907
166597
0.926614200368
166617
0.923746744792
166637
0.928073299632
166657
0.919217696844
166677
0.929346660539
166697
0.92722120098
166717
0.937587603401
166737
0.942514935662
166757
0.939906460631
166777
0.945184206495
166797
0.949623257506
166817
0.953601313572
166837
0.947197648591
166857
0.950946882659
166877
0.952985217525
166897
0.952719056373
166917
0.948370481005
166937
0.945716050092
166957
0.945109049479
166977
0.94541015625
166997
0.943605909161
167017
0.941855755974
167037
0.941697303922
167057
0.942815563725
167077
0.943273207721
167097
0.939794921875
167117
0.942096066942
167137
0.943232996324
167157
0.944335458793
167177
0.943773456648
167197
0.942828488817
167217
0.947729970895
167237
0.944450827206
167257
0.942065429687
167277
0.934172028186
167297
0.939639820772
167317
0.939916034773
167337
0.939674766391
167357
0.935926968444
167377
0.937874348958
167397
0.93305089614
167417
0.932471181832
167437
0.935409964767
167457
0.936537798713
167477
0.935606713388
167497
0.937769512102
167517
0.935668466605
167537
0.93851294424
167557
0.94676250383
167577
0.942705461091
167597
0.946458524816
167617
0.950929170496
167637
0.948460956648
167657
0.950101485907
167677
0.953756414675
167697
0.95150792739
167717
0.953780350031
167737
0.953322706036
167757
0.948506912531
167777
0.950246534161
167797
0.952129289216
167817
0.950167547488
167837
0.953612802543
167857
0.956515682445
167877
0.953915824142
167897
0.953618547028
167917
0.957278262868
167937
0.95217333027
167957
0.944964479933
167977
0.942486213235
167997
0.935034658395
168017
0.929923981311
168037
0.927943091299
168057
0.923557176777
168077
0.923041609222
168097
0.917490042892
168117
0.915978764553
168137
0.916123334099
168157
0.920534620098
168177
0.925094784007
168197
0.93384698606
168217
0.931960880055
168237
0.935051413143
168257
0.937707280178
168277
0.934291704963
168297
0.936792470895
168317
0.940104166667
168337
0.937307559743
168357
0.935913564645
168377
0.936253925398
168397
0.932396503523
168417
0.932682770374
168437
0.931257180607
168457
0.932005399816
168477
0.93819029565
168497
0.938358800551
168517
0.935380284926
168537
0.932779947917
168557
0.938069661458
168577
0.935007850797
168597
0.939348288143
168617
0.943168849571
168637
0.945251704197
168657
0.942474724265
168677
0.945367551317
168697
0.943875899969
168717
0.949473422181
168737
0.948558612898
168757
0.949145029105
168777
0.948936791513
168797
0.949224494485
168817
0.943372300092
168837
0.941578105852
168857
0.938134286918
168877
0.929416551777
168897
0.928405522365
168917
0.922434129902
168937
0.921674900429
168957
0.91925982307
168977
0.925959329044
168997
0.934386488971
169017
0.93292499617
169037
0.93194029565
169057
0.941154450061
169077
0.942540307138
169097
0.947334558824
169117
0.950898533241
169137
0.955203067555
169157
0.955887140012
169177
0.954684627757
169197
0.946293370864
169217
0.950764495251
169237
0.95197466682
169257
0.952771714154
169277
0.949071786918
169297
0.947999004289
169317
0.946981751685
169337
0.950590245864
169357
0.950865502451
169377
0.951131184896
169397
0.954340916054
169417
0.955913468903
169437
0.951200597426
169457
0.953654450061
169477
0.959194048713
169497
0.960908777574
169517
0.955319393382
169537
0.94871562883
169557
0.943734681373
169577
0.939694872089
169597
0.927356196385
169617
0.926614679075
169637
0.923787913603
169657
0.917514456955
169677
0.909847005208
169697
0.911202703738
169717
0.905935010723
169737
0.903853113511
169757
0.907903933058
169777
0.906497970282
169797
0.91627556296
169817
0.920572916667
169837
0.925322648591
169857
0.926475854013
169877
0.930780867034
169897
0.930576459099
169917
0.93013939951
169937
0.935405177696
169957
0.93638269761
169977
0.94140289905
169997
0.944697840074
170017
0.94457098269
170037
0.943502508425
170057
0.940384689032
170077
0.935450654871
170097
0.94295391008
170117
0.950792738971
170137
0.946030560662
170157
0.948802274816
170177
0.950690774357
170197
0.942668600643
170217
0.938731713388
170237
0.942286113664
170257
0.941353592218
170277
0.949229281556
170297
0.947877412684
170317
0.946104760263
170337
0.944874961703
170357
0.937750842525
170377
0.929326076134
170397
0.939489028033
170417
0.935665594363
170437
0.924739583333
170457
0.911173023897
170477
0.906461588542
170497
0.91251483992
170517
0.91057176777
170537
0.914893056832
170557
0.929658298866
170577
0.94019799326
170597
0.923782647825
170617
0.934021714154
170637
0.932489372702
170657
0.944649969363
170677
0.945815142463
170697
0.93547411152
170717
0.946438419118
170737
0.944626034007
170757
0.944664809283
170777
0.946632295496
170797
0.970894607843
170817
0.984157666973
170837
0.98445111443
170857
0.984543504902
170877
0.987515318627
170897
0.985249119179
170917
0.985938936121
170937
0.986061485141
170957
0.970740464154
170977
0.971889361213
170997
0.971925264246
171017
0.998924823836
171037
0.987421970741
171057
0.987956686581
171077
0.987741747089
171097
0.985366881127
171117
0.985504748775
171137
0.98566942402
171157
0.999962182138
171177
0.988343003217
171197
0.988428691789
171217
0.988459807751
171237
0.905302159926
171257
0.892939548866
171277
0.899076095282
171297
0.927435661765
171317
1.0
