117984
0.0379134600435
118004
0.039304940143
118024
0.0398743586754
118044
0.0383050567475
118064
0.0365020600124
118084
0.0365418998756
118104
0.0347471626244
118124
0.0348919465174
118144
0.0345144395211
118164
0.0541409165112
118184
0.053076900653
118204
0.0470353311567
118224
0.0537891596704
118244
0.0567096159826
118264
0.058984375
118284
0.0513011116294
118304
0.0507292638371
118324
0.070116701648
118344
0.0373663907027
118364
0.0393370063744
118384
0.0449845499067
118404
0.0479079213308
118424
0.0300251671331
118444
0.0350513059701
118464
0.0326361357276
118484
0.0311091029229
118504
0.0310512865361
118524
0.0313316231343
118544
0.0298157649254
118564
0.0298667793843
118584
0.0288013059701
118604
0.0296904151119
118624
0.0328037546642
118644
0.0354944029851
118664
0.0402431203358
118684
0.0422579485386
118704
0.0421947877799
118724
0.0429128770211
118744
0.0456662002488
118764
0.0453542832711
118784
0.0455976951182
118804
0.0313034437189
118824
0.0308661769279
118844
0.0311261077425
118864
0.0316173041045
118884
0.0331302472015
118904
0.0346874028296
118924
0.0367323538557
118944
0.0375087453358
118964
0.0433438277363
118984
0.0429818680037
119004
0.0435197061567
119024
0.043849113806
119044
0.0442280783582
119064
0.0438418260261
119084
0.0446634017413
119104
0.0462944068719
119124
0.0387491254664
119144
0.0392626710199
119164
0.037598627954
119184
0.0360264109142
119204
0.0348472481343
119224
0.0353165811567
119244
0.0745029734142
119264
0.0728102650808
119284
0.0737552472015
119304
0.0726304998445
119324
0.0726003770211
119344
0.0709183574316
119364
0.0697455107276
119384
0.0309983286692
119404
0.0308550023321
119424
0.0304464008085
119444
0.0308807524876
119464
0.0306290811567
119484
0.0305532882463
119504
0.0303346548507
119524
0.0303662352301
119544
0.049657474347
119564
0.049171622357
119584
0.0494058030162
119604
0.0494315531716
119624
0.0496127759639
119644
0.0501627604167
119664
0.0502837375622
119684
0.0506282066231
119704
0.0503007423818
119724
0.0502570157027
119744
0.0500587880908
119764
0.0501054298818
119784
0.0502045436878
119804
0.0504766208022
119824
0.0508050567475
119844
0.050734608209
119864
0.0506500699627
119884
0.05068359375
119904
0.0506510416667
119924
0.0993066892102
119944
0.237196828358
119964
0.727193135883
119984
1.0
120004
1.0
120024
1.0
120044
1.0
120064
0.99988776819
120084
0.995591864894
120104
0.991107451026
120124
0.991264867071
120144
0.991277499223
120164
0.990847520211
120184
0.991326084422
120204
0.991076842351
120224
0.991092389614
120244
0.991377098881
120264
0.986165850435
120284
0.984815181903
120304
0.980937111318
120324
0.981249514148
120344
0.980659689832
120364
0.985555620336
120384
0.990344663402
120404
0.989778159981
120424
0.989696050995
120444
0.989168901586
120464
0.986526838464
120484
0.984780686412
120504
0.976370102612
120524
0.972218497357
120544
0.971393520678
120564
0.968893812189
120584
0.969302899565
120604
0.965991818252
120624
0.962547127643
120644
0.955667949316
120664
0.951982276119
120684
0.947733986318
120704
0.940418998756
120724
0.938428949005
120744
0.93330078125
120764
0.930950229322
120784
0.934456137282
120804
0.936113864272
120824
0.935930698072
120844
0.933389692164
120864
0.928272213153
120884
0.927200423663
120904
0.925920203669
120924
0.927414198539
120944
0.927001224347
120964
0.926676189366
120984
0.932204213308
121004
0.930875408116
121024
0.930391013682
121044
0.933819185323
121064
0.933059312811
121084
0.931898126555
121104
0.930850629664
121124
0.930509075715
121144
0.92931630908
121164
0.931812130752
121184
0.93191901819
121204
0.934516868781
121224
0.938234122357
121244
0.942047574627
121264
0.946491176928
121284
0.947106751399
121304
0.950575734608
121324
0.95226552783
121344
0.95067144745
121364
0.952686275653
121384
0.958550995025
121404
0.957674032183
121424
0.961869364117
121444
0.962556358831
121464
0.96418201959
121484
0.959784573228
121504
0.958044251399
121524
0.951595537935
121544
0.948567708333
121564
0.946449879509
121584
0.940917482898
121604
0.940358753109
121624
0.936966048663
121644
0.936082283893
121664
0.937402829602
121684
0.94170650653
121704
0.939806339397
121724
0.938112659359
121744
0.934425528607
121764
0.937376107743
121784
0.938618917133
121804
0.943008104011
121824
0.944106129509
121844
0.941765780473
121864
0.942542657805
121884
0.947029015081
121904
0.948391344061
121924
0.947413809857
121944
0.946317241915
121964
0.947034359453
121984
0.944332050684
122004
0.944660972481
122024
0.947024156561
122044
0.947268540112
122064
0.94363048041
122084
0.940595363029
122104
0.939485191231
122124
0.940403451493
122144
0.94021737018
122164
0.94198489972
122184
0.939679046175
122204
0.939273359764
122224
0.940470013215
122244
0.94031016791
122264
0.945446109297
122284
0.943679551461
122304
0.941697275342
122324
0.942143773321
122344
0.941425198228
122364
0.945939249067
122384
0.948768851057
122404
0.948288829291
122424
0.946471742848
122444
0.942746229789
122464
0.947154364894
122484
0.946756937966
122504
0.948113436723
122524
0.945932447139
122544
0.940709052394
122564
0.9427855838
122584
0.943573635728
122604
0.944162002488
122624
0.947941445118
122644
0.947381743626
122664
0.943587239583
122684
0.941753148321
122704
0.944265003109
122724
0.943389983675
122744
0.942511563277
122764
0.944023048818
122784
0.943699471393
122804
0.940733344994
122824
0.941706020678
122844
0.939535719838
122864
0.941874611318
122884
0.945728875155
122904
0.940709052394
122924
0.941046719527
122944
0.941603020056
122964
0.943074179882
122984
0.942393501244
123004
0.946023787313
123024
0.943761660448
123044
0.946946906095
123064
0.945386349502
123084
0.944651255442
123104
0.942680153918
123124
0.944870374689
123144
0.946641791045
123164
0.942827367071
123184
0.94511475824
123204
0.946850221549
123224
0.948291258551
123244
0.948348103234
123264
0.945623931126
123284
0.948788285137
123304
0.947150478078
123324
0.946542677239
123344
0.948193602301
123364
0.953627370958
123384
0.952402052239
123404
0.951772873912
123424
0.949612775964
123444
0.94971917755
123464
0.946357567631
123484
0.943430309391
123504
0.947302063899
123524
0.94638186023
123544
0.94862309546
123564
0.94695079291
123584
0.947629042289
123604
0.946749650187
123624
0.949283854167
123644
0.950274020522
123664
0.95224852301
123684
0.956447255908
123704
0.950812830379
123724
0.951543551772
123744
0.950852670243
123764
0.954629197761
123784
0.952460354478
123804
0.948643501244
123824
0.9505616449
123844
0.948489486163
123864
0.944979205535
123884
0.94246832245
123904
0.941844974347
123924
0.938833177861
123944
0.936158076803
123964
0.935161594372
123984
0.934922555193
124004
0.934520755597
124024
0.930768034826
124044
0.934016927083
124064
0.933075831779
124084
0.93292959033
124104
0.93485599347
124124
0.936486998601
124144
0.938168532338
124164
0.940950034981
124184
0.943314190765
124204
0.944088152985
124224
0.939601309857
124244
0.939983189521
124264
0.943663518346
124284
0.945175489739
124304
0.951898709577
124324
0.953302335976
124344
0.951222403607
124364
0.94756102301
124384
0.945186664335
124404
0.945564171331
124424
0.946921641791
124444
0.941973725124
124464
0.944075034981
124484
0.947024642413
124504
0.945174032183
124524
0.940132346082
124544
0.943577522544
124564
0.943288926461
124584
0.938354127799
124604
0.93602786847
124624
0.932593866604
124644
0.935605177239
124664
0.938227320429
124684
0.9345703125
124704
0.933033076803
124724
0.93592292444
124744
0.934036847015
124764
0.933068543999
124784
0.931940395678
124804
0.933714241294
124824
0.933730274409
124844
0.928698305348
124864
0.928551578047
124884
0.927538090796
124904
0.937788596082
124924
0.934237503887
124944
0.934634930815
124964
0.935335529384
124984
0.940738203514
125004
0.938838036381
125024
0.936520522388
125044
0.93524175995
125064
0.931412274565
125084
0.934076201026
125104
0.931857314988
125124
0.931255830224
125144
0.927181961287
125164
0.93260989972
125184
0.923453047264
125204
0.91844245569
125224
0.923182913557
125244
0.924273651275
125264
0.920648709577
125284
0.919191153607
125304
0.925623348103
125324
0.93074471393
125344
0.93866458722
125364
0.940603622512
125384
0.937525264303
125404
0.941832828047
125424
0.945940706623
125444
0.943557602612
125464
0.946417813277
125484
0.951325404229
125504
0.947448305348
125524
0.949746871113
125544
0.954433885261
125564
0.954831798041
125584
0.952656638682
125604
0.949512690454
125624
0.947750505286
125644
0.948287371735
125664
0.948728525342
125684
0.946741876555
125704
0.950035953047
125724
0.953617168066
125744
0.956677549751
125764
0.954805562034
125784
0.954144803327
125804
0.952076531405
125824
0.949468963775
125844
0.946330359919
125864
0.940647835044
125884
0.937103544776
125904
0.937630208333
125924
0.932954368781
125944
0.934270541822
125964
0.92977786847
125984
0.932022018812
126004
0.9314210199
126024
0.928821225902
126044
0.933663712687
126064
0.931950112718
126084
0.931749941698
126104
0.934724813433
126124
0.938067960976
126144
0.944742109764
126164
0.950417346859
126184
0.952987989739
126204
0.961053132774
126224
0.954482956312
126244
0.948011407805
126264
0.95026867615
126284
0.954373639614
126304
0.956782493781
126324
0.95193126166
126344
0.943542055348
126364
0.935811664335
126384
0.939116915423
126404
0.94364748523
126424
0.943126166045
126444
0.93770260028
126464
0.932359685945
126484
0.93095703125
126504
0.938231693097
126524
0.949480624223
126544
0.947305950715
126564
0.935566794932
126584
0.928435459422
126604
0.93166248834
126624
0.945314443408
126644
0.955958002954
126664
0.949960645989
126684
0.947973997201
126704
0.937276022233
126724
0.925013118004
126744
0.92790782416
126764
0.912699685168
126784
0.901806397699
126804
0.895540364583
126824
0.903552063899
126844
0.914016344061
126864
0.922189346238
126884
0.925789509484
126904
0.923191658893
126924
0.925637923663
126944
0.932418959888
126964
0.931858286692
126984
0.942414878731
127004
0.956413732121
127024
0.962961073539
127044
0.978187189055
127064
0.990840718284
127084
0.996870627332
127104
0.996904151119
127124
0.996806009017
127144
0.991728855721
127164
0.991111823694
127184
0.990864039179
127204
0.991459693719
127224
0.991157979633
127244
0.992129197761
127264
0.994755227767
127284
0.994037138526
127304
0.994560886971
127324
0.994083294465
127344
0.99460461365
127364
0.994303385417
127384
0.994062888682
127404
0.994503556437
127424
1.0
127444
0.987765761039
127464
0.987741468439
127484
0.987736609919
127504
0.987733694807
127524
0.987732723103
127544
0.991960121269
127564
1.0
