134709
0.343244212963
134729
0.547965277778
134749
0.579082175926
134769
0.555523148148
134789
0.65659375
134809
0.740866898148
134829
0.75009375
134849
0.8493125
134869
0.811625
134889
0.651469907407
134909
0.782158564815
134929
0.685447916667
134949
0.832771990741
134969
0.954313657407
134989
0.629864583333
135009
0.523690972222
135029
0.852712962963
135049
0.788497685185
135069
0.761081018519
135089
0.736945601852
135109
0.723392361111
135129
0.731417824074
135149
0.684730324074
135169
0.691416666667
135189
0.672005787037
135209
0.658353009259
135229
0.671462962963
135249
0.628761574074
135269
0.615438657407
135289
0.603413194444
135309
0.58281712963
135329
0.570934027778
135349
0.772393518519
135369
0.722491898148
135389
0.705611111111
135409
0.731298611111
135429
0.741938657407
135449
0.589157407407
135469
0.599871527778
135489
0.578311342593
135509
0.60234375
135529
0.598388888889
135549
0.603844907407
135569
0.546506944444
135589
0.655153935185
135609
0.636012731481
135629
0.565704861111
135649
0.705993055556
135669
0.735680555556
135689
0.893384259259
135709
0.939108796296
135729
0.912858796296
135749
0.943413194444
135769
0.992881944444
135789
0.440015046296
135809
0.818614583333
135829
0.926783564815
135849
0.996667824074
135869
0.991915509259
135889
0.46196875
135909
0.524796296296
135929
0.429809027778
135949
0.429
135969
0.441164351852
135989
0.441648148148
136009
0.44691087963
136029
0.849939814815
136049
0.844158564815
136069
0.848607638889
136089
0.852299768519
136109
0.861869212963
136129
0.824040509259
136149
0.957353009259
136169
0.960356481481
136189
0.966204861111
136209
0.600512731481
136229
0.58444212963
136249
0.559241898148
136269
0.615534722222
136289
0.847960648148
136309
0.912056712963
136329
0.606373842593
136349
0.655416666667
136369
0.781592592593
136389
0.825064814815
136409
0.614578703704
136429
0.575459490741
136449
0.893622685185
136469
0.856569444444
136489
0.962748842593
136509
0.624822916667
136529
0.549409722222
136549
0.517363425926
136569
0.530398148148
136589
0.925268518519
136609
0.552586805556
136629
0.674538194444
136649
0.369938657407
136669
0.771606481481
136689
0.716377314815
136709
0.773865740741
136729
0.773208333333
136749
0.797391203704
136769
0.185261574074
136789
0.190814814815
136809
0.272449074074
136829
0.706446759259
136849
0.446256944444
136869
0.562532407407
136889
0.736796296296
136909
0.750648148148
136929
0.768670138889
136949
0.770643518519
136969
0.757018518519
136989
0.772885416667
137009
0.780899305556
137029
0.783020833333
137049
0.779998842593
137069
0.776627314815
137089
0.775055555556
137109
0.150071759259
137129
0.149960648148
137149
0.11409837963
137169
0.331914351852
137189
0.262719907407
137209
0.300563657407
137229
0.59408912037
137249
0.394990740741
137269
0.524052083333
137289
0.480087962963
137309
0.303788194444
137329
0.250579861111
137349
0.219226851852
137369
0.0720115740741
137389
0.116947916667
137409
0.370084490741
137429
0.803740740741
137449
0.966424768519
137469
0.999996527778
137489
0.521393518519
137509
0.506488425926
137529
0.505212962963
137549
0.513270833333
137569
0.510940972222
137589
0.52733912037
137609
0.536707175926
137629
0.521574074074
137649
0.548011574074
137669
0.560615740741
137689
0.567133101852
137709
0.571908564815
137729
0.574795138889
137749
0.566924768519
137769
0.562459490741
137789
0.521679398148
137809
0.483636574074
137829
0.496945601852
137849
0.494751157407
137869
0.522747685185
137889
0.531049768519
137909
0.686185185185
137929
0.444469907407
137949
0.741688657407
137969
0.817006944444
137989
0.851795138889
138009
0.832863425926
138029
0.8436875
138049
0.84859837963
138069
0.873384259259
138089
0.865170138889
138109
0.847857638889
138129
0.659967592593
138149
0.830695601852
138169
0.99506712963
138189
1.0
138209
1.0
138229
1.0
138249
0.102247685185
138269
0.10609837963
138289
0.111636574074
138309
0.132650462963
138329
0.133434027778
138349
0.15162037037
138369
0.19091087963
138389
0.18200462963
138409
0.266231481481
138429
0.342494212963
138449
0.312625
138469
0.289842592593
138489
0.374645833333
138509
0.455635416667
138529
0.460850694444
138549
0.501837962963
138569
0.544246527778
138589
0.496418981481
138609
0.446809027778
138629
0.340811342593
138649
0.345799768519
138669
0.410275462963
138689
0.422243055556
138709
0.592583333333
138729
0.439523148148
138749
0.365158564815
138769
0.279295138889
138789
0.214956018519
138809
0.169924768519
138829
0.15712037037
138849
0.120478009259
138869
0.129305555556
138889
0.153986111111
138909
0.175689814815
138929
0.180591435185
138949
0.218863425926
138969
0.287597222222
138989
0.266380787037
139009
0.29916087963
139029
0.325146990741
139049
0.305174768519
139069
0.299510416667
139089
0.282319444444
139109
0.287251157407
139129
0.576938657407
139149
0.627773148148
139169
0.714414351852
139189
0.763709490741
139209
0.760266203704
139229
0.726208333333
139249
0.629738425926
139269
0.537439814815
139289
0.457261574074
139309
0.381556712963
139329
0.281741898148
139349
0.251034722222
139369
0.25565625
139389
0.243615740741
139409
0.230262731481
139429
0.224127314815
139449
0.284107638889
139469
0.456305555556
139489
0.60512037037
139509
0.759622685185
139529
0.984797453704
139549
1.0
139569
1.0
139589
0.902748842593
139609
0.786773148148
139629
0.655825231481
139649
0.560796296296
139669
0.488883101852
139689
0.461635416667
139709
0.440726851852
139729
0.411891203704
139749
0.398195601852
139769
0.384810185185
139789
0.293923611111
139809
0.277831018519
139829
0.276204861111
139849
0.341362268519
139869
0.345931712963
139889
0.333917824074
139909
0.327453703704
139929
0.342869212963
139949
0.346768518519
139969
0.319625
139989
0.323458333333
140009
0.354434027778
140029
0.35393287037
140049
0.308965277778
140069
0.299857638889
140089
0.320392361111
140109
0.332297453704
140129
0.889173611111
140149
0.628337962963
140169
0.264421296296
140189
0.88959375
140209
0.170028935185
140229
0.210229166667
140249
0.166642361111
140269
0.909306712963
140289
0.270722222222
140309
0.16912037037
140329
0.139082175926
140349
0.184822916667
140369
0.188449074074
140389
0.186784722222
140409
0.183512731481
140429
0.185738425926
140449
0.183335648148
140469
0.422760416667
140489
0.427842592593
140509
0.427175925926
140529
0.4271875
140549
0.205099537037
140569
0.209045138889
140589
0.206476851852
140609
0.211571759259
140629
0.287386574074
140649
0.30962962963
140669
0.32618287037
140689
0.342053240741
140709
0.334300925926
140729
0.340760416667
140749
0.360314814815
140769
0.394888888889
140789
0.403083333333
140809
0.422478009259
140829
0.430248842593
140849
0.439270833333
140869
0.426974537037
140889
0.42509375
140909
0.429950231481
140929
0.431318287037
140949
0.423474537037
140969
0.412959490741
140989
0.400206018519
141009
0.392025462963
141029
0.400825231481
141049
0.417021990741
141069
0.411380787037
141089
0.420811342593
141109
0.425784722222
141129
0.454320601852
141149
0.45659375
141169
0.475695601852
141189
0.486140046296
141209
0.513819444444
141229
0.506724537037
141249
0.513131944444
141269
0.516163194444
141289
0.519425925926
141309
0.083193287037
141329
0.08996875
141349
0.0884895833333
141369
0.0851064814815
141389
0.0853206018519
141409
0.0662974537037
141429
0.0604467592593
141449
0.0751875
141469
0.0920983796296
141489
0.110540509259
141509
0.130189814815
141529
0.152451388889
141549
0.12809837963
141569
0.133135416667
141589
0.142269675926
141609
0.151511574074
141629
0.149827546296
141649
0.137924768519
141669
0.150751157407
141689
0.195428240741
141709
0.331947916667
141729
0.261371527778
141749
0.0616516203704
141769
0.042900462963
141789
0.0413958333333
141809
0.0904108796296
141829
0.136195601852
141849
0.176009259259
141869
0.213993055556
141889
0.265606481481
141909
0.243458333333
141929
0.229953703704
141949
0.216179398148
141969
0.199996527778
141989
0.187159722222
142009
0.166390046296
142029
0.13049537037
142049
0.090474537037
142069
0.0683020833333
142089
0.0798576388889
142109
0.0961597222222
142129
0.0907696759259
142149
0.0840358796296
142169
0.0635081018519
142189
0.0618078703704
142209
0.0545625
142229
0.0534594907407
142249
0.0586469907407
142269
0.0593321759259
142289
0.0670358796296
142309
0.0751898148148
142329
0.0770405092593
142349
0.102305555556
142369
0.0943958333333
142389
0.0724305555556
142409
0.079525462963
142429
0.0584837962963
142449
0.0526168981481
142469
0.0574236111111
142489
0.0598043981481
142509
0.0683125
142529
0.0756643518519
142549
0.0465752314815
142569
0.0523645833333
142589
0.0740729166667
142609
0.0908865740741
142629
0.0910289351852
142649
0.0909699074074
142669
0.0884699074074
142689
0.0792766203704
142709
0.0792291666667
142729
0.0687303240741
142749
0.0902835648148
142769
0.0694490740741
142789
0.0706979166667
142809
0.0761377314815
142829
0.0523078703704
142849
0.0520196759259
142869
0.0621574074074
142889
0.0704560185185
142909
0.0821828703704
142929
0.0794363425926
142949
0.0714340277778
142969
0.0828553240741
142989
0.0864085648148
143009
0.0697083333333
143029
0.0846388888889
143049
0.101162037037
143069
0.0930115740741
143089
0.0705381944444
143109
0.0695497685185
143129
0.10006712963
143149
0.141305555556
143169
0.123471064815
143189
0.0883368055556
143209
0.0764305555556
143229
0.0681909722222
143249
0.0668715277778
143269
0.0614178240741
143289
0.0579155092593
143309
0.0637418981481
143329
0.0618472222222
143349
0.0635266203704
143369
0.0763773148148
143389
0.123732638889
143409
0.151472222222
143429
0.147452546296
143449
0.145756944444
143469
0.133737268519
143489
0.124061342593
143509
0.116284722222
143529
0.113900462963
143549
0.114898148148
143569
0.117621527778
143589
0.116878472222
143609
0.10646412037
143629
0.110696759259
143649
0.11541087963
143669
0.117585648148
143689
0.124755787037
143709
0.119396990741
143729
0.12577662037
143749
0.150770833333
143769
0.16430787037
143789
0.196771990741
143809
0.273635416667
143829
0.424615740741
143849
0.690103009259
143869
0.99624537037
143889
0.996554398148
143909
0.996645833333
143929
0.996619212963
143949
0.997131944444
143969
1.0
143989
0.997229166667
144009
0.997199074074
144029
0.997243055556
144049
0.996717592593
144069
1.0
144089
0.994244212963
144109
0.994539351852
144129
0.994582175926
144149
0.993719907407
144169
1.0
144189
0.996943287037
144209
0.996903935185
144229
0.996862268519
144249
0.99687962963
144269
0.996979166667
144289
1.0
