151954
0.214184027778
151974
0.238023003472
151994
0.274637225116
152014
0.245738570602
152034
0.0518724681713
152054
0.0509407552083
152074
0.0551009114583
152094
0.0649801070602
152114
0.0726526331019
152134
0.0792220052083
152154
0.0727470341435
152174
0.0775133825231
152194
0.212757884838
152214
0.155218460648
152234
0.138856698495
152254
0.195443070023
152274
0.123839699074
152294
0.1528515625
152314
0.150417028356
152334
0.242125289352
152354
0.240778356481
152374
0.221663411458
152394
0.21015552662
152414
0.188518156829
152434
0.191808087384
152454
0.186884042245
152474
0.125590277778
152494
0.125539279514
152514
0.12667932581
152534
0.1275390625
152554
0.131975549769
152574
0.133920355903
152594
0.141869212963
152614
0.148939525463
152634
0.139029586227
152654
0.148461009838
152674
0.144175708912
152694
0.16627025463
152714
0.169024522569
152734
0.191450014468
152754
0.203947844329
152774
0.209685691551
152794
0.208386140046
152814
0.250376880787
152834
0.264619502315
152854
0.274019458912
152874
0.275208333333
152894
0.281570457176
152914
0.279410083912
152934
0.217019675926
152954
0.202248263889
152974
0.206631944444
152994
0.210634765625
153014
0.211929615162
153034
0.235594979745
153054
0.195206886574
153074
0.209382595486
153094
0.79662073206
153114
0.10316333912
153134
0.197542679398
153154
0.161561053241
153174
0.124606843171
153194
0.197171585648
153214
0.2058203125
153234
0.182038483796
153254
0.153957248264
153274
0.173428457755
153294
0.269972511574
153314
0.202902199074
153334
0.255646339699
153354
0.349867259838
153374
0.351705729167
153394
0.339597800926
153414
0.341146918403
153434
0.324109157986
153454
0.270910011574
153474
0.327425130208
153494
0.305703125
153514
0.276320529514
153534
0.250455729167
153554
0.215405454282
153574
0.150401114005
153594
0.143564814815
153614
0.14931640625
153634
0.11949291088
153654
0.15945384838
153674
0.15538990162
153694
0.152842158565
153714
0.150269820602
153734
0.14751953125
153754
0.143991247106
153774
0.140418113426
153794
0.143427010995
153814
0.147914496528
153834
0.150034360532
153854
0.131478226273
153874
0.133909866898
153894
0.129602502894
153914
0.129796006944
153934
0.128699001736
153954
0.126708622685
153974
0.13003942419
153994
0.131400824653
154014
0.130189887153
154034
0.129310619213
154054
0.0404210069444
154074
0.0399674479167
154094
0.039566333912
154114
0.0384259259259
154134
0.0396589265046
154154
0.0397916666667
154174
0.0410134548611
154194
0.039535228588
154214
0.039613353588
154234
0.0440241608796
154254
0.052451171875
154274
0.0526627604167
154294
0.0531589988426
154314
0.052875072338
154334
0.0529792390046
154354
0.0525618489583
154374
0.052886646412
154394
0.053168041088
154414
0.0530031105324
154434
0.0530237268519
154454
0.0523607494213
154474
0.0525296585648
154494
0.0527036313657
154514
0.0528700086806
154534
0.0519444444444
154554
0.0522023292824
154574
0.0525705295139
154594
0.0529524739583
154614
0.0537785734954
154634
0.0546697771991
154654
0.087494212963
154674
0.0850314670139
154694
0.08583984375
154714
0.0865422453704
154734
0.0835658998843
154754
0.0853088831019
154774
0.0894437210648
154794
0.103360460069
154814
0.0538990162037
154834
0.0530862991898
154854
0.0530645978009
154874
0.0530642361111
154894
0.05193359375
154914
0.052310474537
154934
0.0520844184028
154954
0.0394556568287
154974
0.0389091435185
154994
0.0393634259259
155014
0.0388957609954
155034
0.0382678674769
155054
0.141391059028
155074
0.142501446759
155094
0.138798828125
155114
0.145614872685
155134
0.147204861111
155154
0.14730541088
155174
0.15230541088
155194
0.150910011574
155214
0.153090277778
155234
0.146532118056
155254
0.145760633681
155274
0.148040726273
155294
0.154650969329
155314
0.155867332176
155334
0.158735170718
155354
0.158106915509
155374
0.158246166088
155394
0.169855324074
155414
0.172002314815
155434
0.172605975116
155454
0.174493995949
155474
0.175120442708
155494
0.168372395833
155514
0.171451461227
155534
0.172109375
155554
0.178254484954
155574
0.177566550926
155594
0.159074435764
155614
0.142333984375
155634
0.141736472801
155654
0.160411241319
155674
0.217180989583
155694
0.349425274884
155714
0.652740885417
155734
1.0
155754
1.0
155774
1.0
155794
1.0
155814
1.0
155834
0.89050817419
155854
0.820436559606
155874
0.803024088542
155894
0.796941550926
155914
0.798272207755
155934
0.797733289931
155954
0.797349537037
155974
0.797618995949
155994
0.806797960069
156014
0.806572265625
156034
0.805577618634
156054
0.801261212384
156074
0.779045862269
156094
0.777264178241
156114
0.778601707176
156134
0.777211371528
156154
0.778987630208
156174
0.801079282407
156194
0.801075303819
156214
0.801365017361
156234
0.80269495081
156254
0.803836805556
156274
0.800352647569
156294
0.794297960069
156314
0.932807798032
156334
1.0
156354
1.0
156374
0.998735894097
156394
0.994828920718
156414
0.994724030671
156434
0.994724392361
156454
0.994719328704
156474
0.99470775463
156494
0.997735460069
156514
1.0
156534
1.0
156554
0.996659071181
156574
0.989864728009
156594
0.989846643519
156614
0.989856409144
156634
0.989856047454
156654
0.989853153935
156674
0.999691840278
156694
1.0
156714
1.0
156734
1.0
156754
0.993541304977
156774
0.987391854745
156794
0.987374131944
156814
0.987374493634
156834
0.987375578704
156854
0.988889612269
156874
1.0
156894
1.0
156914
0.998302951389
156934
0.993777126736
156954
0.989737413194
156974
0.984378255208
156994
0.978592664931
157014
0.971904296875
157034
0.96421875
157054
0.955817057292
157074
0.947720269097
157094
0.943582899306
157114
0.936459418403
157134
0.930958116319
157154
0.927666015625
157174
0.924733072917
157194
0.926017795139
157214
0.922520616319
157234
0.925640190972
157254
0.916337890625
157274
0.921860894097
157294
0.921867404514
157314
0.924171006944
157334
0.927120225694
157354
0.929185112847
157374
0.931802300347
157394
0.927165798611
157414
0.929574652778
157434
0.926867404514
157454
0.926590711806
157474
0.933015407986
157494
0.932081163194
157514
0.930796440972
157534
0.928549262153
157554
0.926642795139
157574
0.922381727431
157594
0.925376519097
157614
0.924510633681
157634
0.930381944444
157654
0.929612630208
157674
0.929909939236
157694
0.931809895833
157714
0.930309244792
157734
0.931526692708
157754
0.934635416667
157774
0.932355685764
157794
0.934689670139
157814
0.936176215278
157834
0.936283637153
157854
0.936684027778
157874
0.934725477431
157894
0.934269748264
157914
0.935584852431
157934
0.935857204861
157954
0.937608506944
157974
0.94328125
157994
0.941755642361
158014
0.943719618056
158034
0.942828776042
158054
0.944059244792
158074
0.944313151042
158094
0.942799479167
158114
0.945493706597
158134
0.948407118056
158154
0.9486328125
158174
0.947803819444
158194
0.943427734375
158214
0.94189453125
158234
0.941170789931
158254
0.942588975694
158274
0.941920572917
158294
0.941192491319
158314
0.943794487847
158334
0.939290364583
158354
0.932457682292
158374
0.93150390625
158394
0.933810763889
158414
0.933207465278
158434
0.933905164931
158454
0.930699869792
158474
0.927045355903
158494
0.931187065972
158514
0.929353298611
158534
0.924264322917
158554
0.926692708333
158574
0.929760199653
158594
0.935450303819
158614
0.935021701389
158634
0.931915147569
158654
0.929318576389
158674
0.924802517361
158694
0.92400390625
158714
0.923860677083
158734
0.925569661458
158754
0.926886935764
158774
0.925278862847
158794
0.922171223958
158814
0.910302734375
158834
0.896911892361
158854
0.905543619792
158874
0.898807508681
158894
0.892071397569
158914
0.8918359375
158934
0.892429470486
158954
0.889700520833
158974
0.891426866319
158994
0.891243489583
159014
0.892976345486
159034
0.901287977431
159054
0.907319878472
159074
0.907458767361
159094
0.906834852431
159114
0.897418619792
159134
0.895137803819
159154
0.895075954861
159174
0.894411892361
159194
0.890578342014
159214
0.888212890625
159234
0.882658420139
159254
0.885203993056
159274
0.883955078125
159294
0.882249348958
159314
0.881788194444
159334
0.877477213542
159354
0.884990234375
159374
0.890021701389
159394
0.881468098958
159414
0.879084201389
159434
0.882517361111
159454
0.87556640625
159474
0.866571180556
159494
0.861528862847
159514
0.869985894097
159534
0.874352213542
159554
0.8741796875
159574
0.881032986111
159594
0.881995442708
159614
0.885400390625
159634
0.882712673611
159654
0.892813585069
159674
0.901571180556
159694
0.912565104167
159714
0.919435763889
159734
0.910479600694
159754
0.903683810764
159774
0.904512803819
159794
0.907643229167
159814
0.903395182292
159834
0.900871310764
159854
0.895756293403
159874
0.894409722222
159894
0.888055555556
159914
0.888918185764
159934
0.882477213542
159954
0.884898003472
159974
0.890858289931
159994
0.888956163194
160014
0.890651041667
160034
0.894055989583
160054
0.897819010417
160074
0.896755642361
160094
0.896446397569
160114
0.893408203125
160134
0.897559678819
160154
0.900901692708
160174
0.903634982639
160194
0.902645399306
160214
0.900512152778
160234
0.902943793403
160254
0.901787109375
160274
0.909966362847
160294
0.906602647569
160314
0.921915147569
160334
0.926960720486
160354
0.930210503472
160374
0.931046006944
160394
0.930687934028
160414
0.929064670139
160434
0.922810329861
160454
0.934807942708
160474
0.931185980903
160494
0.932394748264
160514
0.931655815972
160534
0.937007378472
160554
0.935809461806
160574
0.932822265625
160594
0.930059678819
160614
0.928857421875
160634
0.932258029514
160654
0.935213758681
160674
0.935370008681
160694
0.926239149306
160714
0.926740451389
160734
0.924191623264
160754
0.922200520833
160774
0.921261935764
160794
0.916573350694
160814
0.925199652778
160834
0.926370442708
160854
0.927707248264
160874
0.925213758681
160894
0.922696397569
160914
0.92736328125
160934
0.93154296875
160954
0.934728732639
160974
0.934660373264
160994
0.933143446181
161014
0.932012803819
161034
0.932765842014
161054
0.930830078125
161074
0.931903211806
161094
0.937583550347
161114
0.943175998264
161134
0.943669704861
161154
0.945287905093
161174
0.945754123264
161194
0.941127387153
161214
0.944975043403
161234
0.93894603588
161254
0.93537181713
161274
0.939212962963
161294
0.943368055556
161314
0.944371744792
161334
0.947019314236
161354
0.93767614294
161374
0.945953776042
161394
0.948875868056
161414
0.95533239294
161434
0.966786747685
161454
0.967671440972
161474
0.988114510995
161494
0.998662109375
161514
1.0
161534
1.0
