127227
0.0974033886317
127247
0.131019322274
127267
0.123322723765
127287
0.125818061986
127307
0.128203607253
127327
0.135458301183
127347
0.0518822337963
127367
0.0518563528807
127387
0.0503369341564
127407
0.11946244856
127427
0.167414480453
127447
0.134580279064
127467
0.0719682355967
127487
0.0774876221708
127507
0.0892891589506
127527
0.0872469778807
127547
0.0936877893519
127567
0.0640698945473
127587
0.0686410108025
127607
0.0733921682099
127627
0.0670058513374
127647
0.0606233924897
127667
0.074173900463
127687
0.112230099023
127707
0.089039994856
127727
0.0957404192387
127747
0.0930402842078
127767
0.110611818416
127787
0.119009773663
127807
0.145061406893
127827
0.106369920267
127847
0.0904332240226
127867
0.0907323816872
127887
0.0909643454218
127907
0.0903753536523
127927
0.0833188657407
127947
0.063024691358
127967
0.0611670524691
127987
0.072455471965
128007
0.0651519097222
128027
0.0668793402778
128047
0.0644491062243
128067
0.0595780285494
128087
0.0622053433642
128107
0.0703104102366
128127
0.0822201324588
128147
0.0851277970679
128167
0.0855883487654
128187
0.0633195087449
128207
0.136204828961
128227
0.063671714249
128247
0.0578899819959
128267
0.0658531057099
128287
0.0651832561728
128307
0.0621730324074
128327
0.0787599665638
128347
0.069380626286
128367
0.0710119277263
128387
0.0783492476852
128407
0.101352559156
128427
0.122885159465
128447
0.123602430556
128467
0.11706098894
128487
0.120250932356
128507
0.109134194959
128527
0.125551215278
128547
0.152002957819
128567
0.14481095679
128587
0.26431246785
128607
0.155076838992
128627
0.0842534722222
128647
0.0795416988169
128667
0.0740665187757
128687
0.065999067644
128707
0.0630484825103
128727
0.0897771990741
128747
0.0827015817901
128767
0.0723498585391
128787
0.064492348251
128807
0.061327964249
128827
0.0662559477881
128847
0.0902269804527
128867
0.0752162101337
128887
0.0657815715021
128907
0.0810458461934
128927
0.0785019611626
128947
0.063471257716
128967
0.0597776813272
128987
0.0777309992284
129007
0.063883744856
129027
0.0666467335391
129047
0.0751128472222
129067
0.0910263953189
129087
0.0821342914095
129107
0.124944540895
129127
0.0843550668724
129147
0.0699183384774
129167
0.0955005787037
129187
0.0875882523148
129207
0.077835005144
129227
0.0809526105967
129247
0.0971484375
129267
0.0898291216564
129287
0.110729005916
129307
0.0967017103909
129327
0.10498746142
129347
0.0938644547325
129367
0.0923411779835
129387
0.104441390175
129407
0.0646090534979
129427
0.0764330954218
129447
0.135720003858
129467
0.0948222093621
129487
0.123319026492
129507
0.0723665766461
129527
0.0821564750514
129547
0.127513663837
129567
0.10780156893
129587
0.0811762152778
129607
0.103569637346
129627
0.11771090535
129647
0.0869757908951
129667
0.0663818158436
129687
0.0696137152778
129707
0.071807966821
129727
0.0606880144033
129747
0.111085712449
129767
0.0587983860597
129787
0.0633085776749
129807
0.104366962449
129827
0.119880883488
129847
0.100467624743
129867
0.11754067001
129887
0.125479198817
129907
0.0846756044239
129927
0.14481401106
129947
0.0996728716564
129967
0.0965329218107
129987
0.0913237847222
130007
0.0817542759774
130027
0.0594515174897
130047
0.071249839249
130067
0.063220003858
130087
0.0628374164095
130107
0.062884837963
130127
0.063013117284
130147
0.0542666538066
130167
0.104249131944
130187
0.0587647890947
130207
0.0662869727366
130227
0.0593946116255
130247
0.0717492926955
130267
0.0699482381687
130287
0.0790748778292
130307
0.0637138310185
130327
0.0707671039095
130347
0.0723030799897
130367
0.0639168595679
130387
0.0872955246914
130407
0.116768582819
130427
0.117520736883
130447
0.112404353138
130467
0.110287905093
130487
0.108535236626
130507
0.10530623071
130527
0.0971336484053
130547
0.0874435763889
130567
0.0813599537037
130587
0.0801175090021
130607
0.0807355967078
130627
0.0811779835391
130647
0.0807352752058
130667
0.0807412229938
130687
0.0795163001543
130707
0.0790240805041
130727
0.0800678369342
130747
0.0802797067901
130767
0.0787379436728
130787
0.079034850823
130807
0.078917663323
130827
0.0796387924383
130847
0.0844981352881
130867
0.0947201324588
130887
0.10381880144
130907
0.100847800926
130927
0.0908111496914
130947
0.0796473122428
130967
0.0703988233025
130987
0.0584852430556
131007
0.0492962319959
131027
0.0436040380658
131047
0.0416996206276
131067
0.0387635030864
131087
0.0369679140947
131107
0.0372183641975
131127
0.0382209683642
131147
0.0390239197531
131167
0.0413625257202
131187
0.0442407728909
131207
0.0483789866255
131227
0.047472029321
131247
0.0475811792695
131267
0.0458463541667
131287
0.045865001286
131307
0.0449181777263
131327
0.0438477366255
131347
0.044358121142
131367
0.0448866705247
131387
0.044519836677
131407
0.0447196502058
131427
0.0453954475309
131447
0.0440017361111
131467
0.0453161972737
131487
0.0450297389403
131507
0.0454566936728
131527
0.0468642296811
131547
0.0470886381173
131567
0.0466472157922
131587
0.0473440715021
131607
0.0441944765947
131627
0.0434204603909
131647
0.0412181712963
131667
0.0397334747942
131687
0.0390996334877
131707
0.0388532021605
131727
0.0368108603395
131747
0.0360344328704
131767
0.0361625514403
131787
0.0363327867798
131807
0.157846096965
131827
0.987092013889
131847
1.0
131867
1.0
131887
1.0
131907
1.0
131927
0.985707947531
131947
0.967650462963
131967
0.959761284722
131987
0.958667534722
132007
0.959611304012
132027
0.960127314815
132047
0.960685281636
132067
0.951772762346
132087
0.950933641975
132107
0.950563753858
132127
0.94974537037
132147
0.966311728395
132167
0.980356385031
132187
0.978272087191
132207
0.969782021605
132227
0.970218460648
132247
0.970136959877
132267
0.961799286265
132287
0.948314525463
132307
0.933331404321
132327
0.930881076389
132347
0.941418306327
132367
0.938940489969
132387
0.927048611111
132407
0.931232638889
132427
0.920662133488
132447
0.919415509259
132467
0.916433256173
132487
0.921738040123
132507
0.939918499228
132527
0.950547357253
132547
0.94091869213
132567
0.9392578125
132587
0.947973572531
132607
0.959716917438
132627
0.968086902006
132647
0.96840470679
132667
0.967969714506
132687
0.959538001543
132707
0.970435474537
132727
0.970317804784
132747
0.961250964506
132767
0.969485435957
132787
0.969198977623
132807
0.969021508488
132827
0.966806520062
132847
0.966618441358
132867
0.966807002315
132887
0.966806520062
132907
0.959381751543
132927
0.934870756173
132947
0.906677276235
132967
0.887495659722
132987
0.850568576389
133007
0.818638599537
133027
0.789999517747
133047
0.770052565586
133067
0.747634066358
133087
0.724828800154
133107
0.72522810571
133127
0.726219618056
133147
0.73529851466
133167
0.754666763117
133187
0.761850405093
133207
0.771270736883
133227
0.769448784722
133247
0.768793402778
133267
0.761219618056
133287
0.743665123457
133307
0.724162808642
133327
0.71772183642
133347
0.701266396605
133367
0.684578028549
133387
0.674821084105
133407
0.662764274691
133427
0.661221064815
133447
0.665298996914
133467
0.670760030864
133487
0.679204282407
133507
0.685900366512
133527
0.686372974537
133547
0.686643518519
133567
0.685717592593
133587
0.686083622685
133607
0.68001253858
133627
0.668401813272
133647
0.676278935185
133667
0.667164834105
133687
0.669171971451
133707
0.66862027392
133727
0.675771122685
133747
0.68744839892
133767
0.689491222994
133787
0.691845582562
133807
0.710229070216
133827
0.722633101852
133847
0.72537037037
133867
0.729738618827
133887
0.735235339506
133907
0.743761574074
133927
0.741832079475
133947
0.766319926698
133967
0.76856867284
133987
0.780228587963
134007
0.774398148148
134027
0.767400173611
134047
0.753285108025
134067
0.751261091821
134087
0.754483024691
134107
0.747225597994
134127
0.73745466821
134147
0.720865162037
134167
0.696758294753
134187
0.722686149691
134207
0.735848765432
134227
0.743571566358
134247
0.755160108025
134267
0.780542534722
134287
0.798481385031
134307
0.802938850309
134327
0.816909239969
134347
0.828760609568
134367
0.835093074846
134387
0.821140046296
134407
0.805632233796
134427
0.805718557099
134447
0.807172067901
134467
0.829113136574
134487
0.831050829475
134507
0.823144772377
134527
0.842382330247
134547
0.849064429012
134567
0.855504436728
134587
0.873379147377
134607
0.885184702932
134627
0.90275462963
134647
0.89967351466
134667
0.87509211034
134687
0.838301986883
134707
0.80553288966
134727
0.790539158951
134747
0.780217013889
134767
0.772201967593
134787
0.751999421296
134807
0.743641493056
134827
0.747416570216
134847
0.737404513889
134867
0.768629918981
134887
0.792019193673
134907
0.821831114969
134927
0.844517746914
134947
0.827330729167
134967
0.797409818673
134987
0.792147955247
135007
0.774321469907
135027
0.728040123457
135047
0.701010320216
135067
0.689385609568
135087
0.66653742284
135107
0.648577353395
135127
0.608685378086
135147
0.611601080247
135167
0.611988329475
135187
0.591612654321
135207
0.613734567901
135227
0.602986593364
135247
0.603177565586
135267
0.624549093364
135287
0.636520061728
135307
0.639223572531
135327
0.661163676698
135347
0.70438126929
135367
0.725529513889
135387
0.764902102623
135407
0.782984664352
135427
0.805461033951
135447
0.8375390625
135467
0.849757426698
135487
0.854529320988
135507
0.869972993827
135527
0.861701388889
135547
0.853185281636
135567
0.822519772377
135587
0.815611979167
135607
0.811638695988
135627
0.792791763117
135647
0.784630594136
135667
0.764119888117
135687
0.757415123457
135707
0.767820216049
135727
0.774860628858
135747
0.780004822531
135767
0.796131847994
135787
0.810769675926
135807
0.813383487654
135827
0.842824074074
135847
0.847821180556
135867
0.85798755787
135887
0.880355420525
135907
0.891136188272
135927
0.886205150463
135947
0.899539930556
135967
0.907581018519
135987
0.911428433642
136007
0.921824363426
136027
0.907214988426
136047
0.902359182099
136067
0.908726851852
136087
0.904619984568
136107
0.897859278549
136127
0.891510416667
136147
0.870486593364
136167
0.867678915895
136187
0.87857494213
136207
0.860285493827
136227
0.86513744213
136247
0.867181712963
136267
0.869133873457
136287
0.851553819444
136307
0.848949652778
136327
0.840039544753
136347
0.827534239969
136367
0.83334683642
136387
0.799109278549
136407
0.784916087963
136427
0.78962191358
136447
0.797671199846
136467
0.806791570216
136487
0.82083912037
136507
0.86298273534
136527
0.870848283179
136547
0.904196566358
136567
0.920356867284
136587
0.918069058642
136607
0.938322723765
136627
0.941275559414
136647
0.912548225309
136667
0.910857445988
136687
0.910478877315
136707
0.912776813272
136727
0.913987268519
136747
0.912218364198
136767
0.913341049383
136787
0.977504822531
136807
1.0
