135511
0.351539522059
135531
0.359062882966
135551
0.353310738358
135571
0.447979856005
135591
0.346888403799
135611
0.327391620711
135631
0.471354166667
135651
0.473868336397
135671
0.466017539828
135691
0.464430147059
135711
0.474124923407
135731
0.315504365809
135751
0.307125076593
135771
0.294391467525
135791
0.293705958946
135811
0.375890395221
135831
0.381587009804
135851
0.388641237745
135871
0.382084865196
135891
0.185259650735
135911
0.186640242034
135931
0.178462009804
135951
0.341228170956
135971
0.339973958333
135991
0.334068627451
136011
0.346804151348
136031
0.666427313113
136051
0.673246017157
136071
0.694023820466
136091
0.372100949755
136111
0.379978553922
136131
0.37874731924
136151
0.379402190564
136171
0.37629442402
136191
0.378858379289
136211
0.375247012868
136231
0.372478170956
136251
0.377188648897
136271
0.650022977941
136291
0.643740425858
136311
0.631456801471
136331
0.656282552083
136351
0.611176853554
136371
0.609189261642
136391
0.396239276961
136411
0.39416551777
136431
0.389625459559
136451
0.388206571691
136471
0.388005514706
136491
0.393367034314
136511
0.208838848039
136531
0.214219515931
136551
0.215286075368
136571
0.20681104473
136591
0.214066329657
136611
0.209796262255
136631
0.246143535539
136651
0.247030101103
136671
0.234959022672
136691
0.286341528799
136711
0.207764629289
136731
0.206550628064
136751
0.373768765319
136771
0.398299632353
136791
0.305179610907
136811
0.427058440564
136831
0.464321001838
136851
0.418307674632
136871
0.418621706495
136891
0.432649739583
136911
0.442177925858
136931
0.435301776961
136951
0.442356004902
136971
0.454982383578
136991
0.457806755515
137011
0.261404718137
137031
0.258712469363
137051
0.281495098039
137071
0.266078814338
137091
0.348858762255
137111
0.371400122549
137131
0.402701822917
137151
0.407846966912
137171
0.405300245098
137191
0.411435355392
137211
0.800922947304
137231
0.436410462623
137251
0.339445465686
137271
0.253596047794
137291
0.152519914216
137311
0.0997376685049
137331
0.0867340686275
137351
0.0797181372549
137371
0.0783145680147
137391
0.0700999540441
137411
0.0758444393382
137431
0.0771522671569
137451
0.0752144607843
137471
0.0746649050245
137491
0.0758291207108
137511
0.0762005974265
137531
0.078111596201
137551
0.0781652113971
137571
0.0783777573529
137591
0.0778952205882
137611
0.0754078584559
137631
0.0756223192402
137651
0.0758961397059
137671
0.75885033701
137691
0.756874234069
137711
0.644889322917
137731
0.368357460172
137751
0.12023973652
137771
0.0560144761029
137791
0.0713465073529
137811
0.0613453584559
137831
0.0751742493873
137851
0.0830116421569
137871
0.3171875
137891
0.303308823529
137911
0.210703890931
137931
0.173655790441
137951
0.166839001225
137971
0.647661994485
137991
0.680277267157
138011
0.702508425245
138031
0.722964537377
138051
0.747560508578
138071
0.180344286152
138091
0.19222388174
138111
0.216471354167
138131
0.183656939338
138151
0.465335860907
138171
0.494736136642
138191
0.446273743873
138211
0.322947303922
138231
0.154653033088
138251
0.146729473039
138271
0.153241804534
138291
0.190412454044
138311
0.229384957108
138331
0.132753140319
138351
0.399278109681
138371
0.301288679534
138391
0.259237132353
138411
0.147097120098
138431
0.170109528186
138451
0.16393995098
138471
0.162143841912
138491
0.146488204657
138511
0.301740579044
138531
0.298575367647
138551
0.283427159926
138571
0.298464307598
138591
0.125430836397
138611
0.113453584559
138631
0.116651348039
138651
0.115138633578
138671
0.106611902574
138691
0.108653109681
138711
0.10869140625
138731
0.106339996936
138751
0.106606158088
138771
0.106964231005
138791
0.106573606005
138811
1.0
138831
1.0
138851
1.0
138871
1.0
138891
1.0
138911
1.0
138931
0.99333448223
138951
0.988951439951
138971
0.989828431373
138991
0.981106387868
139011
0.977558210784
139031
0.976690793505
139051
0.974370021446
139071
0.967526424632
139091
0.967827052696
139111
0.967823223039
139131
0.965939031863
139151
0.966115196078
139171
0.96790747549
139191
0.967470894608
139211
0.965540747549
139231
0.963656556373
139251
0.962063419118
139271
0.958693321078
139291
0.961868106618
139311
0.958792892157
139331
0.948872166054
139351
0.943064491422
139371
0.947286688113
139391
0.939937576593
139411
0.932590379902
139431
0.922196691176
139451
0.918393841912
139471
0.9138671875
139491
0.907496553309
139511
0.902104396446
139531
0.894378063725
139551
0.893317248775
139571
0.898613664216
139591
0.898133042279
139611
0.89465379902
139631
0.889154411765
139651
0.888520603554
139671
0.891810278799
139691
0.889918428309
139711
0.88939185049
139731
0.884296492034
139751
0.89094286152
139771
0.900823376225
139791
0.901985677083
139811
0.899921492034
139831
0.891354549632
139851
0.889206112132
139871
0.894655713848
139891
0.895122931985
139911
0.895852481618
139931
0.892020909926
139951
0.89138135723
139971
0.89853515625
139991
0.903538602941
140011
0.899124923407
140031
0.889985447304
140051
0.883810125613
140071
0.885874310662
140091
0.880924479167
140111
0.881667432598
140131
0.879444316789
140151
0.880388327206
140171
0.885322840074
140191
0.877357153799
140211
0.876493566176
140231
0.874668734681
140251
0.874567248775
140271
0.885322840074
140291
0.882136565564
140311
0.882665058211
140331
0.884849877451
140351
0.888712086397
140371
0.893202359069
140391
0.895096124387
140411
0.890381816789
140431
0.889973958333
140451
0.888047640931
140471
0.892970664828
140491
0.902722886029
140511
0.906588924632
140531
0.902512254902
140551
0.897608379289
140571
0.896616498162
140591
0.901861213235
140611
0.906045113358
140631
0.897357536765
140651
0.893376608456
140671
0.899272365196
140691
0.902205882353
140711
0.90231885723
140731
0.898598345588
140751
0.897223498775
140771
0.905606617647
140791
0.905757889093
140811
0.902657781863
140831
0.901302083333
140851
0.903915824142
140871
0.915146292892
140891
0.911808746936
140911
0.905955116422
140931
0.904136029412
140951
0.908277803309
140971
0.907236136642
140991
0.909970511642
141011
0.910027956495
141031
0.905093443627
141051
0.909922640931
141071
0.914301853554
141091
0.915854779412
141111
0.912775735294
141131
0.90628638174
141151
0.905263863358
141171
0.906255744485
141191
0.906878063725
141211
0.903592218137
141231
0.893830422794
141251
0.897884114583
141271
0.903523284314
141291
0.901175704657
141311
0.906050857843
141331
0.898357077206
141351
0.896432674632
141371
0.902428002451
141391
0.900631893382
141411
0.896758195466
141431
0.894525505515
141451
0.893717447917
141471
0.897962622549
141491
0.900988051471
141511
0.904733455882
141531
0.902449065564
141551
0.898866421569
141571
0.907741651348
141591
0.905085784314
141611
0.899471507353
141631
0.89997510723
141651
0.904090073529
141671
0.908693321078
141691
0.907429534314
141711
0.907638250613
141731
0.907546338848
141751
0.910665594363
141771
0.918941482843
141791
0.917093673407
141811
0.915115655637
141831
0.916980698529
141851
0.922941559436
141871
0.924124923407
141891
0.924833409926
141911
0.927619485294
141931
0.920494408701
141951
0.914529718137
141971
0.919485294118
141991
0.911209405637
142011
0.908819699755
142031
0.898334099265
142051
0.892334941789
142071
0.893478094363
142091
0.893342141544
142111
0.88759765625
142131
0.875922947304
142151
0.867032398897
142171
0.868391927083
142191
0.862107460172
142211
0.861546415441
142231
0.853954120711
142251
0.85560278799
142271
0.863949525123
142291
0.867752374387
142311
0.874965533088
142331
0.876223575368
142351
0.876348039216
142371
0.884191176471
142391
0.885104549632
142411
0.894150199142
142431
0.89572801777
142451
0.906089154412
142471
0.915211397059
142491
0.922464767157
142511
0.924111519608
142531
0.928431372549
142551
0.928308823529
142571
0.935797717525
142591
0.937379365809
142611
0.933511412377
142631
0.933115042892
142651
0.932222732843
142671
0.9322265625
142691
0.93039598652
142711
0.926912913603
142731
0.91822533701
142751
0.91740770527
142771
0.921277573529
142791
0.914765242034
142811
0.912228094363
142831
0.906475949755
142851
0.905633425245
142871
0.912189797794
142891
0.911469822304
142911
0.912373621324
142931
0.903988587623
142951
0.90318627451
142971
0.911764705882
142991
0.908999693627
143011
0.910753676471
143031
0.906238511029
143051
0.903477328431
143071
0.906058517157
143091
0.905888097426
143111
0.907186351103
143131
0.895350796569
143151
0.896583946078
143171
0.894357000613
143191
0.889370787377
143211
0.889548866422
143231
0.883915441176
143251
0.888662300858
143271
0.895375689338
143291
0.901876531863
143311
0.901051240809
143331
0.900114889706
143351
0.908992034314
143371
0.91276807598
143391
0.914466528799
143411
0.911008348652
143431
0.91392846201
143451
0.918081724877
143471
0.917172181373
143491
0.924582567402
143511
0.923916207108
143531
0.927226945466
143551
0.920699295343
143571
0.924823835784
143591
0.923043045343
143611
0.912921262255
143631
0.90651807598
143651
0.906751685049
143671
0.911090686275
143691
0.912545955882
143711
0.919035309436
143731
0.908990119485
143751
0.892551317402
143771
0.88508348652
143791
0.870634191176
143811
0.874163219975
143831
0.862473192402
143851
0.863020833333
143871
0.85627489277
143891
0.847901348039
143911
0.847920496324
143931
0.840707337623
143951
0.829042202819
143971
0.829340916054
143991
0.819008501838
144011
0.802127374387
144031
0.792892156863
144051
0.807188265931
144071
0.823598345588
144091
0.816450291054
144111
0.814068244485
144131
0.821650965074
144151
0.82230200674
144171
0.840215226716
144191
0.845038679534
144211
0.844732306985
144231
0.843619791667
144251
0.854097732843
144271
0.859173943015
144291
0.868734681373
144311
0.877525658701
144331
0.879086243873
144351
0.880865119485
144371
0.893581495098
144391
0.911320465686
144411
0.910296032475
144431
0.90677466299
144451
0.906523820466
144471
0.914024203431
144491
0.917066865809
144511
0.916720281863
144531
0.918815104167
144551
0.927383961397
144571
0.933597579657
144591
0.933704810049
144611
0.934777113971
144631
0.930912990196
144651
0.932977175245
144671
0.937237668505
144691
0.937877221201
144711
0.940682444853
144731
0.940858609069
144751
0.938591452206
144771
0.936502374387
144791
0.936678538603
144811
0.933421415441
144831
0.931251914828
144851
0.928720511642
144871
0.914225260417
144891
0.907370174632
144911
0.904111136642
144931
0.889397594975
144951
0.894253599877
144971
0.903751148897
144991
0.905093443627
145011
0.904289215686
145031
0.905225566789
145051
0.912061504289
145071
0.923965992647
145091
0.926845894608
145111
0.92976026348
145131
0.926683134191
145151
0.932429534314
145171
0.958852251838
145191
0.968972120098
145211
0.97712354473
145231
0.991555606618
145251
0.991672411152
145271
0.991423483456
145291
0.991500076593
145311
0.991484757966
145331
0.991835171569
145351
0.994450827206
145371
1.0
145391
0.959426700368
145411
0.959823069853
145431
0.959828814338
145451
0.959823069853
145471
0.959823069853
145491
0.959823069853
