149343
0.0732349537037
149363
0.062134502924
149383
0.0672301413255
149403
0.11302997076
149423
0.114773696394
149443
0.115031067251
149463
0.115789473684
149483
0.104909844055
149503
0.116320967349
149523
0.129124025341
149543
0.125411184211
149563
0.12816916423
149583
0.134408503899
149603
0.134003411306
149623
0.135454739279
149643
0.136132431774
149663
0.0904818469786
149683
0.0843978435673
149703
0.08524457846
149723
0.0874345151072
149743
0.0879050925926
149763
0.0961866471735
149783
0.0985501949318
149803
0.0791240253411
149823
0.0814510233918
149843
0.0727704678363
149863
0.073207541423
149883
0.0854638767057
149903
0.0728268153021
149923
0.0761437012671
149943
0.0805448952242
149963
0.0861918250487
149983
0.0778706749513
150003
0.0667412889864
150023
0.0811829922027
150043
0.0822063840156
150063
0.0791468689084
150083
0.078676291423
150103
0.0794956140351
150123
0.0810565911306
150143
0.0833653143275
150163
0.0611217714425
150183
0.0617705287524
150203
0.0654711866472
150223
0.0591024000975
150243
0.0561829922027
150263
0.0609390229045
150283
0.0633025706628
150303
0.0589501096491
150323
0.0596673976608
150343
0.0700657894737
150363
0.0768914473684
150383
0.0798367446394
150403
0.0617248416179
150423
0.0545702363548
150443
0.0558266325536
150463
0.0571820175439
150483
0.0553819444444
150503
0.0611613669591
150523
0.0623979653996
150543
0.0618314449318
150563
0.069345455653
150583
0.066226547271
150603
0.059233369883
150623
0.0632188109162
150643
0.0603192007797
150663
0.0809027777778
150683
0.103572733918
150703
0.093844420078
150723
0.063741167154
150743
0.06254416423
150763
0.0694611963938
150783
0.0734770955166
150803
0.0797362329435
150823
0.0844709429825
150843
0.0668067738791
150863
0.0646945053606
150883
0.0631487573099
150903
0.0668296174464
150923
0.0622883162768
150943
0.0621405945419
150963
0.067688535575
150983
0.0640944809942
151003
0.0623035453216
151023
0.062956871345
151043
0.0639558966862
151063
0.058959247076
151083
0.0592744883041
151103
0.0558601364522
151123
0.0587018762183
151143
0.0521305433723
151163
0.0598668981481
151183
0.0572307504873
151203
0.0931195175439
151223
0.10716374269
151243
0.10542458577
151263
0.0598897417154
151283
0.0566429093567
151303
0.0568728679337
151323
0.0531737329435
151343
0.0544057626706
151363
0.0540082846004
151383
0.0871360258285
151403
0.08823708577
151423
0.118163681774
151443
0.0995644493177
151463
0.100286306043
151483
0.0915813840156
151503
0.0860745614035
151523
0.0702576754386
151543
0.0701998050682
151563
0.0663544712476
151583
0.0690195540936
151603
0.0719161184211
151623
0.0676230506823
151643
0.0692586500975
151663
0.070451084308
151683
0.0706399244639
151703
0.127668128655
151723
0.119732273392
151743
0.115385903996
151763
0.116266142788
151783
0.160530884503
151803
0.126918859649
151823
0.140937195419
151843
0.131068774366
151863
0.122994334795
151883
0.113808174951
151903
0.137956871345
151923
0.139749329922
151943
0.136863425926
151963
0.140547331871
151983
0.137551778752
152003
0.139961013645
152023
0.133321150097
152043
0.132456140351
152063
0.114625974659
152083
0.111325840643
152103
0.106851547271
152123
0.105806834795
152143
0.101553362573
152163
0.0913483796296
152183
0.0870507431774
152203
0.0943774366472
152223
0.0970014010721
152243
0.100095942982
152263
0.103306225634
152283
0.106974902534
152303
0.113954373782
152323
0.112171052632
152343
0.10462962963
152363
0.10784295809
152383
0.106656615497
152403
0.104798672027
152423
0.10403874269
152443
0.103785940546
152463
0.137725389864
152483
0.168245918616
152503
0.236129385965
152523
0.349284234893
152543
1.0
152563
1.0
152583
0.996188170078
152603
0.996807992203
152623
0.996769919591
152643
0.996613060429
152663
0.996422697368
152683
0.996442495127
152703
0.99655214425
152723
0.996504934211
152743
0.996526254873
152763
0.995408442982
152783
0.99596125731
152803
0.99597496345
152823
0.995041423002
152843
0.994982029727
152863
0.994951571637
152883
0.992228618421
152903
0.992192068713
152923
0.992131152534
152943
0.994691154971
152963
0.99447337963
152983
0.994406371832
153003
0.994106359649
153023
0.993806347466
153043
0.99376370614
153063
0.990379812378
153083
0.989900097466
153103
0.99000670078
153123
0.994255604288
153143
0.994158138402
153163
0.9941916423
153183
0.987553301657
153203
0.987283747563
153223
0.987238060429
153243
0.994468810916
153263
0.994290631092
153283
0.994325657895
153303
0.994083516082
153323
0.993975389864
153343
0.994010416667
153363
0.995358187135
153383
0.995068835283
153403
0.995012487817
153423
0.991342288012
153443
0.991170199805
153463
0.991084917154
153483
0.994025645712
153503
0.993839851365
153523
0.993762183236
153543
0.995850085283
153563
0.9957541423
153583
0.995780031676
153603
0.99347130848
153623
0.99324744152
153643
0.993198708577
153663
0.985511086745
153683
0.985163864522
153703
0.984924768519
153723
0.985530884503
153743
0.985166910331
153763
0.985113608674
153783
0.990274731969
153803
0.990079800195
153823
0.990023452729
153843
1.0
153863
0.999428910819
153883
0.995901864035
153903
0.993495674951
153923
0.986715704191
153943
0.98428667154
153963
0.982862755848
153983
0.977055921053
154003
0.965131578947
154023
0.970097770468
154043
0.957541423002
154063
0.953260538499
154083
0.953527046784
154103
0.951955409357
154123
0.946789717349
154143
0.947765899123
154163
0.943462171053
154183
0.936636513158
154203
0.940635660331
154223
0.93717714425
154243
0.941232638889
154263
0.943239826998
154283
0.946150097466
154303
0.932938901072
154323
0.942274305556
154343
0.94347130848
154363
0.945321637427
154383
0.949632980019
154403
0.95091374269
154423
0.955127619396
154443
0.953370187622
154463
0.95204830653
154483
0.956460160819
154503
0.958663803606
154523
0.953720455653
154543
0.950290874756
154563
0.960109039961
154583
0.960565911306
154603
0.953630604288
154623
0.95418494152
154643
0.949372563353
154663
0.95567586501
154683
0.963095455653
154703
0.946619152047
154723
0.948742080897
154743
0.956455592105
154763
0.951800073099
154783
0.948347648635
154803
0.953953460039
154823
0.948921783626
154843
0.94933753655
154863
0.958004385965
154883
0.953225511696
154903
0.946806469298
154923
0.956169286062
154943
0.950114217836
154963
0.948999451754
154983
0.954571759259
155003
0.950639619883
155023
0.947313596491
155043
0.957223135965
155063
0.95103252924
155083
0.948032407407
155103
0.957156128168
155123
0.950758406433
155143
0.95377375731
155163
0.95992172271
155183
0.960221734893
155203
0.953117385478
155223
0.958213023879
155243
0.951189388402
155263
0.950616776316
155283
0.950514741715
155303
0.950173611111
155323
0.955033199318
155343
0.957667824074
155363
0.952270650585
155383
0.954108796296
155403
0.956023087232
155423
0.951256396199
155443
0.944986598441
155463
0.954487999513
155483
0.956326145224
155503
0.953294042398
155523
0.955773330897
155543
0.950621345029
155563
0.945933845029
155583
0.949209612573
155603
0.946073952242
155623
0.95187164961
155643
0.954318957115
155663
0.953606237817
155683
0.952156432749
155703
0.951072124756
155723
0.941496101365
155743
0.94771412037
155763
0.956370309454
155783
0.956269797758
155803
0.950400523879
155823
0.956300255848
155843
0.952713815789
155863
0.950507127193
155883
0.958004385965
155903
0.948323282164
155923
0.951743725634
155943
0.957891691033
155963
0.952942251462
155983
0.94439875731
156003
0.949808114035
156023
0.943654057018
156043
0.941220455653
156063
0.946392239279
156083
0.947645589669
156103
0.932894736842
156123
0.936679154483
156143
0.930331688596
156163
0.931740375244
156183
0.939234588207
156203
0.932739400585
156223
0.929105750487
156243
0.931865253411
156263
0.917685489766
156283
0.92417458577
156303
0.929015899123
156323
0.93242872807
156343
0.933974476121
156363
0.932277960526
156383
0.935325292398
156403
0.925959429825
156423
0.927424463938
156443
0.922372989766
156463
0.926760477583
156483
0.940950901559
156503
0.928520955166
156523
0.925632005361
156543
0.932771381579
156563
0.92040082846
156583
0.937547210039
156603
0.946451632554
156623
0.9426291423
156643
0.934141995614
156663
0.940535148635
156683
0.932940423977
156703
0.927898087232
156723
0.944477948343
156743
0.937745187622
156763
0.937195419103
156783
0.952144249513
156803
0.935914656433
156823
0.925041118421
156843
0.940323464912
156863
0.941643823099
156883
0.943766751949
156903
0.954282407407
156923
0.939714303119
156943
0.934455713938
156963
0.940398087232
156983
0.934743542885
157003
0.924476120858
157023
0.937702546296
157043
0.931732760721
157063
0.926308174951
157083
0.932189632066
157103
0.927214303119
157123
0.92554672271
157143
0.934343019006
157163
0.937419286062
157183
0.932567312378
157203
0.937987329435
157223
0.934603435673
157243
0.939060977096
157263
0.947426291423
157283
0.945507431774
157303
0.932249025341
157323
0.939712780214
157343
0.928019919591
157363
0.933133832846
157383
0.945321637427
157403
0.942301717836
157423
0.932274914717
157443
0.920487634016
157463
0.907890168129
157483
0.900644188596
157503
0.912800012183
157523
0.897540509259
157543
0.903880360624
157563
0.911324317739
157583
0.911575596979
157603
0.895597283138
157623
0.905276864035
157643
0.906699256823
157663
0.913313230994
157683
0.919732273392
157703
0.915497076023
157723
0.917750974659
157743
0.917045869883
157763
0.901848806043
157783
0.886092836257
157803
0.906507370858
157823
0.877814327485
157843
0.870399305556
157863
0.889659478558
157883
0.882981542398
157903
0.902045260721
157923
0.903152412281
157943
0.89380787037
157963
0.890232090643
157983
0.903452424464
158003
0.899521807992
158023
0.905343871832
158043
0.924826388889
158063
0.918871832359
158083
0.91823373538
158103
0.929637244152
158123
0.922835952729
158143
0.92887579191
158163
0.94691916423
158183
0.956455592105
158203
0.948608065302
158223
0.953944322612
158243
0.966062073587
158263
0.965516873782
158283
0.951591435185
158303
0.942326084308
158323
0.945480019493
158343
0.955925621345
158363
0.937993421053
158383
0.932757675439
158403
0.93130787037
158423
0.906833272417
158443
0.887850268031
158463
0.901719359162
158483
0.91055372807
158503
0.910342044347
158523
0.919688109162
158543
0.905948464912
158563
0.917347404971
158583
0.941672758285
158603
0.937944688109
158623
0.956195175439
158643
0.97653204191
158663
0.981370309454
158683
0.987209125244
158703
0.993873355263
158723
0.993966252437
158743
1.0
158763
1.0
158783
1.0
158803
1.0
158823
1.0
158843
1.0
158863
1.0
158883
1.0
158903
1.0
158923
1.0
