116217
0.0496462102522
116237
0.0521197402686
116257
0.0503400836075
116277
0.0499267578125
116297
0.0512266995614
116317
0.0787846080044
116337
0.0771719949287
116357
0.0772919236568
116377
0.0834489788925
116397
0.0835924650493
116417
0.0798511170504
116437
0.0797783031798
116457
0.0521026075932
116477
0.05241527892
116497
0.0529506750274
116517
0.0614870305647
116537
0.0587757846765
116557
0.0588935718202
116577
0.05876293517
116597
0.0573452062774
116617
0.0599814967105
116637
0.0582489549068
116657
0.0562230160362
116677
0.0579791152686
116697
0.0589749520285
116717
0.0587843510143
116737
0.0580369380482
116757
0.0560688219572
116777
0.057343064693
116797
0.0565442537007
116817
0.0563943427906
116837
0.0566834566886
116857
0.108310632538
116877
0.113311232182
116897
0.110844126919
116917
0.110807719984
116937
0.112403200384
116957
0.11463473136
116977
0.129390248081
116997
0.143601802357
117017
0.15375077097
117037
0.156603361431
117057
0.14701120477
117077
0.125312671327
117097
0.0582853618421
117117
0.0588421737939
117137
0.0604547868695
117157
0.0583774499726
117177
0.0589256955866
117197
0.0604076720121
117217
0.058822899534
117237
0.0630161218476
117257
0.0615598444353
117277
0.0596731085526
117297
0.0589835183662
117317
0.0439367461623
117337
0.0606903611568
117357
0.0566534745066
117377
0.0562979714912
117397
0.0569854200932
117417
0.0641875685307
117437
0.0630975020559
117457
0.060317725466
117477
0.0602834601151
117497
0.0623715049342
117517
0.0646929824561
117537
0.0467850534539
117557
0.0497661389803
117577
0.0470656010143
117597
0.0422127706963
117617
0.0409685101425
117637
0.0413068804825
117657
0.0405209189967
117677
0.0389896861294
117697
0.0405466180099
117717
0.0430758292215
117737
0.0440952234101
117757
0.0419600637336
117777
0.0418272854989
117797
0.0418958162007
117817
0.0409042626096
117837
0.0405744586075
117857
0.039475825795
117877
0.0383664850603
117897
0.0413754111842
117917
0.0419365063048
117937
0.05339184142
117957
0.0516914233827
117977
0.0532869037829
117997
0.0763624760143
118017
0.0776774088542
118037
0.050078810307
118057
0.0567776864035
118077
0.0529057017544
118097
0.0764567057292
118117
0.0546875
118137
0.049575537966
118157
0.0581847073739
118177
0.0793949595669
118197
0.0787931743421
118217
0.0791893674616
118237
0.0769107216283
118257
0.0767565275493
118277
0.0761547423246
118297
0.0776581345943
118317
0.0845561780428
118337
0.0471084327029
118357
0.0578484786184
118377
0.0662456311678
118397
0.0737840083607
118417
0.0408742804276
118437
0.0450717859101
118457
0.0377347176535
118477
0.0436454906798
118497
0.0421185409814
118517
0.0418658340186
118537
0.0368116947643
118557
0.0386084841009
118577
0.0401804070724
118597
0.0373363829496
118617
0.038529245477
118637
0.0676633600603
118657
0.041932223136
118677
0.0509054618969
118697
0.0478044476425
118717
0.0441958778783
118737
0.0500466865406
118757
0.0417887369792
118777
0.0530877364309
118797
0.045455129523
118817
0.0680231462445
118837
0.0620160019189
118857
0.0662327816612
118877
0.108312774123
118897
0.0798404091283
118917
0.0805792557566
118937
0.0954975328947
118957
0.0742230331689
118977
0.0480121813322
118997
0.0558653714364
119017
0.0720257675439
119037
0.066346285636
119057
0.0713104783443
119077
0.0762532552083
119097
0.0699055989583
119117
0.0708564624452
119137
0.0700919168037
119157
0.102464107045
119177
0.0322758189419
119197
0.0694451583059
119217
0.0726168448465
119237
0.0730558696546
119257
0.0717238041393
119277
0.0726875171327
119297
0.0722399259868
119317
0.0724262438322
119337
0.0733150013706
119357
0.0705737733004
119377
0.0690639562774
119397
0.0696314761513
119417
0.0717195209704
119437
0.0731715152138
119457
0.0724819250274
119477
0.0738953707511
119497
0.0744671737939
119517
0.0749147649397
119537
0.0526529947917
119557
0.0532954701206
119577
0.0529870819627
119597
0.0528842859101
119617
0.0538522820724
119637
0.0526380037007
119657
0.0364754660088
119677
0.0363748115406
119697
0.0361392372533
119717
0.0614613315515
119737
0.0599600808662
119757
0.0596259936952
119777
0.0588850054825
119797
0.0549937465735
119817
0.057313082511
119837
0.0568290844298
119857
0.0567091557018
119877
0.031753272341
119897
0.0321730228893
119917
0.0331560101425
119937
0.0321451822917
119957
0.0591676946272
119977
0.05859375
119997
0.0584459806743
120017
0.0578998766447
120037
0.0586836965461
120057
0.0594461006031
120077
0.0661128529331
120097
0.0623372395833
120117
0.0591784025493
120137
0.0650442023026
120157
0.0327255516721
120177
0.0340147854989
120197
0.0347579152961
120217
0.0326291803728
120237
0.0326441714638
120257
0.0519227145011
120277
0.0502458538925
120297
0.0498132538377
120317
0.0374220463268
120337
0.0369273403235
120357
0.0625685307018
120377
0.0571160567434
120397
0.0551201000548
120417
0.0555976733827
120437
0.0589042797423
120457
0.0611229612116
120477
0.0635622258772
120497
0.0621209395559
120517
0.0615791186952
120537
0.0637442605537
120557
0.0621187979715
120577
0.06330737733
120597
0.0644102933114
120617
0.0687470017818
120637
0.0347108004386
120657
0.0343510142544
120677
0.0344174033717
120697
0.0348007469846
120717
0.0347215083607
120737
0.0351305509868
120757
0.0349592242325
120777
0.0346144291393
120797
0.0344516687226
120817
0.0343403063322
120837
0.0345587479441
120857
0.0344602350603
120877
0.0346058628015
120897
0.0347579152961
120917
0.0348649945175
120937
0.0347257915296
120957
0.0346101459704
120977
0.0349913479989
120997
0.0350684450384
121017
0.0353040193257
121037
0.0362206174616
121057
0.0364647580866
121077
0.0366617838542
121097
1.0
121117
1.0
121137
1.0
121157
1.0
121177
1.0
121197
1.0
121217
1.0
121237
0.995085063734
121257
0.984098735609
121277
0.979678505345
121297
0.974088969984
121317
0.969788668448
121337
0.963312517133
121357
0.957153320312
121377
0.950816371985
121397
0.945226836623
121417
0.937827662418
121437
0.931807668586
121457
0.925035978618
121477
0.920446563185
121497
0.922504625822
121517
0.928036338405
121537
0.92324775562
121557
0.918011581689
121577
0.912175764117
121597
0.917593972725
121617
0.915056195175
121637
0.918773985746
121657
0.917420504386
121677
0.918876781798
121697
0.920114617599
121717
0.91800729852
121737
0.919157329359
121757
0.920313784951
121777
0.912479869106
121797
0.915852864583
121817
0.917983741091
121837
0.921260365269
121857
0.921671549479
121877
0.925731993558
121897
0.923271313048
121917
0.928235505757
121937
0.926727830318
121957
0.927241810581
121977
0.930507726837
121997
0.926076788651
122017
0.924757572643
122037
0.925832648026
122057
0.921450966283
122077
0.925460012336
122097
0.923314144737
122117
0.923005756579
122137
0.924778988487
122157
0.923738178454
122177
0.924877501371
122197
0.927687260143
122217
0.922716642681
122237
0.912625496848
122257
0.907519959567
122277
0.908984803317
122297
0.913818359375
122317
0.918472022341
122337
0.914709258498
122357
0.914265950521
122377
0.914612887198
122397
0.901851185581
122417
0.896854869106
122437
0.888284248218
122457
0.892464621025
122477
0.892920778509
122497
0.898343270285
122517
0.905530427632
122537
0.905222039474
122557
0.901879026179
122577
0.904581705729
122597
0.90623072574
122617
0.909447385554
122637
0.909177545916
122657
0.917790998492
122677
0.925325092516
122697
0.928576017681
122717
0.921735797012
122737
0.929854543586
122757
0.934347587719
122777
0.928342584978
122797
0.927601596765
122817
0.929918791118
122837
0.928593150356
122857
0.929918791118
122877
0.927625154194
122897
0.929882384183
122917
0.924592670641
122937
0.917632521245
122957
0.91922586006
122977
0.917431212308
122997
0.911374811541
123017
0.904868678043
123037
0.903885690789
123057
0.90540407415
123077
0.903009782758
123097
0.90273994312
123117
0.902367307429
123137
0.898152669271
123157
0.899880927906
123177
0.906714723821
123197
0.909635844984
123217
0.909250359786
123237
0.912349232456
123257
0.912321391859
123277
0.920772084019
123297
0.920609323602
123317
0.92198636239
123337
0.920305218613
123357
0.92330129523
123377
0.924451326069
123397
0.927091899671
123417
0.926847759046
123437
0.922723067434
123457
0.925106650905
123477
0.927413137336
123497
0.928569592928
123517
0.932874177632
123537
0.931694164611
123557
0.930946751645
123577
0.93141361705
123597
0.925753409402
123617
0.923560426946
123637
0.919437876919
123657
0.917889511376
123677
0.918686180784
123697
0.914426569353
123717
0.908031798246
123737
0.899279142681
123757
0.897698653372
123777
0.891749331826
123797
0.896936249315
123817
0.89913351494
123837
0.894813939145
123857
0.900230006168
123877
0.898264031661
123897
0.89981025562
123917
0.902508652001
123937
0.906162195038
123957
0.907128049616
123977
0.910807291667
123997
0.913576360334
124017
0.913464997944
124037
0.912698310718
124057
0.904911509731
124077
0.905318410773
124097
0.903924239309
124117
0.897895679139
124137
0.905825966283
124157
0.911955180921
124177
0.907147323876
124197
0.904665227522
124217
0.913000274123
124237
0.910406815378
124257
0.908061780428
124277
0.913409316749
124297
0.909036201343
124317
0.908967670641
124337
0.908575760691
124357
0.907939710115
124377
0.910047029194
124397
0.889794065241
124417
0.882915296053
124437
0.889211554276
124457
0.878764905428
124477
0.878707082648
124497
0.879143965872
124517
0.881251284951
124537
0.873297440378
124557
0.877229389391
124577
0.86917917352
124597
0.863403320312
124617
0.867677922834
124637
0.866377981086
124657
0.873650801809
124677
0.870515522204
124697
0.864424856086
124717
0.873168945312
124737
0.864110043174
124757
0.873702199836
124777
0.863377621299
124797
0.866879111842
124817
0.872751336349
124837
0.886326840049
124857
0.900375633909
124877
0.895683422423
124897
0.90716873972
124917
0.915424547697
124937
0.928042763158
124957
0.913869757401
124977
0.916600277549
124997
0.917776007401
125017
0.921515213816
125037
0.936266447368
125057
0.930584823876
125077
0.914201702988
125097
0.899623937774
125117
0.889397872122
125137
0.892644514117
125157
0.89522726494
125177
0.886376096491
125197
0.871744791667
125217
0.89430424205
125237
0.904159813596
125257
0.916227641859
125277
0.917724609375
125297
0.918005156935
125317
0.930180064419
125337
0.94632761102
125357
0.960695500959
125377
0.973793431332
125397
0.973853395696
125417
0.974641498766
125437
0.987555252878
125457
0.996228669819
125477
0.996241519326
125497
0.998612253289
125517
1.0
125537
0.999595240543
125557
0.970332630894
125577
0.964280513295
125597
0.961108826754
125617
0.961361533717
125637
0.962312397204
125657
0.961986876371
125677
0.962603652686
125697
0.962789970532
125717
0.962766413103
125737
1.0
125757
1.0
125777
1.0
125797
1.0
