115822
0.157864200368
115842
0.154425168505
115862
0.125520833333
115882
0.155583639706
115902
0.143776807598
115922
0.140736060049
115942
0.135688572304
115962
0.169586780025
115982
0.146220128676
116002
0.130788526348
116022
0.113424862132
116042
0.344828048407
116062
0.346901807598
116082
0.337038526348
116102
0.324297257966
116122
0.45931372549
116142
0.26015625
116162
0.193190870098
116182
0.224090456495
116202
0.157345281863
116222
0.136077282475
116242
0.16193895527
116262
0.21115770527
116282
0.180780867034
116302
0.202158011642
116322
0.152426087623
116342
0.182278262868
116362
0.138819316789
116382
0.15100145527
116402
0.156452971814
116422
0.186661305147
116442
0.200543811275
116462
0.199314491422
116482
0.194707414216
116502
0.182044653799
116522
0.192848115809
116542
0.177855009191
116562
0.189602481618
116582
0.323650045956
116602
0.334622012868
116622
0.322866881127
116642
0.178934972426
116662
0.184419041054
116682
0.241762408088
116702
0.38918504902
116722
0.357490808824
116742
0.332933134191
116762
0.360920266544
116782
0.407770373775
116802
0.278193933824
116822
0.21832299326
116842
0.216808363971
116862
0.217091758578
116882
0.186546415441
116902
0.282125076593
116922
0.240132889093
116942
0.156914445466
116962
0.142947686887
116982
0.218566176471
117002
0.162921262255
117022
0.131474034926
117042
0.303080958946
117062
0.165921798407
117082
0.186770450368
117102
0.144805070466
117122
0.17816138174
117142
0.13558325674
117162
0.160598575368
117182
0.142999387255
117202
0.142999387255
117222
0.105545343137
117242
0.108201210172
117262
0.0903416053922
117282
0.0967601102941
117302
0.218411075368
117322
0.152669270833
117342
0.124969362745
117362
0.124172794118
117382
0.101903339461
117402
0.0916551776961
117422
0.0801413143382
117442
0.100783164828
117462
0.145433134191
117482
0.168495327819
117502
0.13599877451
117522
0.117304304534
117542
0.127495021446
117562
0.13779296875
117582
0.131387867647
117602
0.140366498162
117622
0.212678079044
117642
0.35941138174
117662
0.346942018995
117682
0.364776731005
117702
0.447928155637
117722
0.191544117647
117742
0.242635569853
117762
0.283582261029
117782
0.238097426471
117802
0.101047411152
117822
0.117767693015
117842
0.0904813878676
117862
0.3263671875
117882
0.309823069853
117902
0.0717869178922
117922
0.0731962316176
117942
0.0798406862745
117962
0.0781288296569
117982
0.0798617493873
118002
0.177253753064
118022
0.162122778799
118042
0.16383080576
118062
0.155803844975
118082
0.154373468137
118102
0.156227022059
118122
0.148466222426
118142
0.144780177696
118162
0.0831169577206
118182
0.0845645680147
118202
0.0883042279412
118222
0.137664675245
118242
0.145391007966
118262
0.145521216299
118282
0.148816636029
118302
0.141471354167
118322
0.0786726409314
118342
0.0884918811275
118362
0.0826076133578
118382
0.0776482077206
118402
0.184223728554
118422
0.201943550858
118442
0.170559512868
118462
0.0715360753676
118482
0.074525122549
118502
0.0679189644608
118522
0.0852787990196
118542
0.0894320618873
118562
0.0689663756127
118582
0.0773724724265
118602
0.0872223498775
118622
0.0799823835784
118642
0.0822993259804
118662
0.0922832414216
118682
0.0988242953431
118702
0.0980928308824
118722
0.108873314951
118742
0.133003982843
118762
0.132464001225
118782
0.160336243873
118802
0.157261029412
118822
0.206801470588
118842
0.220632276348
118862
0.260483685662
118882
0.186351102941
118902
0.208702895221
118922
0.183258655025
118942
0.0741708792892
118962
0.0756031709559
118982
0.0766620710784
119002
0.078111596201
119022
0.0697246476716
119042
0.074693627451
119062
0.0726792279412
119082
0.0718156403186
119102
0.0715724571078
119122
0.0718692555147
119142
0.0714288449755
119162
0.077219286152
119182
0.0755935968137
119202
0.0778435202206
119222
0.0846526501225
119242
0.0681487438725
119262
0.0477098651961
119282
0.0517482383578
119302
0.0588905484069
119322
0.0642348345588
119342
0.0637944240196
119362
0.0657264859069
119382
0.0674460018382
119402
0.0677638633578
119422
0.0600873161765
119442
0.0506587009804
119462
0.0533586090686
119482
0.054576439951
119502
0.0539502910539
119522
0.05244140625
119542
0.0569967830882
119562
0.0399586397059
119582
0.0384976256127
119602
0.0351447610294
119622
0.0357670802696
119642
0.0355392156863
119662
0.039426317402
119682
0.0353094362745
119702
0.0489008884804
119722
0.0553174785539
119742
0.0522154564951
119762
0.0510512408088
119782
0.0514361213235
119802
0.0514227175245
119822
0.0629633884804
119842
0.0505495557598
119862
0.0520392922794
119882
0.0393210018382
119902
0.0402133118873
119922
0.0441291360294
119942
0.0356272977941
119962
0.0398609834559
119982
0.0382735906863
120002
0.0538277420343
120022
0.0504461550245
120042
0.0516276041667
120062
0.0512063419118
120082
0.0517578125
120102
0.0512618719363
120122
0.0489793964461
120142
0.0514878216912
120162
0.0489468443627
120182
0.0512254901961
120202
0.0546836703431
120222
0.046178002451
120242
0.0498946844363
120262
0.0547889859069
120282
0.0532781862745
120302
0.0592735140931
120322
0.0478592218137
120342
0.045285692402
120362
0.0687385110294
120382
0.0635397518382
120402
0.0531326593137
120422
0.0836397058824
120442
0.0553155637255
120462
0.0682444852941
120482
0.0693761488971
120502
0.0569948682598
120522
0.0646426930147
120542
0.0611615349265
120562
0.0703297334559
120582
0.0611787683824
120602
0.0542336856618
120622
0.0552504595588
120642
0.0596373314951
120662
0.0667451746324
120682
0.0648150275735
120702
0.0615559895833
120722
0.065220971201
120742
0.0546243106618
120762
0.0543217677696
120782
0.0611385569853
120802
0.0694565716912
120822
0.0829924938725
120842
0.0761048560049
120862
0.105514705882
120882
0.0813763786765
120902
0.0899471507353
120922
0.0606483609069
120942
0.222621783088
120962
0.140692018995
120982
0.114317172181
121002
0.11715111826
121022
0.050084252451
121042
0.0452110140931
121062
0.0475356158088
121082
0.0452780330882
121102
0.0429132199755
121122
0.0456801470588
121142
0.0437212775735
121162
0.0449199601716
121182
0.0629442401961
121202
0.0514801623775
121222
0.0539368872549
121242
0.0627508425245
121262
0.0611864276961
121282
0.0654316023284
121302
0.327328431373
121322
0.106889552696
121342
0.112614889706
121362
0.21794385723
121382
0.238267846201
121402
0.164996936275
121422
0.157607613358
121442
0.21956763174
121462
0.228404564951
121482
0.226646752451
121502
0.247491574755
121522
0.182063802083
121542
0.0870615042892
121562
0.112141927083
121582
0.157136565564
121602
0.166436887255
121622
0.170302925858
121642
0.200896139706
121662
0.216691559436
121682
0.237959558824
121702
0.253324142157
121722
0.265379901961
121742
0.286555989583
121762
0.302439491422
121782
0.313495710784
121802
0.325425091912
121822
0.337306602328
121842
0.331592754289
121862
0.340720741422
121882
0.337758501838
121902
0.339696308211
121922
0.342652803309
121942
0.336452588848
121962
0.33353247549
121982
0.334574142157
122002
0.330430453431
122022
0.325852098652
122042
0.323152190564
122062
0.317658547794
122082
0.319226792279
122102
0.325578278186
122122
0.334903492647
122142
0.333574601716
122162
0.329605162377
122182
0.324515548407
122202
0.323577282475
122222
0.323994715074
122242
0.325304457721
122262
0.32678270527
122282
0.328111596201
122302
0.326918658088
122322
0.322610294118
122342
0.314420572917
122362
0.311848958333
122382
0.310828354779
122402
0.307419960172
122422
0.310081571691
122442
0.309022671569
122462
0.315674785539
122482
0.346503523284
122502
0.391498161765
122522
0.438729319853
122542
0.490757123162
122562
0.556962316176
122582
0.581577435662
122602
0.611517693015
122622
0.632278262868
122642
0.709409466912
122662
0.812706801471
122682
0.8923828125
122702
0.939407169118
122722
0.961196001838
122742
0.98330078125
122762
0.988298483456
122782
0.989665670956
122802
0.986483226103
122822
0.986475566789
122842
0.980890012255
122862
0.973341758578
122882
0.968815104167
122902
0.96272020527
122922
0.95803270527
122942
0.948835784314
122962
0.944728477328
122982
0.935629212623
123002
0.932486979167
123022
0.919301470588
123042
0.91416015625
123062
0.911448759191
123082
0.914361213235
123102
0.910018382353
123122
0.912896369485
123142
0.907927389706
123162
0.912815946691
123182
0.909466911765
123202
0.909754136029
123222
0.912557444853
123242
0.913022748162
123262
0.915291819853
123282
0.918905101103
123302
0.917876838235
123322
0.920295266544
123342
0.913252527574
123362
0.913039981618
123382
0.910259650735
123402
0.911218979779
123422
0.903647748162
123442
0.902521829044
123462
0.903400735294
123482
0.904451976103
123502
0.898971737132
123522
0.89599609375
123542
0.892049632353
123562
0.88828125
123582
0.888327205882
123602
0.886207490809
123622
0.884076286765
123642
0.886316636029
123662
0.884501378676
123682
0.894192325368
123702
0.889470358456
123722
0.892193244485
123742
0.883438648897
123762
0.881594669118
123782
0.882329963235
123802
0.887545955882
123822
0.891262637868
123842
0.897503063725
123862
0.894554227941
123882
0.899551930147
123902
0.89853515625
123922
0.897518382353
123942
0.886557904412
123962
0.883002068015
123982
0.884390318627
124002
0.887103630515
124022
0.891233915441
124042
0.897501148897
124062
0.897529871324
124082
0.898512178309
124102
0.904032628676
124122
0.901122089461
124142
0.905447686887
124162
0.908193550858
124182
0.896061197917
124202
0.886444929534
124222
0.895406326593
124242
0.891201363358
124262
0.877263327206
124282
0.857077205882
124302
0.859041819853
124322
0.848466222426
124342
0.831910615809
124362
0.827435661765
124382
0.813913143382
124402
0.805572150735
124422
0.785552619485
124442
0.791578584559
124462
0.798604090074
124482
0.805405560662
124502
0.805968520221
124522
0.824925321691
124542
0.849500229779
124562
0.852027803309
124582
0.853067555147
124602
0.856640625
124622
0.865469898897
124642
0.859851792279
124662
0.862683823529
124682
0.874167049632
124702
0.876034007353
124722
0.871007582721
124742
0.882025505515
124762
0.881382123162
124782
0.87685546875
124802
0.863057215074
124822
0.855325137868
124842
0.853877527574
124862
0.849293428309
124882
0.848288143382
124902
0.856094898897
124922
0.847414981618
124942
0.853664981618
124962
0.869249770221
124982
0.882864200368
125002
0.870279947917
125022
0.859823069853
125042
0.862967218137
125062
0.870427389706
125082
0.879551547181
125102
0.873110064338
125122
0.869870174632
125142
0.861056219363
125162
0.873284313725
125182
0.865148207721
125202
0.880516620711
125222
0.881625306373
125242
0.882073376225
125262
0.876150811887
125282
0.898284313725
125302
0.913511029412
125322
0.917830882353
125342
0.913658471201
125362
0.934767539828
125382
0.949052159926
125402
0.968868719363
125422
0.973301547181
125442
0.985334329044
125462
0.987180223652
125482
0.983122702206
125502
0.980964690564
125522
0.985148590686
125542
0.985770909926
125562
0.985544960172
125582
0.98525390625
125602
0.98557176777
125622
0.985177313113
125642
0.985183057598
125662
0.985194546569
125682
0.985184972426
125702
0.985357306985
125722
0.98610791973
125742
0.986318550858
125762
0.986935125613
125782
0.987653186275
125802
0.999990425858
