117826
0.173539464614
117846
0.1430697572
117866
0.161308498009
117886
0.218602558211
117906
0.189346852022
117926
0.144980755974
117946
0.123722330729
117966
0.157959463082
117986
0.129204963235
118006
0.140497663909
118026
0.146378580729
118046
0.161232862286
118066
0.16805156633
118086
0.162582337623
118106
0.166099877451
118126
0.161742206648
118146
0.158107383578
118166
0.184930778952
118186
0.192005112592
118206
0.18375268076
118226
0.160042796415
118246
0.166917030484
118266
0.155721507353
118286
0.156081016391
118306
0.155372529871
118326
0.186156269148
118346
0.187473192402
118366
0.155391199449
118386
0.147367110907
118406
0.148577761183
118426
0.144435987286
118446
0.183441999847
118466
0.181700942096
118486
0.15142511106
118506
0.144923311121
118526
0.139285577512
118546
0.139568014706
118566
0.134286917892
118586
0.134039905025
118606
0.135014552696
118626
0.172490138634
118646
0.164036649816
118666
0.161186906403
118686
0.15571863511
118706
0.183712469363
118726
0.184887216605
118746
0.162578507966
118766
0.159003523284
118786
0.175393497243
118806
0.183342428768
118826
0.193738032322
118846
0.190139590993
118866
0.185568895527
118886
0.16662645527
118906
0.175211109835
118926
0.163874846814
118946
0.155574544271
118966
0.152446193321
118986
0.14896886489
119006
0.144054936428
119026
0.154559206495
119046
0.135593309589
119066
0.147337431066
119086
0.142663334865
119106
0.140133846507
119126
0.137702493107
119146
0.146197150735
119166
0.145957797181
119186
0.138279335172
119206
0.149207261029
119226
0.147523169424
119246
0.164103190104
119266
0.167084099265
119286
0.1652410769
119306
1.0
119326
0.989565142463
119346
0.989559876685
119366
0.989509612439
119386
1.0
119406
0.976540000766
119426
0.976440908395
119446
0.976446174173
119466
1.0
119486
0.957834520527
119506
0.954588407629
119526
0.954613779105
119546
0.963102692249
119566
0.987905943627
119586
0.972101907169
119606
0.972237381281
119626
0.972022441789
119646
1.0
119666
0.981960880055
119686
0.981983857996
119706
0.982005878523
119726
1.0
119746
0.973378619026
119766
0.973366651348
119786
0.973367608762
119806
1.0
119826
0.977252316942
119846
0.978066597733
119866
0.978066597733
119886
1.0
119906
0.984893918505
119926
0.983231847426
119946
0.983256740196
119966
0.984867589614
119986
1.0
120006
0.978635780484
120026
0.978658758425
120046
0.978701363358
120066
1.0
120086
0.984787645527
120106
0.984782379749
120126
0.984774720435
120146
1.0
120166
0.98747845818
120186
0.987465054381
120206
0.987469841452
120226
1.0
120246
0.981569776348
120266
0.981531479779
120286
0.981531958487
120306
1.0
120326
0.983751723346
120346
0.982106885723
120366
0.982082950368
120386
0.983422851562
120406
1.0
120426
0.986164407169
120446
0.986185948989
120466
0.986197916667
120486
1.0
120506
0.987847062653
120526
0.987910730699
120546
0.987880093444
120566
1.0
120586
0.980880438113
120606
0.980827780331
120626
0.980835918352
120646
1.0
120666
0.988321940104
120686
0.988249176624
120706
0.988258272059
120726
1.0
120746
0.956308402267
120766
0.70217333027
120786
0.705904852175
120806
0.708118393842
120826
0.708157169118
120846
0.708278282016
120866
0.708242378983
120886
0.972208658854
120906
1.0
120926
0.951176183364
120946
0.951172832414
120966
0.951127355239
120986
1.0
121006
0.997546626072
121026
0.994149720435
121046
0.985971009498
121066
0.981688495711
121086
0.975385359222
121106
0.970338350184
121126
0.964949544271
121146
0.956761737898
121166
0.951064165901
121186
0.946483417586
121206
0.943907015931
121226
0.946672028186
121246
0.943755744485
121266
0.944073127298
121286
0.94440870098
121306
0.944156901042
121326
0.948844879749
121346
0.94971373315
121366
0.954450539982
121386
0.954421817555
121406
0.956187289369
121426
0.962341547947
121446
0.963352577359
121466
0.96480736826
121486
0.969072169884
121506
0.968918983609
121526
0.968349800858
121546
0.968653301164
121566
0.965580958946
121586
0.966931870404
121606
0.964607747396
121626
0.966849054075
121646
0.961589499081
121666
0.959369734222
121686
0.954885206036
121706
0.945654775582
121726
0.936184512868
121746
0.934517176011
121766
0.932150926777
121786
0.9266635072
121806
0.929976639093
121826
0.927095779718
121846
0.929827761183
121866
0.93410692402
121886
0.930912032782
121906
0.933408011642
121926
0.932066674326
121946
0.936314721201
121966
0.937531115962
121986
0.937108896293
122006
0.939005533854
122026
0.946113855699
122046
0.942405790441
122066
0.945478132659
122086
0.95291149663
122106
0.95016228171
122126
0.954425168505
122146
0.95446729473
122166
0.948168466605
122186
0.949393956801
122206
0.945070274203
122226
0.939101753983
122246
0.942348824295
122266
0.943277994792
122286
0.938248697917
122306
0.933796243107
122326
0.940539311428
122346
0.93687768076
122366
0.937942325368
122386
0.937516276042
122406
0.937320963542
122426
0.937920304841
122446
0.943624578738
122466
0.93777477788
122486
0.945232555913
122506
0.945025275735
122526
0.948628504136
122546
0.946542777267
122566
0.947277592678
122586
0.952351409314
122606
0.952862668505
122626
0.949183804381
122646
0.948319259344
122666
0.95312835095
122686
0.956186810662
122706
0.954302619485
122726
0.954594152114
122746
0.957155713848
122766
0.959223728554
122786
0.958460669424
122806
0.955580767463
122826
0.957832126991
122846
0.953722426471
122866
0.95514275046
122886
0.956710994945
122906
0.955610926011
122926
0.957460650276
122946
0.956438131893
122966
0.957412300858
122986
0.955254289216
123006
0.957773246017
123026
0.959410903033
123046
0.960162473192
123066
0.956679400276
123086
0.958621036305
123106
0.961763748468
123126
0.95792834712
123146
0.958426681219
123166
0.957841701134
123186
0.95915814568
123206
0.962536860447
123226
0.962844190411
123246
0.960516237745
123266
0.960761335784
123286
0.955889533548
123306
0.956269626991
123326
0.955076688879
123346
0.955370136336
123366
0.953788488051
123386
0.955647307751
123406
0.957191616881
123426
0.956084367341
123446
0.955757889093
123466
0.959238089767
123486
0.95456495098
123506
0.947061695772
123526
0.941944795496
123546
0.946447035846
123566
0.943703086703
123586
0.941591509651
123606
0.939951459099
123626
0.942534562653
123646
0.943165498621
123666
0.937416226256
123686
0.947129672181
123706
0.951936370251
123726
0.955810546875
123746
0.950308287377
123766
0.949718041513
123786
0.950641946232
123806
0.946052102482
123826
0.948623238358
123846
0.950762580423
123866
0.949715169271
123886
0.950011967678
123906
0.947718003217
123926
0.952004825368
123946
0.955646350337
123966
0.952004346661
123986
0.951148418352
124006
0.957767022825
124026
0.95738884421
124046
0.956840245864
124066
0.957410864737
124086
0.953007716759
124106
0.951487342984
124126
0.950242704504
124146
0.949085669424
124166
0.957315602022
124186
0.955705710018
124206
0.956359145221
124226
0.953630993413
124246
0.952388269761
124266
0.957959941789
124286
0.957317995558
124306
0.958055683211
124326
0.958900122549
124346
0.962065812653
124366
0.964809283088
124386
0.9678677428
124406
0.965847120098
124426
0.96904967065
124446
0.970354147518
124466
0.966618317249
124486
0.96947667739
124506
0.967059685202
124526
0.968824678309
124546
0.971200501685
124566
0.966807406556
124586
0.968219592525
124606
0.967663334865
124626
0.966392367494
124646
0.968240655637
124666
0.966829427083
124686
0.963406671262
124706
0.963899260876
124726
0.963014131434
124746
0.960493738511
124766
0.96443158318
124786
0.960886757047
124806
0.960047583487
124826
0.960544481464
124846
0.952231732537
124866
0.952965111826
124886
0.960356828278
124906
0.954072361366
124926
0.952586933211
124946
0.955730124081
124966
0.955965169271
124986
0.960022690717
125006
0.956789502911
125026
0.959949927237
125046
0.960739793964
125066
0.955081954657
125086
0.95433995864
125106
0.951704197304
125126
0.958754116881
125146
0.957566923254
125166
0.958288813572
125186
0.958807732077
125206
0.95737879136
125226
0.955073816636
125246
0.959195963542
125266
0.96191741345
125286
0.962033739277
125306
0.965405273438
125326
0.963886335784
125346
0.964587641697
125366
0.961433440564
125386
0.960989200368
125406
0.955413219975
125426
0.958707203585
125446
0.959395105699
125466
0.951308785233
125486
0.955014935662
125506
0.951286764706
125526
0.943592984069
125546
0.949410232843
125566
0.942795936734
125586
0.93898303462
125606
0.948393458946
125626
0.939564185049
125646
0.934394148284
125666
0.940007467831
125686
0.936711569393
125706
0.928333716299
125726
0.922812308517
125746
0.913662779565
125766
0.918010876225
125786
0.916789694393
125806
0.912147192862
125826
0.920705997243
125846
0.915382295496
125866
0.912171606924
125886
0.921402994792
125906
0.924563897825
125926
0.941510129442
125946
0.947768267463
125966
0.946586818321
125986
0.94563036152
126006
0.949537090227
126026
0.952116364124
126046
0.960513365502
126066
0.964997893689
126086
0.967741842831
126106
0.968125765931
126126
0.966472790288
126146
0.971339805453
126166
0.97229865579
126186
0.978682215074
126206
0.975817153033
126226
0.983283069087
126246
0.983730660233
126266
0.985081092984
126286
0.985026041667
126306
0.985375019148
126326
0.985592352175
126346
0.985980104933
126366
0.987285539216
126386
0.98020067402
126406
0.975233609069
126426
0.969608800551
126446
0.964631682751
126466
0.95590245864
126486
0.94976160386
126506
0.939592907475
126526
0.939121859681
126546
0.938101734835
126566
0.930484068627
126586
0.935842237286
126606
0.933429074755
126626
0.934774241728
126646
0.943358417586
126666
0.943146829044
126686
0.938463637408
126706
0.947950176164
126726
0.930048445159
126746
0.933956609988
126766
0.928809072457
126786
0.926055070466
126806
0.92158873315
126826
0.922766831342
126846
0.921862074908
126866
0.919730870864
126886
0.933974800858
126906
0.929407456342
126926
0.927208754596
126946
0.91468481924
126966
0.919894588695
126986
0.928949812347
127006
0.935188323376
127026
0.925538545496
127046
0.934778550092
127066
0.927590284161
127086
0.926110121783
127106
0.937584731158
127126
0.957637293199
127146
0.965088369332
127166
0.964800187653
127186
0.938230507047
127206
0.93977098652
127226
0.940186982996
127246
0.945631797641
127266
0.950108666513
127286
0.952142214308
127306
0.956190640319
127326
0.96156652114
127346
0.964286056219
127366
0.970509727328
127386
0.99138805913
127406
1.0
