145550
0.0468663832721
145570
0.0431114047181
145590
0.0482699525123
145610
0.051531384038
145630
0.0533964269301
145650
0.0585516237745
145670
0.0608939376532
145690
0.0581691367953
145710
0.052001953125
145730
0.0475164675245
145750
0.0440051508885
145770
0.0446853936887
145790
0.0415479473039
145810
0.0390265969669
145830
0.0418720320159
145850
0.0358594707414
145870
0.0365521599265
145890
0.0369016161152
145910
0.0377455767463
145930
0.0368135340074
145950
0.0354219324449
145970
0.0356421377145
145990
0.034241919424
146010
0.0338264016544
146030
0.0328895718444
146050
0.0328718596814
146070
0.0336081112132
146090
0.031707165288
146110
0.0331925934436
146130
0.0360902075674
146150
0.0375727634804
146170
0.0397178500306
146190
0.0392453661152
146210
0.0371433632047
146230
0.0340317670037
146250
0.0338766659007
146270
0.0336277382047
146290
0.0340494791667
146310
0.0344109030331
146330
0.0430424708946
146350
0.0894234451593
146370
0.257146139706
146390
0.779279162837
146410
0.830901979933
146430
0.761139993107
146450
0.737669462316
146470
0.73132276348
146490
0.711916934743
146510
0.719316310509
146530
0.7279363894
146550
0.731598020067
146570
0.746509746477
146590
0.732268210018
146610
0.731977156097
146630
0.731958007812
146650
0.731772269455
146670
0.731755514706
146690
0.733892941942
146710
0.773111021752
146730
1.0
146750
0.8595703125
146770
0.852569221048
146790
0.8523504519
146810
0.724695542279
146830
0.692622644761
146850
0.692607804841
146870
0.69546807981
146890
0.833500880821
146910
0.84030713848
146930
0.840296606924
146950
0.886505725337
146970
0.938704427083
146990
0.861307540594
147010
0.857679419424
147030
0.857672238817
147050
0.714254940257
147070
0.707930740656
147090
0.708015950521
147110
0.736297009038
147130
0.850277650123
147150
0.851869351256
147170
0.852281518076
147190
0.852521829044
147210
0.852613740809
147230
0.859902535233
147250
1.0
147270
0.845705997243
147290
0.838464594822
147310
0.838276462929
147330
0.712440161612
147350
0.697829063266
147370
0.697642367494
147390
0.844480985754
147410
0.863334386489
147430
0.863361194087
147450
0.863303270527
147470
0.862941367953
147490
1.0
147510
0.844120040594
147530
0.830137484681
147550
0.829304055607
147570
0.742637005974
147590
0.694407264859
147610
0.694360351562
147630
0.854147997089
147650
0.865594841452
147670
0.865634095435
147690
0.865620212929
147710
0.907088694853
147730
1.0
147750
0.872504499847
147770
0.862183574602
147790
0.861962411918
147810
0.859523399203
147830
0.696644263174
147850
0.815073050705
147870
0.817510148591
147890
0.827097694547
147910
0.827362419577
147930
0.829923502604
147950
1.0
147970
0.992985983456
147990
0.991133386949
148010
0.991205193015
148030
0.991207107843
148050
0.991196576287
148070
0.991359815411
148090
0.999820963542
148110
0.959702914369
148130
0.959445848652
148150
0.959551642923
148170
0.959557387408
148190
0.959559302237
148210
0.969081265319
148230
1.0
148250
1.0
148270
1.0
148290
1.0
148310
1.0
148330
0.196751014859
148350
0.196803193934
148370
0.19653894761
148390
0.194244504442
148410
0.193746170343
148430
0.193199008119
148450
0.209639246324
148470
0.160458314185
148490
0.15322935815
148510
0.152045036765
148530
0.151839192708
148550
0.151685527727
148570
0.0620241651348
148590
0.23106952742
148610
0.221982230392
148630
0.211815927543
148650
0.202212584252
148670
0.155122166054
148690
0.162853764553
148710
0.162844669118
148730
0.163532571232
148750
0.163606292126
148770
0.164609183517
148790
0.0850571576287
148810
0.0701487821691
148830
0.0702119715074
148850
0.0701636220895
148870
0.0697423598346
148890
0.0708467371324
148910
0.083869006587
148930
0.077565870098
148950
0.0777640548407
148970
0.0769052542892
148990
0.0774691712623
149010
0.082581763174
149030
0.145239257812
149050
0.143778722426
149070
0.142637484681
149090
0.142996515012
149110
0.144387159161
149130
0.412527765012
149150
1.0
149170
0.0929050819547
149190
0.108094937194
149210
0.106444355086
149230
0.106278722426
149250
0.105553481158
149270
0.105714805453
149290
0.105926393995
149310
0.0668026194853
149330
0.088734106924
149350
0.0882668887868
149370
0.0883549708946
149390
0.0884248621324
149410
0.0879193474265
149430
0.0984150007659
149450
0.0992723651961
149470
0.100659179688
149490
0.102020622702
149510
0.104064702053
149530
0.119992723652
149550
0.151603668811
149570
0.150655828738
149590
0.147230679381
149610
0.1448275697
149630
0.143640376072
149650
0.0535831227022
149670
0.0485691444547
149690
0.0488161573223
149710
0.049245557598
149730
0.0497577742034
149750
0.0526620902267
149770
0.142059206495
149790
0.134358245251
149810
0.134727328431
149830
0.136014571844
149850
0.137586167279
149870
0.0637479894301
149890
0.072017176011
149910
0.0708596622243
149930
0.0691190831801
149950
0.0697490617341
149970
0.156265318627
149990
0.150847790288
150010
0.147806085325
150030
0.144559493719
150050
0.140948127298
150070
0.138212316176
150090
0.331981943168
150110
0.340785845588
150130
0.336716356464
150150
0.342193723192
150170
0.343219592525
150190
0.355801930147
150210
0.353867953431
150230
0.362525850184
150250
0.319918045343
150270
0.158312748928
150290
0.254125976563
150310
0.263354970895
150330
0.263272154565
150350
0.262679036458
150370
0.263851868873
150390
0.267286592371
150410
0.138006950827
150430
0.092693493413
150450
0.138864315257
150470
0.139067287071
150490
0.140122357537
150510
0.138300876991
150530
0.136658911612
150550
0.135225183824
150570
0.116268382353
150590
0.174221622243
150610
1.0
150630
1.0
150650
0.983313227635
150670
0.982725375306
150690
0.981353400735
150710
0.509476485907
150730
0.510935585172
150750
0.510978668811
150770
0.510914522059
150790
0.511112706801
150810
0.530686083027
150830
0.531128887102
150850
0.531207395067
150870
0.534821155025
150890
1.0
150910
0.996193321078
150930
0.990345435049
150950
0.98533002068
150970
0.984656479779
150990
0.984490368413
151010
0.975319776348
151030
0.973242666207
151050
0.969713637408
151070
0.969796453738
151090
0.960777611826
151110
0.96011986826
151130
0.962677600337
151150
0.968808880974
151170
0.969738051471
151190
0.967898380055
151210
0.969184187347
151230
0.967537434896
151250
0.95631462546
151270
0.955008233762
151290
0.956212660846
151310
0.958820178462
151330
0.956828756893
151350
0.957948452819
151370
0.957493681066
151390
0.951407398897
151410
0.947925762102
151430
0.941400026808
151450
0.946723249847
151470
0.943766754749
151490
0.93621562883
151510
0.927872721354
151530
0.920397709865
151550
0.910469324449
151570
0.902703259038
151590
0.894736615349
151610
0.893274165135
151630
0.894838101256
151650
0.894828048407
151670
0.888995481005
151690
0.881875191483
151710
0.880293543199
151730
0.881685623468
151750
0.887942325368
151770
0.894244504442
151790
0.890277937347
151810
0.88579676011
151830
0.885076305913
151850
0.888390873928
151870
0.898954503676
151890
0.90695513557
151910
0.916072591146
151930
0.912520584406
151950
0.915407666973
151970
0.906348613664
151990
0.907953718597
152010
0.915500057445
152030
0.909175857843
152050
0.906120749081
152070
0.901801853554
152090
0.894740923713
152110
0.890777707567
152130
0.895829024969
152150
0.895090858609
152170
0.886268286612
152190
0.887953814338
152210
0.881708601409
152230
0.885165345435
152250
0.888261623009
152270
0.883809168199
152290
0.886792949602
152310
0.88678002451
152330
0.888364545037
152350
0.888838465074
152370
0.893661917892
152390
0.90025658701
152410
0.895265107996
152430
0.903760723039
152450
0.905793313419
152470
0.906644933364
152490
0.908003982843
152510
0.908295515472
152530
0.902268592984
152550
0.904384957108
152570
0.901610370711
152590
0.905586033241
152610
0.904002470129
152630
0.904370595895
152650
0.904037894455
152670
0.9062567019
152690
0.908349130668
152710
0.903850241268
152730
0.90726629519
152750
0.912200808058
152770
0.911848479626
152790
0.914197974112
152810
0.918205710018
152830
0.91871026731
152850
0.923324046415
152870
0.918172679228
152890
0.911204618566
152910
0.912689568015
152930
0.915966318168
152950
0.916762408088
152970
0.916942880668
152990
0.918738032322
153010
0.918773456648
153030
0.916422047335
153050
0.911079676011
153070
0.906766046262
153090
0.91287578508
153110
0.906547755821
153130
0.910588522518
153150
0.89917901731
153170
0.899262791054
153190
0.894024299173
153210
0.890739889706
153230
0.886693378523
153250
0.888292260263
153270
0.889839441636
153290
0.893230602788
153310
0.895574352788
153330
0.897387695312
153350
0.894812251072
153370
0.893517348346
153390
0.89503437117
153410
0.900578278186
153430
0.902024931066
153450
0.896062634038
153470
0.896070293352
153490
0.899152209712
153510
0.904692765778
153530
0.903240368413
153550
0.910031307445
153570
0.916248276654
153590
0.916722675398
153610
0.917510148591
153630
0.921463311887
153650
0.929620959712
153670
0.930865119485
153690
0.919830441942
153710
0.919041532629
153730
0.900719496783
153750
0.902178596048
153770
0.891819852941
153790
0.871897499234
153810
0.874248908548
153830
0.868808880974
153850
0.848295802696
153870
0.836957624847
153890
0.834489410999
153910
0.834410424326
153930
0.831388825061
153950
0.840412932751
153970
0.82716327742
153990
0.841492417279
154010
0.835264437806
154030
0.840970626532
154050
0.853705193015
154070
0.865303787531
154090
0.874378638174
154110
0.878519933364
154130
0.89254174326
154150
0.900110581342
154170
0.910509535846
154190
0.922274241728
154210
0.929428519455
154230
0.947472426471
154250
0.94244073606
154270
0.937502393536
154290
0.937702971814
154310
0.944641352635
154330
0.949388212316
154350
0.955675551471
154370
0.945429783241
154390
0.94837957644
154410
0.954017788756
154430
0.960151462929
154450
0.954172411152
154470
0.945537013634
154490
0.940275543811
154510
0.924385818781
154530
0.920808440564
154550
0.913877240349
154570
0.914130476409
154590
0.925062710631
154610
0.910759899663
154630
0.893664311428
154650
0.899410232843
154670
0.913163009344
154690
0.895690678615
154710
0.891281786152
154730
0.898373353248
154750
0.903462009804
154770
0.909759880515
154790
0.909850834865
154810
0.918285175398
154830
0.933857517616
154850
0.944874482996
154870
0.944771082261
154890
0.952053174786
154910
0.983270622702
154930
0.999284332874
154950
0.159256759344
154970
0.0485906862745
154990
0.0494212431066
155010
0.0494652841605
155030
0.0494815602022
155050
0.0494959214154
155070
0.0494715073529
155090
0.133005418964
155110
1.0
155130
1.0
