124805
0.0614296680659
124825
0.0575880363806
124845
0.0670815842662
124865
0.0584883201182
124885
0.0619903412624
124905
0.0552170786692
124925
0.0550266246891
124945
0.129536885883
124965
0.128466553949
124985
0.12853748834
125005
0.129104963464
125025
0.125708372201
125045
0.126316658893
125065
0.124627351524
125085
0.124523379198
125105
0.126430834111
125125
0.12615001166
125145
0.126990049751
125165
0.12568602301
125185
0.129479555348
125205
0.129422710665
125225
0.129140430659
125245
0.129588386194
125265
0.128073013837
125285
0.128599677394
125305
0.127130460976
125325
0.127852437034
125345
0.126758784204
125365
0.12793940454
125385
0.129156463775
125405
0.128248406405
125425
0.126201026119
125445
0.1277222287
125465
0.126165558924
125485
0.321122901119
125505
0.290582245025
125525
0.207587550529
125545
0.333325559701
125565
0.41687752643
125585
0.39002205768
125605
0.317579582556
125625
0.257769259173
125645
0.335599347015
125665
0.439068816076
125685
0.429186100746
125705
0.439141208022
125725
0.461128925684
125745
0.548180484297
125765
0.608947450249
125785
0.641363980877
125805
0.298235385572
125825
0.271361454447
125845
0.247393404073
125865
0.259624727923
125885
0.366233772544
125905
0.518241312966
125925
0.361701259328
125945
0.346335704291
125965
0.366968866604
125985
0.366792988184
126005
0.626955068408
126025
0.618809759795
126045
0.621491176928
126065
0.625060731499
126085
0.624672535759
126105
0.625836637127
126125
0.630889497823
126145
0.628960665423
126165
0.6220824588
126185
0.621320642879
126205
0.388219060945
126225
0.284137418377
126245
0.45227038635
126265
0.545454854633
126285
0.512568990983
126305
0.460913693252
126325
0.594846567942
126345
0.392066037002
126365
0.359702464241
126385
0.346433360541
126405
0.337526721859
126425
0.341506821362
126445
0.353947547419
126465
0.365225629664
126485
0.371333760883
126505
0.361468050373
126525
0.367064579447
126545
0.375755499845
126565
0.383144822761
126585
0.394146941076
126605
0.400833722015
126625
0.399887282338
126645
0.394675062189
126665
0.390445234764
126685
0.383791977612
126705
0.358470343595
126725
0.348046389148
126745
0.363467331312
126765
0.367942999845
126785
0.411669193097
126805
0.427232975746
126825
0.428833372201
126845
0.500511602146
126865
0.565454465951
126885
0.890104166667
126905
0.981017762749
126925
0.996048565765
126945
0.255498386971
126965
0.205379839086
126985
0.20497561023
127005
0.338733092351
127025
0.581774234297
127045
0.26884279773
127065
0.266843516791
127085
0.265164412313
127105
0.267539256841
127125
0.265719741138
127145
0.272852048352
127165
0.275503342662
127185
0.276709227301
127205
0.278086131841
127225
0.298168337998
127245
0.314036263993
127265
0.330427938433
127285
0.333305153918
127305
0.332132793066
127325
0.33652829602
127345
0.114717914335
127365
0.111437441698
127385
0.0845343594527
127405
0.0633011699316
127425
0.123703261039
127445
0.115092992071
127465
0.107801811256
127485
0.0675815259639
127505
0.112515061412
127525
0.109394919932
127545
0.108722014925
127565
0.107499611318
127585
0.0828465096393
127605
0.0741142918221
127625
0.0758934818097
127645
0.0779223997201
127665
0.0751374961132
127685
0.0771377487562
127705
0.0754693330224
127725
0.0751010572139
127745
0.0756000272077
127765
0.0722510494403
127785
0.0678681786381
127805
0.0691226484764
127825
0.0675130208333
127845
0.0662206545398
127865
0.0665884444963
127885
0.0700860929726
127905
0.0699651158271
127925
0.069823247046
127945
0.0764959382774
127965
0.0762841068097
127985
0.0727281560945
128005
0.0757282921331
128025
0.0730133512127
128045
0.0735813121891
128065
0.0732684235075
128085
0.0723064365672
128105
0.0711816892102
128125
0.071971198694
128145
0.0728350435323
128165
0.112735152363
128185
0.110406949627
128205
0.109840446206
128225
0.0940157610386
128245
0.0948757190609
128265
0.113245296953
128285
0.103587045243
128305
0.107677433147
128325
0.109029559235
128345
0.10691658893
128365
0.120430076182
128385
0.0998790228545
128405
0.0509615010883
128425
0.0536842156405
128445
0.0567513992537
128465
0.0509916239117
128485
0.101047011039
128505
0.122017840485
128525
0.125800198228
128545
0.121032046797
128565
0.122344333022
128585
0.11638681592
128605
0.113965815454
128625
0.116869266947
128645
0.115467098103
128665
0.0872420125933
128685
0.0902421486318
128705
0.0942479982898
128725
0.0787658387749
128745
0.08534913324
128765
0.0897859336132
128785
0.0874761932525
128805
0.0775473219838
128825
0.0839780589241
128845
0.0788790422886
128865
0.0823106148943
128885
0.0825093283582
128905
0.0801403140547
128925
0.0866575326493
128945
0.092676752954
128965
0.0881724191542
128985
0.087111318408
129005
0.085887943097
129025
0.0892063121891
129045
0.0892485813122
129065
0.0882671602923
129085
0.0876753925684
129105
0.0988980876866
129125
0.0986507890236
129145
0.0708333333333
129165
0.0714688277363
129185
0.0719294154229
129205
0.0715757151741
129225
0.0722024642413
129245
0.0419163945896
129265
0.0682748367537
129285
0.0935439987562
129305
0.0976407027363
129325
0.0932486007463
129345
0.0936149331468
129365
0.0941207050684
129385
0.0752181475435
129405
0.068995841107
129425
0.0874319807214
129445
0.051560556592
129465
0.0516538401741
129485
0.0517053404851
129505
0.0524793027052
129525
0.101090737718
129545
0.100790481188
129565
0.100790481188
129585
0.099953358209
129605
0.100311431126
129625
0.100079679726
129645
0.100345440765
129665
0.0995267801617
129685
0.0995865399565
129705
1.0
129725
1.0
129745
1.0
129765
1.0
129785
1.0
129805
1.0
129825
1.0
129845
1.0
129865
1.0
129885
1.0
129905
0.832353369869
129925
0.0528378614739
129945
0.0385649875622
129965
0.0376433263371
129985
0.0380188899254
130005
0.0686440842662
130025
0.0682738650498
130045
0.0674168221393
130065
0.0675552899565
130085
0.067821050995
130105
0.0484904578669
130125
0.0495403840174
130145
0.0498401546953
130165
0.0494373833955
130185
0.0486425295398
130205
0.0845576803483
130225
0.0821944962687
130245
0.0801510027985
130265
0.0799896999378
130285
0.0508405239428
130305
0.0661040500622
130325
0.0875689909826
130345
0.108756996269
130365
0.125996968284
130385
0.0664339435634
130405
0.0703722597948
130425
0.0760159165112
130445
0.0807996152052
130465
0.0859651935634
130485
0.0691722053794
130505
0.0692518851057
130525
0.072851076648
130545
0.151556183924
130565
0.145489835976
130585
0.143411361163
130605
0.138900225435
130625
0.134413382307
130645
0.107255713619
130665
0.106727106654
130685
0.106284495491
130705
0.135848103234
130725
0.133657882463
130745
0.130776780162
130765
0.0431747512438
130785
0.0466155550373
130805
0.0504649603545
130825
0.0537255130597
130845
0.0561095887749
130865
0.0465728000622
130885
0.0468633395522
130905
0.0864423002177
130925
0.0987698227612
130945
0.107435964708
130965
0.115668726679
130985
0.118592098103
131005
0.118295728389
131025
0.118222850591
131045
0.204241002021
131065
0.208574801772
131085
0.22539791278
131105
0.23897213153
131125
0.253848433613
131145
0.117719022077
131165
0.119954427083
131185
0.121035933613
131205
0.120648223725
131225
0.120135649876
131245
0.0463264731032
131265
0.0447634872512
131285
0.153064754353
131305
0.150372162624
131325
0.0805761232898
131345
0.0737129780784
131365
0.0755116021455
131385
0.101364272388
131405
0.238092253576
131425
0.99833741449
131445
0.991742945429
131465
0.985116410137
131485
0.98093759717
131505
0.97459237018
131525
0.967229769123
131545
0.956529850746
131565
0.948886913091
131585
0.941192960976
131605
0.938018889925
131625
0.939515314055
131645
0.936293143657
131665
0.931891324627
131685
0.935598861163
131705
0.938655356032
131725
0.941219196984
131745
0.938854069496
131765
0.94148933069
131785
0.94598637671
131805
0.946796291978
131825
0.945725960044
131845
0.945326103856
131865
0.940027402052
131885
0.931913673818
131905
0.937821148165
131925
0.93817144745
131945
0.938687422264
131965
0.932264944807
131985
0.934666025342
132005
0.934522699005
132025
0.939380247201
132045
0.941045747823
132065
0.944472461909
132085
0.939305911847
132105
0.946099580224
132125
0.94356440454
132145
0.947718924907
132165
0.947222384173
132185
0.943230138371
132205
0.946706409359
132225
0.947402149409
132245
0.951641693874
132265
0.947217039801
132285
0.940858694807
132305
0.941316367382
132325
0.943440512282
132345
0.940679901275
132365
0.942701045553
132385
0.931169834422
132405
0.92560051306
132425
0.922832614272
132445
0.926459499378
132465
0.926592622823
132485
0.923980196673
132505
0.930547458022
132525
0.924544756685
132545
0.934998348103
132565
0.937890139148
132585
0.948626982276
132605
0.948946672886
132625
0.947649448072
132645
0.953326628576
132665
0.948122182058
132685
0.943224308147
132705
0.943812674907
132725
0.942857004042
132745
0.949302316542
132765
0.945000583022
132785
0.949201259328
132805
0.951160214552
132825
0.953959207867
132845
0.951665500622
132865
0.951156813588
132885
0.943839882618
132905
0.944870860541
132925
0.940806708644
132945
0.939054726368
132965
0.932850396455
132985
0.92898204291
133005
0.928261038557
133025
0.933207011816
133045
0.932446653451
133065
0.932297982743
133085
0.936713405628
133105
0.935126127177
133125
0.936450559701
133145
0.931149428638
133165
0.936060420553
133185
0.934561081312
133205
0.93331778607
133225
0.937903743004
133245
0.935645502954
133265
0.939364699938
133285
0.933768170864
133305
0.943317105877
133325
0.940684273943
133345
0.935600318719
133365
0.93565910681
133385
0.934822469683
133405
0.938710743159
133425
0.940107567631
133445
0.940056553172
133465
0.945695351368
133485
0.946638390081
133505
0.94601309857
133525
0.944577891791
133545
0.946443077581
133565
0.946406638682
133585
0.928030258862
133605
0.915425800684
133625
0.910954990672
133645
0.902595421331
133665
0.883459654851
133685
0.860000291511
133705
0.834804007307
133725
0.813332750311
133745
0.80732907727
133765
0.837615146922
133785
0.818699957245
133805
0.828402421486
133825
0.846205010106
133845
0.861384969683
133865
0.888605799129
133885
0.899057932991
133905
0.92341806592
133925
0.917719022077
133945
0.920511699316
133965
0.934735016325
133985
0.925599055504
134005
0.914730546486
134025
0.911266907649
134045
0.909649020522
134065
0.902539548352
134085
0.899553987873
134105
0.891326084422
134125
0.876954582556
134145
0.88507802783
134165
0.903406308302
134185
0.918455087842
134205
0.930883181748
134225
0.943192241915
134245
0.960142160292
134265
0.971325501399
134285
0.98652829602
134305
0.993656716418
134325
1.0
134345
0.975917288557
134365
0.974812461132
134385
0.969586151275
134405
0.969547768968
134425
1.0
134445
0.961089085821
134465
0.961084227301
134485
0.985088716573
134505
0.985119325249
134525
0.999998542444
134545
0.9752074588
134565
0.975218633396
134585
0.972843788868
134605
0.969091553949
134625
0.969364116915
134645
0.940101737407
134665
0.939996307525
134685
0.939879703047
134705
1.0
134725
1.0
134745
1.0
134765
1.0
134785
1.0
