108167
0.32767247672
108187
0.332011521465
108207
0.458795720881
108227
0.477685793482
108247
0.346470071812
108267
0.340414644492
108287
0.204517094776
108307
0.204254458649
108327
0.203854955808
108347
0.207718049637
108367
0.200645369713
108387
0.212360420612
108407
0.204827819208
108427
0.323460434422
108447
0.311289161143
108467
0.295429884785
108487
0.140449909249
108507
0.145727292456
108527
0.291469381313
108547
0.289962614426
108567
0.313620827415
108587
0.529611298532
108607
0.44778226602
108627
0.401753126973
108647
0.397843177872
108667
0.182793511285
108687
0.328305022885
108707
0.332208806818
108727
0.156735815183
108747
0.162983595723
108767
0.373044408933
108787
0.588116270123
108807
0.530155066288
108827
0.371875493213
108847
0.341445460464
108867
0.410521227904
108887
0.225181502525
108907
0.340260515309
108927
0.0710695825442
108947
0.310941445707
108967
0.277480616714
108987
0.303809580177
109007
0.322626903804
109027
0.200157088463
109047
0.202729196259
109067
0.417989711569
109087
0.412094578598
109107
0.407320273043
109127
0.402998490767
109147
0.408666745581
109167
0.390131786616
109187
0.468135949337
109207
0.443037553267
109227
0.422064887153
109247
0.430352105035
109267
0.602433021622
109287
0.30293042732
109307
0.651908489189
109327
0.655586627999
109347
0.272388188526
109367
0.193765043008
109387
0.181686247238
109407
0.648248845881
109427
0.57516325363
109447
0.574520843198
109467
0.275920829388
109487
0.311381638652
109507
0.579148417771
109527
0.580690942629
109547
0.732876864347
109567
0.700476444129
109587
0.787603821417
109607
0.323164506392
109627
0.247363774463
109647
0.35719376381
109667
0.521140358665
109687
0.621995097459
109707
0.2841833866
109727
0.299464370265
109747
0.613373727509
109767
0.574160797427
109787
0.457969588463
109807
0.5898400509
109827
0.540241279987
109847
0.60081774779
109867
0.280686503709
109887
0.254029553346
109907
0.524743282434
109927
0.559647993608
109947
0.214251893939
109967
0.681064798374
109987
0.719646415325
110007
0.481273920849
110027
0.449660175979
110047
0.608689433396
110067
0.564629448785
110087
0.206994258996
110107
0.300165966304
110127
0.367093789457
110147
0.602926235006
110167
0.428131411774
110187
0.540416370739
110207
0.598293728299
110227
0.427040177162
110247
0.411658084754
110267
0.42542120423
110287
0.435485223327
110307
0.360989040799
110327
0.411150074968
110347
0.372420494003
110367
0.296766493056
110387
0.19095372672
110407
0.174206666272
110427
0.223521839489
110447
0.248205936316
110467
0.326763731061
110487
0.234837387547
110507
0.297948972143
110527
0.339881974037
110547
0.34651569405
110567
0.312943892045
110587
0.324866092566
110607
0.329068270597
110627
0.312597409643
110647
0.212939946338
110667
0.208822847617
110687
0.307971068103
110707
0.310377949416
110727
0.271199544271
110747
0.261273624921
110767
0.257415463226
110787
0.23685216422
110807
0.200561523438
110827
0.23479546441
110847
0.341288865215
110867
0.500590623027
110887
0.51569281684
110907
0.52457435685
110927
0.55214621804
110947
0.559728140783
110967
0.543607461332
110987
0.523820973406
111007
0.499615293561
111027
0.507829762468
111047
0.486026031802
111067
0.511493104877
111087
0.565427221433
111107
0.558868716461
111127
1.0
111147
0.991107362689
111167
0.98301003196
111187
0.976407137784
111207
0.973055752841
111227
0.972037267203
111247
0.972290039062
111267
0.96295474274
111287
0.945586233428
111307
0.938158439867
111327
0.929324988163
111347
0.921412612453
111367
0.915061257102
111387
0.903938062263
111407
0.88398881392
111427
0.852476177794
111447
0.85566850142
111467
0.855202414773
111487
0.852180249763
111507
0.851584694602
111527
0.843117453835
111547
0.832863547585
111567
0.844604492188
111587
0.827592329545
111607
0.821178089489
111627
0.824233546402
111647
0.816224994081
111667
0.808445785985
111687
0.823101621686
111707
0.814490116004
111727
0.813483960701
111747
0.818603515625
111767
0.812807025331
111787
0.814760150331
111807
0.825557824337
111827
0.819365530303
111847
0.83085863518
111867
0.820467862216
111887
0.798265861742
111907
0.78134987571
111927
0.769623727509
111947
0.751583214962
111967
0.746004971591
111987
0.738932291667
112007
0.712509617661
112027
0.701046105587
112047
0.710944898201
112067
0.705070726799
112087
0.716142134233
112107
0.755681818182
112127
0.761115796638
112147
0.76972730232
112167
0.789883700284
112187
0.802124023438
112207
0.813887162642
112227
0.829219933712
112247
0.845936168324
112267
0.824562766335
112287
0.822824189157
112307
0.829748905066
112327
0.826353130919
112347
0.856855912642
112367
0.8476599491
112387
0.859792998343
112407
0.888701467803
112427
0.891261245265
112447
0.893299449574
112467
0.89140181108
112487
0.891361120975
112507
0.888686671402
112527
0.873413085938
112547
0.867864435369
112567
0.861013701468
112587
0.864102450284
112607
0.864768288352
112627
0.88105542732
112647
0.865441524621
112667
0.857555042614
112687
0.857140743371
112707
0.876871744792
112727
0.871537642045
112747
0.873479669744
112767
0.870716441761
112787
0.868859493371
112807
0.855224609375
112827
0.86269679214
112847
0.871241714015
112867
0.850756096117
112887
0.858723958333
112907
0.850726503314
112927
0.860943418561
112947
0.875151663116
112967
0.854747425426
112987
0.856471206203
113007
0.860899029356
113027
0.871075254498
113047
0.880544951468
113067
0.896913470644
113087
0.900179776278
113107
0.887743400805
113127
0.882202148438
113147
0.885816169508
113167
0.903331409801
113187
0.903716116241
113207
0.902902314157
113227
0.901811079545
113247
0.893621271307
113267
0.888679273201
113287
0.904614997633
113307
0.90693803267
113327
0.89677290483
113347
0.888516512784
113367
0.861805308949
113387
0.854584665009
113407
0.845847389915
113427
0.82079708215
113447
0.80576023911
113467
0.788489139441
113487
0.803692441998
113507
0.794851592093
113527
0.811530835701
113547
0.811774976326
113567
0.793286872633
113587
0.807890920928
113607
0.820867365057
113627
0.830048532197
113647
0.840594667377
113667
0.857647520123
113687
0.841256806345
113707
0.836854876894
113727
0.842906605114
113747
0.853397253788
113767
0.849934895833
113787
0.849860913826
113807
0.833647756866
113827
0.810961174242
113847
0.805123993845
113867
0.813680013021
113887
0.830710671165
113907
0.8330115116
113927
0.805808327415
113947
0.803440903172
113967
0.805767637311
113987
0.802131421638
114007
0.811774976326
114027
0.813025272254
114047
0.815799597538
114067
0.802024147727
114087
0.832120028409
114107
0.837317264441
114127
0.861535274621
114147
0.874892726089
114167
0.882479580966
114187
0.875532670455
114207
0.883001154119
114227
0.897331468987
114247
0.903834487453
114267
0.90390477036
114287
0.900938091856
114307
0.901193329782
114327
0.902957800663
114347
0.886197176847
114367
0.896158854167
114387
0.888923413826
114407
0.873072768703
114427
0.857333096591
114447
0.865197383996
114467
0.851103811553
114487
0.84609153054
114507
0.831779711174
114527
0.83291163589
114547
0.825949928977
114567
0.841160629735
114587
0.828265565814
114607
0.818829160748
114627
0.825454249527
114647
0.826456705729
114667
0.846960819129
114687
0.859604344223
114707
0.880515358665
114727
0.887062766335
114747
0.885631214489
114767
0.896321614583
114787
0.904644590436
114807
0.906875147964
114827
0.909283262311
114847
0.90996389678
114867
0.907936789773
114887
0.910526160038
114907
0.904267282197
114927
0.881843335701
114947
0.849420720881
114967
0.82724461411
114987
0.835264263731
115007
0.825365471117
115027
0.821795839252
115047
0.82304243608
115067
0.806418678977
115087
0.84159712358
115107
0.878355084044
115127
0.884236653646
115147
0.892293294271
115167
0.898618755919
115187
0.885113340436
115207
0.882686730587
115227
0.879457415956
115247
0.872529000947
115267
0.852402195786
115287
0.852220939867
115307
0.847800514915
115327
0.841634114583
115347
0.840369022254
115367
0.833917791193
115387
0.839288884943
115407
0.84843676018
115427
0.828332149621
115447
0.825265595407
115467
0.847704338305
115487
0.842447916667
115507
0.821573893229
115527
0.823586203835
115547
0.82216574929
115567
0.817023999763
115587
0.819864908854
115607
0.81523733428
115627
0.808564157197
115647
0.81708688447
115667
0.813946348248
115687
0.823101621686
115707
0.827263109612
115727
0.839699485085
115747
0.846505829782
115767
0.857551343513
115787
0.86112837358
115807
0.854018702652
115827
0.860799153646
115847
0.869000059186
115867
0.857440370502
115887
0.860536517519
115907
0.876516631155
115927
0.876675692472
115947
0.861509380919
115967
0.85136274858
115987
0.842000325521
116007
0.86015181108
116027
0.843036073627
116047
0.864568536932
116067
0.862608013731
116087
0.84267726089
116107
0.863958185369
116127
0.854436700994
116147
0.854122277462
116167
0.855106238163
116187
0.822790897254
116207
0.823390151515
116227
0.811627012311
116247
0.818810665246
116267
0.848666104403
116287
0.823904326468
116307
0.847671046402
116327
0.850049567945
116347
0.861072887074
116367
0.861853397254
116387
0.85761792732
116407
0.853249289773
116427
0.854133374763
116447
0.840150775331
116467
0.83739864465
116487
0.829907966383
116507
0.840853604403
116527
0.826412316525
116547
0.84501509233
116567
0.861649946733
116587
0.867857037169
116607
0.863665956439
116627
0.843317205256
116647
0.837298768939
116667
0.848666104403
116687
0.835867217093
116707
0.826963482481
116727
0.830473928741
116747
0.82764041785
116767
0.840909090909
116787
0.867413145123
116807
0.872928503788
116827
0.88358931108
116847
0.896562056108
116867
0.908717299953
116887
0.920987215909
116907
0.930919300426
116927
0.919910777699
116947
0.92588112571
116967
0.925969904119
116987
0.934451941288
117007
0.939956202652
117027
0.95185620857
117047
0.959591027462
117067
0.956095377604
117087
0.963985558712
117107
0.962935014205
117127
0.96220259233
117147
0.971339370265
117167
0.967521898674
117187
0.970766009706
117207
0.971243193655
117227
0.956716826468
117247
0.962798147491
117267
0.960031220407
117287
0.953302556818
117307
0.953916607481
117327
0.939604788116
117347
0.925174597538
117367
0.890991210938
117387
0.8798865116
117407
0.882198449337
117427
0.879335345644
117447
0.882849491004
117467
0.898444898201
117487
0.901807380445
117507
0.931104255445
117527
0.949311227509
117547
0.984097567472
117567
0.984097567472
117587
0.995435310133
117607
1.0
117627
0.949793343592
117647
0.905688969776
117667
0.906143959122
117687
0.906134094855
117707
0.969847399779
117727
1.0
117747
1.0
