140481
0.380979540771
140501
0.327041016583
140521
0.349010973735
140541
0.215770451052
140561
0.21294933438
140581
0.209780688843
140601
0.185400516796
140621
0.261691279887
140641
0.257880728093
140661
0.272033330062
140681
0.179003941386
140701
0.205315965067
140721
0.0556271056161
140741
0.0893680698656
140761
0.0755650410493
140781
0.0549688450594
140801
0.0749149576424
140821
0.0934627776142
140841
0.0798682661172
140861
0.0795922873123
140881
0.19434427436
140901
0.414834985118
140921
0.552450282929
140941
0.308536126648
140961
0.278002649397
140981
0.0698144604717
141001
0.0590553756583
141021
0.0687023681026
141041
0.0615718935008
141061
0.0572012069473
141081
0.086330258725
141101
0.0984467504007
141121
0.107752346842
141141
0.136848690021
141161
0.132837798057
141181
0.0905619337324
141201
0.0907070781408
141221
0.0929619271907
141241
0.0931806659471
141261
0.0906600595297
141281
0.0928883328427
141301
0.0645729074674
141321
0.0657769927714
141341
0.0716277434337
141361
0.0423147057862
141381
0.0941026395839
141401
0.0973980309423
141421
0.0949796388971
141441
0.097678098322
141461
0.103925440748
141481
0.0977721355444
141501
0.0973591894809
141521
0.0871786380139
141541
0.0803036993426
141561
0.0814648546103
141581
0.0622035783207
141601
0.0597443005266
141621
0.0599385078337
141641
0.0602206195009
141661
0.0595644032316
141681
0.0539487456252
141701
0.0554185882969
141721
0.0881762502862
141741
0.0807800183168
141761
0.0930723187126
141781
0.0839568410035
141801
0.0811398129068
141821
0.0846028358355
141841
0.0788563438328
141861
0.0739173453701
141881
0.0739807182808
141901
0.0766403362444
141921
0.0738212638603
141941
0.0776767899781
141961
0.0805449252609
141981
1.0
142001
1.0
142021
1.0
142041
0.976907729042
142061
0.923805318418
142081
0.874268145095
142101
0.784135511726
142121
0.689284662938
142141
0.552010761129
142161
0.38181974291
142181
0.278094642331
142201
0.256412929709
142221
0.230432080594
142241
0.314828443398
142261
0.410129035423
142281
0.419185228797
142301
0.495075311549
142321
0.558975648448
142341
0.593599744873
142361
0.702793314362
142381
0.80512829948
142401
0.799968517973
142421
0.505139338632
142441
0.699553118765
142461
0.638850047427
142481
0.568829113924
142501
0.54981928499
142521
0.502042243156
142541
0.482617423871
142561
0.516405406731
142581
0.559110571419
142601
0.638482075688
142621
0.690145307951
142641
0.674993049423
142661
0.688252297779
142681
0.709330945606
142701
0.682828803192
142721
0.676734782324
142741
0.676599859353
142761
0.622068491806
142781
0.60226139077
142801
0.45891186668
142821
0.44791768881
142841
0.449520410166
142861
0.436559627776
142881
0.439734406175
142901
0.483234798679
142921
0.48615199686
142941
0.471484234455
142961
0.4505568639
142981
0.434423347398
143001
0.137464020541
143021
0.138813250253
143041
0.146166552187
143061
0.152368920289
143081
0.160772985968
143101
0.16959817486
143121
0.174306168842
143141
0.0389252772054
143161
0.127814983809
143181
0.126580234194
143201
0.16420943316
143221
0.193158587643
143241
0.205248503582
143261
0.225928515357
143281
0.227645716809
143301
0.20969482877
143321
0.0784495306316
143341
0.069838991921
143361
0.0564100677068
143381
0.0623814313283
143401
0.0608052857096
143421
0.0477443332352
143441
0.0497927092533
143461
0.0520128054165
143481
0.0659303143296
143501
0.0767507277663
143521
0.0665088476761
143541
0.0509313773591
143561
0.256457904033
143581
0.27346637556
143601
0.242802063913
143621
0.208507097766
143641
0.213744562195
143661
0.18273476597
143681
0.152759379191
143701
0.10360448762
143721
0.0638860268865
143741
0.0550015536585
143761
0.119813642757
143781
0.15627759788
143801
0.204892797566
143821
0.248501537304
143841
0.251960471658
143861
0.398212883917
143881
0.3929897295
143901
0.275140646976
143921
0.289943332352
143941
0.307325908481
143961
0.302119108364
143981
0.316259444608
144001
0.167130719916
144021
0.216177264253
144041
0.241166633958
144061
0.241041932424
144081
0.240571746312
144101
0.250044974324
144121
0.253651097373
144141
0.246285529716
144161
0.237045350473
144181
0.254973751349
144201
0.266378830995
144221
0.180543289831
144241
0.219542161384
144261
0.226584731626
144281
0.237061704772
144301
0.232365976515
144321
0.236450462827
144341
0.239418768194
144361
0.23840684591
144381
0.211857684885
144401
0.202505069833
144421
0.17158113368
144441
0.152892257875
144461
0.169935482288
144481
0.18733236843
144501
0.231022879665
144521
0.218221551696
144541
0.208276093285
144561
0.193455009322
144581
0.19200152095
144601
0.191564043437
144621
0.128052121153
144641
0.0830369116541
144661
0.0853653550518
144681
0.112674991005
144701
0.06825671344
144721
0.058523860923
144741
0.0628741046021
144761
0.0640229941452
144781
0.063454682236
144801
0.0589265855493
144821
0.0808883655513
144841
0.110164606025
144861
0.122720619501
144881
0.130550240408
144901
0.13534613875
144921
0.123844977595
144941
0.196601167697
144961
0.190897605731
144981
0.180365436823
145001
0.180443119746
145021
0.164054067314
145041
0.170426111275
145061
0.154979475354
145081
0.152233997318
145101
0.131392486835
145121
0.10350840611
145141
0.0765912733458
145161
0.0647507604749
145181
0.0582867235796
145201
0.0559030844209
145221
0.0569824681909
145241
0.0615064763026
145261
0.06897630262
145281
0.0895479671606
145301
0.100756795211
145321
0.11105591535
145341
0.132631325025
145361
0.117072253295
145381
0.438207323455
145401
0.271254456547
145421
0.285578778661
145441
0.29810003925
145461
0.321858747915
145481
0.283121545154
145501
0.275686471723
145521
0.268296372616
145541
0.250981257973
145561
0.259050060511
145581
0.241287246917
145601
0.19307272757
145621
0.144931802571
145641
0.12040239754
145661
0.109017760769
145681
0.0641660942662
145701
0.160609442973
145721
0.149494652144
145741
0.194076472705
145761
0.160274179832
145781
0.153023092271
145801
0.123429987244
145821
0.125688924868
145841
0.159366516207
145861
0.121839531613
145881
0.123951280542
145901
0.162988993556
145921
0.184576668956
145941
0.16258626893
145961
0.115432734766
145981
0.129871536977
146001
0.0612918261211
146021
0.057554868675
146041
0.0674430870376
146061
0.0640700127564
146081
0.0749865077029
146101
0.0884379190789
146121
0.251199996729
146141
0.13768071501
146161
0.111025251038
146181
0.0722737382658
146201
0.098037892912
146221
0.120332891767
146241
0.221398374383
146261
0.228107725771
146281
0.18957904033
146301
0.229739067151
146321
0.332352075361
146341
0.315384489582
146361
0.211524466032
146381
0.212622248389
146401
0.224877751611
146421
0.177507522978
146441
0.119008193504
146461
0.126206129591
146481
0.17877702548
146501
0.233424917411
146521
0.127121970366
146541
0.119760491283
146561
0.122522323619
146581
0.119958787165
146601
0.105554737841
146621
0.102465819514
146641
0.102206195009
146661
0.102901252739
146681
0.0888631308671
146701
0.0935363719622
146721
0.100603473653
146741
0.0911527328035
146761
0.0676822686684
146781
0.0570233539398
146801
0.092645062637
146821
0.18191909528
146841
0.193961992608
146861
0.215181696268
146881
0.181017564518
146901
0.204007621104
146921
0.331507784647
146941
0.36113564256
146961
0.277045922873
146981
0.303206669283
147001
0.300475501259
147021
0.284378781932
147041
0.287259182939
147061
0.169520491937
147081
0.134724675367
147101
0.143016305237
147121
0.147464674713
147141
0.147268423118
147161
0.141068099303
147181
0.145265021424
147201
0.140818696235
147221
0.130456203186
147241
0.136666748438
147261
0.136869132895
147281
0.138277646943
147301
0.131648022765
147321
0.128031678278
147341
0.116806495928
147361
0.10755405096
147381
0.0994484512478
147401
0.0775561770189
147421
0.114140745102
147441
0.119012282079
147461
0.112026951886
147481
0.377516517843
147501
0.389171000556
147521
0.372444640696
147541
0.397243891669
147561
0.405480325778
147581
0.386210872338
147601
0.357558139535
147621
0.345633810879
147641
0.390957707781
147661
0.377107660354
147681
0.387161465999
147701
0.390710349001
147721
0.419534801949
147741
0.421354217774
147761
0.372943446832
147781
0.373084502666
147801
0.423977038563
147821
0.3596964642
147841
0.368495077356
147861
0.366185032545
147881
0.391450381055
147901
0.403568917018
147921
0.399143034704
147941
0.345989516894
147961
0.0818594020868
147981
0.100233457626
148001
0.111718264482
148021
0.134759428254
148041
0.124075982076
148061
0.122706309489
148081
0.124687224021
148101
0.128802374644
148121
0.129209187845
148141
0.131235076702
148161
0.135975779282
148181
0.140211542865
148201
0.144537255094
148221
0.153039446571
148241
0.172725934648
148261
0.169111634449
148281
0.163972295817
148301
0.161652029569
148321
0.155944379027
148341
0.135928760671
148361
0.121992853171
148381
0.266671164099
148401
0.102461730939
148421
0.143600971445
148441
0.299479933274
148461
0.294228158833
148481
0.266943054329
148501
0.184378373074
148521
0.167891194845
148541
0.119417050993
148561
0.0935138848003
148581
0.141370653845
148601
0.156077257711
148621
0.0967397703856
148641
0.0773619697118
148661
0.0730996303928
148681
0.0713722075034
148701
0.0752563536454
148721
0.0665047591012
148741
0.0609954044418
148761
0.057804271743
148781
0.0496434762699
148801
0.0470533640794
148821
0.0456244071566
148841
0.0493470545907
148861
0.0474008929448
148881
0.0457879501521
148901
0.0534949138128
148921
0.0669769895005
148941
0.066241046021
148961
0.0810846171458
148981
0.111268521244
149001
0.157009452785
149021
0.247219769077
149041
0.250406813201
149061
0.258097422562
149081
0.234970398718
149101
0.227676381121
149121
0.249092336375
149141
0.254926732738
149161
0.266313413796
149181
0.25971445393
149201
0.269218346253
149221
0.28336481536
149241
0.29558965427
149261
0.308276502142
149281
0.318825025349
149301
0.324479524417
149321
0.316341216106
149341
0.3183446178
149361
0.325595705361
149381
0.33191255356
149401
0.344662774343
149421
0.337321738135
149441
0.346588493115
149461
0.356912144703
149481
0.348099221535
149501
0.356797664606
149521
0.89837029405
149541
1.0
149561
0.944154155628
149581
0.944515994505
149601
0.945147679325
149621
0.945147679325
149641
0.945145635037
149661
0.952188205279
149681
0.95253164557
149701
0.952578664181
149721
0.952568442744
149741
0.952574575606
149761
0.927476858666
149781
0.927879583292
149801
0.928343636542
149821
0.928435629477
149841
0.928253687895
149861
0.943518382233
149881
0.943491806496
149901
0.94351224937
149921
0.943412079286
149941
0.943412079286
149961
0.914763435057
149981
0.914749125045
150001
0.914798187944
150021
0.914787966506
150041
1.0
150061
1.0
