107435
0.14014371142
107455
0.139881365741
107475
0.130361689815
107495
0.0761207561728
107515
0.0795717592593
107535
0.0832687114198
107555
0.0829976851852
107575
0.0803636188272
107595
0.081684992284
107615
0.125463927469
107635
0.0815239197531
107655
0.100017361111
107675
0.150445601852
107695
0.160362654321
107715
0.156141975309
107735
0.161334876543
107755
0.160434027778
107775
0.152116126543
107795
0.126140046296
107815
0.110071373457
107835
0.116043595679
107855
0.106321373457
107875
0.0947260802469
107895
0.101164158951
107915
0.0934143518519
107935
0.0967756558642
107955
0.0970061728395
107975
0.0937596450617
107995
0.0894897762346
108015
0.0893576388889
108035
0.0874961419753
108055
0.0880922067901
108075
0.0867081404321
108095
0.0858940972222
108115
0.0831934799383
108135
0.0892023533951
108155
0.0879581404321
108175
0.0844376929012
108195
0.0826890432099
108215
0.0827575231481
108235
0.0840162037037
108255
0.0812413194444
108275
0.0808969907407
108295
0.0798678626543
108315
0.0802893518519
108335
0.0820273919753
108355
0.080993441358
108375
0.0802806712963
108395
0.080965470679
108415
0.0816946373457
108435
0.0802951388889
108455
0.0791618441358
108475
0.0785744598765
108495
0.0771305941358
108515
0.0852334104938
108535
0.109205246914
108555
0.142412229938
108575
0.144905478395
108595
0.147705439815
108615
0.153261959877
108635
0.136174768519
108655
0.142773919753
108675
0.14371720679
108695
0.164972993827
108715
0.177595486111
108735
0.193967978395
108755
0.181030092593
108775
0.152909915123
108795
0.155835262346
108815
0.153534915123
108835
0.152942708333
108855
0.155469714506
108875
0.157896412037
108895
0.168126929012
108915
0.17092496142
108935
0.168315972222
108955
0.165724344136
108975
0.170198688272
108995
0.168115354938
109015
0.171640625
109035
0.164699074074
109055
0.159020061728
109075
0.145867091049
109095
0.155619212963
109115
0.16548900463
109135
0.171912615741
109155
0.150887345679
109175
0.16231095679
109195
0.173811728395
109215
0.20984375
109235
0.235767746914
109255
0.248527199074
109275
0.239735725309
109295
0.220505401235
109315
0.236787229938
109335
0.238821373457
109355
0.209372106481
109375
0.210213155864
109395
0.242450810185
109415
0.217418016975
109435
0.133002507716
109455
0.132149884259
109475
0.126805555556
109495
0.291045524691
109515
0.146366705247
109535
0.0907166280864
109555
0.0828366126543
109575
0.081847029321
109595
0.0708950617284
109615
0.0541541280864
109635
0.219099151235
109655
0.106578896605
109675
0.21251253858
109695
0.105121527778
109715
0.231843171296
109735
0.0907417052469
109755
0.189462770062
109775
0.18809220679
109795
0.0768518518519
109815
0.131085069444
109835
0.0568393132716
109855
0.0575356867284
109875
0.138930362654
109895
0.0719502314815
109915
0.202864583333
109935
0.0941541280864
109955
0.185333719136
109975
0.136039737654
109995
0.090022183642
110015
0.198240740741
110035
0.138074845679
110055
0.202826967593
110075
0.179908371914
110095
0.173531057099
110115
0.17915316358
110135
0.206210455247
110155
0.208590856481
110175
0.206079282407
110195
0.188302469136
110215
0.270416666667
110235
0.183037229938
110255
0.201441936728
110275
0.112751736111
110295
0.12895929784
110315
0.229245756173
110335
0.215918209877
110355
0.169782021605
110375
0.234696180556
110395
0.15904224537
110415
0.164241898148
110435
0.165707947531
110455
0.167407407407
110475
0.167048611111
110495
0.180797646605
110515
0.188442322531
110535
0.188924575617
110555
0.180929783951
110575
0.173711419753
110595
0.232005208333
110615
0.40130304784
110635
0.612866512346
110655
0.794159915123
110675
0.807503858025
110695
0.979135802469
110715
0.97603587963
110735
0.783380594136
110755
0.82720775463
110775
0.89015625
110795
0.946064814815
110815
0.920980902778
110835
0.578128858025
110855
0.0906008873457
110875
0.108141396605
110895
0.104581404321
110915
0.0744859182099
110935
0.0667997685185
110955
0.0653751929012
110975
0.0890943287037
110995
0.0627719907407
111015
0.0587924382716
111035
0.0658979552469
111055
0.0772569444444
111075
0.0674479166667
111095
0.0695563271605
111115
0.149783950617
111135
0.0750790895062
111155
0.074787808642
111175
0.107241512346
111195
0.0924807098765
111215
0.084737654321
111235
0.199051890432
111255
0.222995756173
111275
0.251020447531
111295
0.393846450617
111315
0.0475038580247
111335
0.0516570216049
111355
0.0560329861111
111375
0.137712191358
111395
0.167342785494
111415
0.15208429784
111435
0.166739969136
111455
0.162707368827
111475
0.224294945988
111495
0.218525270062
111515
0.225377121914
111535
0.208817515432
111555
0.17908275463
111575
0.199170524691
111595
0.206970486111
111615
0.21196566358
111635
0.0452449845679
111655
0.050412808642
111675
0.0408439429012
111695
0.0393200231481
111715
0.105136959877
111735
0.07453125
111755
0.114897762346
111775
0.0520679012346
111795
0.0543258101852
111815
0.0529706790123
111835
0.0507899305556
111855
0.0473292824074
111875
0.0554581404321
111895
0.0509837962963
111915
0.0493180941358
111935
0.0425549768519
111955
0.0558275462963
111975
0.0813705632716
111995
0.148321759259
112015
0.141144868827
112035
0.134566936728
112055
0.223970871914
112075
0.188794367284
112095
0.188076774691
112115
0.306525848765
112135
0.385190972222
112155
0.399205246914
112175
0.616061921296
112195
0.809099151235
112215
0.825374228395
112235
0.85983121142
112255
0.324892939815
112275
0.200476466049
112295
0.193974729938
112315
0.0763937114198
112335
0.0804668209877
112355
0.0810802469136
112375
0.0822405478395
112395
0.0420775462963
112415
0.0411651234568
112435
0.0369917052469
112455
0.0533574459877
112475
0.0553597608025
112495
0.136708140432
112515
0.187683256173
112535
0.222649498457
112555
0.0583063271605
112575
0.0566753472222
112595
0.0684866898148
112615
0.0758670910494
112635
0.0685725308642
112655
0.0575144675926
112675
0.0566560570988
112695
0.0528260030864
112715
0.0529533179012
112735
0.0504263117284
112755
0.0519666280864
112775
0.081802662037
112795
0.0837355324074
112815
0.0792891589506
112835
0.0880680941358
112855
0.0757648533951
112875
0.0528125
112895
0.0464737654321
112915
0.0484384645062
112935
0.0671730324074
112955
0.0664303626543
112975
0.0333352623457
112995
0.0356934799383
113015
0.0376938657407
113035
0.037321566358
113055
0.0332976466049
113075
0.0421624228395
113095
0.037009066358
113115
0.183600501543
113135
0.189018132716
113155
0.171115933642
113175
0.167157600309
113195
0.164157021605
113215
0.168693094136
113235
0.144069251543
113255
0.132971643519
113275
0.104764660494
113295
0.149041280864
113315
0.159921875
113335
0.0860368441358
113355
0.0955767746914
113375
0.11599537037
113395
0.0766724537037
113415
0.165191936728
113435
0.196180555556
113455
0.0912519290123
113475
0.0521228780864
113495
0.0513483796296
113515
0.116064814815
113535
0.733270640432
113555
0.715179398148
113575
0.740005787037
113595
0.699293016975
113615
0.688006365741
113635
0.701379243827
113655
0.687108410494
113675
0.65661554784
113695
0.631180555556
113715
0.596915509259
113735
0.607238618827
113755
0.600197723765
113775
0.703663194444
113795
0.671376350309
113815
0.614770447531
113835
0.60229070216
113855
0.588477044753
113875
0.604103009259
113895
0.58596257716
113915
0.586374421296
113935
0.610766782407
113955
0.6090625
113975
0.602999614198
113995
0.590817901235
114015
0.602315779321
114035
0.636205632716
114055
0.627591628086
114075
0.632139274691
114095
0.663736496914
114115
0.63634066358
114135
0.633464506173
114155
0.635876736111
114175
0.641031057099
114195
0.654223572531
114215
0.659957561728
114235
0.65565007716
114255
0.621934799383
114275
0.614174382716
114295
0.625466820988
114315
0.63734375
114335
0.617798996914
114355
0.62876253858
114375
0.667729552469
114395
0.652061149691
114415
0.643106674383
114435
0.637660108025
114455
0.648415316358
114475
0.660509259259
114495
0.642671682099
114515
0.615638503086
114535
0.613935185185
114555
0.58458912037
114575
0.607093942901
114595
0.612628279321
114615
0.612744984568
114635
0.602126736111
114655
0.581413966049
114675
0.685095486111
114695
0.651874035494
114715
0.633974729938
114735
0.611221064815
114755
0.591704282407
114775
0.629248649691
114795
0.635626929012
114815
0.618831983025
114835
0.595041473765
114855
0.588731674383
114875
0.541064814815
114895
0.517652391975
114915
0.497402584877
114935
0.472738233025
114955
0.512531828704
114975
0.581963734568
114995
0.612704475309
115015
0.585607638889
115035
0.582859760802
115055
0.596210455247
115075
0.585336612654
115095
0.573175154321
115115
0.558647762346
115135
0.55081404321
115155
0.556728395062
115175
0.544063464506
115195
0.559307484568
115215
0.57417341821
115235
0.596599151235
115255
0.647489390432
115275
0.677158564815
115295
0.689192708333
115315
0.641925154321
115335
0.625213155864
115355
0.601586612654
115375
0.53939525463
115395
0.511853780864
115415
0.470217978395
115435
0.447725694444
115455
0.439525462963
115475
0.420129243827
115495
0.419263117284
115515
0.416132330247
115535
0.420702160494
115555
0.442685185185
115575
0.537688078704
115595
0.572514467593
115615
0.610581597222
115635
0.623217592593
115655
0.663583140432
115675
0.700789930556
115695
0.713022762346
115715
0.68542341821
115735
0.730489969136
115755
0.75270158179
115775
0.736540316358
115795
0.716949266975
115815
0.752992862654
115835
0.778296682099
115855
0.790061728395
115875
0.908257137346
115895
0.906095679012
115915
0.543176118827
115935
0.546221064815
115955
0.552771990741
115975
0.543514660494
115995
0.521847993827
116015
0.543632330247
116035
0.528546489198
116055
0.541210455247
116075
0.562510609568
116095
0.540170717593
116115
0.533529128086
116135
0.552912808642
116155
0.586820023148
116175
0.562206790123
116195
0.551358989198
116215
0.581209490741
116235
0.56949845679
116255
0.548385416667
116275
0.519220679012
116295
0.52416570216
116315
0.52083429784
116335
0.531941550926
116355
0.52805941358
116375
0.540088734568
116395
0.486714891975
116415
0.491929976852
116435
0.488012152778
116455
0.489767554012
116475
0.487159529321
116495
0.500073302469
116515
0.512936921296
116535
0.507038001543
116555
0.487201967593
116575
0.50349054784
116595
0.502974537037
116615
0.510925925926
116635
0.545757137346
116655
0.468890817901
116675
0.475873842593
116695
0.466590470679
116715
0.46765625
116735
0.468108603395
116755
0.678851273148
116775
0.562803819444
116795
0.533350694444
116815
0.532683256173
116835
0.537766203704
116855
0.538156828704
116875
0.683265817901
116895
0.515239197531
116915
0.508640046296
116935
0.52502507716
116955
0.52720003858
116975
0.539255401235
116995
0.566408179012
117015
0.695231481481
117035
0.682192322531
117055
0.659222608025
117075
0.683333333333
117095
0.688980516975
117115
0.708940972222
117135
0.384560185185
117155
0.386006944444
117175
0.39063753858
117195
0.389809992284
117215
0.394997106481
117235
0.392476851852
117255
0.392949459877
117275
0.395373263889
117295
0.394433834877
117315
0.388827160494
117335
0.902803819444
117355
0.951182484568
117375
0.951686921296
117395
0.954204282407
117415
0.987421875
