122799
0.0578153378739
122819
0.0868661525107
122839
0.0872310697115
122859
0.166598223825
122879
0.163300280449
122899
0.162687633547
122919
0.16050514156
122939
0.159996995192
122959
0.216679353632
122979
0.15453125
122999
0.151187900641
123019
0.129939736912
123039
0.136957465278
123059
0.115281951122
123079
0.115537025908
123099
0.121178218483
123119
0.124499699519
123139
0.0789322916667
123159
0.0523469217415
123179
0.0827662593483
123199
0.0928123330662
123219
0.0871886685363
123239
0.0863302951389
123259
0.162135249733
123279
0.164194043803
123299
0.0821420940171
123319
0.0810206330128
123339
0.0819521233974
123359
0.0861685363248
123379
0.0936685363248
123399
0.0440651709402
123419
0.0460677083333
123439
0.0665890424679
123459
0.0671704727564
123479
0.112737713675
123499
0.100452724359
123519
0.102820679754
123539
0.100513321314
123559
0.115722322382
123579
0.115914129274
123599
0.126259682158
123619
0.0983804086538
123639
0.0955729166667
123659
0.156874666132
123679
0.161018796741
123699
0.119022769765
123719
0.138928952991
123739
0.141318442842
123759
0.14461338141
123779
0.142028078259
123799
0.0955639022436
123819
0.0971831597222
123839
0.0966940438034
123859
0.0844806690705
123879
0.0825382278312
123899
0.0837822182158
123919
0.044988147703
123939
0.0847462606838
123959
0.0574197048611
123979
0.127993122329
123999
0.0628567374466
124019
0.194211071047
124039
0.155606136485
124059
0.101310930823
124079
0.0924041800214
124099
0.0860286458333
124119
0.146435296474
124139
0.0973425814637
124159
0.105720486111
124179
0.11951706063
124199
0.116806724092
124219
0.237049612714
124239
0.132104533921
124259
0.194564636752
124279
0.0577559094551
124299
0.0768746661325
124319
0.0685146233974
124339
0.0910932491987
124359
0.0875873063568
124379
0.091323951656
124399
0.194549946581
124419
0.112157118056
124439
0.100760884081
124459
0.0940858707265
124479
0.207209535256
124499
0.226583867521
124519
0.152179987981
124539
0.114851262019
124559
0.120416499733
124579
0.145105502137
124599
0.116769330929
124619
0.108482905983
124639
0.105785590278
124659
0.124139957265
124679
0.138898237179
124699
0.183648003472
124719
0.171005775908
124739
0.217534555288
124759
0.168769865118
124779
0.178280582265
124799
0.151617254274
124819
0.146127804487
124839
0.148743656517
124859
0.0691810229701
124879
0.0781854300214
124899
0.0904325253739
124919
0.0628535657051
124939
0.473261384882
124959
0.0729377003205
124979
0.155889923878
124999
0.0614207732372
125019
0.147346754808
125039
0.0908333333333
125059
0.0594225761218
125079
0.0542730034722
125099
0.0771160523504
125119
0.0844494524573
125139
0.0730368589744
125159
0.0685485109509
125179
0.0630480435363
125199
0.0915977230235
125219
0.155017694979
125239
0.115151241987
125259
0.10256126469
125279
0.110595118857
125299
0.100914797009
125319
0.10602096688
125339
0.113138020833
125359
0.12003639156
125379
0.125858874199
125399
0.118540831998
125419
0.124118589744
125439
0.114120092147
125459
0.118945813301
125479
0.109720052083
125499
0.130073116987
125519
0.122991953793
125539
0.115794604701
125559
0.0927585803953
125579
0.104877637553
125599
0.0805537192842
125619
0.0689171006944
125639
0.0794163995726
125659
0.0660445045406
125679
0.0693254206731
125699
0.1363152711
125719
0.220388955662
125739
0.689205562233
125759
0.927778612447
125779
0.926676014957
125799
0.927534221421
125819
0.956742788462
125839
1.0
125859
1.0
125879
1.0
125899
0.999364483173
125919
0.996245492788
125939
0.99244541266
125959
0.987490484776
125979
0.983276241987
125999
0.976483373397
126019
0.972932191506
126039
0.966663661859
126059
0.963392427885
126079
0.957920673077
126099
0.954561798878
126119
0.948628305288
126139
0.943955829327
126159
0.936853966346
126179
0.931437800481
126199
0.927106870994
126219
0.923557692308
126239
0.925168269231
126259
0.923592247596
126279
0.926338641827
126299
0.92572666266
126319
0.927870592949
126339
0.922553585737
126359
0.922663261218
126379
0.920591947115
126399
0.926390224359
126419
0.927836538462
126439
0.928936798878
126459
0.926850961538
126479
0.92583583734
126499
0.924147636218
126519
0.925840845353
126539
0.931500400641
126559
0.934585336538
126579
0.937567608173
126599
0.944167668269
126619
0.949229266827
126639
0.95819911859
126659
0.958794571314
126679
0.955753705929
126699
0.960411157853
126719
0.965395132212
126739
0.972876602564
126759
0.980595452724
126779
0.991003605769
126799
0.994724559295
126819
0.992581630609
126839
0.989065504808
126859
0.984842748397
126879
0.98218349359
126899
0.982118389423
126919
0.982414362981
126939
0.985158253205
126959
0.987657251603
126979
0.987708834135
126999
0.987466446314
127019
0.977303685897
127039
0.96925380609
127059
0.966837940705
127079
0.965715144231
127099
0.968787059295
127119
0.971090745192
127139
0.976052183494
127159
0.977554086538
127179
0.9779296875
127199
0.971472355769
127219
0.968041366186
127239
0.968216646635
127259
0.96861328125
127279
0.96875
127299
0.982064803686
127319
0.990064102564
127339
0.990272936699
127359
0.986611578526
127379
0.978531650641
127399
0.974780148237
127419
0.970423177083
127439
0.964815204327
127459
0.9553515625
127479
0.95706630609
127499
0.949768129006
127519
0.949275841346
127539
0.943229667468
127559
0.933614783654
127579
0.930283954327
127599
0.927388321314
127619
0.921186398237
127639
0.919343950321
127659
0.923285757212
127679
0.921846454327
127699
0.922143930288
127719
0.923210637019
127739
0.926458333333
127759
0.934030949519
127779
0.935713141026
127799
0.934279346955
127819
0.934189703526
127839
0.938894230769
127859
0.936428285256
127879
0.931302584135
127899
0.937066806891
127919
0.933690905449
127939
0.935107171474
127959
0.934816205929
127979
0.931612580128
127999
0.932633213141
128019
0.926253004808
128039
0.929296875
128059
0.928178585737
128079
0.930404647436
128099
0.925911959135
128119
0.927257111378
128139
0.929890324519
128159
0.93048427484
128179
0.927548577724
128199
0.925314002404
128219
0.922247596154
128239
0.926882512019
128259
0.926797375801
128279
0.928741486378
128299
0.932874599359
128319
0.92646083734
128339
0.927522536058
128359
0.923722455929
128379
0.92236328125
128399
0.919495693109
128419
0.920794771635
128439
0.923306790865
128459
0.925918469551
128479
0.927020232372
128499
0.924446614583
128519
0.921747796474
128539
0.921658153045
128559
0.918880208333
128579
0.916489383013
128599
0.919298878205
128619
0.923162560096
128639
0.922430388622
128659
0.928602263622
128679
0.930304487179
128699
0.932488481571
128719
0.928780048077
128739
0.932820512821
128759
0.935991586538
128779
0.935447215545
128799
0.937920172276
128819
0.931900040064
128839
0.936077223558
128859
0.938173577724
128879
0.937958233173
128899
0.929936899038
128919
0.935617988782
128939
0.931420773237
128959
0.939262319712
128979
0.934527744391
128999
0.935500300481
129019
0.933286258013
129039
0.930903445513
129059
0.936481370192
129079
0.937255608974
129099
0.939319411058
129119
0.936629106571
129139
0.938278745994
129159
0.936202924679
129179
0.944959435096
129199
0.940154747596
129219
0.938253205128
129239
0.935303485577
129259
0.936273036859
129279
0.93154697516
129299
0.929896834936
129319
0.930861879006
129339
0.925588942308
129359
0.928792568109
129379
0.929056490385
129399
0.927996294071
129419
0.927960737179
129439
0.930907952724
129459
0.926379707532
129479
0.928292768429
129499
0.928861678686
129519
0.927126402244
129539
0.924587339744
129559
0.928776542468
129579
0.92793369391
129599
0.928914763622
129619
0.931431790865
129639
0.930712139423
129659
0.927286658654
129679
0.929225260417
129699
0.930247896635
129719
0.929099559295
129739
0.929450120192
129759
0.924530248397
129779
0.930866386218
129799
0.929929887821
129819
0.932380809295
129839
0.932438401442
129859
0.933236177885
129879
0.931130809295
129899
0.931423778045
129919
0.931237479968
129939
0.927564102564
129959
0.925299979968
129979
0.92499599359
129999
0.92228114984
130019
0.919133112981
130039
0.93029697516
130059
0.927338241186
130079
0.929559294872
130099
0.92841796875
130119
0.925754707532
130139
0.9271875
130159
0.924710036058
130179
0.925678585737
130199
0.922697315705
130219
0.925811798878
130239
0.927192508013
130259
0.920940004006
130279
0.917482471955
130299
0.909921374199
130319
0.904461137821
130339
0.898575220353
130359
0.889420072115
130379
0.884478165064
130399
0.889727564103
130419
0.894414563301
130439
0.894953926282
130459
0.900306991186
130479
0.900802283654
130499
0.90697265625
130519
0.89959385016
130539
0.902352764423
130559
0.911077223558
130579
0.923298778045
130599
0.924872295673
130619
0.938270733173
130639
0.950999098558
130659
0.961460336538
130679
0.959718048878
130699
0.949986478365
130719
0.951296073718
130739
0.936159354968
130759
0.930013020833
130779
0.936525440705
130799
0.943660857372
130819
0.950101161859
130839
0.956021634615
130859
0.958021334135
130879
0.955965544872
130899
0.951472355769
130919
0.948040865385
130939
0.938194110577
130959
0.929719551282
130979
0.935597455929
130999
0.930556390224
131019
0.941904046474
131039
0.955185797276
131059
0.954049979968
131079
0.948928285256
131099
0.94134364984
131119
0.939493689904
131139
0.93862880609
131159
0.938782051282
131179
0.940636017628
131199
0.946251001603
131219
0.94869140625
131239
0.947119891827
131259
0.945188301282
131279
0.949851762821
131299
0.942293669872
131319
0.938003305288
131339
0.943114483173
131359
0.944764623397
131379
0.954256310096
131399
0.956626602564
131419
0.955675080128
131439
0.957624198718
131459
0.951995693109
131479
0.935118689904
131499
0.934700020032
131519
0.944013922276
131539
0.954727063301
131559
0.954817207532
131579
0.963301282051
131599
0.970675080128
131619
0.968095452724
131639
0.957505508814
131659
0.952688802083
131679
0.952952724359
131699
0.936576021635
131719
0.924812199519
131739
0.937245592949
131759
0.951415765224
131779
0.954438601763
131799
0.953021834936
131819
0.951512419872
131839
0.944988481571
131859
0.936349659455
131879
0.926062199519
131899
0.914385016026
131919
0.903951322115
131939
0.903360376603
131959
0.902502504006
131979
0.921236478365
131999
0.934391526442
132019
0.934493189103
132039
0.934221754808
132059
0.93230869391
132079
0.923729967949
132099
0.918577223558
132119
0.919036959135
132139
0.921400741186
132159
0.921892027244
132179
0.931017127404
132199
0.951436798878
132219
0.953028846154
132239
0.953925280449
132259
0.954237279647
132279
0.954241786859
132299
0.95484375
132319
0.958168569712
132339
1.0
132359
1.0
132379
1.0
