248962
0.48404115189
248982
0.391724579094
249002
0.299208151647
249022
0.304852531492
249042
0.304163260053
249062
0.299744503997
249082
0.290516366885
249102
0.282190603803
249122
0.27106460453
249142
0.266229106105
249162
0.267480847263
249182
0.238863780887
249202
0.233442344961
249222
0.250623410247
249242
0.269003224927
249262
0.274006404433
249282
0.314930050872
249302
0.305810168362
249322
0.220558533188
249342
0.187493943798
249362
0.182991536458
249382
0.22009674782
249402
0.267126937984
249422
0.228969083091
249442
0.233368913517
249462
0.221712618096
249482
0.205167453973
249502
0.199930732195
249522
0.199450399709
249542
0.199290288881
249562
0.20314543968
249582
0.202864204821
249602
0.198300099927
249622
0.180630374879
249642
0.14880919937
249662
0.122251241521
249682
0.140749909157
249702
0.141636007146
249722
0.157480922965
249742
0.222126710877
249762
0.210330365795
249782
0.232530886628
249802
0.239811954942
249822
0.246343189801
249842
0.260143759084
249862
0.261805807897
249882
0.260687303173
249902
0.263439089753
249922
0.268674675993
249942
0.288017048207
249962
0.24473678234
249982
0.338794134569
250002
0.345133842054
250022
0.1937019289
250042
0.229409671754
250062
0.233722444283
250082
0.221661140383
250102
0.24597716812
250122
0.252534520349
250142
0.253877861555
250162
0.244019879482
250182
0.254586058624
250202
0.225988674903
250222
0.203388444767
250242
0.207624757752
250262
0.207773891715
250282
0.216235919331
250302
0.26607240189
250322
0.262043135296
250342
0.247370851502
250362
0.248747123304
250382
0.245063060199
250402
0.263138550751
250422
0.237609768653
250442
0.225370942345
250462
0.191233269743
250482
0.200488659763
250502
0.228764307776
250522
0.205213253997
250542
0.197800463299
250562
0.135278509569
250582
0.125003785126
250602
0.159544573643
250622
0.18952163578
250642
0.195561939801
250662
0.193609571827
250682
0.257236403828
250702
0.168767033067
250722
0.217990325218
250742
0.240715085998
250762
0.252352834302
250782
0.27000060562
250802
0.270898058987
250822
0.269450248304
250842
0.287412942103
250862
0.236938287306
250882
0.227321796269
250902
0.245844688711
250922
0.130727652616
250942
0.198425766109
250962
0.261481044089
250982
0.208887854288
251002
0.184745942345
251022
0.234467357074
251042
0.187537472747
251062
0.240936515867
251082
0.206697023377
251102
0.241252573886
251122
0.152252149952
251142
0.154719295058
251162
0.198055202277
251182
0.169767820373
251202
0.226822538154
251222
0.184687651405
251242
0.206613372093
251262
0.184172117248
251282
0.146924963663
251302
0.17044800751
251322
0.17513853561
251342
0.183514640867
251362
0.161907249273
251382
0.189540182897
251402
0.163768774225
251422
0.160295542636
251442
0.180612584787
251462
0.180983148619
251482
0.169635719477
251502
0.160306140988
251522
0.165559138808
251542
0.186934123668
251562
0.1837890625
251582
0.172278872941
251602
0.171954109133
251622
0.197731574007
251642
0.210398119549
251662
0.197583575581
251682
0.208597156613
251702
0.161311091933
251722
0.194899542757
251742
0.10045762173
251762
0.206454396802
251782
0.222343598595
251802
0.130424085514
251822
0.14530228016
251842
0.14241195797
251862
0.129101941013
251882
0.135459060078
251902
0.161279675388
251922
0.173000696463
251942
0.16508864765
251962
0.230124303537
251982
0.259638066255
252002
0.226534490068
252022
0.193268910489
252042
0.197615749152
252062
0.186755465722
252082
0.198423495034
252102
0.196479832849
252122
0.166835104772
252142
0.14918809048
252162
0.1729477047
252182
0.153368005087
252202
0.239026162791
252222
0.343610328852
252242
0.367822644138
252262
0.356637975412
252282
0.393609193314
252302
0.407740582607
252322
0.186533278828
252342
0.180005072069
252362
0.201349775921
252382
0.152822189922
252402
0.178279811652
252422
0.158635386386
252442
0.172990476623
252462
0.0701792635659
252482
0.159820887839
252502
0.190710165334
252522
0.104607255329
252542
0.102405069041
252562
0.176576504966
252582
0.214098458697
252602
0.0984170603198
252622
0.113734329578
252642
0.157516124637
252662
0.262775178658
252682
0.159749727471
252702
0.200212345567
252722
0.18063643108
252742
0.20267608406
252762
0.180962330426
252782
0.0587595385174
252802
0.105904796512
252822
0.0955698885659
252842
0.108107739826
252862
0.101888777859
252882
0.126380056928
252902
0.255196977955
252922
0.303758630087
252942
0.332331410489
252962
0.246191027737
252982
0.246518819646
253002
0.243156492248
253022
0.251528433866
253042
0.233913971657
253062
0.235107800388
253082
0.227030720082
253102
0.235294028585
253122
0.195505541424
253142
0.176028797238
253162
0.142060319767
253182
0.219515352471
253202
0.242637551478
253222
0.290621214874
253242
0.219485449976
253262
0.228092069404
253282
0.252581077398
253302
0.158409035853
253322
0.157471081638
253342
0.0552492126938
253362
0.142376756298
253382
0.14431701187
253402
0.269377573886
253422
0.329266593992
253442
0.309937091206
253462
0.309698249758
253482
0.371589980015
253502
0.2760246336
253522
0.324768728803
253542
0.366671965843
253562
0.307649739583
253582
0.0450729015262
253602
0.114214283551
253622
0.190470188348
253642
0.135232331032
253662
0.0800777464874
253682
0.0806383236434
253702
0.097679717781
253722
0.227183260659
253742
0.208906779918
253762
0.171910580184
253782
0.194986979167
253802
0.184975320979
253822
0.246629345325
253842
0.182929460392
253862
0.17474639656
253882
0.166992944525
253902
0.142224215722
253922
0.152474336846
253942
0.205449445858
253962
0.0443336664244
253982
0.182065694646
254002
0.0386185047238
254022
0.129786291788
254042
0.15246033188
254062
0.0377252149952
254082
0.0593443404797
254102
0.206402162064
254122
0.177550039365
254142
0.153195781856
254162
0.115982694404
254182
0.0953900950824
254202
0.089478485344
254222
0.0869651617006
254242
0.129098155887
254262
0.0643342720446
254282
0.164098837209
254302
0.0559490824855
254322
0.185277374031
254342
0.198697538154
254362
0.208899209666
254382
0.129019803779
254402
0.145931746609
254422
0.141289289608
254442
0.192191285126
254462
0.158122880329
254482
0.142531946463
254502
0.141254087936
254522
0.153516382025
254542
0.154074309593
254562
0.139136688469
254582
0.127628769985
254602
0.152885780039
254622
0.147291742369
254642
0.14100691921
254662
0.156487327398
254682
0.198953791182
254702
0.172657007025
254722
0.0508206153101
254742
0.0394164092781
254762
0.222732331032
254782
0.035083954094
254802
0.26343719719
254822
0.23029236313
254842
0.24584166061
254862
0.239347519985
254882
0.304330184109
254902
0.322381828367
254922
0.318887778585
254942
0.350570796996
254962
0.0801984920058
254982
0.06813491703
255002
0.0724885689196
255022
0.0430982013081
255042
0.283371184593
255062
0.288802461846
255082
0.24946364765
255102
0.148004481589
255122
0.367612191134
255142
0.387290682534
255162
0.374420118702
255182
0.356556216691
255202
0.394513459908
255222
0.317030417272
255242
0.138565134448
255262
0.0843466115552
255282
0.442157976017
255302
0.190656416546
255322
0.188350896318
255342
0.367115582607
255362
0.155100457243
255382
0.0633739855862
255402
0.382923782703
255422
0.421941618217
255442
0.0542363129845
255462
0.394746623668
255482
0.260884129724
255502
0.048752043968
255522
0.187163880814
255542
0.204913093508
255562
0.295687605984
255582
0.0555732194767
255602
0.454643214026
255622
0.0506930565649
255642
0.103825626817
255662
0.037136627907
255682
0.0635375030281
255702
0.250701383842
255722
0.298607830669
255742
0.276754027374
255762
0.229218901405
255782
0.0802094688711
255802
0.424102546633
255822
0.0939078397529
255842
0.241015625
255862
0.220843174661
255882
0.257333303052
255902
0.270179263566
255922
0.182619080063
255942
0.249883039608
255962
0.408360964753
255982
0.0535667242006
256002
0.0539410731589
256022
0.241078458091
256042
0.283445751575
256062
0.0387914849806
256082
0.0408721687258
256102
0.265237024588
256122
0.280240506904
256142
0.173085861797
256162
0.367539895228
256182
0.354354030402
256202
0.402504996366
256222
0.443886643047
256242
0.399399679021
256262
0.360017335877
256282
0.415114007994
256302
0.281529720809
256322
0.394620578973
256342
0.382047526042
256362
0.420059653585
256382
0.237079851017
256402
0.315070857558
256422
0.380749606347
256442
0.705979363493
256462
0.412690770349
256482
0.0385102501211
256502
0.537511355378
256522
0.11531159157
256542
0.536733890504
256562
0.550877770712
256582
0.120616824128
256602
0.573287230499
256622
0.0597527555717
256642
0.0596732679264
256662
0.0586652888808
256682
0.581779917636
256702
0.5770492672
256722
0.317700006056
256742
0.529647377665
256762
0.594671678173
256782
0.53236358406
256802
0.584070297359
256822
0.342510749758
256842
0.150860359133
256862
0.663857724685
256882
0.337089692345
256902
0.593499803173
256922
0.581196251211
256942
0.0504712481831
256962
0.0421220173207
256982
0.532216721172
257002
0.0389277495155
257022
0.57788880814
257042
0.445001362645
257062
0.43783233406
257082
0.409724367127
257102
0.41208174358
257122
0.40875840298
257142
0.390833560441
257162
0.567435804264
257182
0.631496790213
257202
0.257151238493
257222
0.612338375121
257242
0.604229121245
257262
0.201671133115
257282
0.559891669695
257302
0.546908309109
257322
0.268848791788
257342
0.531651601865
257362
0.529514141231
257382
0.520599412548
257402
0.118789743823
257422
0.577833923813
257442
0.607329139414
257462
0.622795921148
257482
0.610228545906
257502
0.599612024588
257522
0.587138141957
257542
0.557500984133
257562
0.511132055475
257582
0.284795148983
257602
0.0698802386143
257622
0.275798283067
257642
0.655809032825
257662
0.641096626696
257682
0.241754860102
257702
0.340004239341
257722
0.353150738857
257742
0.294904463421
257762
0.30090805172
257782
0.382912048813
257802
0.409301947069
257822
0.458208802689
257842
0.498483678537
257862
0.392436939801
257882
0.238938726381
257902
0.275398573765
257922
0.616700354288
257942
0.803888838421
257962
0.513383448401
257982
0.782917347989
258002
0.78229507328
258022
0.111383766352
258042
0.497801220325
258062
0.0676470142926
258082
0.513654841933
258102
0.723347792515
258122
0.743296163396
258142
0.705326429264
258162
0.704052355862
258182
0.63332122093
258202
0.656879466449
258222
0.596769394985
258242
0.598941300266
258262
0.526931549782
258282
0.0550410307655
258302
0.458895803052
258322
0.293471414729
258342
0.469143274588
258362
0.0748845536579
258382
0.240183654312
258402
0.49173707001
258422
1.0
258442
1.0
258462
1.0
258482
1.0
258502
1.0
258522
1.0
258542
1.0
