145065
0.972443181818
145085
0.972441208965
145105
0.972524068813
145125
1.0
145145
0.964510830966
145165
0.960902975063
145185
0.960918264678
145205
0.960917278251
145225
0.96565853851
145245
1.0
145265
0.239325875947
145285
0.073802477904
145305
0.0726883088699
145325
0.0722286339962
145345
0.074231573548
145365
0.0736446496212
145385
0.0704116358902
145405
0.0728293678977
145425
0.0745008680556
145445
0.0522485598169
145465
0.0790369515467
145485
0.0882531368371
145505
0.0895246409407
145525
0.0907867739899
145545
0.0899907275884
145565
0.0902822166982
145585
0.0897924558081
145605
0.0614173966225
145625
0.061748342803
145645
0.0616418087121
145665
0.103703539299
145685
0.102917357165
145705
0.102544981061
145725
0.101584201389
145745
0.098870541351
145765
0.104926708491
145785
0.107823350694
145805
0.092991931029
145825
0.100756096117
145845
0.103204900568
145865
0.101955591067
145885
0.102741773201
145905
0.104368390941
145925
0.105612275095
145945
0.104019689078
145965
0.10315853851
145985
0.105724234533
146005
0.0620363794192
146025
0.0627490727588
146045
0.0628477154356
146065
0.062756964173
146085
0.0645877722538
146105
0.0668851601957
146125
0.0671100654987
146145
0.0678439670139
146165
0.0682498816288
146185
0.0799701112689
146205
0.0744806463068
146225
0.0748263888889
146245
0.0741654829545
146265
0.0746448863636
146285
0.0758315577652
146305
0.077568655303
146325
0.076386422822
146345
0.0771849352904
146365
0.0764387034407
146385
0.0756485755997
146405
0.0761930831755
146425
0.0759356257891
146445
0.0796919389205
146465
0.0799000749684
146485
0.0793476759785
146505
0.077093197601
146525
0.0734251696654
146545
0.0760535037879
146565
0.0786300505051
146585
0.0830719302399
146605
0.0847143308081
146625
0.0862511837121
146645
0.0892967763573
146665
0.0805649266098
146685
0.0820218789457
146705
0.0813989504419
146725
0.112660787563
146745
0.0848618016098
146765
0.0682631983902
146785
0.0691756431503
146805
0.0720382536301
146825
0.0828771109533
146845
0.0968661221591
146865
0.0902412799874
146885
0.210116299716
146905
0.194033104482
146925
0.0774695194129
146945
0.0807789812184
146965
0.0813565340909
146985
0.165599846117
147005
0.0915058791035
147025
0.210719992898
147045
0.116906861585
147065
0.0731001420455
147085
0.144978101326
147105
1.0
147125
0.948642676768
147145
0.949289279514
147165
0.949340573706
147185
0.948822699653
147205
0.969585503472
147225
0.947312480271
147245
0.945815577652
147265
0.945744061711
147285
0.947910254893
147305
0.968031881313
147325
0.906080334596
147345
0.923751676926
147365
0.923747238005
147385
0.930512152778
147405
0.971277718592
147425
0.948618016098
147445
0.948199771149
147465
0.946979561237
147485
0.960490155461
147505
0.975035511364
147525
0.948973622948
147545
0.948425169665
147565
0.94814009233
147585
1.0
147605
0.932673907039
147625
0.924099885574
147645
0.923977075442
147665
0.924362768308
147685
0.955524976326
147705
0.95911556976
147725
0.93583984375
147745
0.935973504577
147765
0.936731573548
147785
1.0
147805
0.92327868529
147825
0.908004360006
147845
0.908089685922
147865
0.912802833018
147885
1.0
147905
0.982337535511
147925
0.98131707702
147945
0.981306719539
147965
0.982365648674
147985
1.0
148005
0.972035787563
148025
0.970758364899
148045
0.970747514205
148065
0.973024680398
148085
1.0
148105
0.980728673453
148125
0.980128432765
148145
0.980137310606
148165
0.980718809186
148185
1.0
148205
0.978198488794
148225
0.977806384154
148245
0.977833017677
148265
0.980260120739
148285
0.981655421402
148305
0.975371882891
148325
0.975383720013
148345
0.975411339962
148365
0.982628531408
148385
0.953824869792
148405
0.940826231061
148425
0.940357678346
148445
0.940208234691
148465
0.958547881155
148485
0.956379221907
148505
0.945807686237
148525
0.945922111742
148545
0.947754399463
148565
1.0
148585
0.95234818892
148605
0.947270557134
148625
0.947357362689
148645
0.949842664931
148665
1.0
148685
0.979211055871
148705
0.978241891572
148725
0.978276416509
148745
0.979512902462
148765
1.0
148785
0.978282828283
148805
0.977349175347
148825
0.977334872159
148845
0.978988616635
148865
1.0
148885
0.980247790404
148905
0.979233250473
148925
0.979236702967
148945
0.980698587437
148965
1.0
148985
0.985269689078
149005
0.984831715593
149025
0.98483122238
149045
0.985887685448
149065
1.0
149085
0.996174636995
149105
0.991961115057
149125
0.991855074179
149145
0.991897983744
149165
0.992054332386
149185
0.992022273516
149205
0.989235617898
149225
0.982342467645
149245
0.978096886837
149265
0.978212791982
149285
0.98219746291
149305
0.986129360006
149325
0.986063762626
149345
0.98629162721
149365
0.979520300663
149385
0.978258660827
149405
0.970388948074
149425
0.979016236585
149445
0.983977963226
149465
0.983684008049
149485
0.983571062184
149505
0.982744929766
149525
0.979566169508
149545
0.973302359533
149565
0.967220052083
149585
0.965168284407
149605
0.963008009785
149625
0.959342447917
149645
0.947517657039
149665
0.942734473643
149685
0.930946673769
149705
0.925830078125
149725
0.917093789457
149745
0.917924360795
149765
0.920137409249
149785
0.919482915088
149805
0.915457307449
149825
0.916582327178
149845
0.916864445234
149865
0.920071811869
149885
0.915662977431
149905
0.915232402146
149925
0.914461509628
149945
0.911539713542
149965
0.909941208965
149985
0.91064897017
150005
0.913697028883
150025
0.912282492898
150045
0.909920987216
150065
0.911345880682
150085
0.921702868529
150105
0.919191919192
150125
0.918717447917
150145
0.915451882102
150165
0.914132536301
150185
0.9075545494
150205
0.90393682923
150225
0.900632792771
150245
0.899566958649
150265
0.890847439236
150285
0.885287937973
150305
0.889660767835
150325
0.889536478062
150345
0.889469401042
150365
0.89505602904
150385
0.8972029869
150405
0.900332919034
150425
0.895740116004
150445
0.894688091856
150465
0.89827128709
150485
0.905948646622
150505
0.896839488636
150525
0.892542613636
150545
0.891581833965
150565
0.889179391572
150585
0.890799597538
150605
0.888965830177
150625
0.88886274858
150645
0.893503393308
150665
0.895473780777
150685
0.888819345802
150705
0.885947364268
150725
0.881749625158
150745
0.886371034564
150765
0.877026613794
150785
0.877106021149
150805
0.884086963384
150825
0.889732283775
150845
0.891165068655
150865
0.891650390625
150885
0.892603278883
150905
0.897567471591
150925
0.888174715909
150945
0.90510722459
150965
0.904120304609
150985
0.90898289536
151005
0.906510416667
151025
0.901516631155
151045
0.898932686237
151065
0.895963048453
151085
0.898844401042
151105
0.890801570391
151125
0.895924577809
151145
0.890672348485
151165
0.884386837121
151185
0.893499940814
151205
0.893602035985
151225
0.89723208649
151245
0.895880188605
151265
0.897766236585
151285
0.893163569287
151305
0.902841402304
151325
0.906316583807
151345
0.902490727588
151365
0.900891729798
151385
0.890022293245
151405
0.891867404514
151425
0.893120166509
151445
0.897857974274
151465
0.886599392361
151485
0.890671855271
151505
0.884660570549
151525
0.891037819602
151545
0.901238458807
151565
0.899527008365
151585
0.900999250316
151605
0.901409603851
151625
0.897075737847
151645
0.904092191446
151665
0.906973544034
151685
0.90845959596
151705
0.906826073232
151725
0.9010392006
151745
0.894020774148
151765
0.890158913352
151785
0.899803701073
151805
0.89631964173
151825
0.897562539457
151845
0.890196890783
151865
0.883545908302
151885
0.880132378472
151905
0.885719992898
151925
0.884505208333
151945
0.885428503788
151965
0.879891690341
151985
0.877590849905
152005
0.883356021149
152025
0.890402067551
152045
0.902448804451
152065
0.90270379577
152085
0.906679095644
152105
0.910124684343
152125
0.911987058081
152145
0.912540936711
152165
0.925223918876
152185
0.924085089173
152205
0.925289023043
152225
0.917428188131
152245
0.911742424242
152265
0.913742897727
152285
0.909813466698
152305
0.911890388258
152325
0.909662543403
152345
0.912376696654
152365
0.908217428188
152385
0.916026475694
152405
0.907032236427
152425
0.900900114426
152445
0.902524759312
152465
0.888649187184
152485
0.900208629261
152505
0.898679667771
152525
0.903723267835
152545
0.897075244634
152565
0.899223682134
152585
0.896564275568
152605
0.898239721433
152625
0.905224116162
152645
0.920524088542
152665
0.935337752525
152685
0.945914220328
152705
0.950686059817
152725
0.954675662879
152745
0.956883779198
152765
0.963359177715
152785
0.973730961963
152805
0.981112393466
152825
0.99159860322
152845
0.991510318024
152865
0.979748165246
152885
0.958046283144
152905
0.944095742582
152925
0.925642163826
152945
0.920557627052
152965
0.904109453914
152985
0.885001874211
153005
0.873681640625
153025
0.855002663352
153045
0.840413411458
153065
0.836815419823
153085
0.846264401831
153105
0.840666429924
153125
0.84729768387
153145
0.850888277304
153165
0.849492483428
153185
0.857629517835
153205
0.854020182292
153225
0.864694799558
153245
0.864970012626
153265
0.874854502052
153285
0.863868173927
153305
0.863784820865
153325
0.857605350379
153345
0.85914762863
153365
0.851833274148
153385
0.84727006392
153405
0.848657966383
153425
0.844982540246
153445
0.840779375789
153465
0.835685961174
153485
0.839600102588
153505
0.855215731534
153525
0.875056719539
153545
0.884534801136
153565
0.891677517361
153585
0.889391473327
153605
0.89153744476
153625
0.914601089015
153645
0.908813723169
153665
0.922586706913
153685
0.927193813131
153705
0.930225595802
153725
0.916634114583
153745
0.899064374211
153765
0.916824988163
153785
0.928548670297
153805
0.937228732639
153825
0.932960957229
153845
0.939498500631
153865
0.934583136048
153885
0.935635653409
153905
0.932401160038
153925
0.936739464962
153945
0.943931995739
153965
0.943302162247
153985
0.950174597538
154005
0.945847636521
154025
0.941869870581
154045
0.934532335069
154065
0.942622514205
154085
0.945588699495
154105
0.943501913668
154125
0.938391729798
154145
0.927120817551
154165
0.904300327494
154185
0.885565617109
154205
0.883561197917
154225
0.878965928819
154245
0.870621251578
154265
0.874969913984
154285
0.873295947759
154305
0.885146878946
154325
0.88105172822
154345
0.903202927715
154365
0.927338817866
154385
0.954892183554
154405
0.966849155619
154425
0.967442491319
154445
0.985548847854
154465
1.0
154485
0.0885342684659
154505
0.0863873106061
154525
0.0862970525568
154545
0.086468197601
154565
0.0862654869003
154585
0.271558357008
154605
1.0
154625
1.0
154645
1.0
