145250
0.167913865673
145270
0.172231937379
145290
0.165620836361
145310
0.166850245276
145330
0.163929642078
145350
0.163719189075
145370
0.165884281129
145390
0.1661147953
145410
0.168816618217
145430
0.167689786216
145450
0.166821478319
145470
0.167236706638
145490
0.167822265625
145510
0.163114704457
145530
0.171180807897
145550
0.17161269077
145570
0.115991778706
145590
0.126389519743
145610
0.12908263687
145630
0.128371411701
145650
0.12824309593
145670
0.127472444283
145690
0.11342697735
145710
0.113821765988
145730
0.115472837936
145750
0.115907370397
145770
0.115823340601
145790
0.116227970567
145810
0.115734390141
145830
0.114911882267
145850
0.114565543241
145870
0.113717675024
145890
0.113930777616
145910
0.113567405523
145930
0.121889004966
145950
0.0672544967297
145970
0.0639917181444
145990
0.0876779009205
146010
0.0580252240795
146030
0.0624451156734
146050
0.11270553234
146070
0.122884114583
146090
0.116762051841
146110
0.115970960514
146130
0.116727607195
146150
0.118101986434
146170
0.11570373062
146190
0.111204351381
146210
0.0929608012355
146230
0.109973806928
146250
0.125817587209
146270
0.132614159399
146290
0.128970597141
146310
0.110059350775
146330
0.10091675751
146350
0.108952958454
146370
0.112922041546
146390
0.128672329215
146410
0.120265942951
146430
0.117116718144
146450
0.118401389898
146470
0.117858224322
146490
0.117486146439
146510
0.116522453367
146530
0.114904312016
146550
0.114247214147
146570
0.129245397287
146590
0.13657302265
146610
0.164768425993
146630
0.170729999394
146650
0.173856891957
146670
0.171789456153
146690
0.171160368217
146710
0.173284959423
146730
0.168062621124
146750
0.168212890625
146770
0.172264489462
146790
0.167708711846
146810
0.167418392684
146830
0.165924781977
146850
0.168353318798
146870
0.170938559835
146890
0.166385053295
146910
0.163950081759
146930
0.162414077641
146950
0.173721384448
146970
0.182719385901
146990
0.16556670906
147010
0.170486994307
147030
0.167959287185
147050
0.165752180233
147070
0.165567087573
147090
0.166932761022
147110
0.165884281129
147130
0.166533430233
147150
0.166790061773
147170
0.167016790819
147190
0.172152828246
147210
0.176357724685
147230
0.18222807655
147250
0.180507736797
147270
0.169270833333
147290
0.164653358164
147310
0.163079502786
147330
0.170422647166
147350
0.168893077762
147370
0.16572265625
147390
0.166511097989
147410
0.164210498425
147430
0.162135870882
147450
0.157237160853
147470
0.163088965601
147490
0.165156779918
147510
0.162288411458
147530
0.161587027616
147550
0.160586997335
147570
0.162841796875
147590
0.162197189922
147610
0.155884735344
147630
0.141164758963
147650
0.141701489826
147670
0.0759527162064
147690
0.0712917120882
147710
0.0819986979167
147730
0.0839927022771
147750
0.0764489462209
147770
0.0777332394622
147790
0.0861434108527
147810
0.0865434986676
147830
0.0874625272529
147850
0.0883141805959
147870
0.0899035549903
147890
0.0911098746366
147910
0.0765201065891
147930
0.0786246366279
147950
0.0779584544574
147970
0.102887294089
147990
0.116121608527
148010
0.107683427204
148030
0.108681943435
148050
0.105479348353
148070
0.105455502059
148090
0.111142275315
148110
0.105136794453
148130
0.109620654675
148150
0.114056065286
148170
0.110755056928
148190
0.114178324855
148210
0.272397725896
148230
0.206708757267
148250
0.194488856589
148270
0.159695978682
148290
0.128198431444
148310
0.0923108951066
148330
0.110189937621
148350
0.162448522287
148370
0.244300735828
148390
0.339341842297
148410
0.333298888687
148430
0.243149679021
148450
0.161092311652
148470
0.117395303416
148490
0.0882165243459
148510
0.0826512536337
148530
0.0784270530523
148550
0.08043960453
148570
0.0807567980862
148590
0.0800830456638
148610
0.0803177234738
148630
0.0803445978682
148650
0.0799687348595
148670
1.0
148690
1.0
148710
1.0
148730
1.0
148750
1.0
148770
1.0
148790
1.0
148810
0.995033914729
148830
0.995033914729
148850
0.995033914729
148870
0.996498379966
148890
0.996509735344
148910
0.996509356831
148930
0.996509356831
148950
0.996231150073
148970
0.996224336846
148990
0.996224336846
149010
0.996224336846
149030
0.997144122456
149050
0.997144122456
149070
0.997144122456
149090
0.995161094961
149110
0.995154281734
149130
0.995154281734
149150
0.995154281734
149170
0.995685334908
149190
0.995685334908
149210
0.995685334908
149230
0.994709150921
149250
0.994723534399
149270
0.994725805475
149290
0.994725805475
149310
0.994192102713
149330
0.994192102713
149350
0.994192102713
149370
0.994192102713
149390
0.991100033309
149410
0.991089813469
149430
0.991089813469
149450
0.995151253634
149470
0.995163744549
149490
0.995162609012
149510
0.995162609012
149530
0.990881631541
149550
0.990869140625
149570
0.990869140625
149590
0.992859359859
149610
0.992868444162
149630
0.992868444162
149650
0.992868444162
149670
0.994179611797
149690
0.994181882873
149710
0.994181882873
149730
0.994184153949
149750
0.993400632873
149770
0.993403282461
149790
0.993403282461
149810
0.992757918484
149830
0.992751862282
149850
0.99275299782
149870
0.99275299782
149890
0.992606513445
149910
0.992604999394
149930
0.992604999394
149950
0.993918438106
149970
0.993907082728
149990
0.993907082728
150010
0.993907082728
150030
0.995808351502
150050
0.995808351502
150070
0.995808351502
150090
0.995808351502
150110
0.994207243217
150130
0.994204972141
150150
0.994204972141
150170
1.0
150190
0.995392366158
150210
0.988066633358
150230
0.979557291667
150250
0.970988144985
150270
0.961256207607
150290
0.956756449855
150310
0.948892093629
150330
0.94177794937
150350
0.937289168484
150370
0.931099730499
150390
0.923344764414
150410
0.917037987524
150430
0.909510128997
150450
0.909695978682
150470
0.909968886265
150490
0.913770666788
150510
0.916172329215
150530
0.920822734981
150550
0.917879042515
150570
0.925432261386
150590
0.92644591812
150610
0.927293029312
150630
0.929282870034
150650
0.931918453246
150670
0.935857633842
150690
0.93844590298
150710
0.942439967902
150730
0.940035277374
150750
0.933955986555
150770
0.934507479409
150790
0.931191330547
150810
0.934158869307
150830
0.922619534278
150850
0.925860737645
150870
0.922638838421
150890
0.919208378755
150910
0.916753724564
150930
0.916126529191
150950
0.91770644077
150970
0.913523876575
150990
0.917400224079
151010
0.916993323038
151030
0.91330888142
151050
0.914456153101
151070
0.912390988372
151090
0.91403486858
151110
0.912431110707
151130
0.910906461967
151150
0.914140095082
151170
0.912476532219
151190
0.912876620034
151210
0.912114295664
151230
0.910185773983
151250
0.910230816982
151270
0.912667302568
151290
0.91724730499
151310
0.918318874152
151330
0.920638020833
151350
0.923741445615
151370
0.919125484496
151390
0.924320948401
151410
0.923423873547
151430
0.929553885053
151450
0.926159005572
151470
0.926288835392
151490
0.931301099201
151510
0.930413865673
151530
0.931415410005
151550
0.935869367733
151570
0.932851108285
151590
0.931331380208
151610
0.930250726744
151630
0.932386673328
151650
0.929465313106
151670
0.927779796512
151690
0.929344567587
151710
0.930706455911
151730
0.929825278585
151750
0.928969083091
151770
0.926083681565
151790
0.930969522166
151810
0.928001604893
151830
0.929650784278
151850
0.928821841691
151870
0.927068192829
151890
0.923852728319
151910
0.925642335877
151930
0.924322462452
151950
0.921010098716
151970
0.924679021318
151990
0.926440618944
152010
0.929627316497
152030
0.926010250121
152050
0.926062863372
152070
0.9243179203
152090
0.926658263687
152110
0.925898210392
152130
0.923491627301
152150
0.927392956638
152170
0.924412169937
152190
0.926717311652
152210
0.926096172481
152230
0.925587830063
152250
0.924529508842
152270
0.922126710877
152290
0.924810365189
152310
0.920825006056
152330
0.924890609859
152350
0.921700884205
152370
0.919919603924
152390
0.927388414486
152410
0.929282491521
152430
0.932423010538
152450
0.930074718387
152470
0.92797056686
152490
0.927337315286
152510
0.925819858285
152530
0.925741506177
152550
0.925925841812
152570
0.92332962391
152590
0.920031265141
152610
0.925500772166
152630
0.926643501696
152650
0.925133993459
152670
0.924385295543
152690
0.922362145712
152710
0.926646908309
152730
0.927770333697
152750
0.92072205063
152770
0.920789047359
152790
0.925315679506
152810
0.924213450824
152830
0.917517184472
152850
0.92039123062
152870
0.916341524346
152890
0.916226456516
152910
0.917801825945
152930
0.915085619549
152950
0.921486267563
152970
0.913962951187
152990
0.911267562984
153010
0.917587587815
153030
0.915325975048
153050
0.913287684714
153070
0.917881692103
153090
0.924489007994
153110
0.924722171754
153130
0.926707470325
153150
0.92563552265
153170
0.924664259327
153190
0.92660035126
153210
0.920672843992
153230
0.924364855862
153250
0.930549373183
153270
0.931346899225
153290
0.935035504482
153310
0.944977137839
153330
0.943081168241
153350
0.947142986919
153370
0.946804218144
153390
0.943572856105
153410
0.948571114947
153430
0.952388792999
153450
0.958439695373
153470
0.966153782098
153490
0.964659792878
153510
0.964543589511
153530
0.967445267078
153550
0.965123849322
153570
0.962587814922
153590
0.959470006662
153610
0.959291727229
153630
0.960311061652
153650
0.964869488857
153670
0.958568768169
153690
0.958314786216
153710
0.952271832607
153730
0.949430717054
153750
0.949527616279
153770
0.953815028464
153790
0.945682306807
153810
0.942058805717
153830
0.938796784157
153850
0.938775965964
153870
0.934200505693
153890
0.929075823643
153910
0.924358421148
153930
0.925028388445
153950
0.918762112403
153970
0.91602433079
153990
0.912762687742
154010
0.911980302204
154030
0.908742126938
154050
0.91033112282
154070
0.912537094234
154090
0.910661942829
154110
0.907833696705
154130
0.90679808624
154150
0.901331985828
154170
0.901309275073
154190
0.903117051235
154210
0.90034103985
154230
0.893918059593
154250
0.90137740734
154270
0.898829260538
154290
0.898127119671
154310
0.901430777616
154330
0.90042128452
154350
0.900627573886
154370
0.91162109375
154390
0.904957379482
154410
0.907172435199
154430
0.893759462815
154450
0.893567178416
154470
0.901987569646
154490
0.912261915577
154510
0.907259114583
154530
0.913577246851
154550
0.920908278828
154570
0.922913260053
154590
0.926400875121
154610
0.933610783067
154630
0.934896211846
154650
0.946812923934
154670
0.953285489341
154690
0.97415175327
154710
0.983372320131
154730
0.988653327883
154750
0.992907052447
154770
0.995396151284
154790
1.0
154810
1.0
154830
1.0
