206122
0.991283815299
206142
0.996698635728
206162
1.0
206182
1.0
206202
0.995652110541
206222
0.99093254431
206242
0.988015974813
206262
0.986779967351
206282
0.986583197295
206302
0.986810576026
206322
0.987005888526
206342
0.985698460821
206362
0.978667210821
206382
0.9734375
206402
0.97107917444
206422
0.966034573228
206442
0.964356926306
206462
0.959514925373
206482
0.954066581157
206502
0.950434351679
206522
0.943806844683
206542
0.937670534049
206562
0.932706098414
206582
0.928431086754
206602
0.928665753265
206622
0.927880130597
206642
0.927007054571
206662
0.927699393657
206682
0.927406424907
206702
0.925964902052
206722
0.927541977612
206742
0.925085995802
206762
0.921528101679
206782
0.924156075093
206802
0.923763992537
206822
0.923124125466
206842
0.924970848881
206862
0.921861881996
206882
0.920776002799
206902
0.923726096082
206922
0.922271455224
206942
0.920257112873
206962
0.922408465485
206982
0.921564540578
207002
0.919971431903
207022
0.919086695429
207042
0.915215426772
207062
0.913622318097
207082
0.916073927239
207102
0.916401877332
207122
0.916786672108
207142
0.915247493004
207162
0.916492245802
207182
0.917057777519
207202
0.920708955224
207222
0.922880713619
207242
0.923479769123
207262
0.93291015625
207282
0.933450909515
207302
0.934026644123
207322
0.93475104944
207342
0.933842992071
207362
0.937224521922
207382
0.937039412313
207402
0.934984258396
207422
0.92986823694
207442
0.931124650187
207462
0.927305853545
207482
0.922988572761
207502
0.920453882929
207522
0.920063257929
207542
0.919194554571
207562
0.920579232743
207582
0.917548973881
207602
0.917490671642
207622
0.916470382463
207642
0.921988689366
207662
0.923510377799
207682
0.929350804571
207702
0.931798041045
207722
0.934915753265
207742
0.937953299907
207762
0.939846665112
207782
0.946647621269
207802
0.947602320429
207822
0.950922632929
207842
0.958778859608
207862
0.956977320429
207882
0.958832789179
207902
0.961173624067
207922
0.956579407649
207942
0.95128410681
207962
0.951528976213
207982
0.949384911381
208002
0.948191173041
208022
0.943216534515
208042
0.93203853778
208062
0.92579582556
208082
0.917719507929
208102
0.908723472481
208122
0.900326492537
208142
0.897478428172
208162
0.906057602612
208182
0.915126515858
208202
0.915874242071
208222
0.912842525653
208242
0.918282124534
208262
0.925734608209
208282
0.929565065299
208302
0.937153101679
208322
0.944082322761
208342
0.953162896455
208362
0.963221490205
208382
0.962584538246
208402
0.957427705224
208422
0.957816872668
208442
0.955691756063
208462
0.959612581623
208482
0.956303929571
208502
0.95567863806
208522
0.953030258862
208542
0.954949860075
208562
0.95020988806
208582
0.947440531716
208602
0.941642374067
208622
0.941852262127
208642
0.944961229011
208662
0.949486940299
208682
0.951854011194
208702
0.955763176306
208722
0.95859375
208742
0.963820545709
208762
0.96648933069
208782
0.966674440299
208802
0.969181436567
208822
0.978130830224
208842
0.982220732276
208862
0.981812616604
208882
0.977743120336
208902
0.978716767724
208922
0.982490380131
208942
0.984541161381
208962
0.979783698694
208982
0.981414703825
209002
0.976881704757
209022
0.976391965951
209042
0.976546466884
209062
0.97059818097
209082
0.96164295709
209102
0.963584421642
209122
0.955127681903
209142
0.946396921642
209162
0.937878964552
209182
0.939078533116
209202
0.932292152519
209222
0.931241254664
209242
0.936073052705
209262
0.929824510261
209282
0.930101445896
209302
0.933115671642
209322
0.927049323694
209342
0.931945254198
209362
0.934694204757
209382
0.935093575093
209402
0.936489913713
209422
0.941807077892
209442
0.942342000933
209462
0.936661905317
209482
0.938113631063
209502
0.938359958022
209522
0.936798915578
209542
0.938667502332
209562
0.936858675373
209582
0.934657765858
209602
0.934149078825
209622
0.931585237873
209642
0.932509328358
209662
0.931110074627
209682
0.931212103545
209702
0.931200443097
209722
0.932583663713
209742
0.932764400653
209762
0.931779092817
209782
0.930787954757
209802
0.929608791978
209822
0.927180503731
209842
0.934609666511
209862
0.935653276586
209882
0.935755305504
209902
0.936409748134
209922
0.935851504198
209942
0.938838036381
209962
0.930365263526
209982
0.93162604944
210002
0.936559876399
210022
0.936338327892
210042
0.939205340485
210062
0.938684993004
210082
0.933861940299
210102
0.934286089086
210122
0.930274895056
210142
0.933332847481
210162
0.92703620569
210182
0.933501923974
210202
0.934974055504
210222
0.929155492071
210242
0.928460237873
210262
0.930008162313
210282
0.93114505597
210302
0.937721548507
210322
0.937727378731
210342
0.932841651119
210362
0.931968575093
210382
0.934010611007
210402
0.931620219216
210422
0.93280521222
210442
0.929461578825
210462
0.933805095616
210482
0.936386427239
210502
0.935220382463
210522
0.930320079291
210542
0.935147504664
210562
0.933854652519
210582
0.931541511194
210602
0.935845673974
210622
0.937881879664
210642
0.94335208722
210662
0.94572498834
210682
0.943414762127
210702
0.945519472948
210722
0.944166861007
210742
0.944025478078
210762
0.944819846082
210782
0.943490555037
210802
0.94601795709
210822
0.947541103078
210842
0.943715018657
210862
0.941979069496
210882
0.936409748134
210902
0.937419834422
210922
0.939186392257
210942
0.935707206157
210962
0.931541511194
210982
0.933099638526
211002
0.933892548974
211022
0.932159514925
211042
0.930449801772
211062
0.927320429104
211082
0.93212890625
211102
0.930760261194
211122
0.934433302239
211142
0.932991779384
211162
0.930825851213
211182
0.932487465019
211202
0.930172866138
211222
0.927327716884
211242
0.932471431903
211262
0.928900419776
211282
0.927202367071
211302
0.930608675373
211322
0.932210529384
211342
0.931608558769
211362
0.926120860541
211382
0.924864447295
211402
0.925052472015
211422
0.92813228778
211442
0.929133628731
211462
0.92384998834
211482
0.927063899254
211502
0.933354710821
211522
0.933306611474
211542
0.931197527985
211562
0.929207964086
211582
0.929888642724
211602
0.929946944963
211622
0.935567280784
211642
0.934514925373
211662
0.933277460354
211682
0.93868645056
211702
0.938817630597
211722
0.925925548041
211742
0.914004197761
211762
0.907115788246
211782
0.897132987407
211802
0.897012010261
211822
0.908093808302
211842
0.910947702892
211862
0.905932252799
211882
0.905631996269
211902
0.909793318563
211922
0.890304337687
211942
0.887741954291
211962
0.89041511194
211982
0.88992683069
212002
0.893973006063
212022
0.902368528451
212042
0.899105060634
212062
0.898991371269
212082
0.897135902519
212102
0.901351154384
212122
0.903855235541
212142
0.90984870569
212162
0.920382462687
212182
0.933501923974
212202
0.935545417444
212222
0.944793610075
212242
0.941049148787
212262
0.936393715019
212282
0.93487056903
212302
0.928662838153
212322
0.927381646455
212342
0.921471256996
212362
0.918098472481
212382
0.912928521455
212402
0.915348064366
212422
0.915885902519
212442
0.912265333489
212462
0.914496851679
212482
0.916401877332
212502
0.919022562966
212522
0.922581914646
212542
0.928196420243
212562
0.929750174907
212582
0.936472423041
212602
0.939240321828
212622
0.938447411381
212642
0.943763118004
212662
0.947667910448
212682
0.944617245802
212702
0.945341651119
212722
0.94259270056
212742
0.946136019123
212762
0.94522213153
212782
0.944717817164
212802
0.94197032416
212822
0.94053463153
212842
0.935998717351
212862
0.933598122668
212882
0.933819671175
212902
0.931139225746
212922
0.928554979011
212942
0.930578066698
212962
0.925913887593
212982
0.924578766325
213002
0.920114272388
213022
0.923306319963
213042
0.923995743937
213062
0.925393540112
213082
0.927525944496
213102
0.924870277519
213122
0.929926539179
213142
0.935603719683
213162
0.929417852146
213182
0.914609083489
213202
0.914504139459
213222
0.915199393657
213242
0.916506821362
213262
0.911994228078
213282
0.910455048974
213302
0.910086287313
213322
0.910982684235
213342
0.902415170243
213362
0.898960762593
213382
0.891935342817
213402
0.90597889459
213422
0.916534514925
213442
0.915213969216
213462
0.91427238806
213482
0.91990729944
213502
0.905662604944
213522
0.890090076959
213542
0.889323402519
213562
0.887161847015
213582
0.877320429104
213602
0.875824976679
213622
0.864530375466
213642
0.862609316698
213662
0.853601620802
213682
0.846841476213
213702
0.844263059701
213722
0.845608383862
213742
0.849148787313
213762
0.853795475746
213782
0.859937616604
213802
0.862056902985
213822
0.857060401119
213842
0.860627040578
213862
0.859449335354
213882
0.862450443097
213902
0.869863572761
213922
0.872313724347
213942
0.88191901819
213962
0.887825034981
213982
0.886348530784
214002
0.890928171642
214022
0.893492012593
214042
0.901147096549
214062
0.90741458722
214082
0.912666161381
214102
0.916871210354
214122
0.923643015392
214142
0.927173215951
214162
0.926702425373
214182
0.933450909515
214202
0.938824918377
214222
0.945433477146
214242
0.952702308769
214262
0.950279850746
214282
0.957003556437
214302
0.960315123601
214322
0.958035506063
214342
0.959267140858
214362
0.964897679571
214382
0.956101329291
214402
0.94874504431
214422
0.95282474347
214442
0.949879022854
214462
0.939383162313
214482
0.940906308302
214502
0.946975571362
214522
0.932739622201
214542
0.933697236474
214562
0.928629314366
214582
0.90900623834
214602
0.918458488806
214622
0.917018423507
214642
0.911863048041
214662
0.91436275653
214682
0.915135261194
214702
0.909733558769
214722
0.903546233675
214742
0.909643190299
214762
0.921009211754
214782
0.929365380131
214802
0.943860774254
214822
0.951253498134
214842
0.959017898787
214862
0.965591476213
214882
0.969424848414
214902
0.964148495802
214922
0.983450909515
214942
0.993452658582
214962
0.993365205224
214982
0.993417677239
215002
0.993594041511
215022
0.993493470149
215042
0.993493470149
215062
0.993643598414
215082
0.995975687966
215102
1.0
215122
1.0
215142
1.0
215162
1.0
215182
0.857974774565
215202
0.839464785448
215222
0.838526605255
215242
0.838162216262
215262
0.891607878576
215282
1.0
215302
0.987561703203
215322
0.987287196828
215342
0.987472306437
215362
0.987483966884
215382
0.989186392257
215402
1.0
215422
1.0
215442
0.221477573072
215462
0.248324296486
215482
0.442961948072
215502
0.444035195118
215522
0.443849113806
215542
0.442258920243
215562
1.0
215582
1.0
215602
0.111307233364
215622
0.110020697295
215642
0.109258881374
215662
0.151705826337
215682
0.99999757074
215702
0.999993683924
