120147
0.0864908854167
120167
0.0819202112269
120187
0.0771911168981
120207
0.122688440394
120227
0.137994068287
120247
0.147044270833
120267
0.0824157262731
120287
0.0836418547454
120307
0.0845486111111
120327
0.083540943287
120347
0.0686082175926
120367
0.0675296585648
120387
0.0690939670139
120407
0.0690505642361
120427
0.0683445457176
120447
0.0683709490741
120467
0.0692697482639
120487
0.0713194444444
120507
0.0748961950231
120527
0.0775271267361
120547
0.0802318431713
120567
0.0755334924769
120587
0.0624294704861
120607
0.0615426070602
120627
0.0608355034722
120647
0.0543004918981
120667
0.05162109375
120687
0.0405284288194
120707
0.0418279803241
120727
0.0527119502315
120747
0.0511707899306
120767
0.0687174479167
120787
0.055869140625
120807
0.0577643952546
120827
0.0477756076389
120847
0.0461067708333
120867
0.0675224247685
120887
0.0726671006944
120907
0.0637698929398
120927
0.0449573206019
120947
0.0453255208333
120967
0.0449873408565
120987
0.0422131799769
121007
0.0890502025463
121027
0.0820688657407
121047
0.261223958333
121067
0.149585503472
121087
0.114546802662
121107
0.121667028356
121127
0.121441333912
121147
0.134181495949
121167
0.154514612269
121187
0.123173466435
121207
0.0782584635417
121227
0.0521245659722
121247
0.0671701388889
121267
0.062027271412
121287
0.0591456886574
121307
0.0539970341435
121327
0.0740885416667
121347
0.0466771556713
121367
0.0714673755787
121387
0.0618001302083
121407
0.0590093315972
121427
0.0703009259259
121447
0.071830150463
121467
0.0737413194444
121487
0.0539612268519
121507
0.0465672019676
121527
0.046796875
121547
0.0601732494213
121567
0.0600604021991
121587
0.0611899594907
121607
0.059419849537
121627
0.0587254050926
121647
0.061001880787
121667
0.0604618778935
121687
0.0569657841435
121707
0.0580942563657
121727
0.0675148292824
121747
0.0688979311343
121767
0.0687084056713
121787
0.0643160445602
121807
0.0775730613426
121827
0.0766315827546
121847
0.0787170862269
121867
0.0638823784722
121887
0.0521361400463
121907
0.0535228587963
121927
0.0423115596065
121947
0.0427933304398
121967
0.0419849537037
121987
0.0409548611111
122007
0.053706958912
122027
0.0542809606481
122047
0.0425636574074
122067
0.0585850694444
122087
0.0584476273148
122107
0.0495323350694
122127
0.0520836950231
122147
0.0499001736111
122167
0.0494621672454
122187
0.0483445457176
122207
0.0487315538194
122227
0.049873046875
122247
0.0588961226852
122267
0.0602730758102
122287
0.0589887152778
122307
0.0587919560185
122327
0.0608427372685
122347
0.06646484375
122367
0.0669798900463
122387
0.0463577835648
122407
0.0466395399306
122427
0.0510257523148
122447
0.0457060185185
122467
0.0650036168981
122487
0.0615187355324
122507
0.0640360966435
122527
0.0851978443287
122547
0.0705519386574
122567
0.0575969328704
122587
0.0648763020833
122607
0.0661584924769
122627
0.0690552662037
122647
0.0710901331019
122667
0.123723596644
122687
0.134418764468
122707
0.998962673611
122727
0.991279296875
122747
0.973131510417
122767
0.955243055556
122787
0.938876953125
122807
0.916278211806
122827
0.900737847222
122847
0.878617621528
122867
0.866401909722
122887
0.853412543403
122907
0.822319878472
122927
0.812799479167
122947
0.813208550347
122967
0.815272352431
122987
0.821999782986
123007
0.815922309028
123027
0.814841579861
123047
0.821673177083
123067
0.807081163194
123087
0.794369574653
123107
0.811449652778
123127
0.798197699653
123147
0.791858723958
123167
0.78943359375
123187
0.784521484375
123207
0.78255859375
123227
0.798876953125
123247
0.811890190972
123267
0.811748046875
123287
0.827349175347
123307
0.817045355903
123327
0.806353081597
123347
0.785715060764
123367
0.760470920139
123387
0.767132161458
123407
0.786789279514
123427
0.794787326389
123447
0.795830078125
123467
0.825404730903
123487
0.831121961806
123507
0.860440538194
123527
0.880580512153
123547
0.908347439236
123567
0.949079861111
123587
0.972261284722
123607
0.972431640625
123627
0.972099609375
123647
0.972046440972
123667
0.972150607639
123687
0.961034071181
123707
0.945788845486
123727
0.958266059028
123747
0.972661675347
123767
0.971722005208
123787
0.971394314236
123807
0.972316623264
123827
0.972027994792
123847
0.955367838542
123867
0.943422309028
123887
0.939039713542
123907
0.941136067708
123927
0.925095486111
123947
0.910098741319
123967
0.897136501736
123987
0.895219184028
124007
0.871749131944
124027
0.850811631944
124047
0.842898220486
124067
0.824871961806
124087
0.815807291667
124107
0.811794704861
124127
0.795631510417
124147
0.776329210069
124167
0.767625868056
124187
0.747100694444
124207
0.752026909722
124227
0.751270616319
124247
0.740549045139
124267
0.741243489583
124287
0.754720052083
124307
0.763927951389
124327
0.775869140625
124347
0.770962456597
124367
0.791818576389
124387
0.824690755208
124407
0.845729166667
124427
0.885129123264
124447
0.899697265625
124467
0.917513020833
124487
0.927534722222
124507
0.923656684028
124527
0.950203993056
124547
0.973434244792
124567
0.97392578125
124587
0.974365234375
124607
0.974089626736
124627
0.972685546875
124647
0.940534939236
124667
0.910254991319
124687
0.891057942708
124707
0.882689887153
124727
0.874590928819
124747
0.849715711806
124767
0.823402777778
124787
0.797126736111
124807
0.787413194444
124827
0.779950086806
124847
0.781808810764
124867
0.805256076389
124887
0.804244791667
124907
0.807645399306
124927
0.802915581597
124947
0.798887803819
124967
0.7957421875
124987
0.788902994792
125007
0.781450737847
125027
0.791359592014
125047
0.778759765625
125067
0.766553819444
125087
0.764153645833
125107
0.774099392361
125127
0.770185546875
125147
0.759072265625
125167
0.761657986111
125187
0.764358723958
125207
0.756372612847
125227
0.765635850694
125247
0.766032986111
125267
0.759307725694
125287
0.753277994792
125307
0.751064453125
125327
0.74587890625
125347
0.756329210069
125367
0.770487196181
125387
0.759198133681
125407
0.7404296875
125427
0.735760633681
125447
0.746274956597
125467
0.771948784722
125487
0.764887152778
125507
0.767245008681
125527
0.753373480903
125547
0.765230034722
125567
0.756197916667
125587
0.784633246528
125607
0.808640407986
125627
0.784772135417
125647
0.774906684028
125667
0.783840060764
125687
0.772758246528
125707
0.808030598958
125727
0.798087022569
125747
0.780525173611
125767
0.780147569444
125787
0.775922309028
125807
0.785432942708
125827
0.798043619792
125847
0.767380642361
125867
0.762567274306
125887
0.755518663194
125907
0.752681206597
125927
0.748026258681
125947
0.747364366319
125967
0.708516710069
125987
0.684378255208
126007
0.682370876736
126027
0.703363715278
126047
0.716779513889
126067
0.740764973958
126087
0.747621527778
126107
0.750916883681
126127
0.759767795139
126147
0.775157335069
126167
0.792728949653
126187
0.772652994792
126207
0.746884765625
126227
0.756217447917
126247
0.732923177083
126267
0.730857204861
126287
0.727160373264
126307
0.715352647569
126327
0.723334418403
126347
0.704275173611
126367
0.721362847222
126387
0.736771918403
126407
0.740070529514
126427
0.747317708333
126447
0.716762152778
126467
0.712707248264
126487
0.736657986111
126507
0.722881944444
126527
0.729548611111
126547
0.76921875
126567
0.747357855903
126587
0.728168402778
126607
0.7212109375
126627
0.713344184028
126647
0.708079427083
126667
0.685557725694
126687
0.699608289931
126707
0.726123046875
126727
0.722840711806
126747
0.737928602431
126767
0.773034939236
126787
0.765924479167
126807
0.779691840278
126827
0.796974826389
126847
0.824292534722
126867
0.822861328125
126887
0.815495876736
126907
0.786552734375
126927
0.75283203125
126947
0.73173828125
126967
0.718538411458
126987
0.719471571181
127007
0.7086328125
127027
0.702537977431
127047
0.712564019097
127067
0.717559678819
127087
0.724794921875
127107
0.749685329861
127127
0.752548828125
127147
0.754768880208
127167
0.746449652778
127187
0.737784288194
127207
0.743310546875
127227
0.724986979167
127247
0.711018880208
127267
0.725396050347
127287
0.757913411458
127307
0.755998263889
127327
0.749473741319
127347
0.770480685764
127367
0.797059461806
127387
0.808257378472
127407
0.824051649306
127427
0.823246527778
127447
0.807783203125
127467
0.787472873264
127487
0.790129123264
127507
0.794989149306
127527
0.792017144097
127547
0.752850477431
127567
0.759206814236
127587
0.763764105903
127607
0.756060112847
127627
0.748951822917
127647
0.760972222222
127667
0.742730034722
127687
0.745158420139
127707
0.721528862847
127727
0.735096571181
127747
0.731923828125
127767
0.723440755208
127787
0.726804470486
127807
0.744916449653
127827
0.726726345486
127847
0.75197265625
127867
0.746565755208
127887
0.731290147569
127907
0.720602213542
127927
0.7281640625
127947
0.722018229167
127967
0.718323567708
127987
0.709600694444
128007
0.689171006944
128027
0.660401475694
128047
0.660379774306
128067
0.653939887153
128087
0.670869140625
128107
0.66224609375
128127
0.684772135417
128147
0.689435763889
128167
0.693926866319
128187
0.702172309028
128207
0.692815755208
128227
0.700649956597
128247
0.735756293403
128267
0.742748480903
128287
0.761998697917
128307
0.742874348958
128327
0.750135633681
128347
0.7580859375
128367
0.765780164931
128387
0.795933159722
128407
0.808975694444
128427
0.791471354167
128447
0.796017795139
128467
0.815551215278
128487
0.82892578125
128507
0.822595486111
128527
0.829564887153
128547
0.847532552083
128567
0.855825737847
128587
0.865588107639
128607
0.872749565972
128627
0.878401692708
128647
0.859645182292
128667
0.863263888889
128687
0.876172960069
128707
0.898012152778
128727
0.911243489583
128747
0.918024088542
128767
0.938318142361
128787
0.935915798611
128807
0.939049479167
128827
0.971613498264
128847
0.978794487847
128867
0.978291015625
128887
0.978263888889
128907
0.971305338542
128927
0.936196831597
128947
0.904592013889
128967
0.889075520833
128987
0.871946614583
129007
0.8381640625
129027
0.798878038194
129047
0.741243489583
129067
0.711886935764
129087
0.705598958333
129107
0.707486979167
129127
0.709702690972
129147
0.684261067708
129167
0.675638020833
129187
0.717736545139
129207
0.733283420139
129227
0.775186631944
129247
0.804675564236
129267
0.807370876736
129287
0.846485460069
129307
0.890729166667
129327
0.937858072917
129347
0.951261935764
129367
0.932848307292
129387
0.923309461806
129407
0.9284375
129427
0.927290581597
129447
0.9244140625
129467
0.926080729167
129487
0.925181206597
129507
0.922778862847
129527
0.935130208333
129547
0.977607421875
129567
0.920012659144
129587
0.857359302662
129607
0.856450376157
129627
0.856579137731
129647
0.855363859954
129667
0.869331597222
129687
0.998919270833
129707
1.0
129727
1.0
