121905
0.0990995519301
121925
0.111802523744
121945
0.153932100184
121965
0.150149356618
121985
0.118364162071
122005
0.127571614583
122025
0.125593596814
122045
0.148359949449
122065
0.138144818474
122085
0.134920247396
122105
0.119399605545
122125
0.1524447572
122145
0.173755840227
122165
0.172537530637
122185
0.137956686581
122205
0.121419270833
122225
0.11834118413
122245
0.121749578738
122265
0.14854999617
122285
0.430198280484
122305
0.334760837929
122325
0.12390088848
122345
0.168843826593
122365
0.117821786918
122385
0.120285692402
122405
0.121302945006
122425
0.128740617341
122445
0.139369829963
122465
0.379504155178
122485
0.344635129442
122505
0.650775984222
122525
0.660913564645
122545
0.666895488664
122565
0.525450942096
122585
0.255182961857
122605
0.462068684896
122625
0.187702971814
122645
0.545303883272
122665
0.508722522212
122685
0.376357134651
122705
0.45343280867
122725
0.457364430147
122745
0.489621151195
122765
0.487278837316
122785
0.503062289369
122805
0.485419060202
122825
0.47242790671
122845
0.486691942402
122865
0.490698242188
122885
0.495439836091
122905
0.492239679075
122925
0.496561925551
122945
0.484240483303
122965
0.490459367341
122985
0.468336397059
123005
0.436283126532
123025
0.535580384498
123045
0.615037626379
123065
0.662672334559
123085
0.8209994447
123105
1.0
123125
1.0
123145
1.0
123165
0.0816669538909
123185
0.0583342907475
123205
0.0580762676164
123225
0.0581519033395
123245
0.0476045496324
123265
0.0481330422794
123285
0.0483010684743
123305
0.0605937882966
123325
0.06279296875
123345
0.0592222924326
123365
0.0564046223958
123385
0.0585434857537
123405
0.0638561772365
123425
0.072580614277
123445
0.0869035309436
123465
0.0918605430453
123485
0.091818895527
123505
0.0968036726409
123525
0.0894066904105
123545
0.101347081801
123565
0.0978328929228
123585
0.108099724265
123605
0.117354090074
123625
0.118453201593
123645
0.0614899280025
123665
0.0611366421569
123685
0.121061676624
123705
0.101068952972
123725
0.0847847732843
123745
0.0825027765012
123765
0.0726098154105
123785
0.101982804841
123805
0.106694718903
123825
0.101918658088
123845
0.0689376531863
123865
0.0856292126225
123885
0.0848867378983
123905
0.171207682292
123925
0.207343367034
123945
0.061785290288
123965
0.140293255974
123985
0.168682023591
124005
0.111844171262
124025
0.0622893688725
124045
0.064501953125
124065
0.0611735026042
124085
0.0611821193321
124105
0.0626637178309
124125
0.0642041973039
124145
0.0592696844363
124165
0.0594123391544
124185
0.0636709175858
124205
0.0580111634498
124225
0.0611040900735
124245
0.0629159964767
124265
0.0585750804228
124285
0.0604386871936
124305
0.0668227251838
124325
0.0727797564338
124345
0.104106349571
124365
0.0851940678615
124385
0.129902918199
124405
0.0767807904412
124425
0.069890759038
124445
0.0698692172181
124465
0.0630012063419
124485
0.0612745098039
124505
0.103744925705
124525
0.102536190257
124545
0.0866052964154
124565
0.0750402113971
124585
0.0611892999387
124605
0.0879298789828
124625
0.0782911113664
124645
0.0793198529412
124665
0.0727725758272
124685
0.0684670840993
124705
0.129492666207
124725
0.0787746055453
124745
0.0925264246324
124765
0.0832892922794
124785
0.0912549785539
124805
0.0953297334559
124825
0.105676030178
124845
0.110118910846
124865
0.0707687078738
124885
0.125252757353
124905
0.121253159467
124925
0.133874751072
124945
0.122283337163
124965
0.130944106158
124985
0.128606100643
125005
0.147398226869
125025
0.132587028952
125045
0.118894569547
125065
0.105608053768
125085
0.100856407016
125105
0.0874253216912
125125
0.0834664139093
125145
0.0804127412684
125165
0.0856162875306
125185
0.0802169500613
125205
0.103620461857
125225
0.103810508578
125245
0.100382486979
125265
0.100478707108
125285
0.125797526042
125305
0.129833026961
125325
0.0981569776348
125345
0.110084443934
125365
0.160611979167
125385
0.126041666667
125405
0.124511240043
125425
0.131212182138
125445
0.122895124847
125465
0.107105928309
125485
0.120302447151
125505
0.128973268995
125525
0.134481751685
125545
0.138679534314
125565
0.539166379442
125585
0.531160003064
125605
0.514223824295
125625
0.541181736366
125645
0.552813361673
125665
0.370035807292
125685
0.30739698223
125705
0.206681315104
125725
0.135824046415
125745
0.109382659314
125765
0.35668370864
125785
0.288160615809
125805
0.325126378676
125825
0.325812365962
125845
0.334588024663
125865
0.323320695466
125885
0.34500134038
125905
0.34624932981
125925
0.158821614583
125945
0.159987266391
125965
0.166745653339
125985
0.125769761029
126005
0.158936982996
126025
0.17503303079
126045
0.178039311428
126065
0.266786343444
126085
0.121834788603
126105
0.408736404718
126125
0.194296683517
126145
0.19840111826
126165
0.209098785999
126185
0.191053442862
126205
0.196459003523
126225
0.195104741115
126245
0.152189606311
126265
0.13603515625
126285
0.133024567249
126305
0.182492723652
126325
0.18895000383
126345
0.159970032935
126365
0.185991115196
126385
0.174827665441
126405
0.119773954504
126425
0.106931678922
126445
0.166527362898
126465
0.147701248468
126485
0.155376838235
126505
0.154001991422
126525
0.275787473192
126545
0.273779775582
126565
0.236620136336
126585
0.187792490043
126605
0.183505189185
126625
0.133464499081
126645
0.10089374617
126665
0.0942732268689
126685
0.104339001225
126705
0.086843213848
126725
0.0874195772059
126745
0.103587431066
126765
0.126174747243
126785
0.0964537377451
126805
0.115551757813
126825
0.119502048866
126845
0.116772939645
126865
0.118575750613
126885
0.118600164675
126905
0.12000134038
126925
0.118431181066
126945
0.116948625153
126965
0.114832261029
126985
0.110883884804
127005
0.114161113664
127025
0.114307598039
127045
0.125209195006
127065
0.726009114583
127085
0.889960554534
127105
0.889359777114
127125
0.893816061581
127145
0.890758559283
127165
0.889857632506
127185
0.889830346201
127205
0.890251129749
127225
0.887148628983
127245
0.890017999387
127265
0.88334051394
127285
0.873218252145
127305
0.875421262255
127325
0.87664531633
127345
0.874324544271
127365
0.875016754749
127385
0.877473958333
127405
0.873272824755
127425
0.869069297641
127445
0.872858743107
127465
0.874902822457
127485
0.878746840533
127505
0.877589805453
127525
0.88163727405
127545
0.881468290441
127565
0.880696614583
127585
0.884238089767
127605
0.889531154259
127625
0.887758980545
127645
0.885424804687
127665
0.891257850797
127685
0.888185987286
127705
0.884023628983
127725
0.88461339614
127745
0.888860964308
127765
0.885096890319
127785
0.879836377911
127805
0.877529488358
127825
0.878796626072
127845
0.884779986213
127865
0.880933574602
127885
0.895005170037
127905
0.903580729167
127925
0.892560891544
127945
0.878311695772
127965
0.867703067555
127985
0.856632486979
128005
0.844818952972
128025
0.833129882812
128045
0.813877240349
128065
0.805668849571
128085
0.796946806066
128105
0.796623678768
128125
0.79834654565
128145
0.797344132966
128165
0.812891103707
128185
0.819913736979
128205
0.833447744332
128225
0.848374789369
128245
0.866257372089
128265
0.876978496477
128285
0.885910213695
128305
0.886533490349
128325
0.873094267004
128345
0.861862840839
128365
0.859940831801
128385
0.856531001072
128405
0.861688591452
128425
0.857453469669
128445
0.850031594669
128465
0.848338886336
128485
0.851812863817
128505
0.849281939338
128525
0.848508348652
128545
0.855590341605
128565
0.862848020067
128585
0.862018899357
128605
0.864247280944
128625
0.864470837163
128645
0.864557004442
128665
0.870859662224
128685
0.87009564568
128705
0.87498516008
128725
0.873735255821
128745
0.879757391238
128765
0.890054859835
128785
0.893982651654
128805
0.894064031863
128825
0.89332634421
128845
0.896482938879
128865
0.890717390472
128885
0.886670400582
128905
0.884425742953
128925
0.87740502451
128945
0.876509363511
128965
0.879916321998
128985
0.871433632047
129005
0.865702550551
129025
0.863442095588
129045
0.859931257659
129065
0.863777190564
129085
0.862906901042
129105
0.86419318704
129125
0.868882601869
129145
0.871382410386
129165
0.871909466912
129185
0.871887446385
129205
0.870516907935
129225
0.870676317402
129245
0.872487745098
129265
0.88664263557
129285
0.895571959252
129305
0.900783643536
129325
0.914825080423
129345
0.927747778799
129365
0.9372103822
129385
0.950796568627
129405
0.953083352482
129425
0.958114085478
129445
0.94876685049
129465
0.945204790901
129485
0.944823261336
129505
0.944716988358
129525
0.939026596967
129545
0.928000536152
129565
0.928454829197
129585
0.921704101563
129605
0.919811293658
129625
0.90642712163
129645
0.897726141238
129665
0.910623946844
129685
0.92169787837
129705
0.912635474112
129725
0.895074582567
129745
0.896792662377
129765
0.908428117341
129785
0.904157571232
129805
0.891411994485
129825
0.889602481618
129845
0.908721086091
129865
0.916168811275
129885
0.903681736366
129905
0.903209731158
129925
0.919500134038
129945
0.924602194393
129965
0.915311925551
129985
0.907340973499
130005
0.91134631587
130025
0.922447054994
130045
0.916197054994
130065
0.901572552849
130085
0.902192478554
130105
0.902004825368
130125
0.904967543658
130145
0.893868719363
130165
0.890565640319
130185
0.902761661305
130205
0.910903990502
130225
0.902674536612
130245
0.89091796875
130265
0.900722369026
130285
0.911368336397
130305
0.907745481005
130325
0.911493757659
130345
0.902539541207
130365
0.903918217678
130385
0.919993681066
130405
0.924291034773
130425
0.925041647518
130445
0.917918485754
130465
0.933877144608
130485
0.940819833793
130505
0.942887369792
130525
0.950017233456
130545
0.941797832414
130565
0.941043390012
130585
0.942226275276
130605
0.9425714231
130625
0.934391754749
130645
0.928382544424
130665
0.932927868413
130685
0.924840111826
130705
0.924093328738
130725
0.923181391697
130745
0.922956399357
130765
0.934343884038
130785
0.944371361826
130805
0.947155522365
130825
0.930906767004
130845
0.924340341605
130865
0.917572859222
130885
0.927092907475
130905
0.936333390778
130925
0.927036420037
130945
0.91197868796
130965
0.908462105545
130985
0.886790556066
131005
0.858139935662
131025
0.848766371783
131045
0.835555970435
131065
0.843513997396
131085
0.857697610294
131105
0.855857938879
131125
0.857806755515
131145
0.870632755055
131165
0.886966241575
131185
0.901751589308
131205
0.927940219056
131225
0.945908011642
131245
0.962078737745
131265
0.980064721201
131285
0.973703661152
131305
0.973504518995
131325
0.973198146446
131345
0.973480104933
131365
0.973446595435
131385
0.973344152114
131405
0.973731904871
131425
0.981722962623
131445
1.0
131465
1.0
131485
1.0
