156295
0.350728113511
156315
0.348329790901
156335
0.337931315104
156355
0.333794806985
156375
0.297069833793
156395
0.345344573376
156415
0.361299402574
156435
0.385712986366
156455
0.293730851716
156475
0.315833237592
156495
0.253267654718
156515
0.291075942096
156535
0.271549479167
156555
0.281008252911
156575
0.273842486213
156595
0.260718252145
156615
0.252867455576
156635
0.289957203585
156655
0.273963120404
156675
0.356924977022
156695
0.355265778186
156715
0.354631491268
156735
0.361327646293
156755
0.132507084865
156775
0.130440027574
156795
0.130211684283
156815
0.132435278799
156835
0.357804840686
156855
0.352607517616
156875
0.35330212163
156895
0.349858302696
156915
0.350345626532
156935
0.350076593137
156955
0.148317344516
156975
0.147234030331
156995
0.149383425245
157015
0.147680185355
157035
0.148695523131
157055
0.0817397173713
157075
0.0828752106311
157095
0.0846062155331
157115
0.0854420381434
157135
0.0885756548713
157155
0.0878499348958
157175
0.0924498314951
157195
0.109029373468
157215
0.116219554228
157235
0.102585497089
157255
0.0907422832414
157275
0.0894406786152
157295
0.0842634612439
157315
0.0889284620098
157335
0.089630725337
157355
0.0845004212623
157375
0.076558191636
157395
0.0719712201287
157415
0.068084118413
157435
0.0739904067096
157455
0.0812399471507
157475
0.0953125
157495
0.102355238971
157515
0.111640720741
157535
0.112088790594
157555
0.113835592831
157575
0.129517558977
157595
0.141362687653
157615
0.153489296109
157635
0.156239947151
157655
0.163353056066
157675
0.155381625306
157695
0.152264763327
157715
0.158379767923
157735
0.163571825214
157755
0.161962890625
157775
0.163220932904
157795
0.161949486826
157815
0.156661209406
157835
0.154665479473
157855
0.154291130515
157875
0.147987515319
157895
0.141774854473
157915
0.161515299479
157935
0.186997836244
157955
0.187333888634
157975
0.183943684896
157995
0.179291130515
158015
0.18180290671
158035
0.178259995404
158055
0.17621160769
158075
0.0658839805453
158095
0.0623999502145
158115
0.0628877527574
158135
0.0652113970588
158155
0.0679917279412
158175
0.0700434666054
158195
0.0695772058824
158215
0.0718276079963
158235
0.0675896139706
158255
0.073943493413
158275
0.0753810508578
158295
0.193675800398
158315
0.23000201057
158335
0.219683957567
158355
0.227195350797
158375
0.305529067096
158395
0.303559187347
158415
0.253241325827
158435
0.240681966146
158455
0.239456954657
158475
0.246796013327
158495
0.259496112898
158515
0.10615904565
158535
0.103372970282
158555
0.0963450712316
158575
0.095392444087
158595
0.094455614277
158615
0.0960813036152
158635
0.0973422181373
158655
0.0461320465686
158675
0.0435274011949
158695
0.0448390586703
158715
0.0442555147059
158735
0.0418859145221
158755
0.040789196538
158775
0.0406767003676
158795
0.0409423828125
158815
0.0404823452819
158835
0.0414617800245
158855
0.0488123276654
158875
0.06201171875
158895
0.0849867876838
158915
0.0978582643995
158935
0.117221488205
158955
0.147501148897
158975
0.187715418199
158995
0.109163890165
159015
0.232356770833
159035
0.254968501072
159055
0.141420132506
159075
0.082142310049
159095
0.126047889859
159115
0.206214096967
159135
0.200440889246
159155
0.391715494792
159175
0.484127508425
159195
0.154272939645
159215
0.119622683058
159235
0.068541283701
159255
0.0614631204044
159275
0.138608685662
159295
0.164976830576
159315
0.11111127068
159335
0.116463216146
159355
0.107844573376
159375
0.127308804381
159395
0.342562806373
159415
0.40361998315
159435
0.10715044807
159455
0.104121189491
159475
0.1703125
159495
0.246067899816
159515
0.239154411765
159535
0.22947399663
159555
0.223681161918
159575
0.216693952972
159595
0.205189185049
159615
0.195537013634
159635
0.184851792279
159655
0.179236079197
159675
0.169644703585
159695
0.164921779259
159715
0.160238587623
159735
0.14435412837
159755
0.140121400123
159775
0.133046587776
159795
0.130105890012
159815
0.125614659926
159835
0.121218692555
159855
0.111389878217
159875
0.10650658701
159895
0.101427983303
159915
0.101846852022
159935
0.0972670611213
159955
0.0957572189032
159975
0.0933823529412
159995
0.0943704044118
160015
0.105534332874
160035
0.115183632047
160055
0.112836531097
160075
0.119376627604
160095
0.117653282016
160115
0.109999234069
160135
0.118119064032
160155
0.114817899816
160175
0.108537262561
160195
0.115072571998
160215
0.114921779259
160235
0.116893573836
160255
0.109983915441
160275
0.109430530025
160295
0.117516371783
160315
0.13019397212
160335
0.150841088388
160355
0.168497242647
160375
0.205204982384
160395
0.253643918505
160415
0.377356196385
160435
0.559065276501
160455
0.740647977941
160475
0.855429974724
160495
0.897625612745
160515
0.90110724954
160535
0.899598843444
160555
0.896446557138
160575
0.897247912837
160595
0.89329810049
160615
0.891847617953
160635
0.899289598652
160655
0.899939204197
160675
0.893107575061
160695
0.894501570159
160715
0.894090839461
160735
0.884198357077
160755
0.889697744332
160775
0.886097866881
160795
0.884766103707
160815
0.889990234375
160835
0.883367800245
160855
0.880464441636
160875
0.887616325827
160895
0.887810202206
160915
0.892542221967
160935
0.895560948989
160955
0.886497587316
160975
0.888858570772
160995
0.88644732307
161015
0.883677045037
161035
0.882114545037
161055
0.879469209559
161075
0.875676413143
161095
0.878511316636
161115
0.878453393076
161135
0.885425762102
161155
0.892639878217
161175
0.897888901654
161195
0.884956629136
161215
0.881881893382
161235
0.889988798254
161255
0.889329618566
161275
0.89254509421
161295
0.891946231618
161315
0.884734030331
161335
0.890716911765
161355
0.880583639706
161375
0.885048540901
161395
0.888933249081
161415
0.893095128676
161435
0.884289311428
161455
0.884529622396
161475
0.885053327972
161495
0.880932617188
161515
0.882709099265
161535
0.879123583027
161555
0.876990464154
161575
0.881924977022
161595
0.875304936428
161615
0.877715705423
161635
0.881389303768
161655
0.88429888557
161675
0.885835535386
161695
0.885657456342
161715
0.883175838695
161735
0.887218520221
161755
0.88713091682
161775
0.885146197151
161795
0.892421587776
161815
0.904688936121
161835
0.911129940257
161855
0.910151941636
161875
0.912413832721
161895
0.91516974954
161915
0.912097886029
161935
0.917738970588
161955
0.917414407169
161975
0.915059168199
161995
0.915949563419
162015
0.907531020221
162035
0.910966222426
162055
0.908889590993
162075
0.906824448529
162095
0.903585994945
162115
0.90576171875
162135
0.901318359375
162155
0.901181927849
162175
0.89850212546
162195
0.891034294577
162215
0.892186063879
162235
0.874933938419
162255
0.872616038603
162275
0.876398782169
162295
0.881366325827
162315
0.88388671875
162335
0.887574678309
162355
0.891693474265
162375
0.898223517923
162395
0.898660098805
162415
0.894182272518
162435
0.902717141544
162455
0.904015395221
162475
0.900867417279
162495
0.892777745864
162515
0.89582232307
162535
0.895016659007
162555
0.890130974265
162575
0.897278550092
162595
0.894669117647
162615
0.89609375
162635
0.898397288603
162655
0.90056439568
162675
0.902359547335
162695
0.905537683824
162715
0.907268210018
162735
0.911747472426
162755
0.906257180607
162775
0.902819106158
162795
0.897305836397
162815
0.900426528033
162835
0.893040556066
162855
0.889922736673
162875
0.895148782169
162895
0.887647920496
162915
0.881940774357
162935
0.881232766544
162955
0.88588292739
162975
0.887626378676
162995
0.884209846048
163015
0.880493164062
163035
0.887128044577
163055
0.887932272518
163075
0.885791015625
163095
0.885401826746
163115
0.894032915901
163135
0.885054285386
163155
0.88974609375
163175
0.881133674173
163195
0.885447782629
163215
0.886435834099
163235
0.889674287684
163255
0.894452263327
163275
0.88901941636
163295
0.893701171875
163315
0.884879078585
163335
0.89213292739
163355
0.887866210937
163375
0.894940544577
163395
0.898647173713
163415
0.905737304688
163435
0.910363051471
163455
0.909033203125
163475
0.897792681526
163495
0.895932904412
163515
0.903822954963
163535
0.899451401654
163555
0.906950827206
163575
0.908026482077
163595
0.912724034926
163615
0.907697610294
163635
0.898222081801
163655
0.901187672335
163675
0.906117876838
163695
0.907772288603
163715
0.915887810202
163735
0.918525965074
163755
0.920769186581
163775
0.915461282169
163795
0.902833467371
163815
0.902751608456
163835
0.894709329044
163855
0.901943072151
163875
0.91559196921
163895
0.926064165901
163915
0.922910443474
163935
0.931999655331
163955
0.933654067096
163975
0.941223862592
163995
0.942325367647
164015
0.93919318704
164035
0.94074419807
164055
0.942823701746
164075
0.930238970588
164095
0.920145909926
164115
0.916492417279
164135
0.912080652574
164155
0.90600011489
164175
0.906703814338
164195
0.902639590993
164215
0.902554859835
164235
0.90315803079
164255
0.896543255974
164275
0.892869657629
164295
0.895405847886
164315
0.894121955423
164335
0.894338809743
164355
0.896026252298
164375
0.90227912454
164395
0.900491153493
164415
0.90473058364
164435
0.906043198529
164455
0.904944565717
164475
0.910584214154
164495
0.906351964614
164515
0.908697150735
164535
0.913208007812
164555
0.908348173254
164575
0.902057961857
164595
0.902082375919
164615
0.906123621324
164635
0.900087603401
164655
0.904072840074
164675
0.898272346048
164695
0.898173253676
164715
0.898927217371
164735
0.897907571232
164755
0.898740521599
164775
0.903690831801
164795
0.897389131434
164815
0.898092830882
164835
0.899472943474
164855
0.907456341912
164875
0.922175149357
164895
0.921869255515
164915
0.932598517923
164935
0.942207605699
164955
0.949567727482
164975
0.947693589154
164995
0.938792509191
165015
0.938811178768
165035
0.943484317555
165055
0.944262695312
165075
0.935049977022
165095
0.929786592371
165115
0.917467543658
165135
0.905536247702
165155
0.898874080882
165175
0.888269761029
165195
0.90474207261
165215
0.901157513787
165235
0.889028033088
165255
0.880139878217
165275
0.890036190257
165295
0.881469726562
165315
0.898009535846
165335
0.918477136949
165355
0.922522690717
165375
0.94047277114
165395
0.94656048943
165415
0.958988683364
165435
0.97587890625
165455
0.989871036305
165475
0.990258789062
165495
1.0
165515
1.0
165535
1.0
165555
0.0553581686581
165575
0.0521278530944
165595
0.0531403186275
165615
0.0535673253676
165635
0.0496074601716
165655
0.0469190410539
165675
0.0510713465074
165695
0.0490253523284
165715
0.0682004442402
165735
0.0864051968444
165755
0.0861265893076
165775
0.0898389629289
165795
0.0871333103554
165815
0.966053921569
165835
1.0
165855
1.0
165875
1.0
