154065
0.463756912294
154085
0.573668177726
154105
0.73473749357
154125
0.876894772377
154145
0.516841242284
154165
0.53103443287
154185
0.517625868056
154205
0.62597029321
154225
0.475166538066
154245
0.42581098894
154265
0.40294061857
154285
0.394689911265
154305
0.39130626286
154325
0.391828221451
154345
0.392071437757
154365
0.389561631944
154385
0.383098797582
154405
0.385130851337
154425
0.402150527263
154445
0.436047132202
154465
0.40553433642
154485
0.402532310957
154505
0.404980870628
154525
0.403155703447
154545
0.397000385802
154565
0.0691912615741
154585
0.0715708590535
154605
0.0735932677469
154625
0.0790051118827
154645
0.0759366962449
154665
0.0512789351852
154685
0.0773670588992
154705
0.0759244791667
154725
0.106082979681
154745
0.147052951389
154765
0.141777424126
154785
0.500671296296
154805
0.519716435185
154825
0.854108957047
154845
0.869391878858
154865
0.840955986368
154885
0.938261316872
154905
0.257524916409
154925
0.0561276684671
154945
0.0829513888889
154965
0.0690081661523
154985
0.062851723251
155005
0.0843708204733
155025
0.0754275977366
155045
0.130958879887
155065
0.0920932998971
155085
0.0891727752058
155105
0.0945560056584
155125
0.070775623714
155145
0.0907468492798
155165
0.138903677984
155185
0.139487364969
155205
0.089899530607
155225
0.0621487590021
155245
0.0890991512346
155265
0.0735863554527
155285
0.0711078960905
155305
0.0930481610082
155325
0.0956227494856
155345
0.0985469714506
155365
0.153132233796
155385
0.0954438335905
155405
0.108332047325
155425
0.0877662037037
155445
0.0646903935185
155465
0.0696719071502
155485
0.111909079218
155505
0.118284143519
155525
0.146644322274
155545
0.111775655864
155565
0.165437725051
155585
0.0885878022119
155605
0.100505079733
155625
0.114398630401
155645
0.137615258488
155665
0.158424157665
155685
0.141037326389
155705
0.137597736626
155725
0.0931256430041
155745
0.0944540895062
155765
0.0885853909465
155785
0.0956854423868
155805
0.0980145640432
155825
0.0798955118313
155845
0.0780815972222
155865
0.0789834104938
155885
0.0691896540638
155905
0.0712480709877
155925
0.073543434928
155945
0.0877432163066
155965
0.0871566358025
155985
0.0804009130658
156005
0.118579443158
156025
0.0959847608025
156045
0.11254838606
156065
0.13360468107
156085
0.0961323302469
156105
0.0927445023148
156125
0.083275945216
156145
0.116345968364
156165
0.124660011574
156185
0.107082208076
156205
0.204011220422
156225
0.144923161008
156245
0.122823913323
156265
0.0992234117798
156285
0.107078350051
156305
0.0889494920267
156325
0.102693061986
156345
0.148362911523
156365
0.0959516460905
156385
0.112647408693
156405
0.103849022634
156425
0.0874734760802
156445
0.115559574331
156465
0.10420476466
156485
0.13195151749
156505
0.131503825874
156525
0.11869068287
156545
0.137427340535
156565
0.162514146091
156585
0.156774048354
156605
0.248725405093
156625
0.110406539352
156645
0.0934289801955
156665
0.219969778807
156685
0.235891685957
156705
0.122320119599
156725
0.119838123714
156745
0.164179526749
156765
0.303199266975
156785
0.299269065072
156805
0.269578350051
156825
0.161245820473
156845
0.101061599794
156865
0.146743184156
156885
0.119612268519
156905
0.178862043467
156925
0.166619566615
156945
0.139583333333
156965
0.171293563529
156985
0.243520608282
157005
0.211563303755
157025
0.157215309928
157045
0.12868907536
157065
0.136078317901
157085
0.256109021348
157105
0.142817644033
157125
0.231850083591
157145
0.220137602881
157165
0.219022472994
157185
0.0919177597737
157205
0.0917070151749
157225
0.0763744212963
157245
0.135197884516
157265
0.416134902263
157285
0.428827642747
157305
0.11873601466
157325
0.121317515432
157345
0.130178755144
157365
0.0948828125
157385
0.0760972865226
157405
0.0728917502572
157425
0.0713917824074
157445
0.0844635738169
157465
0.147752379115
157485
0.0788646154835
157505
0.0797399048354
157525
0.117047164352
157545
0.144129854681
157565
0.122312242798
157585
0.145356385031
157605
0.111106449331
157625
0.0710842656893
157645
0.119822852366
157665
0.115462802212
157685
0.112770061728
157705
0.101229584619
157725
0.0944968492798
157745
0.102832111626
157765
0.107519933128
157785
0.138179816101
157805
0.12419528035
157825
0.100713091564
157845
0.0826623585391
157865
0.115241930298
157885
0.107697884516
157905
0.0688313400206
157925
0.097561406893
157945
0.095558288323
157965
0.0987528935185
157985
0.117741448045
158005
0.10814059285
158025
0.0842449524177
158045
0.0698990483539
158065
0.080909690072
158085
0.114337866512
158105
0.323466917438
158125
0.280219585905
158145
0.108075649434
158165
0.107908950617
158185
0.167797067901
158205
0.235794913837
158225
0.30398598251
158245
0.343721225566
158265
0.260753440072
158285
0.190349794239
158305
0.302331532922
158325
0.309453125
158345
0.116974665638
158365
0.150017521862
158385
0.107029803241
158405
0.103667856224
158425
0.101441454475
158445
0.114452642747
158465
0.122042663323
158485
0.123718492798
158505
0.0803496334877
158525
0.110416827418
158545
0.16486561214
158565
0.0826652520576
158585
0.118138663837
158605
0.0600078768004
158625
0.901450938786
158645
0.424520158179
158665
0.110406860854
158685
0.0950800540123
158705
0.160846997171
158725
0.0837615740741
158745
0.0856844778807
158765
0.0863464506173
158785
0.0864162165638
158805
0.0796183770576
158825
0.0824017811214
158845
0.0806778870885
158865
0.0812990290638
158885
0.0818700167181
158905
0.0852473958333
158925
0.157762345679
158945
0.0913035300926
158965
0.19900945216
158985
0.182524112654
159005
0.159041120113
159025
0.10634693287
159045
0.123753215021
159065
0.143852076903
159085
0.108343460648
159105
0.120690907922
159125
0.140501221708
159145
0.130508294753
159165
0.103269836677
159185
0.118173546811
159205
0.186191968879
159225
0.196534047068
159245
0.195820634002
159265
0.194482381687
159285
0.0703473829733
159305
0.0690329218107
159325
0.0628470614712
159345
0.194215213477
159365
0.136835776749
159385
0.156269772377
159405
0.0857706404321
159425
0.087717656893
159445
0.0888527199074
159465
0.0882966820988
159485
0.0918066808128
159505
0.0906449331276
159525
0.0988152649177
159545
0.100510223765
159565
0.0928935185185
159585
0.167059702932
159605
0.167951388889
159625
0.18607349537
159645
0.194406024949
159665
0.1946172518
159685
0.183902552726
159705
0.195638503086
159725
0.105146122685
159745
0.108445859053
159765
0.112355484825
159785
0.19152182999
159805
0.181932709619
159825
0.0922778420782
159845
0.139913355195
159865
0.139385127315
159885
0.12536249357
159905
0.0875025720165
159925
0.108337191358
159945
0.128797582305
159965
0.128478652263
159985
0.0934645061728
160005
0.0827837255658
160025
0.132636638374
160045
0.318910429527
160065
0.418823623971
160085
0.157197948817
160105
0.099285461677
160125
0.154334812243
160145
0.20375626929
160165
0.130773533951
160185
0.0681256430041
160205
0.0783698238169
160225
0.0830330504115
160245
0.10177179784
160265
0.147816679527
160285
0.185397537294
160305
0.190156732253
160325
0.187587609311
160345
0.128153452932
160365
0.115096611368
160385
0.109225180041
160405
0.316815200617
160425
0.496779353138
160445
0.605867894805
160465
0.580934927984
160485
0.577582143776
160505
0.566971772119
160525
0.531269129372
160545
0.371523115998
160565
0.327994791667
160585
0.316433256173
160605
0.236908596965
160625
0.677068061986
160645
0.625955504115
160665
0.53226401749
160685
0.541652842078
160705
0.337698045267
160725
0.379222286523
160745
0.47464682999
160765
0.396969200103
160785
0.405151748971
160805
0.124213445216
160825
0.123740515689
160845
0.117803819444
160865
0.216221064815
160885
0.204148823302
160905
0.198703703704
160925
0.0878801761831
160945
0.0820851015947
160965
0.0809981031379
160985
0.080697498714
161005
0.0810207690329
161025
0.0772804140947
161045
0.071752186214
161065
0.0729084683642
161085
0.0927977109053
161105
0.0906365740741
161125
0.0905254951132
161145
0.0885222157922
161165
0.574123263889
161185
0.577696598508
161205
0.587628279321
161225
0.406983828447
161245
0.319559863683
161265
0.0743102173354
161285
0.102293434928
161305
0.227639531893
161325
0.179697948817
161345
0.270752957819
161365
0.349717078189
161385
0.330698623971
161405
0.333832143776
161425
0.404760802469
161445
0.637760738169
161465
0.492115162037
161485
0.456954411008
161505
0.643963959619
161525
0.77632973251
161545
0.641803305041
161565
0.556255144033
161585
0.535927372685
161605
0.438884709362
161625
0.478239936986
161645
0.481340020576
161665
0.489753729424
161685
0.481661361883
161705
0.475042599023
161725
0.471565232767
161745
0.476899594907
161765
0.479437371399
161785
0.497279288837
161805
0.505434510031
161825
0.586829507459
161845
0.596302887088
161865
0.605870145319
161885
0.589010255916
161905
0.586047775206
161925
0.608519965278
161945
0.596713123714
161965
0.584046264146
161985
0.655046617798
162005
0.59141557356
162025
0.738462255658
162045
0.822131880144
162065
0.648067290381
162085
0.60794849537
162105
0.999994855967
162125
0.220246592078
162145
0.0765052726337
162165
0.0747405478395
162185
0.0762839184671
162205
0.0731106931584
162225
0.141456082819
162245
0.332241351595
162265
0.34852494856
162285
0.31102494856
162305
0.318758680556
162325
0.304996784979
162345
0.377225437243
162365
0.385198849023
162385
0.398405189043
162405
0.382344553755
162425
0.395734792953
162445
0.407066936728
162465
0.407324459877
162485
0.394316486626
162505
0.384543145576
162525
0.380752797068
162545
0.377109053498
162565
0.375571469907
162585
0.359433513374
162605
0.352922453704
162625
0.352770061728
162645
0.333134645062
162665
0.222429108796
162685
0.227656732253
162705
0.224262313529
162725
0.222164191101
162745
0.227058416924
162765
0.223891782407
162785
1.0
162805
1.0
162825
1.0
162845
1.0
162865
1.0
162885
0.989008005401
162905
0.974461966307
162925
0.962607542438
162945
0.949720453961
162965
0.935286619084
162985
0.9197265625
163005
0.910289673354
163025
0.898371270576
163045
0.887573945473
163065
0.876480356224
163085
0.868277231224
163105
0.870048225309
163125
0.870826099537
163145
0.876926279578
163165
0.884806455761
163185
0.896216403035
163205
0.896040219907
163225
0.909247042181
163245
0.914957400977
163265
0.923482188786
163285
0.931618280607
163305
0.940571309156
163325
0.948219360854
163345
0.953441679527
163365
0.962772472994
163385
0.968877314815
163405
0.975392875514
163425
0.982533275463
163445
0.989833622685
163465
0.991703639403
163485
1.0
163505
0.0661295974794
163525
0.0661122363683
163545
0.0660204475309
163565
0.066043434928
163585
0.0661286329733
163605
0.442904771091
163625
1.0
163645
1.0
