143983
0.347567339086
144003
0.264234005752
144023
0.257261543843
144043
0.270653568097
144063
0.267376496424
144083
0.320056456001
144103
0.331554143346
144123
0.327746035448
144143
0.319578863495
144163
0.25301762671
144183
0.260390430659
144203
0.271448421953
144223
0.261647329757
144243
0.272227728545
144263
0.274789140236
144283
0.197569768346
144303
0.219439909826
144323
0.214033348881
144343
0.233644278607
144363
0.233135105721
144383
0.196165656095
144403
0.353115768812
144423
0.342298760106
144443
0.258988261816
144463
0.265603622512
144483
0.273007035137
144503
0.320538907027
144523
0.318734452736
144543
0.282558399409
144563
0.286107062345
144583
0.299913518346
144603
0.340061411692
144623
0.258359083489
144643
0.284752506996
144663
0.346053910137
144683
0.337646241449
144703
0.337767704447
144723
0.308309040734
144743
0.310886485541
144763
0.317312849813
144783
0.311269822761
144803
0.295345052083
144823
0.31358393579
144843
0.304339629975
144863
0.306226679104
144883
0.308982917444
144903
0.3367308963
144923
0.47928229944
144943
0.46678715796
144963
0.315667269123
144983
0.314232548197
145003
0.336574451959
145023
0.331635280628
145043
0.373183399409
145063
0.359040733831
145083
0.353780414335
145103
0.383089921486
145123
0.395925159359
145143
0.379643287469
145163
0.407700754042
145183
0.377542463464
145203
0.374945098725
145223
0.389080962376
145243
0.392805017879
145263
0.308702580846
145283
0.276415772699
145303
0.27695798352
145323
0.543118878265
145343
0.541072469683
145363
0.222777712998
145383
0.234215154695
145403
0.28698742615
145423
0.303515625
145443
0.249067650031
145463
0.325883278918
145483
0.317810848103
145503
0.294376263215
145523
0.2763671875
145543
0.271735560479
145563
0.24520269745
145583
0.251334149565
145603
0.255475066076
145623
0.277052724658
145643
0.351659670398
145663
0.139024117693
145683
0.32687733209
145703
0.144542910448
145723
0.252349094372
145743
0.148997687345
145763
0.483909553794
145783
0.236080340485
145803
0.2277586676
145823
0.211970421331
145843
0.299677880131
145863
0.297036788713
145883
0.212617576182
145903
0.294476834577
145923
0.295457283893
145943
0.289921000466
145963
0.298392315765
145983
0.239194165889
146003
0.287294484608
146023
0.193161147388
146043
0.242683554882
146063
0.24500738495
146083
0.141346490205
146103
0.1832274176
146123
0.202060012438
146143
0.113039295709
146163
0.0833547108209
146183
1.0
146203
1.0
146223
0.996563083022
146243
0.996564540578
146263
0.996564540578
146283
0.996068971549
146303
0.996068971549
146323
0.996054395989
146343
0.996050023321
146363
0.996050023321
146383
0.994787779851
146403
0.994787779851
146423
0.994787779851
146443
0.994787779851
146463
0.993933652052
146483
0.993933652052
146503
0.993933652052
146523
0.998759619869
146543
0.998759619869
146563
0.998729011194
146583
0.998729011194
146603
0.998794601213
146623
0.998797516325
146643
0.998797516325
146663
0.998315065299
146683
0.998315065299
146703
0.998417094216
146723
0.998417094216
146743
0.998417094216
146763
0.996007754198
146783
0.996007754198
146803
0.996007754198
146823
0.997552763526
146843
0.997552763526
146863
0.996739447295
146883
0.996739447295
146903
0.996739447295
146923
0.996376515858
146943
0.996376515858
146963
0.998049790112
146983
0.998049790112
147003
0.998049790112
147023
0.997530900187
147043
0.997530900187
147063
0.997886543843
147083
0.997886543843
147103
0.992133570429
147123
0.992142315765
147143
0.992142315765
147163
0.997740788246
147183
0.997742245802
147203
0.997742245802
147223
0.99744636194
147243
0.997444904384
147263
0.998288829291
147283
0.998288829291
147303
0.998288829291
147323
0.996517898787
147343
0.996517898787
147363
0.997955048974
147383
0.997955048974
147403
0.997955048974
147423
0.998692572295
147443
0.998692572295
147463
1.0
147483
0.996775886194
147503
0.99591301306
147523
0.995869286381
147543
0.995892607276
147563
0.99608646222
147583
0.9958984375
147603
0.99148204291
147623
0.99032231421
147643
0.987400886194
147663
0.987312461132
147683
0.987296913868
147703
0.987841068097
147723
0.991773554104
147743
0.991517024254
147763
0.98894298041
147783
0.989024117693
147803
0.988696653451
147823
0.990633745336
147843
0.992843400187
147863
0.995140508396
147883
0.995671058769
147903
0.992642257463
147923
0.990272271455
147943
0.990550178794
147963
0.990202308769
147983
0.99142325482
148003
0.993647971082
148023
0.993414762127
148043
0.990560867537
148063
0.990985016325
148083
0.990785331157
148103
0.990356809701
148123
0.99277100824
148143
0.995644336909
148163
0.996391091418
148183
0.992755946828
148203
0.989929745802
148223
0.985347189832
148243
0.981193155317
148263
0.977540520056
148283
0.976004256063
148303
0.971634503265
148323
0.967142315765
148343
0.966251749067
148363
0.957786263993
148383
0.950718575093
148403
0.945158484919
148423
0.940000680193
148443
0.937638467817
148463
0.934669912158
148483
0.930408504353
148503
0.93156240283
148523
0.9297117926
148543
0.926651896766
148563
0.923600746269
148583
0.923010436101
148603
0.922854477612
148623
0.930464863184
148643
0.929960062966
148663
0.929765236318
148683
0.934116526741
148703
0.936280511505
148723
0.944013817631
148743
0.947750019434
148763
0.95106450171
148783
0.949636096859
148803
0.95177724658
148823
0.953505422108
148843
0.952190706623
148863
0.948156191698
148883
0.94910651819
148903
0.948593458489
148923
0.94734384717
148943
0.942520308613
148963
0.945181319963
148983
0.939589163557
149003
0.940292677239
149023
0.9437621463
149043
0.946801150498
149063
0.949015178016
149083
0.952034262282
149103
0.950059273943
149123
0.955699529695
149143
0.954165209111
149163
0.956587181281
149183
0.956708158427
149203
0.955257890236
149223
0.957065745491
149243
0.955527538091
149263
0.955830709733
149283
0.954654462065
149303
0.957100726835
149323
0.954820137593
149343
0.958424673507
149363
0.956642568408
149383
0.954320195896
149403
0.954685556592
149423
0.956021163713
149443
0.956526935634
149463
0.956590096393
149483
0.959341476213
149503
0.955678152208
149523
0.956984122357
149543
0.959161710976
149563
0.961033698694
149583
0.955118936567
149603
0.946837589397
149623
0.95176267102
149643
0.946339105255
149663
0.943679065609
149683
0.945548138215
149703
0.945758512127
149723
0.943730080068
149743
0.93954835199
149763
0.938430406561
149783
0.937602028918
149803
0.935384600435
149823
0.941058865827
149843
0.942208391636
149863
0.93671389148
149883
0.943158232276
149903
0.941167696673
149923
0.940366526741
149943
0.942817650031
149963
0.946444535137
149983
0.943390469527
150003
0.940456895211
150023
0.942774895056
150043
0.944666316853
150063
0.9463012088
150083
0.947138817631
150103
0.950646183147
150123
0.951324918377
150143
0.951781619248
150163
0.94854730255
150183
0.953424284826
150203
0.952254839086
150223
0.958251710199
150243
0.962604458178
150263
0.963548954447
150283
0.961647329757
150303
0.961624008862
150323
0.962024836754
150343
0.959730643657
150363
0.960157707556
150383
0.965025944496
150403
0.96670893579
150423
0.966779384328
150443
0.96600833722
150463
0.965899992226
150483
0.961554046175
150503
0.96708498523
150523
0.970154598103
150543
0.96798575482
150563
0.967888584422
150583
0.966278470927
150603
0.966660836443
150623
0.966502448694
150643
0.967000446984
150663
0.96739252954
150683
0.966802705224
150703
0.972140275187
150723
0.975047127643
150743
0.97228262982
150763
0.968804901275
150783
0.96784923041
150803
0.969594896611
150823
0.967782182836
150843
0.965762010261
150863
0.964584305037
150883
0.964770872201
150903
0.960478369869
150923
0.962080223881
150943
0.957267374067
150963
0.956201414801
150983
0.960613436723
151003
0.96047108209
151023
0.957765858209
151043
0.955084926928
151063
0.958337220149
151083
0.959128673041
151103
0.958160855877
151123
0.956624591884
151143
0.96121589319
151163
0.957988864272
151183
0.955152460354
151203
0.955355546486
151223
0.951368645056
151243
0.949988339552
151263
0.947969624534
151283
0.95372551306
151303
0.948758162313
151323
0.949896513526
151343
0.948316037002
151363
0.946917269123
151383
0.945463114117
151403
0.950041297419
151423
0.939155783582
151443
0.941926597481
151463
0.937040869869
151483
0.941561236785
151503
0.941810478856
151523
0.938330806903
151543
0.938844838308
151563
0.939477903451
151583
0.936405375466
151603
0.934717039801
151623
0.933265314055
151643
0.933345479633
151663
0.937136096859
151683
0.937398942786
151703
0.942884697606
151723
0.943232567631
151743
0.946440648321
151763
0.945740535603
151783
0.945743450715
151803
0.948860191231
151823
0.951665500622
151843
0.958788576648
151863
0.953969896611
151883
0.943425450871
151903
0.932062344527
151923
0.932237251244
151943
0.933798293688
151963
0.92909184546
151983
0.93845469916
152003
0.939712569963
152023
0.933324102146
152043
0.931329193874
152063
0.920434934701
152083
0.918442941542
152103
0.915871326959
152123
0.933246365827
152143
0.9267456662
152163
0.926892879353
152183
0.922811236785
152203
0.918573149876
152223
0.908361026897
152243
0.900350299285
152263
0.904936256219
152283
0.909737931437
152303
0.911575423663
152323
0.90740001166
152343
0.904755519279
152363
0.910111065765
152383
0.90937014148
152403
0.906579407649
152423
0.911150789024
152443
0.919705185012
152463
0.924185226213
152483
0.928907221704
152503
0.934883687034
152523
0.941245918843
152543
0.947179629198
152563
0.950603428172
152583
0.953197391947
152603
0.960245646766
152623
0.958455282183
152643
0.95955573694
152663
0.955181125622
152683
0.95126224347
152703
0.954128770211
152723
0.952254839086
152743
0.949261019123
152763
0.954760377799
152783
0.955849172108
152803
0.955026138837
152823
0.948412721549
152843
0.955180153918
152863
0.960024098259
152883
0.951808826959
152903
0.953219255286
152923
0.957030764148
152943
0.956849541356
152963
0.955855488184
152983
0.952760611007
153003
0.944851912313
153023
0.939967642257
153043
0.944904384328
153063
0.943879722481
153083
0.936868878265
153103
0.929326026119
153123
0.944669717817
153143
0.944967059235
153163
0.945719643968
153183
0.949308146766
153203
0.955937111318
153223
0.956732451026
153243
0.970719158116
153263
0.973328669154
153283
0.9820555426
153303
0.985216495647
153323
0.998067280784
153343
1.0
153363
0.900048585199
153383
0.919386951959
153403
0.919848025498
153423
0.91981693097
153443
0.919568174751
153463
0.919730449316
153483
0.919934993004
153503
0.92010747046
153523
0.919949568563
153543
0.961893170864
153563
1.0
