128677
0.073388671875
128697
0.0791755445076
128717
0.0722093986742
128737
0.0690385298295
128757
0.0676239938447
128777
0.0621434067235
128797
0.0681699810606
128817
0.0665586529356
128837
0.0884558475379
128857
0.091435842803
128877
0.0825313683712
128897
0.0852938565341
128917
0.0764959161932
128937
0.059355764678
128957
0.063818359375
128977
0.0638849431818
128997
0.0600171638258
129017
0.0569069602273
129037
0.0808445785985
129057
0.0844978101326
129077
0.0563047466856
129097
0.0578095407197
129117
0.0416740648674
129137
0.0825831557765
129157
0.0792154947917
129177
0.0716663707386
129197
0.0619998816288
129217
0.0578080610795
129237
0.0511437618371
129257
0.101225142045
129277
0.0822783499053
129297
0.0710493607955
129317
0.0697901870265
129337
0.090009469697
129357
0.0755859375
129377
0.0609301017992
129397
0.0567057291667
129417
0.0500651041667
129437
0.0714769767992
129457
0.0624082623106
129477
0.065478515625
129497
0.117224491004
129517
0.101282848011
129537
0.0942649147727
129557
0.0939911813447
129577
0.0924819483902
129597
0.0937322443182
129617
0.0948212594697
129637
0.0911517518939
129657
0.143198094223
129677
0.0956468986742
129697
0.107549124053
129717
0.0539772727273
129737
0.134552556818
129757
0.130683297822
129777
0.0543427438447
129797
0.0557469223485
129817
0.0526648319129
129837
0.05556640625
129857
0.0506436434659
129877
0.067987985322
129897
0.0690873579545
129917
0.115047940341
129937
0.100224905303
129957
0.0577903053977
129977
0.0584946141098
129997
0.0564068418561
130017
0.157180693655
130037
0.143104876894
130057
0.0874852035985
130077
0.236156486742
130097
0.206584398674
130117
0.121154415246
130137
0.12012014678
130157
0.118448153409
130177
0.118995620265
130197
0.112591737689
130217
0.0950727982955
130237
0.110724431818
130257
0.127380741004
130277
0.123752663352
130297
0.121836529356
130317
0.064726858428
130337
0.0615293560606
130357
0.113973721591
130377
0.0905229048295
130397
0.0864672111742
130417
0.0979107481061
130437
0.0597123579545
130457
0.0914240056818
130477
0.0788204308712
130497
0.0826600970644
130517
0.0816805752841
130537
0.0934496330492
130557
0.0824618252841
130577
0.0693936434659
130597
0.066523141572
130617
0.0703731652462
130637
0.0640151515152
130657
0.0716856060606
130677
0.0907951586174
130697
0.0934555516098
130717
0.0936996922348
130737
0.0920469341856
130757
0.090790719697
130777
0.0963645241477
130797
0.0462787050189
130817
0.0467507102273
130837
0.0459295099432
130857
0.0493548768939
130877
0.132102272727
130897
0.207281309186
130917
0.0621182528409
130937
0.0523082386364
130957
0.058759469697
130977
0.0953346946023
130997
0.157975260417
131017
0.169253077652
131037
0.0613014914773
131057
0.122975852273
131077
0.04794921875
131097
0.0567974668561
131117
0.0580048532197
131137
0.069355172822
131157
0.114638080019
131177
0.10986328125
131197
0.0634173768939
131217
0.0679036458333
131237
0.0788884943182
131257
0.0878847064394
131277
0.0552482836174
131297
0.0581602154356
131317
0.0639618844697
131337
0.110203598485
131357
0.11513819839
131377
0.126140802557
131397
0.0966826467803
131417
0.102889737216
131437
0.0834620620265
131457
0.0842980587121
131477
0.113195430871
131497
0.160959694602
131517
0.10390329072
131537
0.117162346117
131557
0.098046875
131577
0.131181936553
131597
0.0946052320076
131617
0.0984774502841
131637
0.167619554924
131657
0.148483368845
131677
0.14043412642
131697
0.161138731061
131717
0.100210108902
131737
0.0984508167614
131757
0.117279237689
131777
0.111572265625
131797
0.0853855942235
131817
0.0850363991477
131837
0.0631969105114
131857
0.063847952178
131877
0.0765536221591
131897
0.120149739583
131917
0.172449100379
131937
0.139072857481
131957
0.130772076231
131977
0.151386422822
131997
0.108272668087
132017
0.120423473011
132037
0.14629350142
132057
0.147784978693
132077
0.0458348129735
132097
0.0471250591856
132117
0.0438417376894
132137
0.0515181107955
132157
0.0526012073864
132177
0.0572147253788
132197
0.0572531960227
132217
0.0570771188447
132237
0.0502988873106
132257
0.0515225497159
132277
0.0662212949811
132297
0.0685443300189
132317
0.072919625947
132337
0.0824633049242
132357
0.0692782315341
132377
0.0600023674242
132397
0.0494836055871
132417
0.0429731889205
132437
0.0440858783144
132457
0.0352583451705
132477
0.0350201231061
132497
0.036474609375
132517
0.0366314512311
132537
0.0361431699811
132557
0.034814453125
132577
0.033837890625
132597
0.0721073035038
132617
0.0661991003788
132637
0.07529296875
132657
0.161881510417
132677
0.176414535985
132697
0.156451231061
132717
0.0456927675189
132737
0.0423961292614
132757
0.0472878196023
132777
0.0532049005682
132797
0.0510816169508
132817
0.0716175426136
132837
0.071806936553
132857
0.0722789417614
132877
0.0731341737689
132897
0.0741181344697
132917
0.0737437855114
132937
0.0664772727273
132957
0.0679702296402
132977
0.0585375236742
132997
0.0381244081439
133017
0.0310265743371
133037
0.03388671875
133057
0.0345732717803
133077
0.0334857362689
133097
0.0353130918561
133117
0.0351015033144
133137
0.034931344697
133157
0.0353678385417
133177
0.0379335345644
133197
0.0432114109848
133217
0.0384824810606
133237
0.0366832386364
133257
0.0418190696023
133277
0.0528645833333
133297
0.0558697324811
133317
0.052362985322
133337
0.0527092211174
133357
0.0514500473485
133377
0.0515107125947
133397
0.0597789417614
133417
0.0567353219697
133437
0.0580891927083
133457
0.0523822206439
133477
0.114675071023
133497
0.100523792614
133517
0.0768821022727
133537
0.0419773910985
133557
0.0436020359848
133577
0.0382368607955
133597
0.0379557291667
133617
0.0360854640152
133637
0.0353663589015
133657
0.0377071496212
133677
0.0419270833333
133697
0.0404430042614
133717
0.0365752249053
133737
0.0372721354167
133757
0.0361194957386
133777
0.0365870620265
133797
0.0369392163826
133817
0.0372662168561
133837
0.0358516808712
133857
0.0351947206439
133877
0.0369954427083
133897
0.0371981534091
133917
0.036406545928
133937
0.0363488399621
133957
0.0366181344697
133977
0.0362452651515
133997
0.0366714015152
134017
0.0369258996212
134037
0.0371522845644
134057
0.0373298413826
134077
0.0369081439394
134097
0.0449307528409
134117
0.0555323745265
134137
0.0538707386364
134157
0.0510520241477
134177
0.0529296875
134197
0.060674124053
134217
0.0581853693182
134237
0.0607555042614
134257
0.057196969697
134277
0.0608546401515
134297
0.0611860795455
134317
0.0611727627841
134337
0.0607170336174
134357
0.09375
134377
0.999501361269
134397
1.0
134417
0.997672526042
134437
0.989244495739
134457
0.984366122159
134477
0.976149680398
134497
0.970392400568
134517
0.966170987216
134537
0.964901455966
134557
0.965855823864
134577
0.965127840909
134597
0.965451882102
134617
0.964524147727
134637
0.952985913826
134657
0.952811316288
134677
0.960165127841
134697
0.96748490767
134717
0.975656960227
134737
0.97949662642
134757
0.988227982955
134777
0.984104225852
134797
0.97206883286
134817
0.956862571023
134837
0.946184008049
134857
0.930751361269
134877
0.919636304451
134897
0.914213423295
134917
0.903312914299
134937
0.888077059659
134957
0.874822443182
134977
0.859394235322
134997
0.84443211411
135017
0.83329782197
135037
0.817067649148
135057
0.813529829545
135077
0.815849905303
135097
0.815866181345
135117
0.808914831913
135137
0.814500473485
135157
0.841585286458
135177
0.835614938447
135197
0.847486091383
135217
0.857177734375
135237
0.863534268466
135257
0.853693181818
135277
0.846410392992
135297
0.842601799242
135317
0.830414003314
135337
0.824550189394
135357
0.806397964015
135377
0.804850260417
135397
0.81670069839
135417
0.796895714962
135437
0.770599550189
135457
0.737140447443
135477
0.7197265625
135497
0.717535215436
135517
0.715019827178
135537
0.728043619792
135557
0.724132930871
135577
0.737859552557
135597
0.739343631629
135617
0.740262488163
135637
0.815296519886
135657
0.793661221591
135677
0.785529119318
135697
0.78965287642
135717
0.785773259943
135737
0.778045099432
135757
0.773455255682
135777
0.776416015625
135797
0.784170809659
135817
0.786936257102
135837
0.775625887784
135857
0.77666459517
135877
0.814823035038
135897
0.798828125
135917
0.800608132102
135937
0.806022135417
135957
0.80907907197
135977
0.80644383286
135997
0.809351325758
136017
0.801778527462
136037
0.793125591856
136057
0.77627397017
136077
0.779956794508
136097
0.775742779356
136117
0.79677290483
136137
0.7798828125
136157
0.774240944602
136177
0.768044211648
136197
0.759366122159
136217
0.75957475142
136237
0.753515625
136257
0.749143288352
136277
0.749085582386
136297
0.747119140625
136317
0.732599431818
136337
0.719997336648
136357
0.77842240767
136377
0.767294034091
136397
0.75410600142
136417
0.759912109375
136437
0.760653409091
136457
0.752743252841
136477
0.748477450284
136497
0.758460582386
136517
0.758247514205
136537
0.758056640625
136557
0.75918412642
136577
0.771875
136597
0.815589488636
136617
0.789098011364
136637
0.782213245739
136657
0.773863636364
136677
0.780442116477
136697
0.786612215909
136717
0.787735262784
136737
0.782168856534
136757
0.776917613636
136777
0.770525568182
136797
0.77001509233
136817
0.764053622159
136837
0.794051846591
136857
0.777490234375
136877
0.777432528409
136897
0.782932350852
136917
0.777507990057
136937
0.77069868608
136957
0.75253462358
136977
0.748544034091
136997
0.748770419034
137017
0.745987215909
137037
0.744975142045
137057
0.749551669034
137077
0.794793146307
137097
0.776935369318
137117
0.755260120739
137137
0.753830788352
137157
0.749849076705
137177
0.750892223011
137197
0.767027698864
137217
0.771875
137237
0.756258877841
137257
0.741690340909
137277
0.730193536932
137297
0.713361150568
137317
0.76874556108
137337
0.770090553977
137357
0.758167613636
137377
0.760373757102
137397
0.747807173295
137417
0.741654829545
137437
0.725705788352
137457
0.698952414773
137477
0.6947265625
137497
0.686190518466
137517
0.700807883523
137537
0.693599076705
137557
0.731809303977
137577
0.719003018466
137597
0.712562144886
137617
0.723180042614
137637
0.712770774148
137657
0.714728338068
137677
0.732253196023
137697
0.712118252841
137717
0.707874644886
137737
0.704416725852
137757
0.70937943892
137777
0.708855646307
137797
0.750701349432
137817
0.747740589489
137837
0.728644353693
137857
0.73925337358
137877
0.720032848011
137897
0.715145596591
137917
0.72646484375
137937
0.70673384233
137957
0.700750177557
137977
0.699667080966
137997
0.713156960227
138017
0.705229048295
138037
0.772776100852
138057
0.775301846591
138077
0.7861328125
138097
0.784024325284
138117
0.780597478693
138137
0.79149946733
138157
0.809073153409
138177
0.812060546875
138197
0.811843039773
138217
0.827365944602
138237
0.831125710227
138257
0.803604403409
