174972
0.594320140165
174992
0.609810623468
175012
0.598387714461
175032
0.613018439798
175052
0.616311465993
175072
0.593788775276
175092
0.587546913297
175112
0.591618795956
175132
0.581870883119
175152
0.573440372243
175172
0.58224140242
175192
0.999123008578
175212
0.999580652574
175232
0.994300991881
175252
0.993967811734
175272
0.994093711703
175292
0.996890797335
175312
0.98473259421
175332
0.983681832108
175352
0.983603324142
175372
0.987219477635
175392
0.991440716912
175412
0.990968232996
175432
0.990473728554
175452
0.991963943781
175472
0.993661917892
175492
0.993361768536
175512
0.993219113817
175532
0.993616440717
175552
0.986691463695
175572
0.986248180913
175592
0.987108896293
175612
0.98781786152
175632
0.995188036152
175652
0.993806966146
175672
0.993502508425
175692
0.993938131893
175712
0.999969362745
175732
0.99318225337
175752
0.992624080882
175772
0.992567114737
175792
0.993702607996
175812
0.991741823683
175832
0.991168332567
175852
0.991268382353
175872
0.99216930913
175892
0.993450808058
175912
0.992410577512
175932
0.992379940257
175952
0.992453661152
175972
0.993113319547
175992
0.992133406097
176012
0.992237764246
176032
0.991682464001
176052
0.995813227635
176072
0.993175072763
176092
0.992902688419
176112
0.992695886949
176132
0.999889897365
176152
0.993229166667
176172
0.992796415441
176192
0.992966356464
176212
0.995535098805
176232
0.995075539982
176252
0.994300991881
176272
0.994280886183
176292
0.995535577512
176312
0.995101868873
176332
0.994695446538
176352
0.994816080729
176372
0.99527276731
176392
0.988353534773
176412
0.98835401348
176432
0.987785309436
176452
0.987727864583
176472
0.989374138327
176492
0.987530158548
176512
0.987574199602
176532
0.987700578278
176552
0.99036506204
176572
0.987726428462
176592
0.987927964154
176612
0.98845502068
176632
0.99988750383
176652
0.988153913909
176672
0.987744140625
176692
0.988073491115
176712
0.993705958946
176732
0.992389035692
176752
0.992272709865
176772
0.992097503064
176792
0.99296875
176812
0.990654201134
176832
0.990339690564
176852
0.990625
176872
0.989929917279
176892
0.994851983762
176912
0.993846220129
176932
0.993850049786
176952
0.993952971814
176972
0.994038660386
176992
0.990855736826
177012
0.990494791667
177032
0.990240598192
177052
0.996620806526
177072
0.992496744792
177092
0.99222723269
177112
0.991383272059
177132
0.996066463695
177152
0.991343060662
177172
0.991240617341
177192
0.991489545037
177212
0.999932981005
177232
0.993792126225
177252
0.994013288909
177272
0.994235409007
177292
0.996604530484
177312
0.996074123009
177332
0.995943435968
177352
0.995776845895
177372
0.998014801624
177392
0.999994255515
177412
0.992891199449
177432
0.99229999617
177452
0.991958678002
177472
0.991827033548
177492
0.992092715993
177512
1.0
177532
0.995452282475
177552
0.995355104933
177572
0.995083678002
177592
0.995237342984
177612
0.995454197304
177632
0.995293830423
177652
0.992466107537
177672
0.991896446078
177692
0.992033835018
177712
0.987733130362
177732
0.981848862592
177752
0.977453852635
177772
0.974820963542
177792
0.969042011336
177812
0.960587086397
177832
0.957889571844
177852
0.949819048713
177872
0.951288200827
177892
0.946600700827
177912
0.938413373162
177932
0.938722139246
177952
0.937448299632
177972
0.934761316636
177992
0.934747912837
178012
0.936975815717
178032
0.942136278339
178052
0.938828890931
178072
0.940866747089
178092
0.947524126838
178112
0.948306334252
178132
0.947437480852
178152
0.94499798943
178172
0.947596890319
178192
0.946919998468
178212
0.947153607537
178232
0.945410634957
178252
0.948801317402
178272
0.950586894914
178292
0.953712373621
178312
0.947266103707
178332
0.942773916207
178352
0.941276041667
178372
0.936683325674
178392
0.938138116575
178412
0.93624865962
178432
0.936135684743
178452
0.932685163909
178472
0.928151807598
178492
0.929160443474
178512
0.927124502145
178532
0.928260474112
178552
0.929350490196
178572
0.929511335784
178592
0.93206428079
178612
0.937082567402
178632
0.936868106618
178652
0.933977194393
178672
0.934714882047
178692
0.936612477022
178712
0.939991670496
178732
0.943030503217
178752
0.951284849877
178772
0.949633310355
178792
0.94597455193
178812
0.945122453278
178832
0.940821269914
178852
0.944630821078
178872
0.944636086857
178892
0.942722215839
178912
0.942362228094
178932
0.941484757966
178952
0.940096507353
178972
0.935188323376
178992
0.940343520221
179012
0.937310431985
179032
0.944517367494
179052
0.943219113817
179072
0.940557981005
179092
0.947302964154
179112
0.9472723269
179132
0.951854511336
179152
0.950299191942
179172
0.945845779718
179192
0.946567670037
179212
0.946437461703
179232
0.947653856464
179252
0.94849542356
179272
0.945045860141
179292
0.948404947917
179312
0.94845904182
179332
0.945713177849
179352
0.94466863894
179372
0.947863530178
179392
0.949657245711
179412
0.945982689951
179432
0.948493030025
179452
0.950949754902
179472
0.95142511106
179492
0.949224015778
179512
0.948237400429
179532
0.950950233609
179552
0.943741861979
179572
0.949351830576
179592
0.941361251532
179612
0.943484317555
179632
0.942341164982
179652
0.944202378217
179672
0.945553289675
179692
0.952823414522
179712
0.952000995711
179732
0.96157801011
179752
0.960181621477
179772
0.95700970818
179792
0.958113606771
179812
0.958407054228
179832
0.95605133655
179852
0.957120768229
179872
0.960917873009
179892
0.959277822457
179912
0.953981885723
179932
0.955301202512
179952
0.950395890778
179972
0.950511259191
179992
0.955483111213
180012
0.953716203278
180032
0.955411305147
180052
0.955328488817
180072
0.956496055453
180092
0.950754442402
180112
0.951630476409
180132
0.954770795037
180152
0.955272480086
180172
0.956704771752
180192
0.962127087163
180212
0.962544041054
180232
0.957268688725
180252
0.961366421569
180272
0.963453105852
180292
0.963231464461
180312
0.965298521752
180332
0.966692038143
180352
0.963094554228
180372
0.965462239583
180392
0.965743719363
180412
0.964820772059
180432
0.965341605392
180452
0.963454063266
180472
0.963176413143
180492
0.966664273131
180512
0.958959003523
180532
0.960550704657
180552
0.959243834252
180572
0.959950884651
180592
0.950615617341
180612
0.951760684743
180632
0.947368547028
180652
0.943767233456
180672
0.946549479167
180692
0.945661956189
180712
0.94725078508
180732
0.946544692096
180752
0.953152286305
180772
0.949123965993
180792
0.951328890931
180812
0.954289215686
180832
0.960179227941
180852
0.954545802696
180872
0.960679476869
180892
0.953776520374
180912
0.955475930607
180932
0.949911917892
180952
0.95067689185
180972
0.946229224112
180992
0.943393363205
181012
0.943473785999
181032
0.940531173407
181052
0.939833697151
181072
0.946483896293
181092
0.936000210631
181112
0.935948510263
181132
0.942934283088
181152
0.944116210937
181172
0.939992149203
181192
0.9416015625
181212
0.936052389706
181232
0.944820389093
181252
0.941587679994
181272
0.934926949295
181292
0.936375517004
181312
0.945224896599
181332
0.944809857537
181352
0.945757218903
181372
0.947904698989
181392
0.951713771446
181412
0.956411324295
181432
0.964605832567
181452
0.964612534467
181472
0.970955403646
181492
0.976983283548
181512
0.979813878676
181532
0.982207892923
181552
0.985870959712
181572
0.988973460478
181592
0.992865827972
181612
0.991563265931
181632
0.98609307981
181652
0.979704733456
181672
0.975383444393
181692
0.972774011949
181712
0.963582356771
181732
0.952136469822
181752
0.94724408318
181772
0.939856675092
181792
0.937183574602
181812
0.934376436121
181832
0.922499712776
181852
0.924740540748
181872
0.931486481311
181892
0.930945063572
181912
0.934634459252
181932
0.938621132047
181952
0.945294787837
181972
0.957262465533
181992
0.951574467678
182012
0.947018612132
182032
0.956868010876
182052
0.954075712316
182072
0.952890912224
182092
0.950899969363
182112
0.953789924173
182132
0.951984240962
182152
0.953410788143
182172
0.951659677543
182192
0.947690238205
182212
0.948944929534
182232
0.948707012102
182252
0.943625057445
182272
0.93937365962
182292
0.938738893995
182312
0.940250172335
182332
0.933870921415
182352
0.943075022978
182372
0.93652008655
182392
0.935622510723
182412
0.932729204963
182432
0.93986529182
182452
0.948065544577
182472
0.945318244485
182492
0.957899624694
182512
0.959842696844
182532
0.964238664216
182552
0.970144952512
182572
0.975384401808
182592
0.978124042586
182612
0.982899145987
182632
0.995320638021
182652
0.989550302543
182672
0.981391218597
182692
0.973218252145
182712
0.96888403799
182732
0.958418064491
182752
0.955951765472
182772
0.958191636029
182792
0.954411285999
182812
0.943421128217
182832
0.940264533548
182852
0.931052772672
182872
0.927428481158
182892
0.931727749694
182912
0.930047009038
182932
0.935435336244
182952
0.939271695006
182972
0.935263001685
182992
0.936761354933
183012
0.937245806526
183032
0.949759689032
183052
0.955151845895
183072
0.956489353554
183092
0.963274069393
183112
0.966779162837
183132
0.959155752145
183152
0.954179113051
183172
0.94177198223
183192
0.937635474112
183212
0.923005227482
183232
0.915940467984
183252
0.906681793811
183272
0.8921942019
183292
0.90632946538
183312
0.896897977941
183332
0.906237074908
183352
0.914705882353
183372
0.921414483762
183392
0.927743949142
183412
0.938482306985
183432
0.943643248315
183452
0.954017788756
183472
0.959585631127
183492
0.968356981464
183512
0.967692057292
183532
0.96209118413
183552
0.961818321078
183572
0.96227979473
183592
0.962556487439
183612
0.958311791513
183632
0.953087660846
183652
0.949224494485
183672
0.942531211703
183692
0.942623123468
183712
0.946079388787
183732
0.943651386336
183752
0.947209137561
183772
0.954190602022
183792
0.951696059283
183812
0.944314874387
183832
0.956440525429
183852
0.954728190104
183872
0.961863798254
183892
0.973675417433
183912
0.978484509038
183932
0.978839231005
183952
0.979179113051
183972
0.979170496324
183992
0.979172889859
184012
0.979132199755
184032
0.978479721967
184052
0.978858857996
184072
0.978980449602
184092
0.979961799173
184112
0.980360562194
184132
0.991546032475
184152
0.990306181066
184172
0.990132410386
184192
0.990139590993
184212
0.990206609988
184232
0.99028894761
184252
0.99029564951
184272
0.990361232384
184292
1.0
184312
1.0
184332
1.0
184352
1.0
184372
0.81625402114
184392
0.819847675398
184412
0.816915594363
184432
0.818971641391
184452
0.817324410233
184472
0.817032877604
184492
0.82701104856
184512
0.821775907629
184532
1.0
184552
1.0
