131817
0.110019629893
131837
0.121128274937
131857
0.137295316446
131877
0.193812144886
131897
0.135893604009
131917
0.130621152936
131937
0.322213837595
131957
0.323589409722
131977
0.313608250473
131997
0.132329644097
132017
0.133170572917
132037
0.322999033302
132057
0.237041311553
132077
0.238121448864
132097
0.345722853535
132117
0.382192530777
132137
0.383712614426
132157
0.370841224747
132177
0.142487373737
132197
0.147937381629
132217
0.15234670928
132237
0.323450816761
132257
0.27522589173
132277
0.254469992898
132297
0.220393880208
132317
0.190191958649
132337
0.303443122633
132357
0.204007358744
132377
0.36393574416
132397
0.189777659407
132417
0.179936079545
132437
0.158544921875
132457
0.165758167614
132477
0.426614287405
132497
0.428887507891
132517
0.200330946181
132537
0.187122198548
132557
0.206014737216
132577
0.206071456755
132597
0.204584418403
132617
0.41058041351
132637
0.413879024621
132657
0.194368982797
132677
0.200328973327
132697
0.200243647412
132717
0.416528073706
132737
0.423599767203
132757
0.198954387626
132777
0.205482559975
132797
0.195985243056
132817
0.117648161301
132837
0.121606691919
132857
0.427399483112
132877
0.429441879735
132897
0.161791252367
132917
0.352371863163
132937
0.354350142045
132957
0.160585345644
132977
0.149631569602
132997
0.362683475379
133017
0.402360519255
133037
0.132885495581
133057
0.125603693182
133077
0.475639204545
133097
0.526901337595
133117
0.443959615688
133137
0.422906309186
133157
0.181493154198
133177
0.181890190972
133197
0.435437381629
133217
0.452361505682
133237
0.161303464331
133257
0.16813200363
133277
0.164991714015
133297
0.135914812184
133317
0.121685112847
133337
0.174538352273
133357
0.170938387784
133377
0.237958195234
133397
0.199568931503
133417
0.195880681818
133437
0.156451724274
133457
0.145169468119
133477
0.110564137468
133497
0.132172802241
133517
0.126274956597
133537
0.122235538984
133557
0.130683791035
133577
0.127580492424
133597
0.138246725063
133617
0.13297723327
133637
0.0901756826073
133657
0.129990826231
133677
0.135325422191
133697
0.0969874526515
133717
0.105000690499
133737
0.125362018624
133757
0.0891690340909
133777
0.0953795770202
133797
0.105634469697
133817
0.20048976089
133837
0.192594894255
133857
0.163687657828
133877
0.101758305713
133897
0.0976493450126
133917
0.0965110085227
133937
0.0836055871212
133957
0.097051077178
133977
0.0901702572601
133997
0.0749422940341
134017
0.0822314946338
134037
0.0616265190972
134057
0.058173532197
134077
0.0548798532197
134097
0.0538732047033
134117
0.0579121291035
134137
0.0538929332386
134157
0.0710656368371
134177
0.0441825481376
134197
0.0459591027462
134217
0.459695588699
134237
0.387023555871
134257
0.339288884943
134277
0.298088304924
134297
0.0461272885101
134317
0.0493119673295
134337
0.0446811868687
134357
0.0466520675505
134377
0.0495561079545
134397
0.0484429253472
134417
0.0535363399621
134437
0.434359710385
134457
0.421504103535
134477
0.411533794981
134497
0.380757773043
134517
0.374002229324
134537
0.37451467803
134557
0.0926728219697
134577
0.0770951704545
134597
0.110927635732
134617
0.156222873264
134637
0.129854699337
134657
0.380666035354
134677
0.353778507734
134697
0.510435408775
134717
0.519672309028
134737
0.514014658302
134757
0.503492443971
134777
1.0
134797
1.0
134817
1.0
134837
0.996576112689
134857
0.609836154514
134877
0.541351010101
134897
0.500681620896
134917
0.497994101168
134937
0.492534229009
134957
0.48958136048
134977
0.48593602036
134997
0.480833727904
135017
0.488774956597
135037
0.541391946812
135057
0.573636264994
135077
0.573938604798
135097
0.572416548295
135117
0.574486564867
135137
0.415123895202
135157
0.452817234848
135177
0.445390920928
135197
0.438211213699
135217
0.400949435764
135237
0.395911754261
135257
0.379092191446
135277
0.442074554135
135297
0.435635160196
135317
0.445437776199
135337
0.375962259312
135357
0.364548315183
135377
0.370724333176
135397
0.387119239268
135417
0.386984098801
135437
0.382151100852
135457
0.380528428819
135477
0.385063525884
135497
0.391014638573
135517
0.43766473327
135537
0.440009469697
135557
0.417758147885
135577
0.422612847222
135597
0.428104285038
135617
0.426068793403
135637
0.405392301926
135657
0.416945825442
135677
0.408678089489
135697
0.421095722854
135717
0.525796539615
135737
0.557524956597
135757
0.412974964489
135777
0.427663845486
135797
0.398224431818
135817
0.408365392203
135837
0.380956044823
135857
0.412398891256
135877
0.454893169981
135897
0.403884548611
135917
0.366577888258
135937
0.37043925584
135957
0.353388375947
135977
0.362323429609
135997
0.361599885574
136017
0.403760752052
136037
0.438184580177
136057
0.481151850537
136077
0.599509252683
136097
0.617869120896
136117
0.390448429609
136137
0.391160136521
136157
0.370785491635
136177
0.358822107797
136197
0.362039338699
136217
0.368200067077
136237
0.35009913589
136257
0.369493765783
136277
0.394285629735
136297
0.419846906566
136317
0.512047723327
136337
0.566275548453
136357
0.378806127683
136377
0.347617779356
136397
0.351646839489
136417
0.358566623264
136437
0.324280894886
136457
0.330056916824
136477
0.323352667298
136497
0.341684422348
136517
0.342328065814
136537
0.360335779672
136557
0.370253807607
136577
0.36455374053
136597
0.347608408302
136617
0.35074919113
136637
0.33818211411
136657
0.339629695391
136677
0.335443300189
136697
0.363822798295
136717
0.359119022254
136737
0.362111347854
136757
0.353019452336
136777
0.396276732165
136797
0.375447837753
136817
0.372987196181
136837
0.375526751894
136857
0.418935941446
136877
0.403713403567
136897
0.410830965909
136917
0.40836785827
136937
0.401092960859
136957
0.415111564867
136977
0.401188151042
136997
0.392821772412
137017
0.405955058396
137037
0.406426077178
137057
0.365860262784
137077
0.4015625
137097
0.401012073864
137117
0.384349846117
137137
0.375929214015
137157
0.35830522017
137177
0.375512941919
137197
0.422708530619
137217
0.388469164299
137237
0.427815261995
137257
0.378558534564
137277
0.465051886048
137297
0.321547999527
137317
0.318894511521
137337
0.318227687027
137357
0.300974589646
137377
0.308284998422
137397
0.309306936553
137417
0.309972774621
137437
0.315087890625
137457
0.337171026673
137477
0.333584378946
137497
0.472825915404
137517
0.5259139244
137537
0.52913510101
137557
0.530175288037
137577
0.531634706439
137597
0.525798512468
137617
0.528686770044
137637
0.530252229324
137657
0.526743509312
137677
0.526584694602
137697
0.529607599432
137717
0.530509686711
137737
0.53456735322
137757
0.530492424242
137777
0.532114603062
137797
0.527780243845
137817
0.52919773911
137837
0.521731474905
137857
0.497049597538
137877
0.514492088857
137897
0.519348267835
137917
0.518738656092
137937
0.514718473801
137957
0.516433869949
137977
0.522274009628
137997
0.523348721591
138017
0.519145557134
138037
0.526052024148
138057
0.531714607008
138077
0.524341066919
138097
0.523079920297
138117
0.52926481613
138137
0.533079328441
138157
0.530925465593
138177
0.531988833649
138197
0.532229028567
138217
0.530012034407
138237
0.553089488636
138257
0.552812795928
138277
0.554442866162
138297
0.549176333649
138317
0.54426738084
138337
0.543402284564
138357
0.541775666824
138377
0.539116260259
138397
0.533503491951
138417
0.534411004577
138437
0.527739307134
138457
0.529245087595
138477
0.525952395044
138497
0.518842724116
138517
0.51552290483
138537
0.51546470565
138557
0.504574554135
138577
0.515813900726
138597
0.517660984848
138617
0.536032690183
138637
0.52803178267
138657
0.527722044665
138677
0.531341244476
138697
0.530307469223
138717
0.538489879261
138737
0.536289654356
138757
0.530620659722
138777
0.520791903409
138797
0.525547466856
138817
0.525763001105
138837
0.523062657828
138857
0.528554095644
138877
0.523766473327
138897
0.528274936869
138917
0.526292219066
138937
0.529142005997
138957
0.529664812184
138977
0.530919547033
138997
0.533798433554
139017
0.537292357165
139037
0.536516532513
139057
0.533589804293
139077
0.530868252841
139097
0.541913766572
139117
0.539576921559
139137
0.525118371212
139157
0.524281881313
139177
0.523573133681
139197
0.508163667929
139217
0.516765802557
139237
0.520156644571
139257
0.516008226799
139277
0.513848938605
139297
0.519441485164
139317
0.528022411616
139337
0.519168244949
139357
0.524036261048
139377
0.529143485638
139397
0.530277383207
139417
0.534538746843
139437
0.533216934975
139457
0.529666785038
139477
0.515363596907
139497
0.519858743687
139517
0.516097005208
139537
0.518320411143
139557
0.514401337595
139577
0.51035600142
139597
0.502440913037
139617
0.506265782828
139637
0.506299321338
139657
0.501935369318
139677
0.509397194602
139697
0.517757161458
139717
0.524683850221
139737
0.530480093908
139757
0.522993607955
139777
0.517978121054
139797
0.527031052715
139817
0.52278744476
139837
0.526415029198
139857
0.521308297822
139877
0.525687046244
139897
0.508902008365
139917
0.506235203598
139937
0.508602627841
139957
0.507398693971
139977
0.513567806976
139997
0.518645931976
140017
0.515848918876
140037
0.53001696654
140057
0.537254379735
140077
0.552226858428
140097
0.555150134154
140117
0.562158203125
140137
0.565515506629
140157
0.568555673927
140177
0.57535412721
140197
0.581109434186
140217
0.574071772412
140237
0.568929036458
140257
0.570777107008
140277
0.567734473643
140297
0.558144432607
140317
0.558455650253
140337
0.551091974432
140357
0.546503610322
140377
0.545953677399
140397
0.545928523516
140417
0.525968177872
140437
0.530388849432
140457
0.532573291509
140477
0.533629754577
140497
0.530698094223
140517
0.533547881155
140537
0.535661300505
140557
0.530928918087
140577
0.544298453283
140597
0.53942254577
140617
0.534637882734
140637
0.539980370107
140657
0.536123934659
140677
0.528698607165
140697
0.531178484059
140717
0.530754813763
140737
0.512852154356
140757
0.502142025726
140777
0.509464271622
140797
0.507403626105
140817
0.519903626105
140837
0.528522036774
140857
0.541891078756
140877
0.555241871843
140897
0.54883256392
140917
0.545979817708
140937
0.552405401673
140957
0.556860104956
140977
0.560167100694
140997
0.560824554135
141017
0.578213285196
141037
0.577088265467
141057
0.577481356534
141077
0.57809442077
141097
0.581769353693
141117
0.581745186237
141137
0.565946081913
141157
0.999992108586
141177
1.0
141197
0.361542179609
141217
0.275905046559
141237
0.270191169508
141257
0.273035531092
141277
0.276014046717
141297
0.276292219066
141317
0.272473267835
141337
0.583494120896
141357
1.0
141377
1.0
141397
1.0
