143351
0.0955215419501
143371
0.0945343099361
143391
0.0937999252731
143411
0.0529916512059
143431
0.0546713950732
143451
0.0520978277675
143471
0.0483389378479
143491
0.0991306560503
143511
0.0975362682952
143531
0.0967116960421
143551
0.0983785559678
143571
0.0972834209441
143591
0.0532219516595
143611
0.0493889790765
143631
0.0960980983302
143651
0.092094413523
143671
0.094205769429
143691
0.0947388425067
143711
0.092939922181
143731
0.0959306070913
143751
0.0551175015461
143771
0.0515792491239
143791
0.0503150123686
143811
0.060667259328
143831
0.0656146928468
143851
0.0843737116059
143871
0.0829290996702
143891
0.0875479926819
143911
0.0468073593074
143931
0.0458507266543
143951
0.0885110673057
143971
0.0860454030097
143991
0.0861049912389
144011
0.0454593769326
144031
0.0480055658627
144051
0.0431660353535
144071
0.041346178623
144091
0.0447410971965
144111
0.0915114151721
144131
0.0885303932179
144151
0.0902632833436
144171
0.0884192692228
144191
0.0472582972583
144211
0.0504841141002
144231
0.046626984127
144251
0.0517402983921
144271
0.0498737373737
144291
0.094139739229
144311
0.0965522572665
144331
0.0942154323851
144351
0.0946228870336
144371
0.0937596629561
144391
0.0936871907854
144411
0.0941848330241
144431
0.0905580035044
144451
0.0912231369821
144471
0.0934391749124
144491
0.0907802514945
144511
0.0891794217687
144531
0.0451404993816
144551
0.0474290094826
144571
0.0910685296846
144591
0.0936388760049
144611
0.0925421304886
144631
0.0909219748505
144651
0.0897479256854
144671
0.0906385281385
144691
0.0655212842713
144711
0.0850533395176
144731
0.0840806019377
144751
0.0712063234385
144771
0.0579970624613
144791
0.0705540739023
144811
0.0770556328592
144831
0.0805971062667
144851
0.0779381828489
144871
0.0773664579468
144891
0.0808837739641
144911
0.0803829107401
144931
0.078266723356
144951
0.0787321557411
144971
0.0770540223665
144991
0.0784615929705
145011
0.0826843047825
145031
0.0837021361575
145051
0.0842706400742
145071
0.0933779761905
145091
0.0816407055246
145111
0.126079030097
145131
0.0841337481962
145151
0.087451363121
145171
0.0860454030097
145191
0.081218756442
145211
0.0799094258916
145231
0.0778479952587
145251
0.0774051097712
145271
0.0783198696145
145291
0.0779848871367
145311
0.0773632369615
145331
0.0717426175015
145351
0.0745931895485
145371
0.0752551020408
145391
0.0728957302618
145411
0.0748701942898
145431
0.0515164399093
145451
0.0497497294372
145471
0.0497771078128
145491
0.050677373222
145511
0.0485579648526
145531
0.0511862889095
145551
0.0525133348794
145571
0.0501620155638
145591
0.0496692048031
145611
0.0511669629973
145631
0.052535881777
145651
0.0510961013193
145671
0.0522202252113
145691
0.0527323618841
145711
0.0542574984539
145731
0.0551625953412
145751
0.055988778087
145771
0.0581452277881
145791
0.0585832817976
145811
0.0600858714698
145831
0.0601019763966
145851
0.0600327252113
145871
0.0624581271903
145891
0.0615949031128
145911
0.0639011286333
145931
0.0678403937333
145951
0.070135345805
145971
0.0686182616986
145991
0.0737009766028
146011
0.0685973252938
146031
0.066788742012
146051
0.0891311069882
146071
0.0880875077304
146091
0.0517789502165
146111
0.0727056921253
146131
0.0707666589363
146151
0.0759250669965
146171
0.064859371779
146191
0.0683766877963
146211
0.065669449598
146231
0.0673636878994
146251
0.0664618119975
146271
0.0657387007833
146291
0.0673137626263
146311
0.0673765718409
146331
0.0678210678211
146351
0.0683187100598
146371
0.0662637213976
146391
0.0644438646671
146411
0.0662782158318
146431
0.111201298701
146451
0.111106279633
146471
0.107803159142
146491
0.107369936611
146511
0.107630836425
146531
0.106558248299
146551
0.10729746444
146571
0.109645562771
146591
0.105619331066
146611
0.107799938157
146631
0.0636337868481
146651
0.0625418728097
146671
0.0619137806638
146691
0.060388644094
146711
0.0605368094207
146731
0.0610859874253
146751
0.0531285430839
146771
0.0647498582766
146791
0.0625773036487
146811
0.0817663239538
146831
0.0955875721501
146851
0.0929689110493
146871
0.095542478355
146891
0.0975040584416
146911
0.11046208256
146931
0.105124909812
146951
0.1085826376
146971
0.105290790559
146991
0.0817598819831
147011
0.0701321248196
147031
0.0695620104102
147051
0.070029053288
147071
0.0699710755514
147091
0.0702657957122
147111
0.0690128324057
147131
0.0695909992785
147151
0.068241406411
147171
0.0694702123274
147191
0.0675698309627
147211
0.068378298289
147231
0.0691545557617
147251
0.068484590806
147271
0.134345689033
147291
0.157862103175
147311
0.170763760049
147331
0.207811533704
147351
0.254692975675
147371
0.26728219697
147391
0.262619820656
147411
0.292157866935
147431
0.296369305298
147451
0.26830324933
147471
0.274606717687
147491
0.27979089363
147511
0.289556921253
147531
0.0912601783137
147551
0.0913535868893
147571
0.0914711528551
147591
0.0941171923315
147611
0.0907512626263
147631
0.0882984822717
147651
0.0929898474541
147671
0.0906224232117
147691
0.0895804344465
147711
0.0886978844568
147731
0.0886898319934
147751
0.0886238017934
147771
0.090155380334
147791
0.216314935065
147811
0.218603445166
147831
0.217511531128
147851
0.212704210472
147871
0.215034593383
147891
0.209732851474
147911
0.213085897238
147931
0.211059897444
147951
0.217635539064
147971
0.217435837972
147991
0.207412131519
148011
0.216343923933
148031
0.211373943517
148051
0.209117643269
148071
0.210206336322
148091
0.246816055968
148111
0.25905580035
148131
0.257078115337
148151
0.248155985879
148171
0.272171652752
148191
0.261798469388
148211
0.250502473717
148231
0.24685953927
148251
0.273228135951
148271
0.242784992785
148291
0.244897959184
148311
0.239829738714
148331
0.238137110905
148351
0.239852285611
148371
0.24634901309
148391
0.241044050196
148411
0.242818813131
148431
1.0
148451
1.0
148471
0.993801213667
148491
0.992380759122
148511
0.9923855906
148531
0.993105480829
148551
0.991685026283
148571
0.991762329932
148591
0.991752666976
148611
1.0
148631
0.991907274273
148651
0.991897611317
148671
1.0
148691
0.990018166357
148711
0.990090638528
148731
0.991897611317
148751
0.988085575139
148771
0.988201530612
148791
0.988201530612
148811
0.992453231293
148831
0.990428841991
148851
0.990433673469
148871
1.0
148891
0.991530418986
148911
0.991530418986
148931
1.0
148951
0.990022997835
148971
0.99003749227
148991
0.990849180581
149011
0.993061997526
149031
0.993033008658
149051
0.993033008658
149071
1.0
149091
0.990709067718
149111
0.990593112245
149131
1.0
149151
0.992230983302
149171
0.992264803649
149191
0.994680542672
149211
0.991641542981
149231
0.991665700371
149251
0.991747835498
149271
0.989655805504
149291
0.988684678417
149311
0.988684678417
149331
1.0
149351
0.988737824675
149371
0.988737824675
149391
1.0
149411
0.990723562152
149431
0.990762213976
149451
0.992699636673
149471
0.992047387137
149491
0.991994240878
149511
0.991994240878
149531
1.0
149551
0.997618081323
149571
0.996453695114
149591
0.990322549474
149611
0.984133426098
149631
0.978683518862
149651
0.973040352505
149671
0.966711116265
149691
0.963034361472
149711
0.955782312925
149731
0.948351499691
149751
0.943336425479
149771
0.936722132035
149791
0.931228741497
149811
0.928083449289
149831
0.922222866419
149851
0.915449134199
149871
0.915429808287
149891
0.904708758503
149911
0.90202245671
149931
0.903278641002
149951
0.899138064317
149971
0.901640769944
149991
0.906559214595
150011
0.904834376933
150031
0.903684485158
150051
0.909569225417
150071
0.90011885436
150091
0.892915120594
150111
0.893779955164
150131
0.886957908163
150151
0.891600958565
150171
0.90182436611
150191
0.899988404453
150211
0.895263218924
150231
0.897113675015
150251
0.888069148114
150271
0.887996675943
150291
0.892895794682
150311
0.888030496289
150331
0.893779955164
150351
0.903814935065
150371
0.900234809833
150391
0.901664927335
150411
0.903114370748
150431
0.897321428571
150451
0.904776399196
150471
0.909501584725
150491
0.900887059369
150511
0.905554267161
150531
0.916280148423
150551
0.910878555968
150571
0.913332946815
150591
0.910540352505
150611
0.903742462894
150631
0.908284052257
150651
0.910955859617
150671
0.905626739332
150691
0.903935722016
150711
0.909274505257
150731
0.907897534014
150751
0.910694959802
150771
0.907941017316
150791
0.902669874768
150811
0.909182707174
150831
0.910221474954
150851
0.907177643785
150871
0.913820926098
150891
0.912806315708
150911
0.909115066481
150931
0.910612824675
150951
0.905940785405
150971
0.897997835498
150991
0.900978857452
151011
0.907762252628
151031
0.907254947434
151051
0.907704274892
151071
0.908849335189
151091
0.9018485235
151111
0.896659516079
151131
0.896195694187
151151
0.899273345702
151171
0.895968614719
151191
0.898108959493
151211
0.903868081323
151231
0.908342029994
151251
0.909032931354
151271
0.905945616883
151291
0.908941133271
151311
0.913347441249
151331
0.909665854978
151351
0.913226654298
151371
0.91700487013
151391
0.914772727273
151411
0.913482722635
151431
0.916111046691
151451
0.911419681509
151471
0.905902133581
151491
0.912250695733
151511
0.90795551175
151531
0.903273809524
151551
0.907655960111
151571
0.905844155844
151591
0.905274041435
151611
0.903066055968
151631
0.893968382808
151651
0.890547696351
151671
0.896838280767
151691
0.895958951763
151711
0.900621328077
151731
0.908206748609
151751
0.9104533859
151771
0.908453153989
151791
0.903650664811
151811
0.894229282622
151831
0.893229166667
151851
0.8990317718
151871
0.898350533395
151891
0.900722789116
151911
0.90713899196
151931
0.908849335189
151951
0.902974257885
151971
0.910941365182
151991
0.901949984539
152011
0.889277017625
152031
0.885300711194
152051
0.878816867656
152071
0.874101345083
152091
0.869405148423
152111
0.862109616574
152131
0.860515228819
152151
0.869429305813
152171
0.864655805504
152191
0.856732181509
152211
0.85448071274
152231
0.839797850959
152251
0.824047232529
152271
0.852060142239
152291
0.849349683055
152311
0.852003774995
152331
0.865570565347
152351
0.879045557617
152371
0.88454216914
152391
0.877417349516
152411
0.8871479463
152431
0.900323386931
152451
0.910132897856
152471
0.908984616574
152491
0.911257021748
152511
0.913811263142
152531
0.910421176046
152551
0.925641942383
152571
0.92559201711
152591
0.926266813544
152611
0.92448721913
152631
0.932241741394
152651
0.939703153989
152671
0.941089788188
152691
0.943925865801
152711
0.95413961039
152731
0.955584222325
152751
0.959096706865
152771
0.963609307359
152791
0.963536835189
152811
0.971508773964
152831
0.986157815399
152851
0.997386170377
152871
0.997424822202
152891
1.0
152911
1.0
152931
1.0
