109957
0.0992683015046
109977
0.104382957176
109997
0.103258101852
110017
0.103071831597
110037
0.055521556713
110057
0.0542719184028
110077
0.0512745949074
110097
0.0536313657407
110117
0.0542368344907
110137
0.0537532552083
110157
0.0542176649306
110177
0.053089916088
110197
0.0541095196759
110217
0.0551189959491
110237
0.0555678530093
110257
0.0587080439815
110277
0.0593865740741
110297
0.112589699074
110317
0.106237340856
110337
0.0937568721065
110357
0.105477792245
110377
0.0668471498843
110397
0.0642744502315
110417
0.0640834780093
110437
0.0748752170139
110457
0.0755385561343
110477
0.0749254918981
110497
0.0792107928241
110517
0.0796122685185
110537
0.0759964554398
110557
0.0727766927083
110577
0.0731926359954
110597
0.0723328993056
110617
0.0717668547454
110637
1.0
110657
0.957664568866
110677
0.944015118634
110697
0.944299768519
110717
0.943825954861
110737
0.94294958044
110757
1.0
110777
0.928506221065
110797
0.916884403935
110817
0.916715133102
110837
0.917590784144
110857
0.917761140046
110877
1.0
110897
0.985851056134
110917
0.963863208912
110937
0.963578559028
110957
0.963078342014
110977
0.966948423032
110997
1.0
111017
0.880660083912
111037
0.873887803819
111057
0.872477936921
111077
0.873227719907
111097
0.872004484954
111117
0.864351851852
111137
1.0
111157
0.909190176505
111177
0.89064416956
111197
0.891033709491
111217
0.889729456019
111237
0.890984157986
111257
0.966800491898
111277
0.940928819444
111297
0.904157986111
111317
0.903910590278
111337
0.903037471065
111357
0.904451678241
111377
1.0
111397
0.95787145544
111417
0.949695818866
111437
0.949216941551
111457
0.94947265625
111477
0.973360460069
111497
1.0
111517
0.924607566551
111537
0.923854528356
111557
0.92380859375
111577
0.92302806713
111597
0.923074001736
111617
1.0
111637
0.974933087384
111657
0.967274667245
111677
0.967254412616
111697
0.967545934606
111717
0.973891420718
111737
1.0
111757
0.963178891782
111777
0.96298755787
111797
0.962972366898
111817
0.962790798611
111837
0.99999963831
111857
0.97830150463
111877
0.965676721644
111897
0.9654296875
111917
0.964575014468
111937
0.96324182581
111957
1.0
111977
0.970538194444
111997
0.966996527778
112017
0.967084056713
112037
0.967209924769
112057
1.0
112077
0.9880859375
112097
0.977560763889
112117
0.977386429398
112137
0.977139756944
112157
0.977329644097
112177
1.0
112197
0.970478877315
112217
0.964646990741
112237
0.964757306134
112257
0.964602864583
112277
0.981715494792
112297
1.0
112317
0.960455005787
112337
0.959581163194
112357
0.959907407407
112377
0.959246961806
112397
1.0
112417
0.886126663773
112437
0.846714771412
112457
0.844260344329
112477
0.844518952546
112497
0.841929615162
112517
0.843552517361
112537
0.916123770255
112557
1.0
112577
0.916176938657
112597
0.915691189236
112617
0.914865089699
112637
0.915594979745
112657
0.91681712963
112677
1.0
112697
0.937385344329
112717
0.930680700231
112737
0.931287977431
112757
0.930904947917
112777
0.960202184606
112797
1.0
112817
0.949663990162
112837
0.948081235532
112857
0.947638527199
112877
0.950460069444
112897
1.0
112917
0.950169994213
112937
0.947931857639
112957
0.948466796875
112977
0.94755931713
112997
0.971382016782
113017
1.0
113037
1.0
113057
0.99521448206
113077
0.990931351273
113097
0.98769567419
113117
0.987627676505
113137
0.984926215278
113157
0.986595413773
113177
0.987342303241
113197
0.986830873843
113217
0.986740451389
113237
0.984993127894
113257
0.98443323206
113277
0.980081380208
113297
0.975087167245
113317
0.969391637731
113337
0.964282769097
113357
0.957234519676
113377
0.94888744213
113397
0.943933738426
113417
0.945894097222
113437
0.946446397569
113457
0.945925925926
113477
0.942256944444
113497
0.944758029514
113517
0.944770688657
113537
0.94083948206
113557
0.947253327546
113577
0.944912109375
113597
0.943237485532
113617
0.943338396991
113637
0.941422887731
113657
0.937047526042
113677
0.941438440394
113697
0.944216579861
113717
0.940321542245
113737
0.948357928241
113757
0.944794560185
113777
0.944800708912
113797
0.949314236111
113817
0.950570023148
113837
0.947247902199
113857
0.949183304398
113877
0.955364221644
113897
0.954592737269
113917
0.956793258102
113937
0.962056568287
113957
0.954607566551
113977
0.948199146412
113997
0.939611183449
114017
0.927659505208
114037
0.918669343171
114057
0.908829210069
114077
0.891961805556
114097
0.907212456597
114117
0.902419343171
114137
0.910149739583
114157
0.927671440972
114177
0.942143735532
114197
0.955087528935
114217
0.968912037037
114237
0.979815176505
114257
0.991877170139
114277
0.995113208912
114297
0.995255714699
114317
0.994880642361
114337
0.994840133102
114357
0.991918402778
114377
0.991831958912
114397
0.988486328125
114417
0.990391710069
114437
0.984469401042
114457
0.979323640046
114477
0.968939525463
114497
0.961613498264
114517
0.951336805556
114537
0.947245008681
114557
0.943138382523
114577
0.943318504051
114597
0.93732494213
114617
0.932633101852
114637
0.934568504051
114657
0.932299985532
114677
0.933178530093
114697
0.938653790509
114717
0.940294415509
114737
0.934273726852
114757
0.93759693287
114777
0.933434606481
114797
0.934926576968
114817
0.937808159722
114837
0.941666666667
114857
0.943218677662
114877
0.939912471065
114897
0.938798466435
114917
0.945698423032
114937
0.944526186343
114957
0.944040798611
114977
0.950179036458
114997
0.948395543981
115017
0.951561053241
115037
0.950796802662
115057
0.947027633102
115077
0.938392650463
115097
0.943987991898
115117
0.936051432292
115137
0.934307364005
115157
0.933807508681
115177
0.928347077546
115197
0.934675564236
115217
0.924985894097
115237
0.929382233796
115257
0.928995225694
115277
0.933999927662
115297
0.933083767361
115317
0.935589554398
115337
0.927062717014
115357
0.940028573495
115377
0.932082971644
115397
0.9367578125
115417
0.938402416088
115437
0.932709056713
115457
0.92685619213
115477
0.927098885995
115497
0.931481843171
115517
0.930115740741
115537
0.921095196759
115557
0.926513671875
115577
0.932195095486
115597
0.931919849537
115617
0.93449254919
115637
0.932911964699
115657
0.938798828125
115677
0.926450737847
115697
0.936198640046
115717
0.943489583333
115737
0.948492476852
115757
0.935945095486
115777
0.93966724537
115797
0.93554651331
115817
0.939688946759
115837
0.936013816551
115857
0.93382884838
115877
0.935450303819
115897
0.935927372685
115917
0.935359157986
115937
0.933997757523
115957
0.937288411458
115977
0.934994936343
115997
0.932996600116
116017
0.93189453125
116037
0.93820384838
116057
0.930930627894
116077
0.940757016782
116097
0.947375940394
116117
0.948562644676
116137
0.94679651331
116157
0.943506582755
116177
0.941199001736
116197
0.946287254051
116217
0.945415943287
116237
0.944478804977
116257
0.938252314815
116277
0.93335901331
116297
0.944191261574
116317
0.948084490741
116337
0.946946252894
116357
0.947689163773
116377
0.949131221065
116397
0.953483434606
116417
0.954519314236
116437
0.95857494213
116457
0.955959563079
116477
0.952565827546
116497
0.944736689815
116517
0.941260489005
116537
0.944760199653
116557
0.940123336227
116577
0.943770978009
116597
0.941381655093
116617
0.936955656829
116637
0.931775535301
116657
0.934663990162
116677
0.938391203704
116697
0.938057364005
116717
0.938742404514
116737
0.939931640625
116757
0.940035807292
116777
0.938422309028
116797
0.940285011574
116817
0.940479962384
116837
0.950065104167
116857
0.956432653356
116877
0.963037109375
116897
0.966975549769
116917
0.973814380787
116937
0.980327329282
116957
0.982181712963
116977
0.986936848958
116997
0.995309968171
117017
0.995626808449
117037
0.995726273148
117057
0.995776186343
117077
0.995193504051
117097
0.986479311343
117117
0.978892505787
117137
0.977890625
117157
0.972791160301
117177
0.962868200231
117197
0.956634837963
117217
0.944611183449
117237
0.944016203704
117257
0.938335865162
117277
0.937251519097
117297
0.939573206019
117317
0.937260561343
117337
0.945875651042
117357
0.950830078125
117377
0.959087456597
117397
0.965421368634
117417
0.969856047454
117437
0.976049985532
117457
0.981824725116
117477
0.985871310764
117497
0.990750868056
117517
0.995510706019
117537
0.995456814236
117557
0.995808376736
117577
0.995674913194
117597
0.990718315972
117617
0.979546802662
117637
0.975027126736
117657
0.975689019097
117677
0.966960720486
117697
0.958716001157
117717
0.952985026042
117737
0.949334129051
117757
0.941331380208
117777
0.935771846065
117797
0.926766131366
117817
0.935472366898
117837
0.926800853588
117857
0.935608723958
117877
0.93482349537
117897
0.928137659144
117917
0.928206380208
117937
0.933692853009
117957
0.936165002894
117977
0.937917390046
117997
0.937318431713
118017
0.943312355324
118037
0.942339048032
118057
0.937596209491
118077
0.942808521412
118097
0.940984881366
118117
0.936585648148
118137
0.940938946759
118157
0.940251736111
118177
0.937676866319
118197
0.933548900463
118217
0.936685836227
118237
0.931628327546
118257
0.927996238426
118277
0.937509403935
118297
0.93939416956
118317
0.935719762731
118337
0.928851996528
118357
0.936081090856
118377
0.937484085648
118397
0.937135416667
118417
0.942862413194
118437
0.953602068866
118457
0.946013816551
118477
0.950994646991
118497
0.94826099537
118517
0.954275173611
118537
0.949074797454
118557
0.945692274306
118577
0.951380931713
118597
0.951928168403
118617
0.956531756366
118637
0.96564453125
118657
0.970550853588
118677
0.972368344907
118697
0.968217230903
118717
0.972926070602
118737
0.981118706597
118757
0.982887731481
118777
0.984159071181
118797
0.98343786169
118817
0.982054398148
118837
0.980597873264
118857
0.983781467014
118877
0.988116319444
118897
0.993192635995
118917
0.992234157986
118937
0.988361906829
118957
0.98275426794
118977
0.976976273148
118997
0.977106119792
119017
0.972438151042
119037
0.969105179398
119057
0.969439742477
119077
0.958908781829
119097
0.955197482639
119117
0.950745081019
119137
0.94996166088
119157
0.951042390046
119177
0.959996383102
119197
0.966544415509
119217
0.960531684028
119237
0.966692346644
119257
0.975201822917
119277
0.962160734954
119297
0.963081597222
119317
0.96872974537
119337
0.968697916667
119357
0.967857349537
119377
0.968986545139
119397
0.967923538773
119417
0.968531539352
119437
0.967752459491
119457
0.967906539352
119477
0.953800274884
119497
1.0
119517
1.0
119537
1.0
