187328
0.602000252643
187348
0.504738514459
187368
0.254455262749
187388
0.397528470927
187408
0.391028743004
187428
0.383513584422
187448
0.377394278607
187468
0.36691882385
187488
0.359586345616
187508
0.35451405084
187528
0.353202250466
187548
0.34737542755
187568
0.356908815299
187588
0.345148282027
187608
0.333098666822
187628
0.315437946984
187648
0.301023690143
187668
0.290026430348
187688
0.286930581468
187708
0.275233208955
187728
0.409898748445
187748
0.409148107121
187768
0.408692863806
187788
0.408223530784
187808
0.40876962842
187828
0.41084470227
187848
0.408523301461
187868
0.211146416356
187888
0.22453601135
187908
0.218774778451
187928
0.306322877799
187948
0.173584227301
187968
0.154154520367
187988
0.168723278141
188008
0.170111843128
188028
0.657801811256
188048
0.659407552083
188068
0.658182233364
188088
0.658435848103
188108
0.657645852767
188128
0.657759056281
188148
0.653958722015
188168
0.654966379042
188188
0.657842622823
188208
0.65751224347
188228
0.659076201026
188248
0.39678463153
188268
0.394349541356
188288
0.378316911536
188308
0.375292482898
188328
0.374425237096
188348
0.414738320118
188368
0.42228262982
188388
0.447788401741
188408
0.487351815143
188428
0.548589085821
188448
0.692188957556
188468
1.0
188488
0.959401721859
188508
0.95897951648
188528
0.958970285292
188548
0.958975629664
188568
0.958970771144
188588
0.958995063744
188608
0.961304804104
188628
0.971921155939
188648
0.9662230838
188668
0.966116196362
188688
0.966116682214
188708
0.966119597326
188728
0.966469410759
188748
0.972061567164
188768
0.976476018346
188788
0.975113203514
188808
0.975055387127
188828
0.975060731499
188848
0.977491449005
188868
0.98760008551
188888
0.985062966418
188908
0.9849730838
188928
0.984960451648
188948
0.984966281872
188968
0.990728000622
188988
0.98838133551
189008
0.98759765625
189028
0.987616604478
189048
0.987628750777
189068
0.989110599347
189088
0.985104263837
189108
0.983217214708
189128
0.983130247201
189148
0.983137049129
189168
0.983141421797
189188
0.98396494092
189208
0.985707206157
189228
0.981939423974
189248
0.981842253576
189268
0.981845168688
189288
0.981858286692
189308
0.983330418221
189328
0.988283193408
189348
0.984500349813
189368
0.984509581001
189388
0.984507637593
189408
0.985143131996
189428
1.0
189448
0.984211753731
189468
0.983913926461
189488
0.983913926461
189508
0.984482859142
189528
1.0
189548
0.986822722326
189568
0.986339299596
189588
0.986341243004
189608
0.986343672264
189628
0.986530239428
189648
1.0
189668
0.985844216418
189688
0.985658620958
189708
0.985642587842
189728
0.986089085821
189748
1.0
189768
0.991976154384
189788
0.991798818408
189808
0.991790558924
189828
0.991828941231
189848
0.995328533116
189868
0.985626068874
189888
0.984638817631
189908
0.98464367615
189928
0.984674284826
189948
0.986401974502
189968
0.992631082867
189988
0.991688530006
190008
0.991611765392
190028
0.991617109764
190048
0.992010164024
190068
0.999143928794
190088
0.99425042755
190108
0.994174634639
190128
0.994183865827
190148
0.994302899565
190168
1.0
190188
0.995091437345
190208
0.994993781095
190228
0.994989894279
190248
0.995143423507
190268
0.99803229944
190288
0.993109161225
190308
0.992806961287
190328
0.992814734919
190348
0.992811819807
190368
0.993966204136
190388
0.99568126166
190408
0.995270230877
190428
0.995279462065
190448
0.995283348881
190468
0.995757540423
190488
0.982076920087
190508
0.977414198539
190528
0.977481246113
190548
0.977479788557
190568
0.977487562189
190588
0.978490360697
190608
0.983942591729
190628
0.979113222948
190648
0.979188044154
190668
0.979192902674
190688
0.979241487873
190708
0.980960918066
190728
0.98371569885
190748
0.981181009017
190768
0.981075093284
190788
0.981107159515
190808
0.981112503887
190828
0.982749825093
190848
0.982496696206
190868
0.979711306748
190888
0.979714707711
190908
0.979719566231
190928
0.980590212998
190948
1.0
190968
0.958263856499
190988
0.957700754042
191008
0.957708527674
191028
0.957696381374
191048
0.958316814366
191068
1.0
191088
0.990559409981
191108
0.990276158271
191128
0.990293648943
191148
0.990311139614
191168
0.993768948228
191188
0.972823868937
191208
0.970793007618
191228
0.97078863495
191248
0.970794465174
191268
0.974193971549
191288
0.992936197917
191308
0.979534942475
191328
0.975387709888
191348
0.96337890625
191368
0.959526585821
191388
0.951049440299
191408
0.940537546642
191428
0.933755052861
191448
0.922563938122
191468
0.909936159049
191488
0.907142995958
191508
0.901795223103
191528
0.902157182836
191548
0.902665384017
191568
0.906008531561
191588
0.906898126555
191608
0.917202561412
191628
0.917259891947
191648
0.924931009017
191668
0.923550217662
191688
0.928232859142
191708
0.934859394434
191728
0.935418124223
191748
0.938087880908
191768
0.938479963464
191788
0.935015352923
191808
0.927242692786
191828
0.926551811256
191848
0.920934876399
191868
0.911296544621
191888
0.911324724036
191908
0.907410214552
191928
0.909767568408
191948
0.911456875777
191968
0.905960432214
191988
0.90254877954
192008
0.904934312811
192028
0.899146358053
192048
0.898312150187
192068
0.896757423818
192088
0.902237834266
192108
0.904198732898
192128
0.907353369869
192148
0.910255363806
192168
0.913511057991
192188
0.914749008862
192208
0.909335160137
192228
0.91327396222
192248
0.91779044232
192268
0.925049556903
192288
0.927264070274
192308
0.923399603545
192328
0.914367129198
192348
0.910534242848
192368
0.905006218905
192388
0.905857917444
192408
0.907234821984
192428
0.907622531872
192448
0.90527100824
192468
0.901721373601
192488
0.900994539024
192508
0.902861182369
192528
0.900835179571
192548
0.906119791667
192568
0.901064987562
192588
0.906693097015
192608
0.910591573383
192628
0.910765022544
192648
0.903453921797
192668
0.902093050373
192688
0.911619636194
192708
0.917163693252
192728
0.920276061101
192748
0.927077988961
192768
0.92695798352
192788
0.93097160681
192808
0.937537410603
192828
0.937798798974
192848
0.946282260572
192868
0.943142685012
192888
0.939360813122
192908
0.934933243937
192928
0.929944515703
192948
0.929602961754
192968
0.927919484608
192988
0.922883628731
193008
0.919133823072
193028
0.919135280628
193048
0.918821906095
193068
0.91747318097
193088
0.919795067631
193108
0.921412468905
193128
0.917874494714
193148
0.920748309235
193168
0.919931106188
193188
0.921917754975
193208
0.925187538868
193228
0.926837006374
193248
0.928981557058
193268
0.929163265703
193288
0.93309089319
193308
0.938569846082
193328
0.94123280084
193348
0.942371637904
193368
0.936483597637
193388
0.935311722637
193408
0.93576162158
193428
0.934292405162
193448
0.92627924829
193468
0.929174440299
193488
0.923473453047
193508
0.926432291667
193528
0.922922496891
193548
0.914743178638
193568
0.915687189055
193588
0.914495879975
193608
0.910687286225
193628
0.899722578514
193648
0.887685109608
193668
0.879510164024
193688
0.882997609608
193708
0.875524234297
193728
0.866761893657
193748
0.867930853545
193768
0.870912527208
193788
0.879861920864
193808
0.87518559546
193828
0.88155997357
193848
0.889735890858
193868
0.89793221393
193888
0.904234685945
193908
0.909295806126
193928
0.916228428172
193948
0.917188957556
193968
0.915967525653
193988
0.915395677861
194008
0.91521251166
194028
0.918013934235
194048
0.926713114117
194068
0.919096898321
194088
0.919477806281
194108
0.918645541822
194128
0.915710024098
194148
0.917016965951
194168
0.916105021766
194188
0.918885552705
194208
0.917514478389
194228
0.911890255752
194248
0.913461501088
194268
0.911556961287
194288
0.913274933924
194308
0.913507171175
194328
0.918555659204
194348
0.920240593905
194368
0.918985152363
194388
0.920071031561
194408
0.92030278296
194428
0.920284806437
194448
0.921716126399
194468
0.916437344527
194488
0.919921389148
194508
0.920304726368
194528
0.917084499378
194548
0.918275322606
194568
0.918703358209
194588
0.919097870025
194608
0.917877895678
194628
0.917734569341
194648
0.916151177705
194668
0.923072625155
194688
0.92570545709
194708
0.926940006996
194728
0.922779656405
194748
0.92285399176
194768
0.927441892102
194788
0.92862299829
194808
0.925117576182
194828
0.924124494714
194848
0.925391596704
194868
0.921797263682
194888
0.917524195429
194908
0.922229186101
194928
0.922141246891
194948
0.91883550995
194968
0.918305445429
194988
0.916176927861
195008
0.916204135572
195028
0.914769414646
195048
0.919503070585
195068
0.920516071984
195088
0.921730701959
195108
0.919786808147
195128
0.916009794776
195148
0.921309468284
195168
0.917616507307
195188
0.912369305815
195208
0.922139303483
195228
0.930234083489
195248
0.929422710665
195268
0.932140566698
195288
0.93272456079
195308
0.933861454447
195328
0.933354710821
195348
0.934725785137
195368
0.944172205379
195388
0.945025361474
195408
0.944705185012
195428
0.945178890703
195448
0.941578241604
195468
0.944207672575
195488
0.940831487096
195508
0.940305309391
195528
0.944122162624
195548
0.933638934235
195568
0.941812422264
195588
0.937532066231
195608
0.926340951493
195628
0.939065900964
195648
0.933808982432
195668
0.931487581623
195688
0.935783970771
195708
0.938272018812
195728
0.9314453125
195748
0.9328367926
195768
0.942048060479
195788
0.938123833955
195808
0.938928404851
195828
0.929134600435
195848
0.910000291511
195868
0.916804648632
195888
0.91857655084
195908
0.913928890703
195928
0.908202153296
195948
0.908834246735
195968
0.904905161692
195988
0.90899895056
196008
0.907812985852
196028
0.905904073383
196048
0.929318252488
196068
0.9359132074
196088
0.936910175684
196108
0.929114680504
196128
0.915449607432
196148
0.924814890392
196168
0.933382404384
196188
0.932621074316
196208
0.928020541822
196228
0.933763798197
196248
0.938849696828
196268
0.932566658893
196288
0.930099502488
196308
0.916830884639
196328
0.918781580379
196348
0.921263312345
196368
0.902381646455
196388
0.88720460199
196408
0.877179046175
196428
0.879942572295
196448
0.863153470927
196468
0.864418143657
196488
0.87097180115
196508
0.878331487096
196528
0.882554026741
196548
0.905085898632
196568
0.907606498756
196588
0.905895813899
196608
0.903850862873
196628
0.893246171486
196648
0.906703785759
196668
0.910307349969
196688
0.910494402985
196708
0.910811178483
196728
0.910896688433
196748
0.911023981654
196768
0.911591942631
196788
0.910809235075
196808
0.912012204602
196828
0.914412313433
196848
0.925344469061
196868
1.0
196888
1.0
196908
1.0
