121405
0.374821266653
121425
0.354066401618
121445
0.355362581665
121465
0.367945118691
121485
0.270991723048
121505
0.220049812839
121525
0.213000743996
121545
0.205937143986
121565
0.239608762875
121585
0.161614180093
121605
0.177172700007
121625
0.235070679594
121645
0.2434522564
121665
0.233523110367
121685
0.555738648253
121705
0.600783811118
121725
0.588041431262
121745
0.252987607821
121765
0.251833833205
121785
0.532852061101
121805
0.577949536165
121825
0.241936655739
121845
0.241621329427
121865
0.540236799888
121885
0.514016763154
121905
0.589407360908
121925
0.456942700704
121945
0.501854176838
121965
0.500611762107
121985
0.472694485132
122005
0.465970914417
122025
0.440314686941
122045
0.441125526028
122065
0.104236416266
122085
0.115678256725
122105
0.229742100858
122125
0.26270605194
122145
0.161378775197
122165
0.213515147288
122185
0.237853397968
122205
0.649936934738
122225
0.70965131013
122245
0.406900269698
122265
0.389535525796
122285
0.728874590221
122305
0.637817941922
122325
0.265968298807
122345
0.233870405245
122365
0.464362314292
122385
0.226212480528
122405
0.329662760689
122425
0.880654076864
122445
0.485480458487
122465
0.312629327381
122485
0.402320046035
122505
0.3048435284
122525
0.776878298575
122545
0.684827718491
122565
0.684973030155
122585
0.683877380205
122605
0.370211980656
122625
0.393987875195
122645
0.304121329427
122665
0.27849997675
122685
0.191491711423
122705
0.761319778661
122725
0.796541873009
122745
0.4254086164
122765
0.395254992909
122785
0.406599474553
122805
0.42365470461
122825
0.418583327521
122845
0.182694543256
122865
0.778297993537
122885
0.78376171212
122905
0.774639045825
122925
0.737395666225
122945
0.58836692939
122965
0.352786205854
122985
0.6074434447
123005
0.592166829416
123025
0.779884796912
123045
0.792708551301
123065
0.366911952756
123085
0.322028085839
123105
0.314166724791
123125
0.422755225407
123145
0.385507486457
123165
0.443639417823
123185
0.385372346609
123205
0.820922264072
123225
0.839307095859
123245
0.323641045314
123265
0.322539582897
123285
0.415743937597
123305
0.355933656506
123325
0.18092174095
123345
0.167807363233
123365
0.159363302411
123385
0.19561565646
123405
0.413809839343
123425
0.237491571923
123445
0.164542210132
123465
0.167468787054
123485
0.151578956546
123505
0.138512531678
123525
0.14146090535
123545
0.129901362442
123565
0.0517280463137
123585
0.194313663946
123605
0.159995408151
123625
0.261206435563
123645
0.328155878729
123665
0.228331124596
123685
0.296889167887
123705
0.402102078538
123725
0.395009416196
123745
0.197137069587
123765
0.188294854805
123785
0.197285287485
123805
0.185340668666
123825
0.796377670828
123845
0.762755457906
123865
0.753289856083
123885
0.711948687545
123905
0.703160238079
123925
0.677381948804
123945
0.614851433354
123965
0.57349573365
123985
0.413453825766
124005
0.536970193671
124025
0.746230615424
124045
0.601934679501
124065
0.272683150822
124085
0.150753586292
124105
0.157225767827
124125
0.790678547348
124145
0.792330740973
124165
0.84495390714
124185
0.220402920183
124205
0.15659656832
124225
0.712614214968
124245
0.33858780312
124265
0.316815756434
124285
0.300779161145
124305
0.274941294088
124325
0.270320383158
124345
0.257393457488
124365
0.245541838134
124385
0.217301969264
124405
0.188236730139
124425
0.185517948897
124445
0.1908000279
124465
0.194775755039
124485
0.186540943015
124505
0.194790286206
124525
0.306886610402
124545
0.325283067122
124565
0.323123735789
124585
0.370134965474
124605
0.39627653391
124625
0.400904710423
124645
0.403906849411
124665
0.400076433936
124685
0.38529387831
124705
0.363094615331
124725
0.34254609286
124745
0.332507963079
124765
0.291605635768
124785
0.236949559415
124805
0.187986794076
124825
0.158173199879
124845
0.150723070842
124865
0.143108739625
124885
0.164298086536
124905
0.145051556579
124925
0.145391585873
124945
0.158716665504
124965
0.149547499477
124985
0.211415393736
125005
0.205685754807
125025
0.20836094255
125045
0.187130908372
125065
0.188329729604
125085
0.195304689498
125105
0.190593685336
125125
0.181533503057
125145
0.210739694497
125165
0.284620504057
125185
0.999997093767
125205
1.0
125225
1.0
125245
1.0
125265
0.0991606798261
125285
0.100607984004
125305
0.0979400618446
125325
0.0996954267513
125345
0.103053579317
125365
0.0728113157099
125385
0.0663086187254
125405
0.0706476250262
125425
0.0781616911953
125445
0.0799315872684
125465
0.0779480830485
125485
0.0774162423566
125505
0.0829046639232
125525
0.0840831415219
125545
0.082786961475
125565
0.0817334519077
125585
0.151965485573
125605
0.150157808468
125625
0.147032154565
125645
0.0677835321197
125665
0.0674013624422
125685
0.0663638371579
125705
0.0672763944107
125725
0.987782195252
125745
0.987670305271
125765
0.987668852154
125785
0.987671758387
125805
0.990752365674
125825
0.990777068657
125845
0.990759631257
125865
0.991869812374
125885
0.99186254679
125905
0.99185818744
125925
0.991869812374
125945
0.991218816117
125965
0.991186847551
125985
0.9912086443
126005
0.981635511846
126025
0.98177210481
126045
0.981790995327
126065
0.981761932994
126085
0.979515414661
126105
0.979561914394
126125
0.979590976727
126145
0.97959388296
126165
0.985285740857
126185
0.985186928925
126205
0.985172397759
126225
0.990685522308
126245
0.990665178675
126265
0.990685522308
126285
0.990675350492
126305
0.982620724931
126325
0.982526272349
126345
0.982517553649
126365
0.992888447141
126385
0.99299743089
126405
0.992948024924
126425
0.992929134407
126445
0.991428064914
126465
0.991396096347
126485
0.991393190114
126505
0.991422252447
126525
0.985463021088
126545
0.985461567971
126565
0.985479005371
126585
0.990323696264
126605
0.990284462114
126625
0.990235056148
126645
0.990230696798
126665
0.985808862849
126685
0.985941096464
126705
0.98596434633
126725
0.982468147683
126745
0.982494303783
126765
0.982572772082
126785
0.982568412732
126805
0.981160342703
126825
0.981186498803
126845
0.981187951919
126865
0.981179233219
126885
0.964671828137
126905
0.964831670968
126925
0.965208028179
126945
0.987474134524
126965
0.987561321522
126985
0.987568587106
127005
0.987577305805
127025
0.987078886796
127045
0.987180604962
127065
0.987128292762
127085
0.981124014787
127105
0.981429169282
127125
0.981411731883
127145
0.981421903699
127165
0.998927599916
127185
0.997990339681
127205
0.993831519844
127225
0.988347457627
127245
0.98222693032
127265
0.976263339611
127285
0.969031178071
127305
0.964131268745
127325
0.962867057264
127345
0.9572216991
127365
0.951088093743
127385
0.945146299784
127405
0.936571458464
127425
0.930721210853
127445
0.92301388017
127465
0.917028492711
127485
0.910206110065
127505
0.907464078957
127525
0.908859070935
127545
0.914552381949
127565
0.922076619934
127585
0.927569400851
127605
0.93358530376
127625
0.936697879612
127645
0.937251517054
127665
0.942543767873
127685
0.949671305015
127705
0.955578224175
127725
0.962749354816
127745
0.970849026993
127765
0.977034944549
127785
0.980661923694
127805
0.987166073795
127825
0.992698088861
127845
0.992480121364
127865
0.992820150659
127885
0.992610901862
127905
0.992480121364
127925
0.985566192369
127945
0.980317535049
127965
0.980430878147
127985
0.973346934505
128005
0.966921252703
128025
0.959418811467
128045
0.954082967148
128065
0.9473652089
128085
0.944021587501
128105
0.941065948246
128125
0.932813698821
128145
0.928449989538
128165
0.92304875497
128185
0.917189788659
128205
0.911945490688
128225
0.913998744507
128245
0.910197391365
128265
0.907093534212
128285
0.907729999303
128305
0.911356978447
128325
0.91183650694
128345
0.916601276418
128365
0.91971385227
128385
0.913915916858
128405
0.916191497524
128425
0.917664957801
128445
0.917167991909
128465
0.918297063542
128485
0.911295947548
128505
0.906226023575
128525
0.906169352026
128545
0.903688881914
128565
0.906705552068
128585
0.91049818651
128605
0.908985492083
128625
0.906657599219
128645
0.90655297482
128665
0.904948734045
128685
0.903248587571
128705
0.90197129804
128725
0.896622375671
128745
0.894909151147
128765
0.897537839157
128785
0.897703494455
128805
0.901535363047
128825
0.904129176257
128845
0.905306200739
128865
0.900598102811
128885
0.900545790612
128905
0.905746495083
128925
0.910254062914
128945
0.90658349027
128965
0.909953267769
128985
0.908274918044
129005
0.91187138174
129025
0.916147904025
129045
0.91512781614
129065
0.912128583386
129085
0.919883866918
129105
0.919378182325
129125
0.920908314152
129145
0.92038519216
129165
0.927551963451
129185
0.924391434749
129205
0.915637860082
129225
0.910907965404
129245
0.910023017368
129265
0.913571528214
129285
0.913488700565
129305
0.907337657808
129325
0.908619306689
129345
0.913584606264
129365
0.920790611704
129385
0.911875741089
129405
0.908423135942
129425
0.911439806096
129445
0.908231324545
129465
0.911989084188
129485
0.910877449955
129505
0.919282276627
129525
0.917926518798
129545
0.926667015415
129565
0.922826428123
129585
0.925075852689
129605
0.924853525842
129625
0.928994908279
129645
0.926492641417
129665
0.927181418707
129685
0.930019355514
129705
0.933798911906
129725
0.933424007812
129745
0.931893875985
129765
0.932120562182
129785
0.931348957243
129805
0.931710783288
129825
0.931658471089
129845
0.928650519635
129865
0.928205865941
129885
0.924648636395
129905
0.925799504778
129925
0.92367214201
129945
0.923489049313
129965
0.924299888401
129985
0.928218943991
130005
0.931314082444
130025
0.936562739764
130045
0.942443502825
130065
0.945529922578
130085
0.94933563507
130105
0.947012101555
130125
0.953019285764
130145
0.958002022738
130165
0.964671828137
130185
0.96906169352
130205
0.977100334798
130225
0.978691497524
130245
0.981254795285
130265
0.983342923903
130285
0.983207784055
130305
0.974410615889
130325
0.962949884913
130345
0.949169979773
130365
0.944832426589
130385
0.942055520681
130405
0.948904059427
130425
0.938733696031
130445
0.930001918114
130465
0.924173467253
130485
0.92236433703
130505
0.92239921183
130525
0.927926867546
130545
0.927796087047
130565
0.924029608705
130585
0.907901467067
130605
0.905729057683
130625
0.917919253214
130645
0.931622143173
130665
0.928287240473
130685
0.92875659715
130705
0.927817883797
130725
0.934990467555
130745
0.944630443375
130765
0.952394445607
130785
0.948141173188
130805
0.94734341215
130825
0.945242205482
130845
0.943396747344
130865
0.930539571272
130885
0.945346829881
130905
0.956387610146
130925
0.957890132757
130945
0.936853363093
130965
0.942151426379
130985
0.950041849759
131005
0.950351363605
131025
0.948972355909
131045
0.948742763479
131065
0.949818069796
131085
0.955491037177
131105
0.956240845365
131125
0.947905768292
131145
0.942456580875
131165
0.957326323499
131185
0.961563611634
131205
0.960643788798
131225
0.96121486364
131245
0.971995536026
131265
0.983238299505
131285
0.98291134826
131305
0.983159831206
131325
0.983207784055
131345
0.983164190556
131365
0.983146753156
131385
1.0
