109712
0.0694536994485
109732
0.063259229473
109752
0.0822122012868
109772
0.0988376991422
109792
0.0974259918811
109812
0.120402496936
109832
0.122774011949
109852
0.162548349418
109872
0.162244370404
109892
0.119702148438
109912
0.113001206342
109932
0.115766218597
109952
0.109512867647
109972
0.113383693321
109992
0.107590379902
110012
0.114711626838
110032
0.112802064185
110052
0.110056678922
110072
0.112121342678
110092
0.094713158701
110112
0.0942564721201
110132
0.11549431296
110152
0.126904296875
110172
0.144603534773
110192
0.125152707567
110212
0.0833859911152
110232
0.086550245098
110252
0.101045975031
110272
0.0937332452512
110292
0.102424172794
110312
0.093377087163
110332
0.0990062040441
110352
0.0851069431679
110372
0.0962627336091
110392
0.0910950903799
110412
0.0878379672181
110432
0.0977127374387
110452
0.0927212584252
110472
0.0820192823223
110492
0.091122376685
110512
0.127518478094
110532
0.113991172641
110552
0.100600298713
110572
0.114130476409
110592
0.170969764859
110612
0.0934862323836
110632
0.099831495098
110652
0.0863874846814
110672
0.081072399663
110692
0.0943852443321
110712
0.124525122549
110732
0.117367015165
110752
0.130278703278
110772
0.121507831648
110792
0.112746534161
110812
0.0901826746324
110832
0.0927346622243
110852
0.0910295075061
110872
0.09212957644
110892
0.0779813878676
110912
0.0805285883885
110932
0.0842127182904
110952
0.0841433057598
110972
0.088969152114
110992
0.0810216567096
111012
0.0742288028493
111032
0.0902319814645
111052
0.0887460746017
111072
0.0836990655637
111092
0.081636316636
111112
0.0773432712929
111132
0.076314051011
111152
0.123396331189
111172
0.0916350719975
111192
0.139882525276
111212
0.139093615962
111232
0.135617244945
111252
0.235282628676
111272
0.285459271599
111292
0.183803423713
111312
0.280570714614
111332
0.203199678309
111352
0.19954474954
111372
0.112464096967
111392
0.123524145987
111412
0.214099839154
111432
0.0566114238664
111452
0.0856689453125
111472
0.0756184895833
111492
0.0435029871324
111512
0.193199008119
111532
0.108641142004
111552
0.0960856119792
111572
0.0842591528799
111592
0.116059666054
111612
0.117804074755
111632
0.121854415594
111652
0.123686906403
111672
0.12177734375
111692
1.0
111712
0.167233934589
111732
1.0
111752
1.0
111772
1.0
111792
1.0
111812
1.0
111832
0.9984375
111852
0.428306908701
111872
0.202485926011
111892
0.121636125153
111912
0.0804165709252
111932
0.0626416973039
111952
0.0640471813725
111972
0.0650979434743
111992
0.065025658701
112012
0.0647987515319
112032
0.0645589192708
112052
0.0643181295956
112072
0.0644579120711
112092
0.0650467218137
112112
0.0714293236826
112132
0.0653344247855
112152
0.088179285386
112172
0.0755696614583
112192
0.0585731655944
112212
0.0635861864277
112232
0.0933914483762
112252
0.0857297411152
112272
0.0828699448529
112292
0.0841701133578
112312
0.0797463809743
112332
0.092484777114
112352
0.0672731885723
112372
0.0725155101103
112392
0.0935881969975
112412
0.0569795496324
112432
0.064675245098
112452
0.0830552045037
112472
0.0586009306066
112492
0.0779383042279
112512
0.10488616345
112532
0.0948644301471
112552
0.0566664751838
112572
0.0703335631127
112592
0.0597507850797
112612
0.048641907935
112632
0.0563069661458
112652
0.0563309015012
112672
0.0592088886336
112692
0.0937227136949
112712
0.0701396867341
112732
0.0752848307292
112752
0.0732575061275
112772
0.0635316138174
112792
0.0611189299939
112812
0.0784074371936
112832
0.0826506969975
112852
1.0
112872
1.0
112892
1.0
112912
1.0
112932
1.0
112952
1.0
112972
1.0
112992
1.0
113012
1.0
113032
1.0
113052
0.977033547794
113072
0.671053538603
113092
0.437294634651
113112
0.317390471814
113132
0.196938189338
113152
0.139989276961
113172
0.193339748009
113192
0.168148265165
113212
0.248433670343
113232
1.0
113252
1.0
113272
1.0
113292
1.0
113312
1.0
113332
1.0
113352
1.0
113372
1.0
113392
1.0
113412
1.0
113432
0.992381376379
113452
0.989208984375
113472
0.989210420496
113492
0.989210420496
113512
0.989208984375
113532
1.0
113552
0.993019014246
113572
0.99321863511
113592
0.993108053768
113612
0.993128159467
113632
0.993138212316
113652
1.0
113672
0.993668141085
113692
0.99370691636
113712
0.993701171875
113732
0.993701171875
113752
0.994022863051
113772
0.997271369485
113792
0.979097254136
113812
0.979430434283
113832
0.979431870404
113852
0.979431870404
113872
0.982696174173
113892
0.953428021599
113912
0.946504480699
113932
0.946494427849
113952
0.946494427849
113972
0.946574850643
113992
0.999984202665
114012
0.976143152574
114032
0.975515567555
114052
0.97552131204
114072
0.97552131204
114092
0.975541417739
114112
1.0
114132
0.988842773438
114152
0.988809742647
114172
0.988818359375
114192
0.988819795496
114212
0.98938849954
114232
0.990376551011
114252
0.979029756434
114272
0.979016831342
114292
0.979018267463
114312
0.97902544807
114332
0.981115004596
114352
0.992283720129
114372
0.991094611673
114392
0.991061580882
114412
0.991061580882
114432
0.991064453125
114452
0.999895163143
114472
0.984074850643
114492
0.983440085018
114512
0.983447265625
114532
0.983442957261
114552
0.983435776654
114572
1.0
114592
0.991465130974
114612
0.991422047335
114632
0.991422047335
114652
0.991422047335
114672
0.991824161305
114692
0.99679888557
114712
0.994949161305
114732
0.994949161305
114752
0.994934800092
114772
0.994934800092
114792
0.995559512868
114812
0.994875919118
114832
0.994209558824
114852
0.994209558824
114872
0.994209558824
114892
0.994210994945
114912
0.99985926011
114932
0.993972598805
114952
0.993831858915
114972
0.993831858915
114992
0.993831858915
115012
0.993833295037
115032
1.0
115052
0.99259966682
115072
0.992555147059
115092
0.992550838695
115112
0.992550838695
115132
0.992550838695
115152
0.994208122702
115172
0.996491555607
115192
0.996414005055
115212
0.996414005055
115232
0.996414005055
115252
0.996414005055
115272
1.0
115292
0.993926642923
115312
0.993929515165
115332
0.993929515165
115352
0.993929515165
115372
0.993991268382
115392
0.999977022059
115412
0.993090820312
115432
0.993202837776
115452
0.993202837776
115472
0.993202837776
115492
0.993795955882
115512
0.990192727482
115532
0.987531594669
115552
0.987528722426
115572
0.987534466912
115592
0.987531594669
115612
0.99312097886
115632
0.992975930607
115652
0.992473288143
115672
0.992473288143
115692
0.992473288143
115712
0.992473288143
115732
1.0
115752
0.989161592371
115772
0.989071116728
115792
0.989075425092
115812
0.989076861213
115832
0.989227653952
115852
0.99931640625
115872
0.988025620404
115892
0.988008386949
115912
0.988017003676
115932
0.988017003676
115952
0.988499540441
115972
1.0
115992
1.0
116012
0.999925321691
116032
0.994594439338
116052
0.983895335478
116072
0.970002297794
116092
0.957716279871
116112
0.949320714614
116132
0.948988970588
116152
0.948612706801
116172
0.938371725643
116192
0.931788545496
116212
0.932760799632
116232
0.93814051011
116252
0.94244743796
116272
0.93935546875
116292
0.934948012408
116312
0.936806353401
116332
0.939904067096
116352
0.927271943934
116372
0.92816808364
116392
0.918546070772
116412
0.925891831342
116432
0.91911908318
116452
0.907565487132
116472
0.90551183364
116492
0.908668428309
116512
0.911052389706
116532
0.912653664982
116552
0.92329676011
116572
0.926315487132
116592
0.927171415441
116612
0.932347196691
116632
0.935219439338
116652
0.933217486213
116672
0.928801413143
116692
0.920983168658
116712
0.915873448989
116732
0.918370863971
116752
0.912623506434
116772
0.918258846507
116792
0.922940602022
116812
0.926092888327
116832
0.929487879136
116852
0.936511948529
116872
0.940442612592
116892
0.947752470129
116912
0.942957261029
116932
0.941624540441
116952
0.93293169807
116972
0.935284064798
116992
0.932631548713
117012
0.92532599954
117032
0.921363740809
117052
0.915314797794
117072
0.912942325368
117092
0.91809943704
117112
0.919786879596
117132
0.913169232537
117152
0.91447466682
117172
0.921297679228
117192
0.923270909926
117212
0.924412626379
117232
0.929497931985
117252
0.931148035386
117272
0.928736787684
117292
0.938241038603
117312
0.935314223346
117332
0.926058421415
117352
0.92543370864
117372
0.913551240809
117392
0.904397403493
117412
0.898869772518
117432
0.893600643382
117452
0.889744657629
117472
0.884719669118
117492
0.893955365349
117512
0.907038430607
117532
0.916657571232
117552
0.920471909467
117572
0.919073127298
117592
0.912713982077
117612
0.895608340993
117632
0.893577665441
117652
0.891180778952
117672
0.892112821691
117692
0.891637465533
117712
0.890678136489
117732
0.899487304688
117752
0.914636948529
117772
0.924411190257
117792
0.937235753676
117812
0.939740349265
117832
0.947657686121
117852
0.942713120404
117872
0.939385627298
117892
0.943345013787
117912
0.942974494485
117932
0.945134420956
117952
0.944489602482
117972
0.944542738971
117992
0.944875919118
118012
0.944165039063
118032
0.947452320772
118052
0.945029584099
118072
0.941887350643
118092
0.934729721967
118112
0.931946518842
118132
0.916940487132
118152
0.906143727022
118172
0.90095502068
118192
0.898197667739
118212
0.897241210937
118232
0.898176125919
118252
0.905654009651
118272
0.902079503676
118292
0.907039866728
118312
0.90950568704
118332
0.91227165671
118352
0.902473000919
118372
0.902297794118
118392
0.905124080882
118412
0.899985638787
118432
0.910169175092
118452
0.914885397518
118472
0.926360006893
118492
0.911688591452
118512
0.911437270221
118532
0.90613080193
118552
0.914418658088
118572
0.913457892923
118592
0.915553193934
118612
0.906048943015
118632
0.904338522518
118652
0.909488453585
118672
0.92119140625
118692
0.924908088235
118712
0.91362879136
118732
0.918844784007
118752
0.924322150735
118772
0.919730870864
118792
0.920102826287
118812
0.925012925092
118832
0.933743106618
118852
0.930322265625
118872
0.920438878676
118892
0.920790728401
118912
0.919874482996
118932
0.905316999847
118952
0.906035060509
118972
0.887496170343
118992
0.875952627145
119012
0.877240349265
119032
0.883226581648
119052
0.877900965074
119072
0.881730621936
119092
0.917551796109
119112
0.92243939568
119132
0.943004653033
119152
0.960363051471
119172
0.965857651654
119192
0.992606847426
119212
1.0
119232
1.0
119252
1.0
119272
1.0
119292
1.0
