127099
0.179920954335
127119
0.55971992056
127139
0.483255405619
127159
0.403826678241
127179
0.445610072075
127199
0.431681726115
127219
0.443992332176
127239
0.443643794718
127259
0.444049873737
127279
0.443647082807
127299
0.436687841961
127319
0.43671250263
127339
0.43851930766
127359
0.437524660669
127379
0.41533827862
127399
0.441674229272
127419
0.442619554924
127439
0.0648164588594
127459
0.0635225957492
127479
0.0596130576599
127499
0.064678359112
127519
0.0607819733796
127539
0.0601128472222
127559
0.0623717645202
127579
0.0599500868056
127599
0.0557906539352
127619
0.0556837910354
127639
0.0554174558081
127659
0.0563381207912
127679
0.0549554792719
127699
0.0529415246212
127719
0.0547532617845
127739
0.543430726536
127759
0.586713489057
127779
0.436436303136
127799
0.439737544718
127819
0.441554214015
127839
0.439448192866
127859
0.440424755366
127879
0.442170730745
127899
0.44034419718
127919
0.440959069865
127939
0.440396806608
127959
0.453652738321
127979
0.454989346591
127999
0.456921099011
128019
0.45919481271
128039
0.457054266625
128059
0.453121711911
128079
0.452187894571
128099
0.451112689394
128119
0.452694260311
128139
0.458648989899
128159
0.451191603535
128179
0.455696285774
128199
0.448030105745
128219
0.457090435606
128239
0.451942931923
128259
0.453601772938
128279
0.466560132576
128299
0.465281065867
128319
0.529321535669
128339
0.576198179714
128359
0.642842816183
128379
0.091075139415
128399
0.109046191077
128419
0.0949583727904
128439
0.0929066051136
128459
0.0901873553241
128479
0.0739030934343
128499
0.0649644228746
128519
0.347697351115
128539
0.33559882681
128559
0.345101404672
128579
0.0955452967172
128599
0.0781726772938
128619
0.078460385101
128639
0.407560303556
128659
0.0773835358796
128679
0.0784209280303
128699
0.525747382681
128719
0.422818681608
128739
0.475751986006
128759
0.0988859953704
128779
0.062725234112
128799
0.0819671322601
128819
0.115788418035
128839
0.0846518571128
128859
0.080107717803
128879
0.335949008312
128899
0.339717158565
128919
0.0690383654251
128939
0.0662681502525
128959
0.0998773542719
128979
0.0750013152357
128999
0.0894804161406
129019
0.322191642992
129039
0.230942234848
129059
0.210636639836
129079
0.264914772727
129099
0.283750591856
129119
0.257427793561
129139
0.453835227273
129159
0.454938381208
129179
0.451931423611
129199
0.458034117214
129219
0.332983151831
129239
0.291395399306
129259
0.268886784512
129279
0.452345722854
129299
0.453522858796
129319
0.452365451389
129339
0.454622724642
129359
0.454938381208
129379
0.452972103851
129399
0.452120488742
129419
0.454344881103
129439
0.467855639731
129459
0.462390835438
129479
0.46660780987
129499
0.467485729693
129519
0.466042258523
129539
0.441199100379
129559
0.446849681713
129579
0.444309632786
129599
0.445304279777
129619
0.448202730429
129639
0.445700494529
129659
0.446634311869
129679
0.448217526831
129699
0.447656907618
129719
0.450346564604
129739
0.447837752525
129759
0.440234046191
129779
0.440959069865
129799
0.444046585648
129819
0.442716553556
129839
0.439739188763
129859
0.444921217382
129879
0.444697627315
129899
0.441452283249
129919
0.445151383628
129939
0.44306015888
129959
0.441725194655
129979
0.268510298295
129999
0.35184034354
130019
0.335611979167
130039
0.342927977694
130059
0.0740132444234
130079
0.0866740319865
130099
0.106376262626
130119
0.0750983138678
130139
0.0881931292088
130159
0.0774180608165
130179
0.378076007471
130199
0.335708977799
130219
0.250905868582
130239
0.378294665404
130259
0.498604206124
130279
0.651446101641
130299
0.680463489057
130319
0.524100049979
130339
0.727649213489
130359
0.799155289878
130379
0.623311566183
130399
0.617664272938
130419
0.797248198127
130439
0.707535971696
130459
0.533961029566
130479
0.355787694655
130499
0.426979758523
130519
0.464115438237
130539
0.588745528199
130559
0.662944549663
130579
0.724882286406
130599
0.374787918245
130619
0.644189288721
130639
0.388170441393
130659
0.347641453598
130679
0.276816011679
130699
0.326841001157
130719
0.331130313552
130739
0.33279737479
130759
0.320767900358
130779
0.296751696654
130799
0.325468223906
130819
0.447346183186
130839
0.412466132681
130859
0.429087423716
130879
0.409858677925
130899
0.40971071391
130919
0.561748671612
130939
0.488840225168
130959
0.540226483586
130979
0.548629195602
130999
0.421574139836
131019
0.256630431923
131039
0.253312749895
131059
0.216714672769
131079
0.289656000105
131099
0.173930055766
131119
0.258655894886
131139
0.0965547401094
131159
0.264372238005
131179
0.271226259996
131199
0.208381010627
131219
0.149581755051
131239
0.0724382496843
131259
0.256459451284
131279
0.275362676242
131299
0.319881760311
131319
0.352761008523
131339
0.596023713699
131359
0.757616858691
131379
0.970680108375
131399
0.996868095013
131419
0.999891493056
131439
1.0
131459
1.0
131479
1.0
131499
1.0
131519
1.0
131539
1.0
131559
1.0
131579
1.0
131599
0.996138139205
131619
0.996128274937
131639
0.996138139205
131659
0.996133207071
131679
0.996148003472
131699
0.996148003472
131719
0.996458727904
131739
0.996636284722
131759
0.995427911932
131779
0.992942116477
131799
0.991689354482
131819
0.990860755997
131839
0.99482125947
131859
0.995408183396
131879
0.994998816288
131899
0.994954427083
131919
0.995462436869
131939
0.991901436237
131959
0.986510613952
131979
0.979960740215
131999
0.971941090593
132019
0.965442182239
132039
0.958482941393
132059
0.95049452862
132079
0.942026054819
132099
0.939170349327
132119
0.930042613636
132139
0.921038181292
132159
0.91792600484
132179
0.905192879314
132199
0.903259482849
132219
0.908857454756
132239
0.907930213594
132259
0.912995515046
132279
0.923578230219
132299
0.921577427925
132319
0.921539614899
132339
0.925519846907
132359
0.921475497159
132379
0.921490293561
132399
0.920939538615
132419
0.918501420455
132439
0.922544126157
132459
0.929973563763
132479
0.924405184659
132499
0.921850339331
132519
0.928362400042
132539
0.921940761785
132559
0.923770583439
132579
0.928097708859
132599
0.926190617109
132619
0.925120344066
132639
0.93138415404
132659
0.929796006944
132679
0.932053280198
132699
0.937947180135
132719
0.928715869634
132739
0.919852825126
132759
0.924771806608
132779
0.919555253051
132799
0.914468579019
132819
0.911652330598
132839
0.900107849327
132859
0.89557193024
132879
0.890943944655
132899
0.879887744634
132919
0.876604587542
132939
0.880302043876
132959
0.87455446391
132979
0.874626801873
132999
0.883251459912
133019
0.876177135943
133039
0.879300820707
133059
0.883641098485
133079
0.884040601326
133099
0.888499250316
133119
0.901932738847
133139
0.90263967803
133159
0.901416508838
133179
0.90648509838
133199
0.90081478851
133219
0.90329893992
133239
0.912226102168
133259
0.911390927504
133279
0.915619410248
133299
0.920467697811
133319
0.91531361795
133339
0.911316945497
133359
0.912541758733
133379
0.903928609007
133399
0.905235624474
133419
0.907261087437
133439
0.904767071759
133459
0.900402133312
133479
0.909995133628
133499
0.90215468487
133519
0.894386574074
133539
0.896495883312
133559
0.892926662458
133579
0.887586805556
133599
0.89625256471
133619
0.898215553977
133639
0.901271832912
133659
0.904114386048
133679
0.897334346065
133699
0.906491674558
133719
0.909077756734
133739
0.900338015572
133759
0.899254590173
133779
0.903767492635
133799
0.898325704966
133819
0.891553885206
133839
0.895397661511
133859
0.882911142677
133879
0.872055516098
133899
0.873508851536
133919
0.869461213699
133939
0.863730074179
133959
0.869278724747
133979
0.868731257891
133999
0.871478456439
134019
0.883167613636
134039
0.884228022412
134059
0.894555910669
134079
0.900296914457
134099
0.902033025568
134119
0.907001328388
134139
0.916318129209
134159
0.911236387311
134179
0.912860703388
134199
0.919967908249
134219
0.916579532302
134239
0.916002472643
134259
0.923306962858
134279
0.919898858375
134299
0.916369094592
134319
0.914471867109
134339
0.911164049348
134359
0.906855008418
134379
0.913671217382
134399
0.905426333649
134419
0.90582583649
134439
0.911816735059
134459
0.905968868371
134479
0.906180950126
134499
0.913712318497
134519
0.909418073969
134539
0.905952427925
134559
0.912906736637
134579
0.905275081545
134599
0.903228246002
134619
0.909510140467
134639
0.909316143203
134659
0.909380260943
134679
0.908837726221
134699
0.906072443182
134719
0.901242240109
134739
0.898253367003
134759
0.893867055976
134779
0.891399345013
134799
0.899494620686
134819
0.895244765362
134839
0.902273056082
134859
0.897605613426
134879
0.8848724879
134899
0.877135613952
134919
0.873510495581
134939
0.870713975694
134959
0.869078151305
134979
0.872867674137
134999
0.874759969487
135019
0.881775107849
135039
0.882960464015
135059
0.881567958228
135079
0.882343947285
135099
0.888841211595
135119
0.894190932765
135139
0.901248816288
135159
0.912549978956
135179
0.912147188026
135199
0.917000407723
135219
0.926953453809
135239
0.929366911301
135259
0.928290062079
135279
0.937932383733
135299
0.936441235269
135319
0.936161747685
135339
0.939387363215
135359
0.938300649726
135379
0.939857559975
135399
0.938292429503
135419
0.921815814394
135439
0.903410734954
135459
0.9128722117
135479
0.912765348801
135499
0.905643347538
135519
0.886181147412
135539
0.848506221065
135559
0.861548426978
135579
0.876514165088
135599
0.863986545139
135619
0.833831478851
135639
0.812677556818
135659
0.808929135101
135679
0.830704505997
135699
0.835207544192
135719
0.803370620265
135739
0.794759114583
135759
0.823414812184
135779
0.862284958965
135799
0.864400844381
135819
0.841673571654
135839
0.842729048295
135859
0.86839587279
135879
0.890511560922
135899
0.904439906881
135919
0.913697522096
135939
0.904444839015
135959
0.915471446233
135979
0.939704663826
135999
0.948086003262
136019
0.938701796612
136039
0.940613820497
136059
0.958676938657
136079
0.96229548085
136099
0.961267952967
136119
0.95488905987
136139
0.935280539773
136159
0.918445522938
136179
0.921394938973
136199
0.907900620791
136219
0.902565696023
136239
0.904972577336
136259
0.871897687816
136279
0.870094170875
136299
0.884242818813
136319
0.870324337121
136339
0.865234375
136359
0.883483270202
136379
0.901579269255
136399
0.915333346486
136419
0.94066478588
136439
0.940498737374
136459
0.941909327652
136479
0.948840619739
136499
0.97242115162
136519
0.967508746317
136539
0.963942813552
136559
0.965782499474
136579
0.95490714436
136599
0.950070365109
136619
0.946570194129
136639
0.932641848169
136659
0.928830952757
136679
0.922624684343
136699
0.926966606166
136719
0.933271517256
136739
0.920500578704
136759
0.92142946391
136779
0.930456912879
136799
0.920923098169
136819
0.931052057029
136839
0.937883062395
136859
0.938356547243
136879
0.953568892045
136899
0.959860650779
136919
0.966791942866
136939
0.96711417561
136959
0.96887823548
136979
0.980187618371
136999
0.980315853851
137019
0.981371330492
137039
0.987388533775
137059
0.988261521465
137079
0.999995067866
