135426
0.147138331779
135446
0.15154063666
135466
0.164422030473
135486
0.150337181281
135506
0.141716709422
135526
0.15320322217
135546
0.10421622357
135566
0.108514556126
135586
0.0871851679104
135606
0.132126962842
135626
0.237725921175
135646
0.133893520678
135666
0.0592948344216
135686
0.0653981071206
135706
0.061327639148
135726
0.0575598569652
135746
0.0559847248134
135766
0.0621278373756
135786
0.0641387787624
135806
0.0652061955846
135826
0.0895634134017
135846
0.089795650653
135866
0.105912818719
135886
0.0918022193719
135906
0.0915680387127
135926
0.0896853622512
135946
0.0640304337687
135966
0.0543648942786
135986
0.0523748445274
136006
0.0562412546642
136026
0.0510368081468
136046
0.084081059546
136066
0.0869505013993
136086
0.0793712103545
136106
0.0777212569963
136126
0.0776556669776
136146
0.077930173352
136166
0.0993062033582
136186
0.0988820545709
136206
0.0970139536692
136226
0.0983038907027
136246
0.0976844294154
136266
0.0958134134017
136286
0.102466184701
136306
0.104919737251
136326
0.114394822761
136346
0.130830709733
136366
0.135450676306
136386
0.12577396222
136406
0.116576298197
136426
0.118275322606
136446
0.121681145056
136466
0.124966476213
136486
0.120521416356
136506
0.116958663713
136526
0.117159320585
136546
0.116165753265
136566
0.117518365205
136586
0.124657960199
136606
1.0
136626
1.0
136646
0.981548798974
136666
0.981545883862
136686
0.981540053638
136706
0.97911613806
136726
0.979124883396
136746
0.975141382929
136766
0.975236124067
136786
0.975236124067
136806
0.984788945896
136826
0.984799148787
136846
0.984822469683
136866
0.987142898787
136886
0.987142898787
136906
0.989128090019
136926
0.989128090019
136946
0.989128090019
136966
0.992550431437
136986
0.992554804104
137006
0.988658756996
137026
0.988660214552
137046
0.988660214552
137066
0.98742420709
137086
0.98742420709
137106
0.980028568097
137126
0.980037313433
137146
0.980037313433
137166
0.983370743937
137186
0.983353253265
137206
0.983353253265
137226
0.981021163713
137246
0.981021163713
137266
0.981021163713
137286
0.99197761194
137306
0.99197761194
137326
0.995918843284
137346
0.995924673507
137366
0.995924673507
137386
0.994873775653
137406
0.994873775653
137426
0.995032649254
137446
0.995031191698
137466
0.99503410681
137486
0.990985016325
137506
0.990979186101
137526
0.990979186101
137546
0.99236823694
137566
0.992363864272
137586
0.991938257929
137606
0.991944088153
137626
0.991936800373
137646
0.986723122668
137666
0.986723122668
137686
0.986723122668
137706
0.976332206157
137726
0.976310342817
137746
0.979308535448
137766
0.979320195896
137786
0.979320195896
137806
0.976731576493
137826
0.976738864272
137846
0.971673857276
137866
0.971663654384
137886
0.97169426306
137906
0.988427005597
137926
0.988425548041
137946
0.988422632929
137966
0.971313840951
137986
0.971252623601
138006
0.971254081157
138026
0.970818271922
138046
0.970816814366
138066
0.970816814366
138086
0.985694088153
138106
0.985692630597
138126
0.985692630597
138146
0.985533756996
138166
0.985535214552
138186
0.985535214552
138206
0.984940531716
138226
0.984940531716
138246
0.986645872201
138266
0.986645872201
138286
0.986645872201
138306
0.975374591884
138326
0.975371676772
138346
0.975371676772
138366
0.984210296175
138386
0.984217583955
138406
0.984216126399
138426
0.988152985075
138446
0.988129664179
138466
0.988129664179
138486
0.992047574627
138506
0.992053404851
138526
0.99306640625
138546
0.99306640625
138566
0.99306640625
138586
0.992286613806
138606
0.99386223181
138626
0.993658173974
138646
0.993496385261
138666
0.993537196828
138686
0.993573635728
138706
0.993368120336
138726
0.987677821828
138746
0.987551014459
138766
0.987339668843
138786
0.994076492537
138806
0.994075034981
138826
0.985956448228
138846
0.986006005131
138866
0.985946245336
138886
0.991799790112
138906
0.99180416278
138926
0.986159048507
138946
0.981661030784
138966
0.979530083955
138986
0.974956273321
139006
0.974035097948
139026
0.966234258396
139046
0.958491721082
139066
0.945911555504
139086
0.941741487873
139106
0.937915403451
139126
0.929279384328
139146
0.932159514925
139166
0.924303288246
139186
0.919120219216
139206
0.922630013993
139226
0.921153509795
139246
0.916088502799
139266
0.92022213153
139286
0.929384328358
139306
0.930395872201
139326
0.933039878731
139346
0.934796233675
139366
0.939285506063
139386
0.949803229944
139406
0.95606197528
139426
0.96623280084
139446
0.95998280084
139466
0.963068446828
139486
0.958331389925
139506
0.956282066231
139526
0.955075209888
139546
0.943465776586
139566
0.927661497201
139586
0.930436683769
139606
0.930088327892
139626
0.924613747668
139646
0.915244577892
139666
0.924277052239
139686
0.917658290578
139706
0.919389867071
139726
0.928967467351
139746
0.934673798974
139766
0.932216359608
139786
0.925753556437
139806
0.930282182836
139826
0.937622434701
139846
0.933429046175
139866
0.931733908582
139886
0.935374883396
139906
0.934402693563
139926
0.930480410448
139946
0.935587686567
139966
0.935580398787
139986
0.931761602146
140006
0.933826958955
140026
0.931593983209
140046
0.925927005597
140066
0.925342525653
140086
0.923587628265
140106
0.922991487873
140126
0.918461403918
140146
0.918181553172
140166
0.914508512127
140186
0.914937033582
140206
0.916581156716
140226
0.920956739739
140246
0.925249242071
140266
0.926356984608
140286
0.928607451026
140306
0.926837978078
140326
0.930038770989
140346
0.936333955224
140366
0.939056669776
140386
0.933452367071
140406
0.93400623834
140426
0.929034514925
140446
0.929932369403
140466
0.931000757929
140486
0.927667327425
140506
0.927856809701
140526
0.926093166978
140546
0.924715776586
140566
0.929576725746
140586
0.932462686567
140606
0.936195487407
140626
0.943987581623
140646
0.941585529384
140666
0.951536263993
140686
0.952183418843
140706
0.951168959888
140726
0.95450676306
140746
0.947344333022
140766
0.944341767724
140786
0.941630713619
140806
0.942105876866
140826
0.938358500466
140846
0.933321187034
140866
0.932440823228
140886
0.931733908582
140906
0.942269123134
140926
0.942062150187
140946
0.935777168843
140966
0.935218924907
140986
0.934025186567
141006
0.937667618937
141026
0.92870364972
141046
0.935380713619
141066
0.937537896455
141086
0.941343575093
141106
0.943200501399
141126
0.949822178172
141146
0.953802763526
141166
0.942464435634
141186
0.952046408582
141206
0.949911089086
141226
0.94948985541
141246
0.943857859142
141266
0.940740146922
141286
0.942369694496
141306
0.939657182836
141326
0.940906308302
141346
0.94181873834
141366
0.940553579757
141386
0.941119111474
141406
0.937446070429
141426
0.941057894123
141446
0.939390450093
141466
0.937027751866
141486
0.936992770522
141506
0.945509270056
141526
0.944137709888
141546
0.947049906716
141566
0.941409165112
141586
0.940485074627
141606
0.944085237873
141626
0.944646396922
141646
0.942936683769
141666
0.942981868004
141686
0.945206098414
141706
0.947367653918
141726
0.947437616604
141746
0.946802122201
141766
0.950384794776
141786
0.948729011194
141806
0.95275623834
141826
0.952843691698
141846
0.952718341884
141866
0.94538829291
141886
0.939588677705
141906
0.935199976679
141926
0.927200909515
141946
0.930443971549
141966
0.930177238806
141986
0.917314307369
142006
0.920125932836
142026
0.918363747668
142046
0.925304629198
142066
0.928767782183
142086
0.931315590019
142106
0.926846723414
142126
0.931461345616
142146
0.933312441698
142166
0.934344391325
142186
0.941219682836
142206
0.934220499067
142226
0.926856926306
142246
0.924704116138
142266
0.933768656716
142286
0.93176014459
142306
0.928907707556
142326
0.932308185634
142346
0.93025157416
142366
0.929970265858
142386
0.945063257929
142406
0.942193330224
142426
0.945185692631
142446
0.940980643657
142466
0.941878498134
142486
0.93758308069
142506
0.939862698228
142526
0.933191464552
142546
0.930082497668
142566
0.924865904851
142586
0.930627623601
142606
0.926610599347
142626
0.928060867537
142646
0.93016849347
142666
0.926588736007
142686
0.925453299907
142706
0.921380888526
142726
0.93104011194
142746
0.930681553172
142766
0.932841651119
142786
0.931970032649
142806
0.933877973414
142826
0.925972189832
142846
0.930339027519
142866
0.937083138993
142886
0.931561916978
142906
0.927746035448
142926
0.928735715951
142946
0.926444437966
142966
0.924170650653
142986
0.930382754198
143006
0.929161322295
143026
0.930735482743
143046
0.928278043377
143066
0.926807369403
143086
0.922943388526
143106
0.92501457556
143126
0.932321303638
143146
0.931722248134
143166
0.919382579291
143186
0.929307077892
143206
0.921899778451
143226
0.934637360075
143246
0.932767315765
143266
0.944716359608
143286
0.945069088153
143306
0.937119577892
143326
0.936194029851
143346
0.925373134328
143366
0.922841359608
143386
0.905610132929
143406
0.892639342351
143426
0.875349813433
143446
0.869988922575
143466
0.872264167444
143486
0.85849609375
143506
0.859640275187
143526
0.862170592351
143546
0.86327396222
143566
0.857472889459
143586
0.862539354011
143606
0.859823927239
143626
0.864043551772
143646
0.879238572761
143666
0.884167055348
143686
0.886713405628
143706
0.893383181748
143726
0.906436081312
143746
0.914967642257
143766
0.923095460199
143786
0.934913324005
143806
0.931211131841
143826
0.939956467662
143846
0.94210927783
143866
0.94824947528
143886
0.941056922419
143906
0.936703202736
143926
0.948796058769
143946
0.95236075482
143966
0.955721878887
143986
0.947710179571
144006
0.94992420709
144026
0.945133220616
144046
0.953161438899
144066
0.952359783116
144086
0.9646484375
144106
0.95558098181
144126
0.955538712687
144146
0.95554454291
144166
0.958538362873
144186
0.949852786847
144206
0.946675314832
144226
0.956233966884
144246
0.956553171642
144266
0.950258473259
144286
0.940153237718
144306
0.936736240672
144326
0.934711695429
144346
0.944207672575
144366
0.934961423352
144386
0.928014711598
144406
0.92615729944
144426
0.911665792133
144446
0.907295553483
144466
0.929943058147
144486
0.924178424285
144506
0.923414664956
144526
0.910738300684
144546
0.91191163324
144566
0.895483034049
144586
0.906905900187
144606
0.926129605877
144626
0.938823460821
144646
0.937622434701
144666
0.94650623834
144686
0.948179512593
144706
0.970698752332
144726
0.987740496735
144746
1.0
144766
0.170425703514
144786
0.0635669309701
144806
0.0633730760261
144826
0.0636276624689
144846
0.0631685323383
144866
0.237478622512
144886
0.27863028607
144906
0.0561401974502
144926
0.0560376826803
144946
0.0561231926306
144966
0.0564079018968
144986
0.280089299596
145006
1.0
