139883
0.0594477634804
139903
0.132869944853
139923
0.112655101103
139943
0.151535692402
139963
0.100518918505
139983
0.0620538449755
140003
0.0582586550245
140023
0.0642827052696
140043
0.0597196691176
140063
0.0567899816176
140083
0.0460611979167
140103
0.0438629748775
140123
0.0541819852941
140143
0.0596641390931
140163
0.0644090839461
140183
0.0620059742647
140203
0.04833984375
140223
0.0664560355392
140243
0.0466126685049
140263
0.0463426776961
140283
0.0507582720588
140303
0.0633980545343
140323
0.0543466605392
140343
0.0548808976716
140363
0.0465896905637
140383
0.0590265012255
140403
0.0482728247549
140423
0.0504825367647
140443
0.0488511029412
140463
0.0484662224265
140483
0.0486577052696
140503
0.0498793658088
140523
0.0483953737745
140543
0.0878523284314
140563
0.0851658241422
140583
0.118351715686
140603
0.0974551930147
140623
0.101746323529
140643
0.100528492647
140663
0.125337009804
140683
0.145722273284
140703
0.10051317402
140723
0.0599992340686
140743
0.0540900735294
140763
0.0464077818627
140783
0.0501129748775
140803
0.0632908241422
140823
0.240864353554
140843
0.226258042279
140863
0.191130514706
140883
0.19339575674
140903
0.0976600796569
140923
0.130690870098
140943
0.121645220588
140963
0.0816808363971
140983
0.0613204656863
141003
0.0588120404412
141023
0.0601619944853
141043
0.0544328278186
141063
0.0494159773284
141083
0.0631280637255
141103
0.0554132199755
141123
0.0407571231618
141143
0.0313955269608
141163
0.0334271599265
141183
0.0721603094363
141203
0.0575003829657
141223
0.0604568780637
141243
0.0653703278186
141263
0.0682100183824
141283
0.0597005208333
141303
0.0637580422794
141323
0.0641027113971
141343
0.0730028339461
141363
0.0716567095588
141383
0.0665556066176
141403
0.0622089460784
141423
0.0679400275735
141443
0.0703871783088
141463
0.0762312346814
141483
0.0715188419118
141503
0.0633463541667
141523
0.0582548253676
141543
0.0628810508578
141563
0.0706782322304
141583
0.0819240196078
141603
0.0711569393382
141623
0.077357153799
141643
0.0743355545343
141663
0.0748640471814
141683
0.0748965992647
141703
0.0749617034314
141723
0.0694967830882
141743
0.0724762561275
141763
0.0672698376225
141783
0.0630246629902
141803
0.0566636029412
141823
0.0646580116422
141843
0.0653799019608
141863
0.0843252144608
141883
0.0800704656863
141903
0.083913526348
141923
0.0820906096814
141943
0.0869351256127
141963
0.0838943780637
141983
0.0813897824755
142003
0.0847100949755
142023
0.0817823223039
142043
0.0686465992647
142063
0.0823931525735
142083
0.0841299019608
142103
0.0675762101716
142123
0.0674574908088
142143
0.0658681832108
142163
0.0649567248775
142183
0.0669136795343
142203
0.0760206035539
142223
0.0757448682598
142243
0.0754997702206
142263
0.0750631893382
142283
0.0755801930147
142303
0.0884995404412
142323
0.0811906403186
142343
0.0636201746324
142363
0.0608628216912
142383
0.0689663756127
142403
0.102638633578
142423
0.0915096507353
142443
0.0800551470588
142463
0.10765356924
142483
0.137511488971
142503
0.110751761642
142523
0.0694259344363
142543
0.0703048406863
142563
0.0715379901961
142583
0.074094286152
142603
0.076145067402
142623
0.0754825367647
142643
0.0745576746324
142663
0.0740789675245
142683
0.076535692402
142703
0.0743661917892
142723
0.0731560202206
142743
0.0714690563725
142763
0.0712431066176
142783
0.0723039215686
142803
0.0723441329657
142823
0.0703354779412
142843
0.0732460171569
142863
0.0709731158088
142883
0.0726600796569
142903
0.0723383884804
142923
0.0685623468137
142943
0.0666264552696
142963
0.0696116727941
142983
0.0698050704657
143003
0.080397901348
143023
0.0673674938725
143043
0.0689491421569
143063
0.0661956188725
143083
0.0671951593137
143103
0.0631644454657
143123
0.065944776348
143143
0.106426164216
143163
0.105049402574
143183
0.103297334559
143203
0.0783873314951
143223
0.0781537224265
143243
0.0723556219363
143263
0.0722847732843
143283
0.0706265318627
143303
0.089772901348
143323
0.0909141390931
143343
0.0920802696078
143363
0.0909792432598
143383
0.0910960477941
143403
0.0912492340686
143423
0.0914809283088
143443
0.0918734681373
143463
0.088840379902
143483
0.0874042585784
143503
0.0856943167892
143523
0.0460286458333
143543
0.046022901348
143563
0.0457912071078
143583
0.0451650582108
143603
0.045716528799
143623
0.0456016390931
143643
0.0839862898284
143663
0.0854070925245
143683
0.0861730238971
143703
0.0848383884804
143723
0.0594573376225
143743
0.0462316176471
143763
0.0659371170343
143783
0.0595262714461
143803
0.054478783701
143823
0.0718232996324
143843
0.0716471354167
143863
0.0691348805147
143883
0.0664426317402
143903
0.0698797487745
143923
0.0995863970588
143943
0.0984030330882
143963
0.0993776807598
143983
0.0985179227941
144003
0.100769761029
144023
0.100924862132
144043
0.0687404258578
144063
0.0700769761029
144083
0.0698491115196
144103
0.0700482536765
144123
0.0814070159314
144143
0.105118336397
144163
0.143956801471
144183
0.248537071078
144203
1.0
144223
1.0
144243
1.0
144263
1.0
144283
1.0
144303
0.999655330882
144323
0.989005055147
144343
0.983484604779
144363
0.981847426471
144383
0.982841222426
144403
0.983042279412
144423
0.982490808824
144443
0.981973805147
144463
0.983450137868
144483
0.982002527574
144503
0.981881893382
144523
0.987000229779
144543
0.994198069853
144563
0.989636948529
144583
0.982921645221
144603
0.975890395221
144623
0.968629365809
144643
0.965952435662
144663
0.954997702206
144683
0.950626148897
144703
0.948644301471
144723
0.937161075368
144743
0.932657398897
144763
0.934754136029
144783
0.925344669118
144803
0.927090992647
144823
0.927521829044
144843
0.922547104779
144863
0.922782628676
144883
0.926424632353
144903
0.918278952206
144923
0.919818474265
144943
0.922150735294
144963
0.926183363971
144983
0.930560661765
145003
0.932180606618
145023
0.923793658088
145043
0.919468060662
145063
0.920289522059
145083
0.917997472426
145103
0.923736213235
145123
0.926281020221
145143
0.92392578125
145163
0.918158318015
145183
0.917227711397
145203
0.907094439338
145223
0.918502987132
145243
0.930457261029
145263
0.925626148897
145283
0.931278722426
145303
0.929710477941
145323
0.921834788603
145343
0.925649126838
145363
0.931663602941
145383
0.928929227941
145403
0.927068014706
145423
0.937425321691
145443
0.925896139706
145463
0.923075597426
145483
0.931703814338
145503
0.920278033088
145523
0.924592141544
145543
0.925166590074
145563
0.918192784926
145583
0.914734604779
145603
0.916274126838
145623
0.903722426471
145643
0.906531479779
145663
0.908835018382
145683
0.90068359375
145703
0.905813419118
145723
0.908191636029
145743
0.905893841912
145763
0.913895909926
145783
0.915923713235
145803
0.918054917279
145823
0.922690716912
145843
0.924873621324
145863
0.929526654412
145883
0.935822610294
145903
0.936856617647
145923
0.932197840074
145943
0.939659926471
145963
0.943204273897
145983
0.937620634191
146003
0.938947610294
146023
0.935977711397
146043
0.933128446691
146063
0.931818704044
146083
0.940234375
146103
0.932571231618
146123
0.930457261029
146143
0.932508042279
146163
0.925505514706
146183
0.925338924632
146203
0.931025965074
146223
0.921019071691
146243
0.917641314338
146263
0.926372931985
146283
0.918778722426
146303
0.920008042279
146323
0.928412224265
146343
0.928331801471
146363
0.925367647059
146383
0.926838235294
146403
0.927056525735
146423
0.928262867647
146443
0.937936580882
146463
0.929951746324
146483
0.933128446691
146503
0.937074908088
146523
0.932622931985
146543
0.935116038603
146563
0.935121783088
146583
0.940033318015
146603
0.936919806985
146623
0.9423828125
146643
0.936465992647
146663
0.945737591912
146683
0.944410615809
146703
0.940803079044
146723
0.940205652574
146743
0.941779641544
146763
0.932881433824
146783
0.937051930147
146803
0.936781939338
146823
0.936879595588
146843
0.936368336397
146863
0.936333869485
146883
0.934001608456
146903
0.943221507353
146923
0.940567555147
146943
0.937574678309
146963
0.933461626838
146983
0.936155790441
147003
0.931106387868
147023
0.933226102941
147043
0.933771829044
147063
0.927757352941
147083
0.927809053309
147103
0.932467830882
147123
0.921800321691
147143
0.925798483456
147163
0.924626608456
147183
0.925746783088
147203
0.922414981618
147223
0.926493566176
147243
0.906973805147
147263
0.904210707721
147283
0.906485523897
147303
0.887890625
147323
0.887069163603
147343
0.901510799632
147363
0.890906479779
147383
0.89140625
147403
0.904474954044
147423
0.893905101103
147443
0.897960707721
147463
0.915481387868
147483
0.908898207721
147503
0.911184512868
147523
0.922466681985
147543
0.914211856618
147563
0.916773897059
147583
0.921943933824
147603
0.913913143382
147623
0.910960477941
147643
0.913080193015
147663
0.906640625
147683
0.906008731618
147703
0.909851792279
147723
0.904222196691
147743
0.912815946691
147763
0.920473345588
147783
0.915797334559
147803
0.907347196691
147823
0.920002297794
147843
0.906341911765
147863
0.906376378676
147883
0.911684283088
147903
0.901821001838
147923
0.904474954044
147943
0.906824448529
147963
0.893956801471
147983
0.893175551471
148003
0.90791015625
148023
0.908616727941
148043
0.910259650735
148063
0.920008042279
148083
0.910190716912
148103
0.921599264706
148123
0.919829963235
148143
0.901263786765
148163
0.906479779412
148183
0.907559742647
148203
0.901711856618
148223
0.893210018382
148243
0.892899816176
148263
0.883708639706
148283
0.889705882353
148303
0.905187270221
148323
0.889194623162
148343
0.902607996324
148363
0.915584788603
148383
0.905003446691
148403
0.921357996324
148423
0.925235523897
148443
0.921587775735
148463
0.914263556985
148483
0.915027573529
148503
0.902791819853
148523
0.896846277574
148543
0.899781709559
148563
0.885403262868
148583
0.874448529412
148603
0.878228400735
148623
0.871719898897
148643
0.863608685662
148663
0.887978707108
148683
0.876451439951
148703
0.883867570466
148723
0.899957873775
148743
0.894374234069
148763
0.898429840686
148783
0.908660768995
148803
0.900656786152
148823
0.915125229779
148843
0.911006433824
148863
0.915435431985
148883
0.895745251225
148903
0.899770220588
148923
0.890445006127
148943
0.895662913603
148963
0.914162071078
148983
0.915067784926
149003
0.910050934436
149023
0.917851945466
149043
0.906284466912
149063
0.909348192402
149083
0.917030484069
149103
0.93662109375
149123
0.96929955576
149143
0.971995634191
149163
0.976005284926
149183
0.993721277574
149203
1.0
149223
1.0
149243
1.0
149263
0.962909773284
149283
0.876516544118
149303
0.888980162377
149323
0.892308134191
149343
0.896421185662
149363
0.895417815564
149383
0.89697265625
149403
0.898104319853
149423
0.893740425858
149443
0.996913296569
149463
1.0
