121053
0.0807150607639
121073
0.0815643084491
121093
0.0852998408565
121113
0.0828562644676
121133
0.0865907118056
121153
0.161802662037
121173
0.179027416088
121193
0.183325376157
121213
0.15687536169
121233
0.180095124421
121253
0.175640914352
121273
0.18291051794
121293
0.174110604745
121313
0.174408275463
121333
0.192455150463
121353
0.177287326389
121373
0.179587311921
121393
0.175983796296
121413
0.177703269676
121433
0.1680859375
121453
0.194078776042
121473
0.204455295139
121493
0.155755570023
121513
0.926208405671
121533
0.999965277778
121553
0.999965277778
121573
0.999965277778
121593
0.999965277778
121613
0.999965277778
121633
0.64480432581
121653
0.272260561343
121673
0.151593967014
121693
0.168883101852
121713
0.168938440394
121733
0.170192418981
121753
0.16960865162
121773
0.172487702546
121793
0.172467086227
121813
0.174211516204
121833
0.179833622685
121853
0.184397424769
121873
0.179280960648
121893
0.188200593171
121913
0.185590639468
121933
0.098207103588
121953
0.103638961227
121973
0.101935402199
121993
0.169305193866
122013
0.170157335069
122033
0.17226526331
122053
0.157762948495
122073
0.161153428819
122093
0.132334346065
122113
0.119539207176
122133
0.115592809606
122153
0.0986845341435
122173
0.099886791088
122193
0.099892578125
122213
0.0479553674769
122233
0.0487463831019
122253
0.0488675491898
122273
0.0487677228009
122293
0.0506976996528
122313
0.0505667679398
122333
0.0512854456019
122353
0.0513389756944
122373
0.0489959490741
122393
0.0926124855324
122413
0.0923354311343
122433
0.0938371672454
122453
0.0957892071759
122473
0.0911291956019
122493
0.0905617042824
122513
0.0908955439815
122533
0.0918453414352
122553
0.08654296875
122573
0.0524848090278
122593
0.0518616174769
122613
0.0510763888889
122633
0.0503240740741
122653
0.0522475405093
122673
0.0483940972222
122693
0.0511527054398
122713
0.0867798755787
122733
0.087894603588
122753
0.0865422453704
122773
0.0529025607639
122793
0.0554202835648
122813
0.0621650752315
122833
0.0620768229167
122853
0.0616927083333
122873
0.0625495515046
122893
0.237761501736
122913
0.210343605324
122933
0.152509042245
122953
0.0750889756944
122973
0.0596180555556
122993
0.0658271846065
123013
0.0668786168981
123033
0.0591189236111
123053
0.0531159577546
123073
0.0506890190972
123093
0.0588331886574
123113
0.0586053240741
123133
0.115637297454
123153
0.117134331597
123173
0.116110749421
123193
0.116946252894
123213
0.118399522569
123233
0.124584056713
123253
0.10937463831
123273
0.101397931134
123293
0.0488624855324
123313
0.0482230179398
123333
0.112953920718
123353
0.091025390625
123373
0.121140046296
123393
0.0897934751157
123413
0.0725636574074
123433
0.0683807146991
123453
0.124066116898
123473
0.122037398727
123493
0.124671947338
123513
0.126383825231
123533
0.129600332755
123553
0.128410373264
123573
0.133765552662
123593
0.134742838542
123613
0.139295066551
123633
0.136881148727
123653
0.140864800347
123673
0.148360460069
123693
0.153592664931
123713
0.151459418403
123733
0.15410120081
123753
0.153502965856
123773
0.150258246528
123793
0.125860460069
123813
0.0815455005787
123833
0.0769325086806
123853
0.0835601128472
123873
0.0692086226852
123893
0.102467086227
123913
0.101106047454
123933
0.186616391782
123953
0.16261754919
123973
0.146634476273
123993
0.0940433304398
124013
0.0868862123843
124033
0.0621578414352
124053
0.186392144097
124073
0.254483868634
124093
0.180301287616
124113
0.155636935764
124133
0.254594184028
124153
0.223703342014
124173
0.213187572338
124193
0.204147497106
124213
0.196910083912
124233
0.180665870949
124253
0.169559100116
124273
0.167564742477
124293
0.146380570023
124313
0.154510633681
124333
0.155745081019
124353
0.154482783565
124373
0.155092592593
124393
0.216192853009
124413
0.210036530671
124433
0.209496166088
124453
0.163525028935
124473
0.221922019676
124493
0.231772641782
124513
0.235213758681
124533
0.263153211806
124553
0.273974609375
124573
0.225622468171
124593
0.25734411169
124613
0.259014033565
124633
0.24822265625
124653
0.208306568287
124673
0.190563151042
124693
0.220894820602
124713
0.209635778356
124733
0.121627965856
124753
0.132867838542
124773
0.129588035301
124793
0.136969401042
124813
0.14126916956
124833
0.135298394097
124853
0.135299117477
124873
0.0683604600694
124893
0.066714771412
124913
0.0521375868056
124933
0.0515849247685
124953
0.0543145978009
124973
0.055169994213
124993
0.0524338107639
125013
0.0539720775463
125033
0.0511765769676
125053
0.0612131076389
125073
0.0614496527778
125093
0.0613129340278
125113
0.061460865162
125133
0.0609544994213
125153
0.0610405815972
125173
0.0615125868056
125193
0.0613953993056
125213
0.0609436487269
125233
0.0609020543981
125253
0.0563979311343
125273
0.0563447627315
125293
0.0578110532407
125313
0.0562575954861
125333
0.0565711805556
125353
0.0567281539352
125373
0.0579408998843
125393
0.0589105902778
125413
0.056537181713
125433
0.0548180700231
125453
0.0619169560185
125473
0.0621871383102
125493
0.06203125
125513
0.0625958478009
125533
0.0629014756944
125553
0.0631980613426
125573
0.0631575520833
125593
0.0621339699074
125613
0.0577567997685
125633
0.0560185185185
125653
0.0517762586806
125673
0.0521683304398
125693
0.0482906539352
125713
0.0500991030093
125733
0.0480425347222
125753
0.0519361255787
125773
0.0548336226852
125793
0.046517650463
125813
0.0466420717593
125833
0.0474197048611
125853
0.04775390625
125873
0.050654296875
125893
0.0534649884259
125913
0.0566022858796
125933
0.058343822338
125953
0.0588368055556
125973
0.058832103588
125993
0.0608246527778
126013
0.0607823350694
126033
0.0602926070602
126053
0.0574504484954
126073
0.0591109664352
126093
0.0587774884259
126113
0.0582740162037
126133
0.0578526475694
126153
0.0571748408565
126173
0.0530993200231
126193
0.0537420428241
126213
0.0494524016204
126233
0.149469762731
126253
0.835427155671
126273
1.0
126293
1.0
126313
1.0
126333
1.0
126353
1.0
126373
0.997234157986
126393
0.993472222222
126413
0.988726490162
126433
0.987079354745
126453
0.987662398727
126473
0.985834418403
126493
0.983948929398
126513
0.97955041956
126533
0.974954427083
126553
0.968497902199
126573
0.96525390625
126593
0.962468171296
126613
0.957467809606
126633
0.952325303819
126653
0.945444155093
126673
0.942613570602
126693
0.940236906829
126713
0.937650101273
126733
0.936004050926
126753
0.938916015625
126773
0.933912037037
126793
0.931022135417
126813
0.93109302662
126833
0.931321976273
126853
0.938023726852
126873
0.937352792245
126893
0.934664713542
126913
0.935260416667
126933
0.933631004051
126953
0.935470920139
126973
0.934325448495
126993
0.931084707755
127013
0.933571686921
127033
0.938989076968
127053
0.942041015625
127073
0.94279296875
127093
0.941319806134
127113
0.942236689815
127133
0.941762152778
127153
0.938458116319
127173
0.938512008102
127193
0.937796947338
127213
0.936075665509
127233
0.936533564815
127253
0.935031105324
127273
0.934129412616
127293
0.940315755208
127313
0.93962818287
127333
0.93685510706
127353
0.936790364583
127373
0.936315465856
127393
0.932820818866
127413
0.93224645544
127433
0.936293402778
127453
0.935573278356
127473
0.933200231481
127493
0.932622251157
127513
0.932475766782
127533
0.940715784144
127553
0.937127459491
127573
0.937859881366
127593
0.942296006944
127613
0.937164713542
127633
0.937490596065
127653
0.934521846065
127673
0.935923032407
127693
0.932905815972
127713
0.930535300926
127733
0.935434027778
127753
0.932137948495
127773
0.934037181713
127793
0.932629484954
127813
0.933583984375
127833
0.932153862847
127853
0.928946397569
127873
0.929469401042
127893
0.925618127894
127913
0.921052155671
127933
0.922631655093
127953
0.922829137731
127973
0.923504774306
127993
0.923432436343
128013
0.92871129919
128033
0.926097366898
128053
0.922979962384
128073
0.92863208912
128093
0.925659722222
128113
0.923824508102
128133
0.919128689236
128153
0.922200882523
128173
0.925837673611
128193
0.924326533565
128213
0.922022569444
128233
0.92755859375
128253
0.930191695602
128273
0.925026765046
128293
0.929702690972
128313
0.926312210648
128333
0.926112196181
128353
0.926197916667
128373
0.929468315972
128393
0.930275607639
128413
0.936540436921
128433
0.933504412616
128453
0.934468315972
128473
0.934700159144
128493
0.939685329861
128513
0.934816984954
128533
0.932799479167
128553
0.92535120081
128573
0.921371527778
128593
0.923900824653
128613
0.918912037037
128633
0.923218677662
128653
0.917524233218
128673
0.915508897569
128693
0.909971788194
128713
0.909845558449
128733
0.913091001157
128753
0.913840060764
128773
0.912105758102
128793
0.910245225694
128813
0.913763020833
128833
0.913327184606
128853
0.917172309028
128873
0.913565176505
128893
0.911859085648
128913
0.915623553241
128933
0.910667317708
128953
0.905910734954
128973
0.918243634259
128993
0.912097077546
129013
0.908712022569
129033
0.90831995081
129053
0.905583043981
129073
0.902319878472
129093
0.901121238426
129113
0.903512731481
129133
0.894979383681
129153
0.890940755208
129173
0.890528790509
129193
0.891788917824
129213
0.894642650463
129233
0.886783130787
129253
0.888734447338
129273
0.892041739005
129293
0.890815972222
129313
0.89080078125
129333
0.892107928241
129353
0.888718894676
129373
0.894212239583
129393
0.886389612269
129413
0.888149594907
129433
0.888324291088
129453
0.903999927662
129473
0.895317925347
129493
0.887085141782
129513
0.887416811343
129533
0.893839337384
129553
0.892542679398
129573
0.894750072338
129593
0.897963324653
129613
0.893442563657
129633
0.889406105324
129653
0.888531177662
129673
0.891602647569
129693
0.89562463831
129713
0.902925708912
129733
0.903610026042
129753
0.893233145255
129773
0.888294994213
129793
0.886046368634
129813
0.889717158565
129833
0.894088179977
129853
0.893148871528
129873
0.897106119792
129893
0.895599681713
129913
0.89933557581
129933
0.908857783565
129953
0.907842881944
129973
0.912765842014
129993
0.920776548032
130013
0.925720847801
130033
0.920808376736
130053
0.919574652778
130073
0.919387659144
130093
0.920412688079
130113
0.920384114583
130133
0.924909215856
130153
0.931108940972
130173
0.942951388889
130193
0.937865668403
130213
0.93818395544
130233
0.928231698495
130253
0.918219039352
130273
0.922507957176
130293
0.925652850116
130313
0.929348234954
130333
0.925724464699
130353
0.936546947338
130373
0.944534866898
130393
0.947731843171
130413
0.95527307581
130433
0.95709020544
130453
0.964285662616
130473
0.965052445023
130493
0.96425708912
130513
0.968939163773
130533
0.976981336806
130553
0.983420500579
130573
0.995382667824
130593
0.996649667245
130613
0.997195457176
130633
1.0
