133327
0.0543529285099
133347
0.0680921619294
133367
0.0771522394488
133387
0.0693023255814
133407
0.0728186907838
133427
0.0692441860465
133447
0.0598804909561
133467
0.0557149009475
133487
0.0582644272179
133507
0.0577993109388
133527
0.0643001722653
133547
0.0610562015504
133567
0.0686929371232
133587
0.0596500861326
133607
0.0743486218777
133627
0.0628854435831
133647
0.0585185185185
133667
0.0453865202412
133687
0.0935034453058
133707
0.099798664944
133727
0.11019379845
133747
0.0778369939707
133767
0.157651808786
133787
0.124630706288
133807
0.122948966408
133827
0.103975021533
133847
0.0779360465116
133867
0.085100129199
133887
0.0771899224806
133907
0.0783408699397
133927
0.0978348406546
133947
0.0760917312661
133967
0.103694013781
133987
0.144258182601
134007
0.108752153316
134027
0.128717700258
134047
0.154683462532
134067
0.0850936692506
134087
0.0853768303187
134107
0.114492894057
134127
0.123178294574
134147
0.10716838932
134167
0.0933344099914
134187
0.099938630491
134207
0.101768949182
134227
0.0802347114556
134247
0.0971070198105
134267
0.0906309216193
134287
0.0675484496124
134307
0.072479543497
134327
0.102210378984
134347
0.103415159345
134367
0.104278639104
134387
0.106324289406
134407
0.108369939707
134427
0.10459625323
134447
0.0872652885444
134467
0.0846328596038
134487
0.087560292851
134507
0.0933957795004
134527
0.104412144703
134547
0.109527347115
134567
0.111575150732
134587
0.102664728682
134607
0.0927928509905
134627
0.0842657192076
134647
0.0822071490095
134667
0.0910992678725
134687
0.0965708440999
134707
0.0869326012059
134727
0.0820618001723
134747
0.0757009043928
134767
0.0690040913006
134787
0.0720316537468
134807
0.073326873385
134827
0.0663598191214
134847
0.0623298880276
134867
0.0656384582257
134887
0.0414642549526
134907
0.0405490956072
134927
0.0401119724376
134947
0.0392872523686
134967
0.0376259689922
134987
0.0339825581395
135007
0.034112833764
135027
0.0574052540913
135047
0.0563641257537
135067
0.0813210594315
135087
0.067238372093
135107
0.0913178294574
135127
0.0633570198105
135147
0.045464039621
135167
0.0352207149009
135187
0.0499741602067
135207
0.0687349267873
135227
0.0676281223084
135247
0.0658118001723
135267
0.182798234281
135287
0.145296080965
135307
0.185835486649
135327
0.184341085271
135347
0.104366925065
135367
0.145573858742
135387
0.157918819983
135407
0.154670542636
135427
0.150097975883
135447
0.152663652024
135467
0.247155469423
135487
0.230343453919
135507
0.211579457364
135527
0.216180017227
135547
0.0647039190353
135567
0.0572878983635
135587
0.060484496124
135607
0.0493938415159
135627
0.0516160637382
135647
0.0696651593454
135667
0.0865460809647
135687
0.0965816106804
135707
0.0647308354866
135727
0.0580770887166
135747
0.0726722652885
135767
0.055462962963
135787
0.0649935400517
135807
0.0733333333333
135827
0.075725667528
135847
0.0699558570198
135867
0.0591666666667
135887
0.0568217054264
135907
0.0625247631352
135927
0.053870585702
135947
0.0433365633075
135967
0.0452670111972
135987
0.0443173987941
136007
0.0414373385013
136027
0.0396716192937
136047
0.0400301464255
136067
0.0388490525409
136087
0.0485701981051
136107
0.0513070628768
136127
0.0426948751077
136147
0.0429952627046
136167
0.0434636089578
136187
0.0474052540913
136207
0.0469067614126
136227
0.047721791559
136247
0.0392000430663
136267
0.0399763135228
136287
0.0418410852713
136307
0.0443206287683
136327
0.0428649870801
136347
0.0476518087855
136367
0.039455211025
136387
0.0404704995693
136407
0.0456029285099
136427
0.0403574504737
136447
0.0388006029285
136467
0.0417560292851
136487
0.0405297157623
136507
0.0406007751938
136527
0.0381115417743
136547
0.0387510766581
136567
0.0463813522825
136587
0.0423083548665
136607
0.0409183893196
136627
0.0414007321275
136647
0.0475549095607
136667
0.0461778639104
136687
0.0440977605512
136707
0.0419336778639
136727
0.0385766580534
136747
0.0396597760551
136767
0.0404263565891
136787
0.0416602067183
136807
0.0407504306632
136827
0.0389674849268
136847
0.0382978036176
136867
0.0408947028424
136887
0.0416386735573
136907
0.0406869078381
136927
0.0421102497847
136947
0.0434097760551
136967
0.0429715762274
136987
0.0434000861326
137007
0.0443389319552
137027
0.0443120155039
137047
0.0451798018949
137067
0.0473148148148
137087
0.0476119724376
137107
0.0483559431525
137127
0.0486154177433
137147
0.050825796727
137167
0.050362833764
137187
0.0507105943152
137207
0.0512403100775
137227
0.0506158484065
137247
0.0474106373816
137267
0.0441752799311
137287
0.0452583979328
137307
0.0458893195521
137327
0.0445133505599
137347
0.0459420757967
137367
0.0429909560724
137387
0.0413350559862
137407
0.0773503445306
137427
0.0800290697674
137447
0.0799375538329
137467
0.0803413006029
137487
0.0802497846684
137507
0.0804618863049
137527
0.0777691645134
137547
0.0806416881998
137567
0.0828143841516
137587
0.083184754522
137607
0.0825172265289
137627
0.0813242894057
137647
0.0805211024978
137667
0.0805189491817
137687
0.0798266580534
137707
0.0799117140396
137727
0.0934808354866
137747
0.0665848406546
137767
0.0759313092162
137787
0.0739987080103
137807
0.0631298449612
137827
0.084072997416
137847
0.0652863910422
137867
0.0770068906115
137887
0.103213824289
137907
0.0777702411714
137927
0.0790633074935
137947
0.0790137812231
137967
0.0786595607235
137987
0.078487295435
138007
0.103971791559
138027
0.118939491817
138047
0.0690988372093
138067
0.0592291128338
138087
0.0449020241171
138107
0.0404392764858
138127
0.0426087424634
138147
0.0423826442722
138167
0.0433699397071
138187
0.0474246339363
138207
0.0521188630491
138227
0.0543766149871
138247
0.0537736864772
138267
0.0555501722653
138287
0.0592463393626
138307
0.0611014211886
138327
0.0606513781223
138347
0.0716602067183
138367
0.0802906976744
138387
0.0918636950904
138407
0.0976324289406
138427
0.10524870801
138447
0.111673126615
138467
0.114888027562
138487
0.112897286822
138507
0.116238156761
138527
0.110696597761
138547
0.103066322136
138567
0.109217269595
138587
0.108670327304
138607
0.107158699397
138627
0.107324504737
138647
0.107286821705
138667
0.108168604651
138687
0.108720930233
138707
0.108756459948
138727
0.107042420327
138747
0.107955426357
138767
0.10854543497
138787
0.109049310939
138807
0.108774763135
138827
0.107996339363
138847
0.109411068045
138867
0.109948320413
138887
0.109422911283
138907
0.111105727821
138927
0.111748492679
138947
0.112188845823
138967
0.110736434109
138987
0.111827088717
139007
0.111076658053
139027
0.11302540913
139047
0.112236218777
139067
0.111682816537
139087
0.112336347976
139107
0.111420111972
139127
0.111046511628
139147
0.112895133506
139167
0.110699827735
139187
0.113369939707
139207
0.113168604651
139227
0.11390503876
139247
0.114215116279
139267
0.114128983635
139287
0.11282622739
139307
0.113255813953
139327
0.115022609819
139347
0.112066106804
139367
0.111789405685
139387
0.111035745047
139407
0.108335486649
139427
0.0994972006891
139447
0.107624892334
139467
0.0999924633936
139487
0.105029069767
139507
0.103635874246
139527
0.102628122308
139547
0.10229005168
139567
0.102065030146
139587
0.102122093023
139607
0.100733204134
139627
0.100582472007
139647
0.0997534453058
139667
0.100431739879
139687
0.100223944875
139707
0.100338070629
139727
0.0977659345392
139747
0.0972136089578
139767
0.0974031007752
139787
0.0988027562446
139807
0.698742463394
139827
0.872030577089
139847
0.750021533161
139867
0.761628983635
139887
0.760262704565
139907
0.760113049096
139927
0.750222868217
139947
0.750219638243
139967
0.750341300603
139987
0.750405900086
140007
0.750222868217
140027
0.753228897502
140047
0.759250645995
140067
0.759233419466
140087
0.776406115418
140107
0.766931524548
140127
0.755945305771
140147
0.740831180017
140167
0.724303402239
140187
0.704464900947
140207
0.683245047373
140227
0.663971791559
140247
0.649838501292
140267
0.634251722653
140287
0.624858957795
140307
0.605374677003
140327
0.507573212748
140347
0.510692291128
140367
0.521691429802
140387
0.522604435831
140407
0.530394056848
140427
0.539829888028
140447
0.53491709733
140467
0.542116709733
140487
0.535166881998
140507
0.540108742463
140527
0.552174849268
140547
0.550655684755
140567
0.547307278208
140587
0.531879844961
140607
0.525208871662
140627
0.528326873385
140647
0.52947997416
140667
0.524692075797
140687
0.53927540913
140707
0.537395564169
140727
0.529832041344
140747
0.523111541774
140767
0.52462962963
140787
0.529810508183
140807
0.530831180017
140827
0.537203919035
140847
0.539734065461
140867
0.535817183463
140887
0.53366709733
140907
0.535469422911
140927
0.536541774332
140947
0.541578380706
140967
0.53850667528
140987
0.536349052541
141007
0.543438845823
141027
0.534816968131
141047
0.539284022394
141067
0.544721145564
141087
0.547892980189
141107
0.546240310078
141127
0.548324720069
141147
0.540633074935
141167
0.545992678725
141187
0.547636735573
141207
0.545778423773
141227
0.551374892334
141247
0.546626830319
141267
0.547456933678
141287
0.550826873385
141307
0.557574289406
141327
0.533133074935
141347
0.533485142119
141367
0.53438630491
141387
0.534823428079
141407
0.537476313523
141427
0.537438630491
141447
0.534180663221
141467
0.537969422911
141487
0.539033161068
141507
0.537680878553
141527
0.543375322997
141547
0.54983419466
141567
0.551841085271
141587
0.684202196382
141607
0.678685400517
141627
0.668524978467
141647
0.661720499569
141667
0.658083548665
141687
0.652687338501
141707
0.642685185185
141727
0.636357665805
141747
0.63553079242
141767
0.624302325581
141787
0.627742248062
141807
0.62253875969
141827
0.536440568475
141847
0.537941429802
141867
0.536580534022
141887
0.534945090439
141907
0.536313522825
141927
0.536082041344
141947
0.527029500431
141967
0.515635228252
141987
0.508917958656
142007
0.504714685616
142027
0.489214039621
142047
0.485367140396
142067
0.512465546942
142087
0.536851851852
142107
0.507149009475
142127
0.500291774332
142147
0.495191645134
142167
0.493503445306
142187
0.529738372093
142207
0.522602282515
142227
0.513277347115
142247
0.548046942291
142267
0.526277993109
142287
0.528828596038
142307
0.55823535745
142327
0.527371877692
142347
0.547282515073
142367
0.534061154177
142387
0.537333118002
142407
0.540657838071
142427
0.543352713178
142447
0.553445305771
142467
0.521914298019
142487
0.536433031869
142507
0.541358742463
142527
0.544763135228
142547
0.566794788975
142567
0.559421834625
142587
0.541008828596
142607
0.535034453058
142627
0.546855081826
142647
0.546842161929
142667
0.550272394488
142687
0.582397717485
142707
0.617241602067
142727
0.640622308355
142747
0.644042850991
142767
0.657075796727
142787
0.669731912145
142807
0.675630921619
142827
0.714420757967
142847
0.710743970715
142867
0.720104435831
142887
0.713170757967
142907
0.706154177433
142927
0.711906761413
142947
0.689953703704
142967
0.689621016365
142987
0.69052002584
143007
0.684178509905
143027
0.685395133506
143047
0.689429371232
143067
0.652848837209
143087
0.550265934539
143107
0.588552971576
143127
0.609040697674
143147
0.646416881998
143167
0.660335917313
143187
0.674202196382
143207
0.680927002584
143227
0.69065245478
143247
0.694139750215
143267
0.71395456503
143287
0.713640180879
143307
0.714936477175
