159264
0.0581281023291
159284
0.0623675544101
159304
0.0639879247805
159324
0.0606111588393
159344
0.0591160748377
159364
0.106794100802
159384
0.106699837724
159404
0.106911034746
159424
0.107788039328
159444
0.107140129821
159464
0.0660652920962
159484
0.064831519664
159504
0.0642874188622
159524
0.0628877911417
159544
0.0635738831615
159564
0.0654710767468
159584
0.0646322546774
159604
0.0655653398244
159624
0.0654245418099
159644
0.0651166953036
159664
0.0640117888507
159684
1.0
159704
1.0
159724
1.0
159744
0.993096124475
159764
0.986774532264
159784
0.986618222604
159804
0.968046009927
159824
0.965021239023
159844
0.955012647957
159864
0.95403541428
159884
0.942404066438
159904
0.928800353188
159924
0.924288850706
159944
0.920231958763
159964
0.855575840015
159984
0.790300448645
160004
0.773080135548
160024
0.712609774723
160044
0.649179075983
160064
0.585885595647
160084
0.548230479191
160104
0.515665568919
160124
0.497170914471
160144
0.495177071401
160164
0.505945733104
160184
0.504818155785
160204
0.310564623902
160224
0.27089657312
160244
0.274280498282
160264
0.271218738068
160284
0.116658314242
160304
0.171525391371
160324
0.129630822833
160344
0.124828178694
160364
0.120279686903
160384
0.152736015655
160404
0.126776680031
160424
0.125059660176
160444
0.135885595647
160464
0.0803741886216
160484
0.0827534364261
160504
0.0816473367698
160524
0.0722806891943
160544
0.0683813001145
160564
0.058534984727
160584
0.037639604811
160604
0.0359929839633
160624
0.0365967449408
160644
0.0367327701413
160664
0.0351386502482
160684
0.0356863306606
160704
0.0715086865216
160724
0.0525844788087
160744
0.0620084001527
160764
0.047991838488
160784
0.0407025582283
160804
0.0503221649485
160824
0.0436330660557
160844
0.0372637457045
160864
0.0370573214968
160884
0.0382660366552
160904
0.0631610347461
160924
0.0626825601375
160944
0.0555066342115
160964
0.0416272909507
160984
0.047110061092
161004
0.0425579896907
161024
0.03936139748
161044
0.0416630870561
161064
0.049669482627
161084
0.0479524627721
161104
0.0485824742268
161124
0.0411034746086
161144
0.0410533600611
161164
0.0416439957999
161184
0.0397074264987
161204
0.0375190912562
161224
0.0380345551737
161244
0.0387409316533
161264
0.0350050114548
161284
0.0379498377243
161304
0.0362674207713
161324
0.445529066438
161344
0.270224799542
161364
0.0956734440626
161384
0.0589084574265
161404
0.080549589538
161424
0.120870322642
161444
0.0697212676594
161464
0.0370740263459
161484
0.0363545246277
161504
0.0392349179076
161524
0.0425913993891
161544
0.0469107961054
161564
0.0393924207713
161584
0.0389604810997
161604
0.0388578655976
161624
0.0391227567774
161644
0.0567845551737
161664
0.10755775105
161684
0.169511263841
161704
0.231785748377
161724
0.299375954563
161744
0.358234297442
161764
0.4215015273
161784
0.484886884307
161804
0.538888888889
161824
0.598125477281
161844
0.657082856052
161864
0.711379581901
161884
0.774579992363
161904
0.790412609775
161924
0.795582760596
161944
0.792941008018
161964
0.78244916953
161984
0.771443060328
162004
0.7634509832
162024
0.757286893853
162044
0.753763363879
162064
0.74124665903
162084
0.738381777396
162104
0.738867411226
162124
0.7464335147
162144
0.751904352806
162164
0.753207331042
162184
0.745204515082
162204
0.760039614357
162224
0.766567630775
162244
0.773144568538
162264
0.771563573883
162284
0.776295819015
162304
0.777184755632
162324
0.792583046964
162344
0.795595885834
162364
0.802296916762
162384
0.790644091256
162404
0.783859536082
162424
0.759929839633
162444
0.762848415426
162464
0.770208094693
162484
0.769289327988
162504
0.768911082474
162524
0.768298969072
162544
0.778560519282
162564
0.774043050783
162584
0.775561998855
162604
0.771287943872
162624
0.765812332952
162644
0.775786321115
162664
0.776805316915
162684
0.803431653303
162704
0.833935901107
162724
0.8157610252
162744
0.81063860252
162764
0.803567678503
162784
0.801075076365
162804
0.785244845361
162824
0.77989810042
162844
0.778085624284
162864
0.776268375334
162884
0.759343976709
162904
0.737023911798
162924
0.731908648339
162944
0.711507254677
162964
0.700272050401
162984
0.700162275678
163004
0.700979620084
163024
0.688734965636
163044
0.69352567774
163064
0.700076365025
163084
0.715399484536
163104
0.71535652921
163124
0.707223654066
163144
0.727957951508
163164
0.747211483391
163184
0.735624284078
163204
0.746544482627
163224
0.743276298205
163244
0.730135547919
163264
0.741615358916
163284
0.751425878198
163304
0.749723176785
163324
0.745599465445
163344
0.738060805651
163364
0.741686951126
163384
0.742006729668
163404
0.747602854143
163424
0.757025582283
163444
0.761840158457
163464
0.787340110729
163484
0.797583762887
163504
0.820539805269
163524
0.822926212295
163544
0.817559182894
163564
0.82229620084
163584
0.822317678503
163604
0.822927405498
163624
0.826807703322
163644
0.837372327224
163664
0.803679839633
163684
0.787349656357
163704
0.785693489882
163724
0.775372279496
163744
0.765250334097
163764
0.762286416571
163784
0.756084144712
163804
0.764855383734
163824
0.749982101947
163844
0.741006825124
163864
0.742747709049
163884
0.746799828179
163904
0.744482626957
163924
0.744597174494
163944
0.763612065674
163964
0.777008161512
163984
0.773189910271
164004
0.758872661321
164024
0.753374379534
164044
0.744885929744
164064
0.731415855288
164084
0.73275820924
164104
0.735767468499
164124
0.737325792287
164144
0.730389700267
164164
0.734031357388
164184
0.735192344406
164204
0.730974369989
164224
0.718690339824
164244
0.72287371134
164264
0.717130822833
164284
0.715004534173
164304
0.711916523482
164324
0.718887218404
164344
0.730468451699
164364
0.734512218404
164384
0.739707426499
164404
0.740585624284
164424
0.749977329133
164444
0.764314862543
164464
0.771147145857
164484
0.776155021
164504
0.794749904544
164524
0.809859440626
164544
0.817358724704
164564
0.811285318824
164584
0.809055221459
164604
0.811377195494
164624
0.812368747614
164644
0.810220981291
164664
0.810960767468
164684
0.80166093929
164704
0.804947021764
164724
0.799571639939
164744
0.793611588393
164764
0.773419005346
164784
0.76795532646
164804
0.764838678885
164824
0.76835266323
164844
0.765916141657
164864
0.764325601375
164884
0.75186497709
164904
0.748568155785
164924
0.746787896144
164944
0.749145666285
164964
0.750927119129
164984
0.753539041619
165004
0.758972890416
165024
0.762043003055
165044
0.757891848034
165064
0.758026680031
165084
0.752271859488
165104
0.744270236732
165124
0.740962676594
165144
0.748241218022
165164
0.74126694349
165184
0.751114452081
165204
0.756751145475
165224
0.763902014128
165244
0.761872374952
165264
0.778669100802
165284
0.779140416189
165304
0.783327367316
165324
0.78885189958
165344
0.790165616648
165364
0.806767850325
165384
0.810386836579
165404
0.811711292478
165424
0.817281166476
165444
0.803224035892
165464
0.811139747995
165484
0.788640702558
165504
0.782684230622
165524
0.758962151585
165544
0.752380441008
165564
0.736311569301
165584
0.733937094311
165604
0.730233390607
165624
0.711102758687
165644
0.697536034746
165664
0.69450052501
165684
0.695299971363
165704
0.70476565483
165724
0.705915903016
165744
0.726104906453
165764
0.713082283314
165784
0.730794196258
165804
0.740918528064
165824
0.74937834097
165844
0.764434182894
165864
0.759471649485
165884
0.774279305078
165904
0.795089967545
165924
0.800447451317
165944
0.814816008018
165964
0.820119797633
165984
0.817143948072
166004
0.821733008782
166024
0.82763936617
166044
0.837600229095
166064
0.831403923253
166084
0.833867888507
166104
0.831180794196
166124
0.822012218404
166144
0.804346840397
166164
0.789621515846
166184
0.784821258114
166204
0.778887457045
166224
0.782265416189
166244
0.76283290378
166264
0.761176737304
166284
0.739331567392
166304
0.734809326079
166324
0.729070017182
166344
0.726594119893
166364
0.709592163039
166384
0.716942296678
166404
0.733326174112
166424
0.739957999236
166444
0.730396859488
166464
0.748909411989
166484
0.745799923635
166504
0.759579037801
166524
0.761596744941
166544
0.756234488354
166564
0.760448883162
166584
0.773907025582
166604
0.805493508973
166624
0.807372804506
166644
0.804845599465
166664
0.804690483009
166684
0.809136359297
166704
0.826232579229
166724
0.826002290951
166744
0.820836912944
166764
0.815362495227
166784
0.810712581138
166804
0.802749140893
166824
0.794469501718
166844
0.78535342688
166864
0.796792668958
166884
0.781241647575
166904
0.7660664853
166924
0.76001694349
166944
0.737423634975
166964
0.737325792287
166984
0.729562810233
167004
0.726417525773
167024
0.730864595265
167044
0.726590540283
167064
0.706539948454
167084
0.697034889271
167104
0.68548229286
167124
0.667803789614
167144
0.678263411607
167164
0.66427310042
167184
0.662066867125
167204
0.663769568538
167224
0.662454658267
167244
0.633822546774
167264
0.656609154257
167284
0.658855956472
167304
0.674773291333
167324
0.679448262696
167344
0.675393757159
167364
0.686214919817
167384
0.686206567392
167404
0.710650534555
167424
0.704068823979
167444
0.721067201222
167464
0.755347938144
167484
0.76320995609
167504
0.77590683467
167524
0.779907646048
167544
0.769212962963
167564
0.77345122184
167584
0.783245036273
167604
0.801727758687
167624
0.794681891943
167644
0.777430555556
167664
0.777419816724
167684
0.752029639175
167704
0.725591828942
167724
0.697775868652
167744
0.684484774723
167764
0.651777873234
167784
0.628783648339
167804
0.61564886407
167824
0.578990072547
167844
0.562177835052
167864
0.560580135548
167884
0.556204658267
167904
0.569533934708
167924
0.538850706376
167944
0.560679171439
167964
0.553141704849
167984
0.5287705231
168004
0.548207808324
168024
0.577475897289
168044
0.594362113402
168064
0.594822689958
168084
0.612628865979
168104
0.622536034746
168124
0.625381825124
168144
0.639559469263
168164
0.637137266132
168184
0.657323883162
168204
0.707362065674
168224
0.707475420008
168244
0.72697355861
168264
0.696977615502
168284
0.700069205804
168304
0.696673348606
168324
0.72732674685
168344
0.721161464299
168364
0.710667239404
168384
0.712717163039
168404
0.712986827033
168424
0.710252004582
168444
0.70775462963
168464
0.695638841161
168484
0.729879009164
168504
0.720329801451
168524
0.726320876289
168544
0.714518900344
168564
0.719352567774
168584
0.734434660176
168604
0.744820303551
168624
0.793061521573
168644
0.798353379152
168664
0.821833237877
168684
0.843124761359
168704
0.870316676212
168724
0.898663612066
168744
0.903524723177
168764
0.942511454754
168784
0.958502768232
168804
0.993495847652
168824
1.0
168844
1.0
