181233
0.374158084754
181253
0.492540640783
181273
0.630292179609
181293
0.780557528409
181313
0.93213186553
181333
1.0
181353
1.0
181373
1.0
181393
1.0
181413
1.0
181433
1.0
181453
1.0
181473
1.0
181493
1.0
181513
1.0
181533
0.990890842014
181553
0.989680989583
181573
0.98942106613
181593
0.986482994003
181613
0.999854008838
181633
0.995577355587
181653
0.98919369476
181673
0.988729087753
181693
0.98837446733
181713
0.992988478535
181733
1.0
181753
0.989196160827
181773
0.989308120265
181793
0.989752012311
181813
0.986688663984
181833
1.0
181853
0.99534751815
181873
0.990420316446
181893
0.990049913194
181913
0.989924636995
181933
0.994053819444
181953
1.0
181973
0.985041331282
181993
0.984223583491
182013
0.984383877841
182033
0.978570371686
182053
1.0
182073
0.990602312184
182093
0.978925485322
182113
0.977024640941
182133
0.978279869003
182153
0.996011876578
182173
1.0
182193
0.956456163194
182213
0.967306364426
182233
0.966740155461
182253
0.966973938605
182273
1.0
182293
0.98633108428
182313
0.979695884628
182333
0.98075727983
182353
0.981694878472
182373
0.995129024621
182393
0.998512468434
182413
0.98157502762
182433
0.981893150253
182453
0.982728160511
182473
0.988635870423
182493
1.0
182513
0.987539950284
182533
0.985234177715
182553
0.9853515625
182573
0.980868252841
182593
0.999998027146
182613
0.994264421559
182633
0.987061040088
182653
0.987514303188
182673
0.987767814867
182693
0.990920434817
182713
1.0
182733
0.987293343592
182753
0.981616457544
182773
0.982616694287
182793
0.978112176452
182813
1.0
182833
0.994990924874
182853
0.989068911774
182873
0.987426511206
182893
0.987136994949
182913
0.988634883996
182933
1.0
182953
0.992229423138
182973
0.989976917614
182993
0.989530066288
183013
0.989909840593
183033
0.998092250631
183053
0.999854995265
183073
0.982164417614
183093
0.987062519729
183113
0.987423551926
183133
0.995900903567
183153
1.0
183173
0.99257368608
183193
0.993334714331
183213
0.993339153251
183233
0.993388967803
183253
1.0
183273
0.996715692077
183293
0.994426195549
183313
0.994121882891
183333
0.994639756944
183353
0.995774640941
183373
1.0
183393
0.995046657986
183413
0.994178109217
183433
0.994011896307
183453
0.993520655777
183473
1.0
183493
0.998096196338
183513
0.992369002525
183533
0.992345328283
183553
0.992665423769
183573
0.99557636916
183593
0.999305555556
183613
0.99039910827
183633
0.990415877525
183653
0.99036409012
183673
0.990376913668
183693
0.995206952336
183713
1.0
183733
0.992850378788
183753
0.995090060764
183773
0.995063920455
183793
0.99416972459
183813
1.0
183833
0.996595841225
183853
0.995578835227
183873
0.995677971117
183893
0.995974392361
183913
0.999666094539
183933
0.999963008996
183953
0.986109631471
183973
0.988002091225
183993
0.987601108744
184013
0.990002071496
184033
1.0
184053
0.9942032631
184073
0.992774423927
184093
0.993006727431
184113
0.992752722538
184133
0.999400745739
184153
0.99973613084
184173
0.993255306976
184193
0.99306640625
184213
0.993008207071
184233
0.995195608428
184253
1.0
184273
0.993101917614
184293
0.992358645044
184313
0.993042732008
184333
0.991024996054
184353
1.0
184373
0.985965119949
184393
0.970998559817
184413
0.968435823074
184433
0.969537661774
184453
0.984881530145
184473
1.0
184493
0.975176077178
184513
0.977501085069
184533
0.978662602588
184553
0.97558297822
184573
0.99999704072
184593
0.99671174637
184613
0.980386383365
184633
0.981633720013
184653
0.981165167298
184673
0.989853121054
184693
1.0
184713
0.980379478378
184733
0.977787148832
184753
0.978488005051
184773
0.97258769334
184793
1.0
184813
0.990675800979
184833
0.987821081913
184853
0.987163628472
184873
0.988194444444
184893
0.995895971433
184913
1.0
184933
0.988885929609
184953
0.99102006392
184973
0.991224747475
184993
0.997252801452
185013
1.0
185033
1.0
185053
1.0
185073
1.0
185093
0.995317432134
185113
0.990116990215
185133
0.989945351957
185153
0.990012922191
185173
0.989952256944
185193
0.985178937816
185213
0.984435172033
185233
0.984416923138
185253
0.988307883523
185273
0.99306640625
185293
0.988426254735
185313
0.988656092172
185333
0.988179648043
185353
0.992300939078
185373
0.992074060922
185393
0.984520497948
185413
0.976866812658
185433
0.967832623106
185453
0.964168047664
185473
0.953220190183
185493
0.941557173295
185513
0.932056403883
185533
0.922480666035
185553
0.921998796559
185573
0.92030954072
185593
0.923499151673
185613
0.920302635732
185633
0.919273792614
185653
0.920292771465
185673
0.92073814315
185693
0.921166745581
185713
0.922043185764
185733
0.924360795455
185753
0.919408933081
185773
0.921641216856
185793
0.923382753314
185813
0.924810606061
185833
0.926528468277
185853
0.930041133996
185873
0.934188565341
185893
0.940664950284
185913
0.940536221591
185933
0.938947581282
185953
0.936627012311
185973
0.934047506313
185993
0.930478614268
186013
0.931281565657
186033
0.933094124842
186053
0.923357106218
186073
0.921871054293
186093
0.920006214489
186113
0.91768022017
186133
0.914676057449
186153
0.918750986427
186173
0.913759173769
186193
0.914935980903
186213
0.911422328756
186233
0.911881017203
186253
0.918311040088
186273
0.92685102983
186293
0.928816978378
186313
0.925651041667
186333
0.929084300032
186353
0.92158647017
186373
0.92099461411
186393
0.921234315814
186413
0.926798255997
186433
0.921973149463
186453
0.931927675189
186473
0.937018130524
186493
0.937423551926
186513
0.939159663037
186533
0.941562105429
186553
0.942401554609
186573
0.935625789141
186593
0.930560980903
186613
0.922196081913
186633
0.924408637153
186653
0.916933495107
186673
0.919777363479
186693
0.921560329861
186713
0.916120679451
186733
0.919363557449
186753
0.921860696812
186773
0.92509321733
186793
0.918357402146
186813
0.927292455808
186833
0.927436474116
186853
0.924047111742
186873
0.923456242109
186893
0.930469736427
186913
0.92760465988
186933
0.927581972064
186953
0.928334122475
186973
0.929267282197
186993
0.93151386916
187013
0.930488971749
187033
0.930578243371
187053
0.925197285354
187073
0.924453026357
187093
0.927434501263
187113
0.921423709754
187133
0.913020833333
187153
0.906242601799
187173
0.905805614741
187193
0.907483526673
187213
0.906066524621
187233
0.912065479009
187253
0.918009193497
187273
0.912169547033
187293
0.913052892203
187313
0.917877505524
187333
0.921054786143
187353
0.914409722222
187373
0.919514480745
187393
0.918445687342
187413
0.917432133838
187433
0.923687065972
187453
0.925641670612
187473
0.928209832702
187493
0.935893604009
187513
0.94407354798
187533
0.942817333491
187553
0.937004813763
187573
0.935898042929
187593
0.931715593434
187613
0.926781486742
187633
0.924980764678
187653
0.911111604324
187673
0.908453677399
187693
0.910669191919
187713
0.912214429451
187733
0.915737452652
187753
0.920205965909
187773
0.927017735953
187793
0.940200343277
187813
0.946835542929
187833
0.947104344223
187853
0.948200757576
187873
0.946265388258
187893
0.949782492898
187913
0.951768169981
187933
0.952889244003
187953
0.946847380051
187973
0.943644452336
187993
0.941589725379
188013
0.942794645676
188033
0.935890644729
188053
0.930685763889
188073
0.931098090278
188093
0.927118844697
188113
0.926493450126
188133
0.93004310685
188153
0.933184382891
188173
0.930908696338
188193
0.939955709438
188213
0.944252584438
188233
0.946966737689
188253
0.939619831124
188273
0.935396444918
188293
0.934352312184
188313
0.935860065499
188333
0.939315518466
188353
0.935261304451
188373
0.929216481218
188393
0.930922999527
188413
0.932498323074
188433
0.942324120107
188453
0.948750690499
188473
0.947820490057
188493
0.945224214804
188513
0.933948863636
188533
0.936493351484
188553
0.934586588542
188573
0.933645537405
188593
0.92578272964
188613
0.925684580177
188633
0.927920316446
188653
0.926981731376
188673
0.935161182134
188693
0.942778862847
188713
0.951488517992
188733
0.947807173295
188753
0.945976858428
188773
0.941029928188
188793
0.932552083333
188813
0.92802734375
188833
0.92675929214
188853
0.91500256471
188873
0.913514539931
188893
0.910787069918
188913
0.918648398043
188933
0.924019985006
188953
0.932454427083
188973
0.934299538352
188993
0.936565360638
189013
0.933032473169
189033
0.92301185685
189053
0.927999230587
189073
0.934788806029
189093
0.921603732639
189113
0.904330906723
189133
0.917489346591
189153
0.915124881629
189173
0.910688427241
189193
0.910012231692
189213
0.915076546717
189233
0.91220259233
189253
0.898202730429
189273
0.917937184343
189293
0.908340238321
189313
0.911055377999
189333
0.901226621686
189353
0.893889086174
189373
0.900172624684
189393
0.905296618529
189413
0.92330630524
189433
0.909692136206
189453
0.903823390152
189473
0.904873934659
189493
0.904630780461
189513
0.905617207229
189533
0.884642814867
189553
0.873258463542
189573
0.861799143782
189593
0.858311138731
189613
0.858831478851
189633
0.858919270833
189653
0.862502466067
189673
0.864077296402
189693
0.869585503472
189713
0.867213640309
189733
0.864166568024
189753
0.864274088542
189773
0.862024049085
189793
0.855919547033
189813
0.862525647096
189833
0.86314709596
189853
0.858193753946
189873
0.85153192077
189893
0.862269176136
189913
0.864966560133
189933
0.867291074811
189953
0.866101937342
189973
0.879840889362
189993
0.877428582702
190013
0.883863537721
190033
0.877808357008
190053
0.878283321496
190073
0.886689157197
190093
0.879894649621
190113
0.900646602746
190133
0.8992813881
190153
0.883569089331
190173
0.901732165404
190193
0.919037050189
190213
0.914759903725
190233
0.92164762863
190253
0.933025568182
190273
0.924120107323
190293
0.926828835227
190313
0.949251795297
190333
0.957053444602
190353
0.96272589173
190373
0.979857165404
190393
0.982788332544
190413
0.990342388731
190433
0.999688782355
190453
1.0
190473
1.0
190493
1.0
190513
0.967072088068
190533
0.958017183554
190553
0.975387172506
190573
0.985665739426
190593
0.989623776831
190613
0.989069898201
190633
1.0
190653
0.977233763415
190673
0.96520083649
190693
0.965086410985
190713
0.965061257102
190733
0.965165325126
190753
0.965156447285
190773
0.986701487532
190793
1.0
190813
1.0
