137795
0.113329354745
137815
0.111674262153
137835
0.171320529514
137855
0.142349175347
137875
0.135164207176
137895
0.343615451389
137915
0.190450665509
137935
0.137609953704
137955
0.147798394097
137975
0.160190610532
137995
0.186843894676
138015
0.207521339699
138035
0.249032841435
138055
0.244946469907
138075
0.254619502315
138095
0.0370988859954
138115
0.038505859375
138135
0.0466814959491
138155
0.0517437065972
138175
0.0420746527778
138195
0.0450028935185
138215
0.04486328125
138235
0.0430776186343
138255
0.0425047019676
138275
0.0341145833333
138295
0.0692071759259
138315
0.0759020543981
138335
0.079287109375
138355
0.0707892071759
138375
0.0726453993056
138395
0.0659939236111
138415
0.0548517071759
138435
0.0420619936343
138455
0.0433723958333
138475
0.0479441550926
138495
0.0436631944444
138515
0.0517100694444
138535
0.041781322338
138555
0.0395789930556
138575
0.0404890046296
138595
0.0456166811343
138615
0.0457515914352
138635
0.0427325665509
138655
0.0602698206019
138675
0.060859375
138695
0.0618941695602
138715
0.0617418981481
138735
0.0608875868056
138755
0.0609928385417
138775
0.0612438512731
138795
0.0505197482639
138815
0.0599905960648
138835
0.0509447337963
138855
0.0501812065972
138875
0.049535228588
138895
0.0480284288194
138915
0.0499446614583
138935
0.0663896122685
138955
0.0696245659722
138975
0.0453049045139
138995
0.0562268518519
139015
0.0547724971065
139035
0.0542429832176
139055
0.0576526331019
139075
0.0552126736111
139095
0.147436704282
139115
0.14439416956
139135
0.055591724537
139155
0.0582946325231
139175
0.0615407986111
139195
0.0666290509259
139215
0.0618775318287
139235
0.0626529947917
139255
0.062367259838
139275
0.0557729311343
139295
0.0565946903935
139315
0.068960865162
139335
0.0663480179398
139355
0.0532725694444
139375
0.0403483072917
139395
0.041634837963
139415
0.0415932436343
139435
0.0416666666667
139455
0.0413856336806
139475
0.040083912037
139495
0.042613208912
139515
0.0415404369213
139535
0.0451963975694
139555
0.0421368634259
139575
0.0416677517361
139595
0.0413295717593
139615
0.0487760416667
139635
0.043714916088
139655
0.118577112269
139675
0.127527126736
139695
0.111374059606
139715
0.100604383681
139735
0.100999348958
139755
0.100814525463
139775
0.100140335648
139795
0.132998770255
139815
0.470809100116
139835
0.452938006366
139855
0.212684823495
139875
0.116511501736
139895
0.113331163194
139915
0.0981872106481
139935
0.0973835358796
139955
0.0990339265046
139975
0.0982432725694
139995
0.106206958912
140015
0.104403211806
140035
0.0741930700231
140055
0.0845880353009
140075
0.0816811342593
140095
0.0786168981481
140115
0.0771043113426
140135
0.0782411024306
140155
0.0805183015046
140175
0.0780396412037
140195
0.0909418402778
140215
0.0892856626157
140235
0.0806937210648
140255
0.0562594039352
140275
0.0582194010417
140295
0.0572294560185
140315
0.0558940972222
140335
0.0568941695602
140355
0.0579705584491
140375
0.0585033275463
140395
0.0592035590278
140415
0.113582899306
140435
0.115313585069
140455
0.114444082755
140475
0.114928385417
140495
0.11336009838
140515
0.110362051505
140535
0.106744791667
140555
0.0996234809028
140575
0.0963718894676
140595
0.0833774594907
140615
0.082416087963
140635
0.0821343315972
140655
0.0499500868056
140675
0.0484642650463
140695
0.0485243055556
140715
0.0439460358796
140735
0.0448951099537
140755
0.0463751446759
140775
0.0452137586806
140795
0.0417068142361
140815
0.0394404658565
140835
0.0402314814815
140855
0.0475676359954
140875
0.0588548900463
140895
0.162842520255
140915
0.108440393519
140935
0.0801435908565
140955
0.052250072338
140975
0.0664572482639
140995
0.0712232349537
141015
0.0916937934028
141035
0.103853804977
141055
0.0599869791667
141075
0.212979239005
141095
0.0635561342593
141115
0.116460503472
141135
0.0827224392361
141155
0.0885344328704
141175
0.0404890046296
141195
0.0466554542824
141215
0.043706958912
141235
0.0510470920139
141255
0.0533883101852
141275
0.0545619936343
141295
0.180231119792
141315
0.240966796875
141335
0.387132523148
141355
0.448125
141375
0.112091290509
141395
0.0857078269676
141415
0.10298755787
141435
0.126453993056
141455
0.122684100116
141475
0.125248480903
141495
0.130895905671
141515
0.0833253761574
141535
0.127415002894
141555
0.0984772858796
141575
0.101302083333
141595
0.112293836806
141615
0.1216796875
141635
0.133135489005
141655
0.138299696181
141675
0.149351851852
141695
0.153609664352
141715
0.136299913194
141735
0.0776927806713
141755
0.0779604311343
141775
0.0858094618056
141795
0.0957696759259
141815
0.0995015914352
141835
0.0901909722222
141855
0.0914449508102
141875
0.0961263020833
141895
0.0949779369213
141915
0.0973893229167
141935
0.0974833622685
141955
0.0997424768519
141975
0.102452256944
141995
0.0899858940972
142015
0.0850365306713
142035
0.0943627025463
142055
0.096513671875
142075
0.0951222511574
142095
0.0997211371528
142115
0.0952517361111
142135
0.089584056713
142155
0.0950318287037
142175
0.0980555555556
142195
0.0992860243056
142215
0.0944307002315
142235
0.09673828125
142255
0.0522862413194
142275
0.0552217158565
142295
0.0550477430556
142315
0.0568768084491
142335
0.0587420428241
142355
0.0615556278935
142375
0.0598321759259
142395
0.0577535445602
142415
0.055609447338
142435
0.0573321759259
142455
0.05384765625
142475
0.053042896412
142495
0.0541829427083
142515
0.0536722366898
142535
0.0554973234954
142555
0.0560706018519
142575
0.0578819444444
142595
0.438121021412
142615
0.0808930121528
142635
0.0335695167824
142655
0.0367010271991
142675
0.0356633391204
142695
0.0376493778935
142715
0.192032696759
142735
0.247145543981
142755
0.256920211227
142775
0.223177806713
142795
0.124729094329
142815
0.0735698784722
142835
0.0838122106481
142855
0.107296368634
142875
0.0688986545139
142895
0.0704969618056
142915
0.0716945167824
142935
0.0751193576389
142955
0.0756557436343
142975
0.0716927083333
142995
0.0740154803241
143015
0.067435619213
143035
0.0693312355324
143055
0.0674652777778
143075
0.0667006655093
143095
0.0628157552083
143115
0.0632537615741
143135
0.0602076099537
143155
0.0647446469907
143175
0.0648267505787
143195
0.0680295138889
143215
0.110738932292
143235
0.112811053241
143255
0.111969039352
143275
0.113254484954
143295
0.112651186343
143315
0.111917317708
143335
0.113583622685
143355
0.112344835069
143375
0.113217954282
143395
0.0596791811343
143415
0.0618077256944
143435
0.0595081018519
143455
0.0538422309028
143475
0.0556206597222
143495
0.0580490451389
143515
0.0603515625
143535
0.0599280237269
143555
0.0609595630787
143575
0.0693699363426
143595
0.0670428240741
143615
0.0647222222222
143635
0.04984375
143655
0.0402213541667
143675
0.0494151475694
143695
0.0512641059028
143715
0.0510239438657
143735
0.0525770399306
143755
0.0403794126157
143775
0.0421791811343
143795
0.0403294994213
143815
0.0361519820602
143835
0.049195240162
143855
0.0560394965278
143875
0.0564142071759
143895
0.0576576967593
143915
0.0496809895833
143935
0.0495030381944
143955
0.0563849103009
143975
0.0457288049769
143995
0.0639051649306
144015
0.0648687065972
144035
0.0849830005787
144055
0.0924045138889
144075
0.0769741030093
144095
0.0499605758102
144115
0.0455678530093
144135
0.0641178385417
144155
0.0581224681713
144175
0.050306712963
144195
0.0565042679398
144215
0.0410441984954
144235
0.0490418836806
144255
0.0429079861111
144275
0.0422920283565
144295
0.0508597366898
144315
0.045980541088
144335
0.048021556713
144355
0.0589619502315
144375
0.0427242476852
144395
0.0433940972222
144415
0.0529560908565
144435
0.124149667245
144455
0.129220558449
144475
0.126478587963
144495
0.0791377314815
144515
0.0607208478009
144535
0.0581951678241
144555
0.0570081018519
144575
0.0578754340278
144595
0.0534812644676
144615
0.0664539930556
144635
0.0598831741898
144655
0.0692321325231
144675
0.06599609375
144695
0.066781322338
144715
0.066517650463
144735
0.066646412037
144755
0.0649967447917
144775
0.0687789351852
144795
0.0657421875
144815
0.0651291232639
144835
0.0642216435185
144855
0.261805917245
144875
0.238225549769
144895
0.258227719907
144915
0.206849320023
144935
0.224831814236
144955
0.232992983218
144975
0.228371310764
144995
0.22445348669
145015
0.234864728009
145035
0.22359447338
145055
0.248294994213
145075
0.253606409144
145095
0.245526258681
145115
0.23513671875
145135
0.239562717014
145155
0.245443793403
145175
0.189773220486
145195
0.305612702546
145215
0.32035083912
145235
0.338132957176
145255
0.330569661458
145275
0.381941189236
145295
0.288885271991
145315
0.25867115162
145335
0.255389178241
145355
0.20892650463
145375
0.170931351273
145395
0.211589265046
145415
0.247651548032
145435
0.337413917824
145455
0.358676215278
145475
0.292471064815
145495
0.273953993056
145515
0.250107783565
145535
0.241041304977
145555
0.288684895833
145575
0.259561270255
145595
0.255237630208
145615
0.27947229456
145635
0.271009476273
145655
0.288450882523
145675
0.304220920139
145695
0.279480613426
145715
0.274881727431
145735
0.309110966435
145755
0.552602719907
145775
0.996124855324
145795
0.987522786458
145815
0.978117042824
145835
0.978517071759
145855
0.978487413194
145875
0.977947771991
145895
0.977243200231
145915
0.977760778356
145935
0.97869140625
145955
0.981251085069
145975
0.969203559028
145995
0.963575303819
146015
0.948471498843
146035
0.945473451968
146055
0.941225766782
146075
0.935056423611
146095
0.930435836227
146115
0.937973090278
146135
0.936052879051
146155
0.923330801505
146175
0.9272265625
146195
0.9202734375
146215
0.919728370949
146235
0.906006582755
146255
0.902045355903
146275
0.88306568287
146295
0.892751374421
146315
0.895143952546
146335
0.905709997106
146355
0.909925853588
146375
0.909998191551
146395
0.90839916088
146415
0.910890842014
146435
0.916590350116
146455
0.924010778356
146475
0.93308629919
146495
0.933971715856
146515
0.940538917824
146535
0.94259765625
146555
0.953288845486
146575
0.958937717014
146595
0.973647280093
146615
0.973713469329
146635
0.978513454861
146655
0.984369574653
146675
0.984934534144
146695
0.991276041667
146715
0.998043619792
146735
1.0
146755
1.0
146775
1.0
146795
1.0
146815
1.0
146835
1.0
146855
1.0
146875
1.0
146895
0.0389283130787
146915
0.0392274305556
146935
0.0389865451389
146955
0.0392299623843
146975
0.0392350260417
146995
0.0389416956019
147015
1.0
147035
1.0
147055
0.990846354167
147075
0.990998263889
147095
0.991014539931
147115
0.991016710069
147135
0.991016710069
147155
1.0
147175
0.943399522569
147195
0.943753255208
147215
0.943755425347
147235
0.943755425347
147255
0.943755425347
147275
1.0
147295
0.988961588542
147315
0.988974609375
147335
0.988986545139
147355
0.988986545139
147375
0.988986545139
