158748
0.0677651780162
158768
0.0716257579291
158788
0.0727645949938
158808
0.0742488728234
158828
0.0739957439366
158848
0.0713221004353
158868
0.0705627137749
158888
0.0698319923818
158908
0.0708566542289
158928
0.356112018035
158948
0.359339532805
158968
0.361624980566
158988
0.358755538713
159008
0.361308205068
159028
0.363871074316
159048
0.366337744869
159068
0.362532552083
159088
0.361297516325
159108
0.340852864583
159128
0.40173594916
159148
0.38057612329
159168
0.367466379042
159188
0.319144997668
159208
0.308646222015
159228
0.265803793532
159248
0.264017801617
159268
0.254787099658
159288
0.236262534981
159308
0.230943913246
159328
0.228773612407
159348
0.163465873756
159368
0.161464163557
159388
0.175856557058
159408
0.181696983831
159428
0.179741429571
159448
0.178842603389
159468
0.177351523632
159488
0.177945234764
159508
0.180592156405
159528
0.17820322217
159548
0.179328941231
159568
0.0946614583333
159588
0.0915281988495
159608
0.0872803949005
159628
0.0860492459577
159648
0.0891305192786
159668
0.0926981304415
159688
0.0966923196517
159708
0.0987824549129
159728
0.0989617342973
159748
0.118479380442
159768
0.1208741449
159788
0.122816581157
159808
0.12443106732
159828
0.123812091884
159848
0.122888487251
159868
0.119974832867
159888
0.118708702581
159908
0.117594158116
159928
0.11690667755
159948
0.117086928638
159968
0.117088872046
159988
0.116292074782
160008
0.119158601524
160028
0.119978233831
160048
0.12199209033
160068
0.120492751088
160088
0.119637165734
160108
0.119117304104
160128
0.118441483986
160148
0.119363631063
160168
0.121282746424
160188
0.12038586365
160208
0.119159087376
160228
0.11884765625
160248
0.116905219994
160268
0.118871462998
160288
0.119679434857
160308
0.121325501399
160328
0.121536361163
160348
0.120745879975
160368
0.120295009328
160388
0.120426189366
160408
0.122056222792
160428
0.120943135883
160448
0.114603253265
160468
0.109294834422
160488
0.104257035137
160508
0.111588055815
160528
0.100854127799
160548
0.0958804609764
160568
0.0911234841418
160588
0.0893943369092
160608
0.0930775808458
160628
0.101253012282
160648
0.104315337376
160668
0.113960956934
160688
0.108903237718
160708
0.114454582556
160728
0.113769045398
160748
0.0918284553794
160768
0.0877847092662
160788
0.0874776508085
160808
0.0873994286381
160828
0.0886111435012
160848
0.109633473259
160868
0.104773495802
160888
0.106852456468
160908
0.112007831934
160928
0.116842545087
160948
0.118948227612
160968
0.12061761505
160988
0.122636330068
161008
0.125714202425
161028
0.125718089241
161048
0.125340096393
161068
0.126805425995
161088
0.121613611629
161108
0.122273884484
161128
0.123259678172
161148
0.123898573539
161168
0.122790345149
161188
0.120762884795
161208
0.120518987096
161228
0.122572197606
161248
0.122990030317
161268
0.123763506685
161288
0.122256879664
161308
0.11970469916
161328
0.122635358364
161348
0.122915694963
161368
0.118663518346
161388
0.114890391791
161408
0.109209324471
161428
0.103278529229
161448
0.10653811023
161468
0.0971524214863
161488
0.0953090990361
161508
0.0947474541356
161528
0.0943602300995
161548
0.0917735541045
161568
0.103193019279
161588
0.113626690765
161608
0.110635785914
161628
0.114989019745
161648
0.108989719372
161668
0.0951123289801
161688
0.0957711442786
161708
0.0949461675995
161728
0.097120355255
161748
0.11240720227
161768
0.10643073694
161788
0.104637457245
161808
0.110699432525
161828
0.11162595227
161848
0.115408310012
161868
0.116131743626
161888
0.119383065143
161908
0.118682466573
161928
0.119672147077
161948
0.120076375933
161968
0.12039800995
161988
0.11720450482
162008
0.116490302394
162028
0.114446808924
162048
0.115010397233
162068
0.116996560168
162088
0.118425450871
162108
0.117682583178
162128
0.118937538868
162148
0.117545572917
162168
0.117690842662
162188
0.116949918377
162208
0.115864525031
162228
0.115593419621
162248
0.11611813977
162268
0.113595596238
162288
0.114625602456
162308
0.113165131374
162328
0.113004314366
162348
0.112716689988
162368
0.114721315299
162388
0.114212142413
162408
0.113625233209
162428
0.113599483053
162448
0.111838755442
162468
0.112836695429
162488
0.114416200249
162508
0.117246288091
162528
0.115823227612
162548
0.113297768968
162568
0.113449840641
162588
0.11407950482
162608
0.11613271533
162628
0.116567067009
162648
0.11745617615
162668
0.118146571828
162688
0.118705301617
162708
0.119073577425
162728
0.120276061101
162748
0.120147796175
162768
0.115552122201
162788
0.109487717662
162808
0.101515858209
162828
0.0974983481032
162848
0.10723385028
162868
0.105041686101
162888
0.0865453008396
162908
0.0849711403918
162928
0.0853151236007
162948
0.0855648515236
162968
0.0912391169154
162988
0.108300295398
163008
0.112852242693
163028
0.109694690609
163048
0.113125777363
163068
0.105693699471
163088
0.0893705301617
163108
0.089990963153
163128
0.0846806009017
163148
0.101360385572
163168
0.107658484919
163188
0.101209285603
163208
0.108057855255
163228
0.11358150653
163248
0.115110482743
163268
0.116467467351
163288
0.116343575093
163308
0.117449860075
163328
0.118167463464
163348
0.11748532727
163368
0.118472092662
163388
0.117233655939
163408
0.11727300995
163428
0.118046000466
163448
0.115140605566
163468
0.114382676461
163488
0.116989272388
163508
0.123039101368
163528
0.123699374223
163548
0.123033756996
163568
0.120966456779
163588
0.117559176772
163608
0.11809069885
163628
0.118127137749
163648
0.118633395522
163668
0.118029967351
163688
0.11611085199
163708
0.11169931592
163728
0.105837025808
163748
0.0997152907338
163768
0.0999446128731
163788
0.102701337065
163808
0.0919333994092
163828
0.092186042444
163848
0.0925990166356
163868
0.0914674673507
163888
0.0932486007463
163908
0.097166511194
163928
0.106573577425
163948
0.107615244092
163968
0.108221587376
163988
0.111377196051
164008
0.106050314832
164028
0.106948655162
164048
0.100841981499
164068
0.0938938121891
164088
0.103141033116
164108
0.107230449316
164128
0.0984753964552
164148
0.099708488806
164168
0.104421253109
164188
0.108911983053
164208
0.11151857898
164228
0.115951492537
164248
0.115827114428
164268
0.116593303016
164288
0.11501962842
164308
0.117828824627
164328
0.115294620647
164348
0.117417793843
164368
0.117441600591
164388
0.117704446517
164408
0.118105760261
164428
0.116540831001
164448
0.115081331623
164468
0.111687169621
164488
0.111812519434
164508
0.112585995802
164528
0.11191649176
164548
0.113000913402
164568
0.113657785292
164588
0.114077561412
164608
0.114757754198
164628
0.114078047264
164648
0.113345868315
164668
0.113564015858
164688
0.113751554726
164708
0.113775361474
164728
0.114476445896
164748
0.117550431437
164768
0.118215562811
164788
0.116074898943
164808
0.117196245336
164828
0.117742342973
164848
0.119079407649
164868
0.119411244558
164888
0.121414898165
164908
0.120751224347
164928
0.119925761816
164948
0.120894550684
164968
0.119134794776
164988
0.118417677239
165008
0.121479030628
165028
0.111967506219
165048
0.100808457711
165068
0.10058836676
165088
0.104735113495
165108
0.108201667444
165128
0.0913950754042
165148
0.0879285214552
165168
0.0943140741604
165188
0.0992585898632
165208
0.107575890081
165228
0.109576142724
165248
0.110801461443
165268
0.110127584733
165288
0.0938918687811
165308
0.0898952503109
165328
0.0871705923507
165348
0.0871540733831
165368
0.0899564676617
165388
0.0927671214241
165408
0.0915340290734
165428
0.0833289606654
165448
0.0899083683147
165468
0.106494869403
165488
0.099901372046
165508
0.104635513837
165528
0.108450423663
165548
0.113027635261
165568
0.115635202892
165588
0.115723627954
165608
0.116143889925
165628
0.116723025498
165648
0.117460548818
165668
0.119279092817
165688
0.118080010106
165708
0.116820195896
165728
0.115857237251
165748
0.117491643346
165768
0.118641169154
165788
0.12000981421
165808
0.121225415889
165828
0.120925159359
165848
0.120511699316
165868
0.120441250777
165888
0.119246540734
165908
0.116329485386
165928
0.115999591884
165948
0.116390702736
165968
0.114788362873
165988
0.11113767102
166008
0.105620335821
166028
0.0999222636816
166048
0.0993810245647
166068
0.0985968594527
166088
0.102973414179
166108
0.101639750466
166128
0.103255208333
166148
0.102872842817
166168
0.104526682991
166188
0.10516120569
166208
0.0976251554726
166228
0.109944418532
166248
0.110555134484
166268
0.110184429415
166288
0.109923041045
166308
0.108430503731
166328
0.107349483053
166348
0.102737290112
166368
0.0983699665734
166388
0.09873046875
166408
0.102689676617
166428
0.106803871269
166448
0.107778004509
166468
0.0996186061878
166488
0.103195448539
166508
0.10400876477
166528
0.108398923352
166548
0.112677821828
166568
0.114010513837
166588
0.115033232276
166608
0.114803910137
166628
0.115585645989
166648
0.114396766169
166668
0.114469643968
166688
0.113756899098
166708
0.113268617848
166728
0.115218827736
166748
0.115853350435
166768
0.11368159204
166788
0.113340523943
166808
0.113846781716
166828
0.114295708955
166848
0.115728972326
166868
0.116620510728
166888
0.11609141791
166908
0.1163941037
166928
0.117001418688
166948
0.113897310323
166968
0.11513671875
166988
0.115639089708
167008
0.113153956779
167028
0.114062985852
167048
0.11455321051
167068
0.119212045243
167088
0.118468691698
167108
0.119153257152
167128
0.119228078358
167148
0.1198975824
167168
0.120565143035
167188
0.119933535448
167208
0.120315900964
167228
0.116828455379
167248
0.110772310323
167268
0.102828144434
167288
0.106499727923
167308
0.0944899525808
167328
0.0882559856965
167348
0.0894847053794
167368
0.0884124300373
167388
0.0819437966418
167408
0.102265041978
167428
0.110540073072
167448
0.108009270056
167468
0.110438044154
167488
0.0983131218905
167508
0.0864209227301
167528
0.0856814560012
167548
0.0893953086132
167568
0.0899103117226
167588
0.100864816542
167608
0.102041550062
167628
0.103336831468
167648
0.108439249067
167668
0.114258298352
167688
0.116917852146
167708
0.117724366449
167728
0.119032765858
167748
0.118702872357
167768
0.118843283582
167788
0.119579835199
167808
0.120150225435
167828
0.11885494403
167848
0.119185809235
167868
0.118843769434
167888
0.12070555426
167908
0.119043454602
167928
0.119117304104
167948
0.119849483053
167968
0.117916763837
167988
0.117845343595
168008
0.118619305815
168028
0.120511213464
168048
0.120674945585
168068
0.130655803016
168088
0.149964532805
168108
0.195842564521
168128
0.307511757618
168148
0.422633900808
168168
0.558197780628
168188
0.729637457245
168208
0.832340251866
168228
0.849264420087
168248
0.83747813666
168268
0.99402839319
168288
0.99914295709
168308
0.999988339552
168328
1.0
