119193
0.197224568318
119213
0.201587469166
119233
0.202537973241
119253
0.202884357572
119273
0.208144640176
119293
0.207436119155
119313
0.207255637334
119333
0.208589895699
119353
0.196928792632
119373
0.17604133151
119393
0.210451355373
119413
0.204094943157
119433
0.166860722329
119453
0.14661592396
119473
0.138052840787
119493
0.122981854622
119513
0.112094460532
119533
0.125911290755
119553
0.108445275633
119573
0.0984287859288
119593
0.0641263473295
119613
0.0620525659588
119633
0.0578270793115
119653
0.0567032992814
119673
0.0556517454955
119693
0.0568070302445
119713
0.081479079526
119733
0.0875648527992
119753
0.105200624732
119773
0.115735434095
119793
0.121412483912
119813
0.123005985897
119833
0.124035754505
119853
0.120452427874
119873
0.12045779038
119893
0.120262394091
119913
0.119928578132
119933
0.122212167525
119953
0.125917993887
119973
0.127127574003
119993
0.125749074968
120013
0.125062171547
120033
0.122585531961
120053
0.121058893715
120073
0.12120368136
120093
0.120937231875
120113
0.12138231982
120133
0.12342576952
120153
0.122986714393
120173
0.123640437312
120193
0.122854159964
120213
0.123159990347
120233
0.123769472598
120253
0.12378204097
120273
0.122679878539
120293
0.11731804349
120313
0.0977767387924
120333
0.134661726459
120353
0.135256294241
120373
0.134112404816
120393
0.134343160124
120413
0.134608101405
120433
0.134835672726
120453
0.134302941334
120473
0.134855782121
120493
0.133588052338
120513
0.133870086604
120533
0.13404034615
120553
0.134227531103
120573
0.134738980051
120593
0.134250656907
120613
1.0
120633
0.979019030191
120653
0.978427478818
120673
0.978087462462
120693
0.978775036197
120713
0.977155224421
120733
0.97648792766
120753
1.0
120773
0.983479796761
120793
0.983509793275
120813
0.98262900177
120833
0.983518674925
120853
0.982433437902
120873
0.981898863149
120893
0.981597724957
120913
0.971935663342
120933
0.970650505416
120953
0.96956459808
120973
0.968850882132
120993
0.968648279976
121013
0.96602249571
121033
0.964957535661
121053
0.96381414897
121073
0.96306038181
121093
0.964059986326
121113
0.97699920903
121133
0.975441568801
121153
0.975072561401
121173
1.0
121193
0.97184852263
121213
0.971119724635
121233
0.97082093254
121253
0.979134994369
121273
0.974007098616
121293
0.97608942648
121313
0.974536310864
121333
0.979579747158
121353
0.977489375536
121373
0.977296492921
121393
0.976215612934
121413
0.977096236862
121433
0.976928323413
121453
0.97626119423
121473
1.0
121493
0.969965277778
121513
0.969867412055
121533
0.968951764264
121553
0.977447313385
121573
0.976014351405
121593
0.975771195302
121613
0.975128197394
121633
0.986297123016
121653
0.986325611326
121673
0.98518373284
121693
1.0
121713
0.985984086765
121733
0.985523749196
121753
0.98520233403
121773
1.0
121793
0.980400378057
121813
0.980580692299
121833
0.980487016034
121853
0.988642716377
121873
0.984982303732
121893
0.984917953668
121913
0.983825678357
121933
0.982464775043
121953
0.982271892428
121973
0.981721230159
121993
0.973057935167
122013
0.970080404065
122033
0.969632970024
122053
0.971753003003
122073
0.961060502467
122093
0.960404265873
122113
0.960003251019
122133
0.958017448252
122153
1.0
122173
1.0
122193
0.997941300676
122213
0.998011683559
122233
0.995988175676
122253
0.995975104569
122273
0.993482545045
122293
0.993636381918
122313
0.993822896557
122333
0.993825410232
122353
0.993622305341
122373
0.993540862291
122393
0.991373069498
122413
0.991439430502
122433
0.9915691361
122453
0.991785312098
122473
0.993576556467
122493
0.993662524131
122513
0.995422598938
122533
0.993961651384
122553
0.994522703507
122573
0.994280385296
122593
0.991363517535
122613
0.986434202059
122633
0.982845680502
122653
0.979011321589
122673
0.977930441602
122693
0.972974481178
122713
0.968097450129
122733
0.96321840814
122753
0.957849199646
122773
0.955935790701
122793
0.950688746782
122813
0.94802626287
122833
0.9435654963
122853
0.941194598616
122873
0.94185670045
122893
0.944492539414
122913
0.941910493082
122933
0.946864945302
122953
0.946855896075
122973
0.949713943855
122993
0.949356499356
123013
0.947732665701
123033
0.94670909749
123053
0.944661458333
123073
0.944657939189
123093
0.943843508687
123113
0.945648326898
123133
0.947789977477
123153
0.947482303732
123173
0.947396838803
123193
0.94514659749
123213
0.94138764881
123233
0.937578426641
123253
0.936297960907
123273
0.938414977477
123293
0.941144325129
123313
0.941564611486
123333
0.944053149131
123353
0.942470037001
123373
0.94066521879
123393
0.937205397362
123413
0.935918396075
123433
0.937366775257
123453
0.935720318533
123473
0.937000784266
123493
0.938663831242
123513
0.940833132239
123533
0.943582086551
123553
0.943502151705
123573
0.944619228604
123593
0.941668174871
123613
0.941810448842
123633
0.943368424228
123653
0.946578889157
123673
0.946821710103
123693
0.946836289414
123713
0.946873491795
123733
0.948231881435
123753
0.950084962194
123773
0.94726763594
123793
0.948289193211
123813
0.94856016731
123833
0.94617720399
123853
0.94549901464
123873
0.939053450772
123893
0.939854810167
123913
0.94187932352
123933
0.940335927445
123953
0.940103161197
123973
0.940073499839
123993
0.939736164736
124013
0.941813967986
124033
0.942683699324
124053
0.941923061454
124073
0.942389599421
124093
0.942532376126
124113
0.944722289254
124133
0.945367298102
124153
0.950441401223
124173
0.951430280727
124193
0.952760014479
124213
0.954924288127
124233
0.956233912484
124253
0.958692286036
124273
0.957340934685
124293
0.957793396075
124313
0.958203125
124333
0.95980785473
124353
0.957533984878
124373
0.959085927445
124393
0.956860320142
124413
0.956361104408
124433
0.954136502574
124453
0.951156290219
124473
0.950766670689
124493
0.942677666506
124513
0.938494912323
124533
0.932817527349
124553
0.931852779118
124573
0.931583313224
124593
0.926401122104
124613
0.930432050354
124633
0.932059905888
124653
0.931916626448
124673
0.93429255148
124693
0.932267032658
124713
0.93606217825
124733
0.937659869691
124753
0.93838330518
124773
0.945422598938
124793
0.951231197716
124813
0.951777167793
124833
0.954200349903
124853
0.952984736969
124873
0.956164032336
124893
0.956363115347
124913
0.954756374678
124933
0.952368886744
124953
0.953486466377
124973
0.952786659427
124993
0.953913791023
125013
0.953500542954
125033
0.955630127896
125053
0.953947976995
125073
0.953033502252
125093
0.95291787323
125113
0.944458856178
125133
0.942554999196
125153
0.944815797941
125173
0.943017012548
125193
0.942337314994
125213
0.943417692246
125233
0.944179335586
125253
0.946684463481
125273
0.944699163449
125293
0.943122586873
125313
0.940044843951
125333
0.941131254022
125353
0.942454954955
125373
0.94549800917
125393
0.951471504987
125413
0.950387608591
125433
0.949892414736
125453
0.948430964447
125473
0.950194055663
125493
0.94995777027
125513
0.950295105373
125533
0.948409849582
125553
0.949843146718
125573
0.951209077381
125593
0.951712314994
125613
0.9498154963
125633
0.950028153153
125653
0.947678873069
125673
0.948588320463
125693
0.951051721364
125713
0.951837998713
125733
0.953519144144
125753
0.951359897844
125773
0.950424308237
125793
0.951267394627
125813
0.950152831403
125833
0.95209740991
125853
0.950996923263
125873
0.948971907175
125893
0.950067366474
125913
0.947644184363
125933
0.949009109556
125953
0.948963360682
125973
0.946900136744
125993
0.944019465894
126013
0.942084942085
126033
0.943889760296
126053
0.946990629022
126073
0.947775398166
126093
0.947418456403
126113
0.947525538932
126133
0.95068020029
126153
0.950534407175
126173
0.949785332207
126193
0.953380892053
126213
0.951028092825
126233
0.954574887387
126253
0.955887528153
126273
0.956215814028
126293
0.95785372426
126313
0.958893882722
126333
0.959052244208
126353
0.959948620495
126373
0.958946167149
126393
0.961374376609
126413
0.960811816281
126433
0.963640705438
126453
0.963668355856
126473
0.964155505952
126493
0.963534125644
126513
0.962509551963
126533
0.959921472812
126553
0.961810750483
126573
0.962917269949
126593
0.960141670689
126613
0.962025418275
126633
0.957837134009
126653
0.958805401384
126673
0.955039917149
126693
0.954638734717
126713
0.953777047136
126733
0.951617298102
126753
0.951284487613
126773
0.951004967021
126793
0.950815435972
126813
0.952208011583
126833
0.949329854408
126853
0.949590271075
126873
0.948965371622
126893
0.94817054778
126913
0.949305723134
126933
0.950032677767
126953
0.952679576898
126973
0.951175394144
126993
0.949134793275
127013
0.947859354891
127033
0.947240990991
127053
0.947762327059
127073
0.948143400097
127093
0.946622124356
127113
0.949251427767
127133
0.948793436293
127153
0.950824987934
127173
0.948410352317
127193
0.95220047056
127213
0.949036759974
127233
0.947039394305
127253
0.947157034266
127273
0.947110782658
127293
0.949010617761
127313
0.94979488417
127333
0.951064792471
127353
0.95115126287
127373
0.949606861326
127393
0.948433980856
127413
0.951206563707
127433
0.949270531692
127453
0.950690757722
127473
0.949800414254
127493
0.949872305341
127513
0.950377051158
127533
0.95302193935
127553
0.95037001287
127573
0.950294099903
127593
0.951650478604
127613
0.948955819659
127633
0.947928732304
127653
0.94911468388
127673
0.950431346525
127693
0.950375542954
127713
0.950034688707
127733
0.949454029923
127753
0.94985470962
127773
0.950644003378
127793
0.95298071509
127813
0.952781129344
127833
0.955451154279
127853
0.955635657979
127873
0.954798604408
127893
0.956802505631
127913
0.958021134974
127933
0.958322273166
127953
0.957859254344
127973
0.957654641248
127993
0.961118987291
128013
0.963582890927
128033
0.964943291506
128053
0.967845915112
128073
0.970454438814
128093
0.969871769091
128113
0.970750382079
128133
0.967424958441
128153
0.969923718361
128173
0.967345693908
128193
0.969755302177
128213
0.971271047834
128233
0.970114757615
128253
0.969573144573
128273
0.966959593522
128293
0.966839942621
128313
0.956434671278
128333
0.948958165755
128353
0.940652147683
128373
0.939636455652
128393
0.941850500054
128413
0.947454820892
128433
0.951364590036
128453
0.954379658677
128473
0.95847007722
128493
0.959133184524
128513
0.963197293275
128533
0.964816937473
128553
0.966860219595
128573
0.969464386261
128593
0.980236989221
128613
0.987639760296
128633
0.995048061454
128653
0.999109656532
128673
0.998991513835
128693
0.998975929054
128713
0.998965874356
128733
1.0
128753
1.0
128773
1.0
