136497
0.0990111071654
136517
0.0880001183712
136537
0.0745778093434
136557
0.0543156171086
136577
0.056562204072
136597
0.0682824337121
136617
0.063304431029
136637
0.0752046835543
136657
0.0994175149937
136677
0.12102963226
136697
0.140933258365
136717
0.14713886916
136737
0.145753925979
136757
0.137585819129
136777
0.132610775726
136797
0.12597804214
136817
0.121747750947
136837
0.11292416351
136857
0.120040246212
136877
0.122029869003
136897
0.129764441288
136917
0.154454703283
136937
0.21467901673
136957
0.37933189315
136977
0.471309284249
136997
0.385238616635
137017
0.292947541824
137037
0.23525538589
137057
0.276164970013
137077
0.339764342645
137097
0.423432074653
137117
0.41351010101
137137
0.408806818182
137157
0.426609848485
137177
0.429122277462
137197
0.452761008523
137217
0.433743193655
137237
0.399304075915
137257
0.386496310764
137277
0.372598050821
137297
0.345772668087
137317
0.313205295139
137337
0.306341244476
137357
0.299818990688
137377
0.281721511995
137397
0.268301669034
137417
0.255888967803
137437
0.234592013889
137457
0.233240609217
137477
0.227619949495
137497
0.236012961648
137517
0.167955433239
137537
0.168445194129
137557
0.161783854167
137577
0.182921006944
137597
0.172999526515
137617
0.160983862058
137637
0.152124763258
137657
0.180907709912
137677
0.162209004104
137697
0.0656807331124
137717
0.186240826231
137737
0.204886264994
137757
0.214252880366
137777
0.173233802872
137797
0.224888040562
137817
0.210976463857
137837
0.235607540246
137857
0.114939433396
137877
0.126220703125
137897
0.135419132734
137917
0.0998929726957
137937
0.0937352035985
137957
0.139003314394
137977
0.135846748737
137997
0.0514835858586
138017
0.152676175821
138037
0.153956064552
138057
0.140249171402
138077
0.128836706913
138097
0.13981317077
138117
0.192391690341
138137
0.15966352983
138157
0.226586667456
138177
0.216248914931
138197
0.207152087279
138217
0.214153251263
138237
0.198280658144
138257
0.235052181976
138277
0.284361683239
138297
0.366861485953
138317
0.50230725221
138337
0.83174124053
138357
0.801915640783
138377
0.752917357165
138397
0.678951625631
138417
0.681054194287
138437
0.711638356218
138457
0.686257102273
138477
0.661954505997
138497
0.500145497948
138517
0.53538658065
138537
0.588499743529
138557
0.612184836648
138577
0.571603732639
138597
0.291339666193
138617
0.112110361427
138637
0.124560546875
138657
0.11396632339
138677
0.206525213068
138697
0.181353081597
138717
0.198819247159
138737
0.200448824179
138757
0.19804243608
138777
0.395595604482
138797
0.383935546875
138817
0.21722251815
138837
0.173520853062
138857
0.159271425189
138877
0.137063506155
138897
0.148444404987
138917
0.181882299558
138937
0.674276949179
138957
0.654456676136
138977
0.544666390467
138997
0.503594045928
139017
0.553069760101
139037
0.583889184817
139057
0.647164023043
139077
0.645047151199
139097
0.645106830019
139117
0.66900647096
139137
0.650554371843
139157
0.647251321812
139177
0.694907078598
139197
0.716878748422
139217
0.718033360953
139237
0.726766197128
139257
0.805249270044
139277
0.930292672822
139297
0.997194109059
139317
0.999980764678
139337
1.0
139357
0.999647845644
139377
0.99472508286
139397
0.986046993371
139417
0.979188861269
139437
0.97187647964
139457
0.961207780934
139477
0.955809560448
139497
0.946315202809
139517
0.935398417771
139537
0.928133877841
139557
0.925139086174
139577
0.922819010417
139597
0.925085819129
139617
0.922497928504
139637
0.918723366477
139657
0.917530776515
139677
0.917078006629
139697
0.915860262784
139717
0.915580610795
139737
0.915102687027
139757
0.91279740767
139777
0.912371271307
139797
0.911595939867
139817
0.913713304924
139837
0.905026337595
139857
0.904536576705
139877
0.904774798769
139897
0.908209043561
139917
0.911754261364
139937
0.909364642519
139957
0.911354758523
139977
0.90800633286
139997
0.915593927557
140017
0.919517933239
140037
0.927018229167
140057
0.930792791193
140077
0.932683771307
140097
0.92548976089
140117
0.935378196023
140137
0.946934185606
140157
0.955495383523
140177
0.961410984848
140197
0.960324928977
140217
0.960998165246
140237
0.967242246686
140257
0.977283084754
140277
0.989413174716
140297
0.982741477273
140317
0.978472715436
140337
0.971630859375
140357
0.972329249527
140377
0.980047052557
140397
0.982969341856
140417
0.979415246212
140437
0.971320134943
140457
0.965875059186
140477
0.96494584517
140497
0.958438387784
140517
0.951402698864
140537
0.943915719697
140557
0.93545217803
140577
0.922386955492
140597
0.912534031723
140617
0.91943803267
140637
0.917798591383
140657
0.910102982955
140677
0.916511304451
140697
0.914608487216
140717
0.919930752841
140737
0.919264914773
140757
0.918881687973
140777
0.926584694602
140797
0.922098425663
140817
0.921818773674
140837
0.924017518939
140857
0.921046401515
140877
0.925551905777
140897
0.921549479167
140917
0.919701408617
140937
0.913698508523
140957
0.909738991477
140977
0.913853870739
140997
0.912352035985
141017
0.907312381629
141037
0.905214251894
141057
0.902180989583
141077
0.910247987689
141097
0.913154000947
141117
0.918572443182
141137
0.92411961411
141157
0.919886363636
141177
0.925201231061
141197
0.919846413352
141217
0.922540838068
141237
0.919984019886
141257
0.91142282197
141277
0.905184659091
141297
0.908139500473
141317
0.906368371212
141337
0.909481534091
141357
0.908342211174
141377
0.905711410985
141397
0.91777047822
141417
0.925318122633
141437
0.931452710701
141457
0.935182883523
141477
0.936313328598
141497
0.934308416193
141517
0.938013435133
141537
0.936640329072
141557
0.939497514205
141577
0.926595052083
141597
0.923946496212
141617
0.917453835227
141637
0.925930693655
141657
0.92587594697
141677
0.928262606534
141697
0.92812795928
141717
0.928534860322
141737
0.923354640152
141757
0.937738222064
141777
0.938626006155
141797
0.939342151989
141817
0.940268406723
141837
0.939200106534
141857
0.940195904356
141877
0.93681936553
141897
0.935722952178
141917
0.944504616477
141937
0.931281072443
141957
0.93467240767
141977
0.93447561553
141997
0.934891394413
142017
0.933161695076
142037
0.934839607008
142057
0.936144649621
142077
0.933099550189
142097
0.929273200758
142117
0.932876124527
142137
0.918041252367
142157
0.920811138731
142177
0.922881155303
142197
0.927478397254
142217
0.92509321733
142237
0.931951349432
142257
0.926987156723
142277
0.928990589489
142297
0.925440932765
142317
0.942695016572
142337
0.943779592803
142357
0.942433120265
142377
0.938013435133
142397
0.935319010417
142417
0.928801195549
142437
0.932640861742
142457
0.93408499053
142477
0.933250473485
142497
0.928855942235
142517
0.92802438447
142537
0.926734138258
142557
0.925362511837
142577
0.925985440341
142597
0.93105912642
142617
0.932945667614
142637
0.928582208807
142657
0.93515625
142677
0.93583540483
142697
0.932902758049
142717
0.932503255208
142737
0.937248461174
142757
0.931408321496
142777
0.933015210701
142797
0.927315636837
142817
0.931036931818
142837
0.935070430871
142857
0.92998490767
142877
0.925707267992
142897
0.92743696733
142917
0.922184244792
142937
0.923552911932
142957
0.924081143466
142977
0.923620975379
142997
0.922312973485
143017
0.917782315341
143037
0.91914210464
143057
0.922126538826
143077
0.924476207386
143097
0.925210108902
143117
0.923193359375
143137
0.926487038352
143157
0.934238873106
143177
0.944177616004
143197
0.943982303504
143217
0.943538411458
143237
0.942689098011
143257
0.939481238163
143277
0.944408439867
143297
0.942224491004
143317
0.931173058712
143337
0.93505563447
143357
0.929438920455
143377
0.921925307765
143397
0.91533499053
143417
0.922503847064
143437
0.92558297822
143457
0.917119436553
143477
0.925967684659
143497
0.921198804451
143517
0.913948567708
143537
0.903385416667
143557
0.899229107481
143577
0.901247336648
143597
0.895540364583
143617
0.899856474905
143637
0.905800189394
143657
0.90243992661
143677
0.908831972064
143697
0.913430693655
143717
0.920294744318
143737
0.924442175663
143757
0.926581735322
143777
0.923030598958
143797
0.916860499527
143817
0.916234611742
143837
0.908160215436
143857
0.913161399148
143877
0.915555456913
143897
0.919568241004
143917
0.917686138731
143937
0.913850911458
143957
0.921805456913
143977
0.92089399858
143997
0.916589725379
144017
0.916579367898
144037
0.909929865057
144057
0.914123165246
144077
0.908189808239
144097
0.904311671402
144117
0.916887133049
144137
0.916512784091
144157
0.92119584517
144177
0.927306758996
144197
0.932728160511
144217
0.939325875947
144237
0.93955522017
144257
0.947354403409
144277
0.950362511837
144297
0.943084161932
144317
0.936878551136
144337
0.935024562027
144357
0.940438565341
144377
0.935523200758
144397
0.935628255208
144417
0.936023319129
144437
0.936899266098
144457
0.924177320076
144477
0.932442589962
144497
0.935113340436
144517
0.934975733902
144537
0.917199337121
144557
0.924436257102
144577
0.925084339489
144597
0.917230409564
144617
0.912847715436
144637
0.924422940341
144657
0.930902284564
144677
0.931966145833
144697
0.932534327652
144717
0.951522549716
144737
0.932414476799
144757
0.938824277936
144777
0.952228338068
144797
0.960719992898
144817
0.952589370265
144837
0.942305871212
144857
0.939698745265
144877
0.948854758523
144897
0.943819543087
144917
0.948863636364
144937
0.942995383523
144957
0.928762724905
144977
0.921478456439
144997
0.923023200758
145017
0.932383404356
145037
0.941595643939
145057
0.937859552557
145077
0.938512073864
145097
0.950337357955
145117
0.958149857955
145137
0.958704723011
145157
0.949205433239
145177
0.958124704072
145197
0.939620324337
145217
0.940234375
145237
0.944029651989
145257
0.944704367898
145277
0.937140447443
145297
0.927725497159
145317
0.925522312973
145337
0.937730823864
145357
0.937807765152
145377
0.95546579072
145397
0.951001716383
145417
0.941392933239
145437
0.939194187973
145457
0.934456380208
145477
0.944347774621
145497
0.932729640152
145517
0.940809955019
145537
0.940657552083
145557
0.940127840909
145577
0.93574514678
145597
0.925794566761
145617
0.917396129261
145637
0.928019945549
145657
0.939540423769
145677
0.950448330966
145697
0.953019945549
145717
0.952987393466
145737
0.952990352746
145757
0.952971117424
145777
0.952994791667
145797
0.956982421875
145817
0.974242424242
145837
1.0
145857
1.0
145877
0.991290838068
145897
0.979771839489
145917
0.979595762311
145937
0.97959428267
145957
0.97959428267
145977
0.97959428267
145997
0.97959428267
146017
0.979598721591
146037
0.989698745265
146057
1.0
146077
1.0
