132009
0.0720134678172
132029
0.0729837142413
132049
0.0724385883085
132069
0.071437247357
132089
0.0714566814366
132109
0.0704903218284
132129
0.0716947489117
132149
0.0731659087376
132169
0.0736284398321
132189
0.0738674790112
132209
0.0720659398321
132229
0.0702809196206
132249
0.0708309040734
132269
0.0709786030784
132289
0.0700540267413
132309
0.0699923235386
132329
0.0707672574627
132349
0.0706234452736
132369
0.0704810906405
132389
0.0694122162624
132409
0.0671777829602
132429
0.0693500272077
132449
0.0709878342662
132469
0.0642422652363
132489
0.0653888759328
132509
0.0699311061878
132529
0.0734603350435
132549
0.0729390158582
132569
0.0817810362251
132589
0.0855298701803
132609
0.0854030628109
132629
0.0469901469216
132649
0.0492352689677
132669
0.04658203125
132689
0.0476591651119
132709
0.0489359841418
132729
0.0491429570896
132749
0.0516956234453
132769
0.0500835665423
132789
0.0486439870958
132809
0.0496161769279
132829
0.0543148515236
132849
0.052443349658
132869
0.0511480682525
132889
0.0548881568719
132909
0.0560838386194
132929
0.0553161924751
132949
0.0512369791667
132969
0.0481119791667
132989
0.0483962025808
133009
0.0493066892102
133029
0.0513793337998
133049
0.0510674168221
133069
0.0532003070585
133089
0.0518413790423
133109
0.0516446089863
133129
0.0513900225435
133149
0.0802418571206
133169
0.0839493936567
133189
0.0856275264303
133209
0.0848530783582
133229
0.0834057252799
133249
0.0831676578047
133269
0.0813758356654
133289
0.0814846665112
133309
0.079982412158
133329
0.0811076453669
133349
0.0825841495647
133369
0.0809298235386
133389
0.0757953397077
133409
0.0832002098881
133429
0.0820278490361
133449
0.0801111629353
133469
0.0875738495025
133489
0.0769574976679
133509
0.0765391791045
133529
0.0830437655473
133549
0.0814278218284
133569
0.0741293532338
133589
0.0758439249067
133609
0.0716830884639
133629
0.0526299168221
133649
0.0470751710199
133669
0.0704276469216
133689
0.0631000272077
133709
0.0446055853545
133729
0.0680766091418
133749
0.0750344954913
133769
0.0947081001244
133789
0.13974852301
133809
0.119987465019
133829
0.110081914646
133849
0.0693038712687
133869
0.0684832672575
133889
0.0741133201182
133909
0.0958790034204
133929
0.06220460199
133949
0.063379392102
133969
0.0662949898943
133989
0.0660938471704
134009
0.0682762943097
134029
0.0859127215485
134049
0.106060517724
134069
0.122595032649
134089
0.148983597637
134109
0.11689696051
134129
0.0875403257152
134149
0.0657406327736
134169
0.0658863883706
134189
0.0669999611318
134209
0.0701720887749
134229
0.0568582866915
134249
0.0565531716418
134269
0.0570390236318
134289
0.0572615438433
134309
0.0593958916356
134329
0.0593895755597
134349
0.0577041550062
134369
0.0597933185634
134389
0.0647407493781
134409
0.0660263137438
134429
0.0668512904229
134449
0.0705471665112
134469
0.072412352301
134489
0.0956433652052
134509
0.073146474658
134529
0.0712278451493
134549
0.238973589086
134569
0.112396999378
134589
0.0888307486007
134609
0.0843609102923
134629
0.0856892296331
134649
0.0912881879664
134669
0.0926208799751
134689
0.0955024681281
134709
0.0976042638371
134729
0.0948611435012
134749
0.0916763837065
134769
0.0901007657027
134789
0.0891480099502
134809
0.0876812227923
134829
0.0865642490672
134849
0.0855381296642
134869
0.0816756063433
134889
0.0785544931592
134909
0.0762641868781
134929
0.0793765547264
134949
0.0797404578669
134969
0.0795461170709
134989
0.0714178132774
135009
0.081249028296
135029
0.0810498289801
135049
0.0803069612873
135069
0.0792793843284
135089
0.0798191658893
135109
0.0789266557836
135129
0.0784840446206
135149
0.0781172263682
135169
0.0785447761194
135189
0.0785413751555
135209
0.079102534204
135229
0.07754149176
135249
0.0773558962998
135269
0.0757861085199
135289
0.0751525575249
135309
0.0746939132463
135329
0.076023204291
135349
0.0755043143657
135369
0.0761082283893
135389
0.0730901158271
135409
0.0750403257152
135429
0.0744679920709
135449
0.0739811683769
135469
0.0742843400187
135489
0.0753337803172
135509
0.0747789373445
135529
0.0750388681592
135549
0.0763462958644
135569
0.0756539567786
135589
0.0760397232587
135609
0.0772582400498
135629
0.0757108014614
135649
0.0767291472326
135669
0.0720601096082
135689
0.0737022893346
135709
0.0743343827736
135729
0.0753201764614
135749
0.0729395017102
135769
0.0753750777363
135789
0.0745972287002
135809
0.0734904578669
135829
0.0753789645522
135849
0.0784874455846
135869
0.0765707594838
135889
0.0766057408271
135909
0.0769963658271
135929
0.0770148282027
135949
0.0770570973259
135969
0.0760212608831
135989
0.0758672458022
136009
0.0763871074316
136029
0.077198966107
136049
0.0781021649565
136069
0.078466068097
136089
0.0777023087687
136109
0.0768481809701
136129
0.0762632151741
136149
0.0752633317786
136169
0.0750777363184
136189
0.0761174595771
136209
0.0759153451493
136229
0.0755937111318
136249
0.0775910486629
136269
0.0779734141791
136289
0.0773068252488
136309
0.0777892762749
136329
0.0774788168532
136349
0.0776449782338
136369
0.0787293998756
136389
0.0804852689677
136409
0.0800897854478
136429
0.0796462025808
136449
0.0792390586132
136469
0.0771523243159
136489
0.0789397737873
136509
0.0799547185945
136529
0.0811844099813
136549
0.0822707750311
136569
0.0824437383396
136589
0.0821517412935
136609
0.0810678055037
136629
0.0813840951493
136649
0.0803953863495
136669
0.0788008201182
136689
0.0797511466107
136709
0.078661866449
136729
1.0
136749
1.0
136769
1.0
136789
0.99083731732
136809
0.990849463619
136829
0.990849463619
136849
0.990849463619
136869
0.991242517879
136889
0.991235715951
136909
0.991233772544
136929
1.0
136949
0.991078785759
136969
0.991081700871
136989
0.991081700871
137009
0.991081700871
137029
0.993403101679
137049
0.993400672419
137069
0.993410875311
137089
1.0
137109
0.967799673507
137129
0.967819107587
137149
0.967826881219
137169
1.0
137189
0.950331351057
137209
0.950362445585
137229
0.950371676772
137249
0.962255616449
137269
0.962343555659
137289
0.962342583955
137309
0.962350357587
137329
1.0
137349
0.958497551306
137369
0.95849366449
137389
0.95849366449
137409
0.964684390547
137429
0.964702852923
137449
0.964714027519
137469
0.964714999223
137489
1.0
137509
0.96843759717
137529
0.968437111318
137549
0.968452658582
137569
1.0
137589
0.957575404229
137609
0.957618159204
137629
0.957625446984
137649
1.0
137669
0.958761368937
137689
0.958790520056
137709
0.958799751244
137729
0.958221587376
137749
0.958285233986
137769
0.958294465174
137789
0.958308554882
137809
1.0
137829
0.968263662158
137849
0.96827629431
137869
0.968276780162
137889
0.964910797575
137909
0.964955495958
137929
0.964958896922
137949
0.964960354478
137969
1.0
137989
0.955305017879
138009
0.955314734919
138029
0.955328824627
138049
1.0
138069
0.97531240283
138089
0.975317747201
138109
0.975324549129
138129
1.0
138149
0.962353272699
138169
0.962377079447
138189
0.962368819963
138209
1.0
138229
0.969175606343
138249
0.969175120491
138269
0.969176578047
138289
1.0
138309
0.975863358986
138329
0.975865302394
138349
0.975873561878
138369
1.0
138389
0.947850590796
138409
0.947871968284
138429
0.947886057991
138449
1.0
138469
0.970501982276
138489
0.970513156872
138509
0.970518987096
138529
1.0
138549
0.969757657027
138569
0.969756685323
138589
0.969756685323
138609
1.0
138629
0.968682466573
138649
0.968699957245
138669
0.968693155317
138689
0.970151197139
138709
0.970256141169
138729
0.970260027985
138749
0.970266344061
138769
1.0
138789
0.960154792444
138809
0.960171311412
138829
0.960180056748
138849
1.0
138869
0.966224055504
138889
0.966226484764
138909
0.966237659359
138929
1.0
138949
0.968136854789
138969
0.968133453825
138989
0.968138312345
139009
1.0
139029
0.973760591573
139049
0.973756218905
139069
0.973758162313
139089
1.0
139109
0.970758026275
139129
0.970782804726
139149
0.970780861318
139169
1.0
139189
0.962073907805
139209
0.962105488184
139229
0.96210451648
139249
1.0
139269
0.962640897077
139289
0.962658387749
139309
0.962648184857
139329
0.964800995025
139349
0.96492197217
139369
0.964923429726
139389
0.964937033582
139409
1.0
139429
0.963505227767
139449
0.963516402363
139469
0.963533893035
139489
1.0
139509
0.935182000155
139529
0.935191717195
139549
0.935199004975
139569
1.0
139589
0.950858986318
139609
0.950842953203
139629
0.95087161847
139649
1.0
139669
0.967811819807
139689
0.967812305659
139709
0.967820079291
139729
1.0
139749
0.974735210665
139769
0.974734724813
139789
0.974743470149
139809
1.0
139829
0.961331525964
139849
0.9613524176
139869
0.961361648787
139889
1.0
139909
0.971319671175
139929
0.971329388215
139949
0.971339105255
139969
1.0
139989
0.961862562189
140009
0.961834868626
140029
0.96190677472
140049
1.0
140069
0.967647601835
140089
0.967660719838
140109
0.967667521766
140129
1.0
140149
0.974976193252
140169
0.974981537624
140189
0.974983481032
140209
1.0
140229
0.965855293843
140249
0.965887360075
140269
0.965897562966
140289
1.0
140309
0.973018695585
140329
0.973013837065
140349
0.973024525808
140369
1.0
140389
0.969147426928
140409
0.969153257152
140429
0.9691527713
140449
1.0
140469
0.973157649254
140489
0.973162993626
140509
0.973163479478
140529
1.0
140549
0.966371754509
140569
0.966364952581
140589
0.96638438666
140609
1.0
140629
0.969513759328
140649
0.969514731032
140669
0.969525419776
140689
0.916041375155
140709
0.916096762282
140729
0.916142432369
140749
0.916314423974
140769
0.944747939988
140789
0.944815473414
140809
0.944820331934
140829
0.944839280162
140849
0.952992362407
140869
0.952999650187
140889
0.952993334111
140909
0.953022971082
140929
0.930675722948
140949
0.930657260572
140969
0.930710218439
140989
1.0
141009
0.950408601524
141029
0.950430950715
141049
0.950433379975
141069
0.944657571517
141089
0.944715387904
141109
0.944715873756
141129
0.944731906872
141149
0.898936955846
141169
0.898907318874
141189
0.898919465174
141209
0.894644453514
141229
0.894642510106
141249
0.894634250622
141269
1.0
141289
0.950815259639
141309
0.950815259639
141329
0.942594158116
141349
0.942636913091
141369
0.940084246735
141389
0.940157610386
141409
0.957984977456
141429
1.0
141449
0.977054182214
141469
0.950084052394
141489
0.939710626555
141509
0.94071779773
141529
0.940594877177
141549
0.953382987407
141569
1.0
141589
1.0
