171225
0.154294270833
171245
0.154139539931
171265
0.551530381944
171285
0.582981987847
171305
0.552453993056
171325
0.551347439236
171345
0.549644965278
171365
0.623287977431
171385
0.613298611111
171405
0.581258897569
171425
0.628342013889
171445
0.629004123264
171465
0.611839626736
171485
0.615863064236
171505
0.634442274306
171525
0.627116753472
171545
0.613633463542
171565
0.616013671875
171585
0.622878038194
171605
0.597474175347
171625
0.553646267361
171645
0.496946397569
171665
0.509019097222
171685
0.396620442708
171705
0.379480034722
171725
0.385419487847
171745
0.359097222222
171765
0.13786328125
171785
0.163970920139
171805
0.189543185764
171825
0.194212456597
171845
0.220023003472
171865
0.276596354167
171885
0.285837022569
171905
0.278892361111
171925
0.510399739583
171945
0.509762152778
171965
0.513440972222
171985
0.669493923611
172005
0.0765959201389
172025
0.107455946181
172045
0.242758463542
172065
0.276879991319
172085
0.0893328993056
172105
0.0933687065972
172125
0.0753415798611
172145
0.0679060329861
172165
0.0956399739583
172185
0.169356336806
172205
0.205142361111
172225
0.240135850694
172245
0.282765407986
172265
0.237881510417
172285
0.232108072917
172305
0.231156467014
172325
0.220080078125
172345
0.250319878472
172365
0.283291232639
172385
0.0794830729167
172405
0.124364366319
172425
0.172384765625
172445
0.183781684028
172465
0.218020399306
172485
0.195106119792
172505
0.163188151042
172525
0.131271267361
172545
0.14513671875
172565
0.159706597222
172585
0.198960503472
172605
0.157273654514
172625
0.221409288194
172645
0.264726128472
172665
0.255547092014
172685
0.245358072917
172705
0.228697048611
172725
0.220336805556
172745
0.217373046875
172765
0.231654947917
172785
0.251121527778
172805
0.248875
172825
0.288206380208
172845
0.316843098958
172865
0.276853298611
172885
0.260617404514
172905
0.0566315104167
172925
0.196935112847
172945
0.233920789931
172965
0.224450954861
172985
0.187995659722
173005
0.148936414931
173025
0.0891553819444
173045
0.106672526042
173065
0.0797814670139
173085
0.068728515625
173105
0.536097222222
173125
0.463748480903
173145
0.483643446181
173165
0.484198784722
173185
0.480211154514
173205
0.476951171875
173225
0.17884765625
173245
0.177519748264
173265
0.171465494792
173285
0.147697699653
173305
0.148032335069
173325
0.114416015625
173345
0.0995180121528
173365
0.105831163194
173385
0.135129340278
173405
0.159361111111
173425
0.173616753472
173445
0.184934678819
173465
0.0794131944444
173485
0.0794806857639
173505
0.0841111111111
173525
0.0870151909722
173545
0.08002734375
173565
0.0831410590278
173585
0.0872165798611
173605
0.0428604600694
173625
0.044458984375
173645
0.0443244357639
173665
0.04255078125
173685
0.0425167100694
173705
0.0417256944444
173725
0.0414659288194
173745
0.0420006510417
173765
0.0407291666667
173785
0.0420416666667
173805
0.0413565538194
173825
0.0406011284722
173845
0.0417029079861
173865
0.053326171875
173885
0.0549713541667
173905
0.0557764756944
173925
0.0580542534722
173945
0.0578033854167
173965
0.0541291232639
173985
0.0520876736111
174005
0.0509698350694
174025
0.0503678385417
174045
0.0491319444444
174065
0.04857421875
174085
0.0511169704861
174105
0.15590234375
174125
0.937372612847
174145
1.0
174165
1.0
174185
0.998990234375
174205
0.993015625
174225
0.983399088542
174245
0.977395833333
174265
0.970545138889
174285
0.961218098958
174305
0.953056206597
174325
0.943454427083
174345
0.934161458333
174365
0.928666666667
174385
0.930583333333
174405
0.925731119792
174425
0.922651475694
174445
0.922572482639
174465
0.91913671875
174485
0.924543185764
174505
0.923836805556
174525
0.927488064236
174545
0.932155598958
174565
0.932672092014
174585
0.937282335069
174605
0.939950520833
174625
0.942029513889
174645
0.939354383681
174665
0.940562934028
174685
0.935000868056
174705
0.93523046875
174725
0.933534071181
174745
0.928915147569
174765
0.931321397569
174785
0.927546875
174805
0.915682291667
174825
0.909385633681
174845
0.900993489583
174865
0.891203776042
174885
0.900478515625
174905
0.911427951389
174925
0.918262586806
174945
0.922166232639
174965
0.930249565972
174985
0.940578993056
175005
0.956498480903
175025
0.973293402778
175045
0.989181857639
175065
0.985638237847
175085
0.982287109375
175105
0.977713541667
175125
0.983107638889
175145
0.984601128472
175165
0.987963758681
175185
0.982722005208
175205
0.982504774306
175225
0.977061197917
175245
0.977294704861
175265
0.981145616319
175285
0.976783420139
175305
0.976607421875
175325
0.975531467014
175345
0.961965711806
175365
0.966400607639
175385
0.957698784722
175405
0.951118706597
175425
0.946770833333
175445
0.933769748264
175465
0.936571397569
175485
0.921900390625
175505
0.922391276042
175525
0.925031032986
175545
0.925641927083
175565
0.922937934028
175585
0.926551866319
175605
0.936530815972
175625
0.931830729167
175645
0.937922960069
175665
0.933766059028
175685
0.931586154514
175705
0.925740017361
175725
0.929116319444
175745
0.921315755208
175765
0.922515407986
175785
0.922920138889
175805
0.922597439236
175825
0.92155078125
175845
0.931603515625
175865
0.928037760417
175885
0.931644097222
175905
0.930811197917
175925
0.929804253472
175945
0.937611762153
175965
0.935189019097
175985
0.930642144097
176005
0.930065321181
176025
0.933251085069
176045
0.940520182292
176065
0.938325954861
176085
0.939479383681
176105
0.9384765625
176125
0.938582248264
176145
0.93503125
176165
0.933919053819
176185
0.934627387153
176205
0.931122395833
176225
0.924926866319
176245
0.926136935764
176265
0.926654730903
176285
0.925771050347
176305
0.92219140625
176325
0.924756510417
176345
0.932155598958
176365
0.928941840278
176385
0.928490885417
176405
0.932325086806
176425
0.926579427083
176445
0.939798394097
176465
0.929637369792
176485
0.934092013889
176505
0.932028862847
176525
0.929143012153
176545
0.928554253472
176565
0.926709852431
176585
0.924686414931
176605
0.925219835069
176625
0.921137586806
176645
0.922259114583
176665
0.921553385417
176685
0.919320095486
176705
0.915699001736
176725
0.915369140625
176745
0.916895399306
176765
0.919779513889
176785
0.922478081597
176805
0.934155164931
176825
0.933049913194
176845
0.942085503472
176865
0.941634331597
176885
0.949653862847
176905
0.94601953125
176925
0.952879123264
176945
0.953590928819
176965
0.945151041667
176985
0.938796657986
177005
0.935965060764
177025
0.934417534722
177045
0.934256727431
177065
0.928061197917
177085
0.931488715278
177105
0.929670138889
177125
0.931526258681
177145
0.937095052083
177165
0.939480685764
177185
0.939947482639
177205
0.937793402778
177225
0.936334852431
177245
0.931288845486
177265
0.930346354167
177285
0.936615885417
177305
0.931629774306
177325
0.92409375
177345
0.920046440972
177365
0.930452256944
177385
0.927342664931
177405
0.927805338542
177425
0.920793185764
177445
0.920938585069
177465
0.921376085069
177485
0.928549696181
177505
0.929089626736
177525
0.927706597222
177545
0.926407769097
177565
0.925953342014
177585
0.928033203125
177605
0.935884765625
177625
0.940311414931
177645
0.947160807292
177665
0.943676432292
177685
0.938809027778
177705
0.942785807292
177725
0.937286024306
177745
0.931752170139
177765
0.932328125
177785
0.920361545139
177805
0.913135199653
177825
0.911879123264
177845
0.916248914931
177865
0.913236762153
177885
0.920466579861
177905
0.921167100694
177925
0.923603949653
177945
0.924481770833
177965
0.924206163194
177985
0.921938368056
178005
0.922650173611
178025
0.926423394097
178045
0.926480902778
178065
0.921353515625
178085
0.921674262153
178105
0.920239583333
178125
0.932079861111
178145
0.940773220486
178165
0.942828993056
178185
0.941682508681
178205
0.938597873264
178225
0.936645616319
178245
0.938258680556
178265
0.931968532986
178285
0.936032118056
178305
0.924162326389
178325
0.921971137153
178345
0.923679036458
178365
0.921706380208
178385
0.916145616319
178405
0.925359157986
178425
0.919473958333
178445
0.921914496528
178465
0.91470703125
178485
0.912783637153
178505
0.916231119792
178525
0.915842230903
178545
0.921812282986
178565
0.920209418403
178585
0.917335720486
178605
0.920237196181
178625
0.918140407986
178645
0.918049262153
178665
0.922174913194
178685
0.916294053819
178705
0.922795572917
178725
0.932102213542
178745
0.942033203125
178765
0.950638671875
178785
0.960706163194
178805
0.965633029514
178825
0.977326822917
178845
0.987230685764
178865
0.996022786458
178885
0.989603949653
178905
0.980868706597
178925
0.970590711806
178945
0.960679036458
178965
0.944725911458
178985
0.938010416667
179005
0.92731640625
179025
0.910836371528
179045
0.905190104167
179065
0.907615234375
179085
0.905315321181
179105
0.907095703125
179125
0.913268012153
179145
0.921076388889
179165
0.9224296875
179185
0.932334201389
179205
0.92900390625
179225
0.930407335069
179245
0.936267578125
179265
0.935378689236
179285
0.932637152778
179305
0.931310980903
179325
0.938025173611
179345
0.936144748264
179365
0.933598741319
179385
0.931627821181
179405
0.928179470486
179425
0.928715277778
179445
0.931845269097
179465
0.925893012153
179485
0.927171440972
179505
0.926574001736
179525
0.923681206597
179545
0.922710503472
179565
0.932317708333
179585
0.934378255208
179605
0.93523828125
179625
0.936009114583
179645
0.947892578125
179665
0.95582421875
179685
0.965810546875
179705
0.968497178819
179725
0.977938151042
179745
0.979803168403
179765
0.985347005208
179785
0.993619357639
179805
0.986422743056
179825
0.975184678819
179845
0.974432942708
179865
0.971929036458
179885
0.973481770833
179905
0.972633246528
179925
0.968936197917
179945
0.953534722222
179965
0.950108940972
179985
0.938815972222
180005
0.939292100694
180025
0.934397786458
180045
0.942529730903
180065
0.938687065972
180085
0.924139756944
180105
0.930359809028
180125
0.937700520833
180145
0.937482855903
180165
0.952696831597
180185
0.959937282986
180205
0.957121961806
180225
0.958140842014
180245
0.963632595486
180265
0.963963324653
180285
0.964302734375
180305
0.958860026042
180325
0.961657335069
180345
0.950021050347
180365
0.938434678819
180385
0.944416232639
180405
0.9350625
180425
0.925760199653
180445
0.933822482639
180465
0.923518663194
180485
0.926403211806
180505
0.932627170139
180525
0.942813585069
180545
0.955900173611
180565
0.958620876736
180585
0.969668402778
180605
0.980478732639
180625
0.981025173611
180645
0.992100911458
180665
1.0
180685
0.636247178819
180705
0.0902897135417
180725
0.0882779947917
180745
0.0899997829861
180765
0.0881156684028
180785
1.0
180805
1.0
