141812
0.110887244152
141832
0.109815772069
141852
0.108955548594
141872
0.108222596422
141892
0.108187134503
141912
0.10769175543
141932
0.107775080061
141952
0.107545339042
141972
0.106755169173
141992
0.10576615149
142012
0.107073891326
142032
0.107163307574
142052
0.104503011
142072
0.103824013158
142092
0.103145667989
142112
0.10158012218
142132
0.101907111529
142152
0.100841513506
142172
0.102099215052
142192
0.105584273183
142212
0.106191259398
142232
0.104112277221
142252
0.102642239279
142272
0.1002767335
142292
0.0978348649401
142312
0.0971610884851
142332
0.0975622650376
142352
0.0967122667781
142372
0.0959199213311
142392
0.095054476469
142412
0.0942014324004
142432
0.0942231881788
142452
0.0949615792955
142472
0.0959910627263
142492
0.0970747180451
142512
0.0965484457672
142532
0.0943580740045
142552
0.0940491419521
142572
0.0933481707742
142592
0.0937624007937
142612
0.0937001792676
142632
0.0957299933862
142652
0.095845734127
142672
0.0959203564467
142692
0.0933177126845
142712
0.0908952067669
142732
0.0901766134085
142752
0.0907577102478
142772
0.0925838902813
142792
0.0937217174882
142812
0.0948797775689
142832
0.0913971125731
142852
0.08988791423
142872
0.088482055834
142892
0.0873216026177
142912
0.087193678641
142932
0.0866954713172
142952
0.0851732195071
142972
0.0850204939432
142992
0.0831262183236
143012
0.0826449805068
143032
0.0810868316625
143052
0.0819285627263
143072
0.0815467488165
143092
0.0832800316764
143112
0.083133832846
143132
0.0855376287942
143152
0.0842729653996
143172
0.083990357839
143192
0.0840778160679
143212
0.0831655962824
143232
0.0825005221387
143252
0.0836779448622
143272
0.0829606568505
143292
0.0833392073935
143312
0.0833096195349
143332
0.0830156989696
143352
0.0822496780145
143372
0.0826121292815
143392
0.0841324230716
143412
0.0853757658034
143432
0.0858689692982
143452
0.0844700727513
143472
0.0836533608326
143492
0.0817366767613
143512
0.0818824404762
143532
0.0808072699109
143552
0.0804158834586
143572
0.0793307052353
143592
0.0784661306043
143612
0.0768925351573
143632
0.0770968219159
143652
0.0764363164857
143672
0.0765688091757
143692
0.0754797149123
143712
0.0743895328599
143732
0.0743612503481
143752
0.0734081296992
143772
0.0734000800613
143792
0.0714416248956
143812
0.070157816416
143832
0.0705920617516
143852
0.0711677196463
143872
0.0703196794069
143892
0.069831479741
143912
0.0698269110276
143932
0.0688106986216
143952
0.0679537385129
143972
0.067772947995
143992
0.0668522434559
144012
0.0672534200084
144032
0.0659691764133
144052
0.0657316033138
144072
0.0667602165135
144092
0.0683879838485
144112
0.0661802074631
144132
0.0670778508772
144152
0.0661725929407
144172
0.0697827467975
144192
0.0672840956558
144212
0.0653180259677
144232
0.0651822699109
144252
0.0669879995127
144272
0.0653791597048
144292
0.062529152743
144312
0.0639491523949
144332
0.065400045252
144352
0.0659933253272
144372
0.0647047305764
144392
0.0654744500139
144412
0.0638838850599
144432
0.0639156484962
144452
0.062403621902
144472
0.062423637218
144492
0.0622193504595
144512
0.0637568313144
144532
0.0635381857421
144552
0.0627960961431
144572
0.0644734666527
144592
0.0628056686856
144612
0.0622169573239
144632
0.0620200675299
144652
0.0611324317739
144672
0.06124077555
144692
0.0599843793512
144712
0.0617955478975
144732
0.0617903265107
144752
0.061860380117
144772
0.061410470621
144792
0.0615523182957
144812
0.0626620805486
144832
0.0624530075188
144852
0.062878550543
144872
0.0622767857143
144892
0.0633711013645
144912
0.0638162245893
144932
0.0633038760095
144952
0.0625939849624
144972
0.0639391447368
144992
0.0636315180312
145012
0.0644997911445
145032
0.0632531850459
145052
0.0633534791841
145072
0.0650682696324
145092
0.0655099119326
145112
0.0674411723754
145132
0.0673226033835
145152
0.0653358657059
145172
0.0655982403926
145192
0.0677044172932
145212
0.0691585735171
145232
0.0701678240741
145252
0.0679143605542
145272
0.0669829956837
145292
0.0651898844333
145312
0.0648313492063
145332
0.0653165030632
145352
0.0649829869813
145372
0.0641949926901
145392
0.0657279048315
145412
0.0646533869396
145432
0.0657313857561
145452
0.0637337701894
145472
0.0636167241019
145492
0.0621697472849
145512
0.0641295077973
145532
0.0625802788221
145552
0.0609446794069
145572
0.0623035453216
145592
0.0619319566277
145612
0.0607658469089
145632
0.0603431321359
145652
0.0606203007519
145672
0.0622598162072
145692
0.0613589094263
145712
0.0616345551378
145732
0.0621229723615
145752
0.0599724136731
145772
0.0595209812726
145792
0.0580859701337
145812
0.0593203929964
145832
0.0578738512949
145852
0.0603015785993
145872
0.0622143466305
145892
0.0601882309942
145912
0.0600781467558
145932
0.0574084951963
145952
0.057321472083
145972
0.0573369186856
145992
0.0606820871624
146012
0.0599299899053
146032
0.0619776437622
146052
0.0600870666249
146072
0.0618766969507
146092
0.0602400097466
146112
0.0573210369674
146132
0.0561658051378
146152
0.0572879681843
146172
0.0567649592732
146192
0.0584386313005
146212
0.0596425960735
146232
0.0598993142579
146252
0.0593554197995
146272
0.0603957811195
146292
0.0602267387218
146312
0.0634002541075
146332
0.0628008824144
146352
0.062255029936
146372
0.0613497719994
146392
0.0608783242829
146412
0.0612516534392
146432
0.0614996693122
146452
0.0630027760373
146472
0.063230994152
146492
0.0634537733222
146512
0.0637990375244
146532
0.0641934697856
146552
0.0631413603453
146572
0.0615257762462
146592
0.0610823934837
146612
0.0602907007101
146632
0.0615151159148
146652
0.0615764672097
146672
0.0622850529101
146692
0.0629533904205
146712
0.0638982438736
146732
0.0664686890838
146752
0.0695340782512
146772
0.0698508423837
146792
0.0715519266917
146812
0.0732591026177
146832
0.0717929807157
146852
0.0718571602618
146872
0.0738571689641
146892
0.0735652064188
146912
0.0740555816625
146932
0.0758941624896
146952
0.076428919521
146972
0.0762459534252
146992
0.0756270015316
147012
0.0730456784322
147032
0.0714557661515
147052
0.0698225598719
147072
0.0701225720551
147092
0.0701930607769
147112
0.0704563056948
147132
0.0718038586048
147152
0.0734470725425
147172
0.0730291440407
147192
0.0736080653021
147212
0.0718401907547
147232
0.0695926012949
147252
0.0681249564884
147272
0.0669764689502
147292
0.0681591130604
147312
0.0700929841966
147332
0.0696691816346
147352
0.0700990758145
147372
0.0734818817878
147392
0.0749323395294
147412
0.0722019893484
147432
0.0707780736564
147452
0.0668737816764
147472
0.0672640803397
147492
0.0684549916458
147512
0.0695760669034
147532
0.0729884607352
147552
0.0750759276664
147572
0.0738815354358
147592
0.0714627280006
147612
0.0710693835283
147632
0.0699352548037
147652
0.070493290518
147672
0.0742228835979
147692
0.0769484475077
147712
0.0788916736285
147732
0.0806623764272
147752
0.0793576824004
147772
0.0759461587998
147792
0.0755208333333
147812
0.075472970621
147832
0.0726072994987
147852
0.0736476608187
147872
0.076355602548
147892
0.0773876966722
147912
0.0784524244639
147932
0.0763308009607
147952
0.0759405022974
147972
0.0775286741158
147992
0.0786456157755
148012
0.0787602687274
148032
0.0766432139376
148052
0.0784522069062
148072
0.0788710056391
148092
0.0800701841409
148112
0.080740914787
148132
0.0828714581593
148152
0.0814999738931
148172
0.0812143205235
148192
0.080584273183
148212
0.0819927422723
148232
0.0804143605542
148252
0.0812643588137
148272
0.0819618490671
148292
0.0804524331662
148312
0.0797797445001
148332
0.0800120962128
148352
0.0816352948343
148372
0.0838450292398
148392
0.0830709586466
148412
0.0852937465191
148432
0.0836420478279
148452
0.0826414995823
148472
0.0831427527151
148492
0.0852861319967
148512
0.0888725720551
148532
0.086397417154
148552
0.0861870387775
148572
0.0869967888471
148592
0.087385564606
148612
0.0896651350599
148632
0.0907829469507
148652
0.0889643814397
148672
0.0884370213729
148692
0.0892535157338
148712
0.0890479236285
148732
0.09184006022
148752
0.0917314988861
148772
0.0929180590365
148792
0.0918637740184
148812
0.0879492568226
148832
0.0897123450989
148852
0.0909415465748
148872
0.089682104567
148892
0.0899614487608
148912
0.0927614174325
148932
0.0948308270677
148952
0.0982001444584
148972
0.0978909948482
148992
0.0987333785854
149012
0.0990368716931
149032
0.100831070732
149052
0.103732856447
149072
0.103615375244
149092
0.10552466235
149112
0.104916370788
149132
0.103773539752
149152
0.1035764324
149172
0.104504098789
149192
0.103916692774
149212
0.108000252367
149232
0.114965147243
149252
0.116588563422
149272
0.117341313353
149292
0.11832206384
149312
0.114572673002
149332
0.116379272835
149352
0.11856355298
149372
0.123707924325
149392
0.129845229393
149412
0.129601782233
149432
0.12932439606
149452
0.125237355542
149472
0.121330670426
149492
0.117545164996
149512
0.11506065511
149532
0.11455809663
149552
0.12092296714
149572
0.126155884503
149592
0.122753715887
149612
0.118731290031
149632
0.113054119674
149652
0.110579835004
149672
0.108882014063
149692
0.112506309176
149712
0.114946654832
149732
0.1175466879
149752
0.116428876009
149772
0.115019319131
149792
0.11433727548
149812
0.110874408243
149832
0.111172897522
149852
0.107660862225
149872
0.10752293059
149892
0.104803023183
149912
0.10398674638
149932
0.103634085213
149952
0.105068661236
149972
0.104102269563
149992
0.106122511139
150012
0.103799646686
150032
0.103849902534
150052
0.100300012183
150072
0.100905040379
150092
0.0993590747703
150112
0.102967270607
150132
0.102723388332
150152
0.103239000278
150172
0.101984126984
150192
0.101214625104
150212
0.101857725912
150232
0.102300020886
150252
0.104304380744
150272
0.103497676483
150292
0.105583838067
150312
0.103626470691
150332
0.104440571916
150352
0.0996340678084
150372
0.0975455130883
150392
0.0977611128516
150412
0.0990209899749
150432
0.0973677683793
150452
0.0941990392648
150472
0.0924629281537
150492
0.0949646251044
150512
0.0904716217627
150532
0.0888473353523
150552
0.0857704156224
150572
0.0880438944584
150592
0.089426039056
150612
0.0966330757449
150632
0.0977180364105
150652
0.097336875174
150672
0.0956590695489
150692
0.0958137531328
150712
0.0948514950571
150732
0.0948762966444
150752
0.0954769736842
150772
0.0965910870927
150792
0.0972685620301
150812
0.0979447316207
150832
0.0971721839321
150852
0.0961292119187
150872
0.0963110902256
150892
0.0970468706488
150912
0.0970294660262
150932
1.0
150952
1.0
150972
1.0
150992
0.549592514272
151012
0.298834542955
151032
0.165244056321
151052
0.130845777639
151072
0.107502915274
151092
0.1069390055
151112
0.106286984823
151132
0.105492898914
151152
0.10412707115
151172
0.10438814049
151192
0.104086605402
151212
0.102988373712
151232
0.102922671261
151252
1.0
151272
0.983216722361
151292
0.983216722361
151312
0.983216722361
151332
0.983216722361
151352
0.983216722361
151372
0.983216722361
151392
1.0
