126816
0.399618606188
126836
0.394652227146
126856
0.38711423352
126876
0.313160272854
126896
0.315287818719
126916
0.405722364739
126936
0.406394298041
126956
0.400515488961
126976
0.407191581157
126996
0.310239816542
127016
0.316457750311
127036
0.379371696206
127056
0.381566289646
127076
0.32393792755
127096
0.339793221393
127116
0.337800742382
127136
0.305147115983
127156
0.313986221238
127176
0.313735035759
127196
0.319158115672
127216
0.306044484608
127236
0.303666239117
127256
0.28924809546
127276
0.321647135417
127296
0.32312023865
127316
0.26903811023
127336
0.270513642724
127356
0.277669756685
127376
0.278101193252
127396
0.277314598881
127416
0.301139808769
127436
0.301028062811
127456
0.305760261194
127476
0.276017374067
127496
0.363863786536
127516
0.356610988029
127536
0.349044329136
127556
0.305645114272
127576
0.304473239272
127596
0.315242148632
127616
0.317090815454
127636
0.306632851368
127656
0.304355177239
127676
0.305603331001
127696
0.305605760261
127716
0.30594974347
127736
0.31260980255
127756
0.327484647077
127776
0.330191814366
127796
0.232312558302
127816
0.223800431437
127836
0.198405433769
127856
0.160338444496
127876
0.0632370374689
127896
0.0664645522388
127916
0.0537362018035
127936
0.0623702775187
127956
0.0796282260572
127976
0.0686610890858
127996
0.0537794426306
128016
0.0543731537624
128036
0.0593886038557
128056
0.0638443524565
128076
0.0633157454913
128096
0.05214600824
128116
0.0803069612873
128136
0.0581715446206
128156
0.0694267918221
128176
0.0795082206157
128196
0.0988980876866
128216
0.109684001866
128236
0.131232023476
128256
0.22305416278
128276
0.193698013837
128296
0.201553754664
128316
0.199678365983
128336
0.197020269745
128356
0.10177481732
128376
0.125287624378
128396
0.327319943252
128416
0.328469469061
128436
0.324458760883
128456
0.3195433963
128476
0.106919504042
128496
0.0789378303794
128516
0.100215718284
128536
0.124188141325
128556
0.0933744364117
128576
0.0740477300995
128596
0.0782119675062
128616
0.0900852184391
128636
0.101252040578
128656
0.0894973375311
128676
0.0776508084577
128696
0.0999484996891
128716
0.0794105643657
128736
0.0914781560945
128756
0.114920514614
128776
0.147025128265
128796
0.143066892102
128816
0.115263526119
128836
0.112332866915
128856
0.100231265547
128876
0.104472267568
128896
0.0937655472637
128916
0.118620277519
128936
0.105809818097
128956
0.064548837842
128976
0.0822124727923
128996
0.117208391636
129016
0.0925018462376
129036
0.0873280083955
129056
0.0762850785137
129076
0.0843307874689
129096
0.0902479788557
129116
0.0862761388371
129136
0.0913785564366
129156
0.0957279034515
129176
0.12166025342
129196
0.114089221859
129216
0.12655764148
129236
0.109375485852
129256
0.0933355682525
129276
0.0953154151119
129296
0.0923492887127
129316
0.0780822450249
129336
0.0772898204291
129356
0.0805785525498
129376
0.0789290850435
129396
0.0785564365672
129416
0.0782600668532
129436
0.0742294387438
129456
0.103289703825
129476
0.181076064988
129496
0.146738961443
129516
0.0898981654229
129536
0.0802219371891
129556
0.0723176111629
129576
0.0667410020211
129596
0.0651935634328
129616
0.0646766169154
129636
0.065089591107
129656
0.0665466612251
129676
0.0681081895211
129696
0.0653572955535
129716
0.0652678987873
129736
0.0666540345149
129756
0.0670305698072
129776
0.0697688316231
129796
0.0719473919465
129816
0.0948927238806
129836
0.810149448072
129856
0.99533436334
129876
0.989603253265
129896
0.990078416511
129916
0.989861240672
129936
0.989432719216
129956
0.990636660448
129976
0.986151760728
129996
0.986194029851
130016
0.985638701026
130036
0.984909923041
130056
0.0720868314677
130076
0.0704504819652
130096
0.0719784864739
130116
0.0720110385572
130136
0.0739986590485
130156
0.0734763681592
130176
0.0898602689677
130196
0.116386330068
130216
0.113733092351
130236
0.111698830068
130256
0.111336870336
130276
0.801212686567
130296
0.798523495802
130316
0.796885202892
130336
0.79053463153
130356
0.786622551306
130376
0.786126982276
130396
0.812654500933
130416
0.931999183769
130436
0.959332730877
130456
0.961048274254
130476
0.95935313666
130496
0.960578941231
130516
0.961769764459
130536
0.95876719916
130556
0.9544921875
130576
0.958627273787
130596
0.968649428638
130616
0.971315298507
130636
0.978643889925
130656
0.974571478545
130676
0.970233791978
130696
0.964053754664
130716
0.955083955224
130736
0.946032532649
130756
0.933800722948
130776
0.918887010261
130796
0.910551247668
130816
0.904818680037
130836
0.911677938433
130856
0.931500699627
130876
0.920461170709
130896
0.915909223414
130916
0.912510202892
130936
0.906659573228
130956
0.902995277519
130976
0.895956739739
130996
0.892930853545
131016
0.908529617537
131036
0.918255888526
131056
0.919207672575
131076
0.92119140625
131096
0.917267665578
131116
0.914835004664
131136
0.914744636194
131156
0.912639925373
131176
0.91017811334
131196
0.908128789646
131216
0.909740846549
131236
0.921927472015
131256
0.922121326959
131276
0.92041744403
131296
0.919671175373
131316
0.916145347481
131336
0.91231197528
131356
0.925457672575
131376
0.926192280784
131396
0.923743586754
131416
0.922807835821
131436
0.921187033582
131456
0.91749504431
131476
0.917298274254
131496
0.929280841884
131516
0.925660272854
131536
0.924801772388
131556
0.921068971549
131576
0.922605235541
131596
0.924058418843
131616
0.927039120802
131636
0.929521338619
131656
0.925343983209
131676
0.920360599347
131696
0.914098938899
131716
0.909896805037
131736
0.905486240672
131756
0.902247551306
131776
0.902346665112
131796
0.90293697528
131816
0.920879489272
131836
0.931105701959
131856
0.930094158116
131876
0.924935867537
131896
0.923258220616
131916
0.918315648321
131936
0.913289995336
131956
0.909624242071
131976
0.903100221549
131996
0.901505655317
132016
0.904821595149
132036
0.923673624067
132056
0.932761485541
132076
0.93641120569
132096
0.932838736007
132116
0.932260086287
132136
0.928616196362
132156
0.926475046642
132176
0.923586170709
132196
0.920519472948
132216
0.918172807836
132236
0.920370802239
132256
0.917476096082
132276
0.913203999534
132296
0.907926189366
132316
0.905519764459
132336
0.906114447295
132356
0.905688840951
132376
0.902960296175
132396
0.900667560634
132416
0.898195545709
132436
0.925294426306
132456
0.919736765392
132476
0.917857975746
132496
0.916477670243
132516
0.901725746269
132536
0.875569904384
132556
0.862118120336
132576
0.852953008396
132596
0.847933185634
132616
0.842499416978
132636
0.851120860541
132656
0.855107276119
132676
0.852369986007
132696
0.869177063899
132716
0.932942222481
132736
0.933238106343
132756
0.931824277052
132776
0.92685546875
132796
0.926171875
132816
0.926616429571
132836
0.925360016325
132856
0.918181553172
132876
0.914990963153
132896
0.914342350746
132916
0.913827833489
132936
0.915525886194
132956
0.913042210821
132976
0.912530608675
132996
0.908292035914
133016
0.908426131063
133036
0.910972481343
133056
0.915356809701
133076
0.914871443563
133096
0.919841709422
133116
0.933335762593
133136
0.940221256996
133156
0.93835704291
133176
0.935360307836
133196
0.93312733209
133216
0.923494344683
133236
0.921302180504
133256
0.909889517257
133276
0.90441639459
133296
0.900272562966
133316
0.896141849347
133336
0.894624533582
133356
0.922147562966
133376
0.919856284981
133396
0.91896717584
133416
0.916904734142
133436
0.910386543843
133456
0.907767315765
133476
0.908794892724
133496
0.907225104944
133516
0.907168260261
133536
0.927788304571
133556
0.93408203125
133576
0.931436567164
133596
0.925862873134
133616
0.920398495802
133636
0.918372493004
133656
0.914744636194
133676
0.91446041278
133696
0.912769647854
133716
0.911631296642
133736
0.914104769123
133756
0.92810313666
133776
0.937099172108
133796
0.930903101679
133816
0.913584421642
133836
0.905518306903
133856
0.898282999067
133876
0.88466068097
133896
0.875778334888
133916
0.872650419776
133936
0.878304279384
133956
0.876324918377
133976
0.872972539646
133996
0.895638992537
134016
0.915438432836
134036
0.910255363806
134056
0.906551714086
134076
0.894703241604
134096
0.893793726679
134116
0.896099580224
134136
0.892920650653
134156
0.898352961754
134176
0.91863776819
134196
0.921870627332
134216
0.911963619403
134236
0.905748600746
134256
0.901343866604
134276
0.891610307836
134296
0.89265391791
134316
0.896019414646
134336
0.892309934701
134356
0.89294688666
134376
0.897459479944
134396
0.898672166511
134416
0.90206535681
134436
0.901115030317
134456
0.892840485075
134476
0.887125408116
134496
0.871736532183
134516
0.862908115672
134536
0.873271338619
134556
0.876201026119
134576
0.874670592351
134596
0.878104594216
134616
0.875543668377
134636
0.873274253731
134656
0.870650652985
134676
0.869283465485
134696
0.866095790578
134716
0.866865380131
134736
0.864097481343
134756
0.863740380131
134776
0.865224172108
134796
0.866568038713
134816
0.862332381063
134836
0.857672574627
134856
0.855579524254
134876
0.845178404851
134896
0.849290170243
134916
0.851496909981
134936
0.849348472481
134956
0.850301714086
134976
0.849915461754
134996
0.850728777985
135016
0.851993936567
135036
0.852934060168
135056
0.855802530317
135076
0.862328008396
135096
0.866652576959
135116
0.874070079291
135136
0.876287021922
135156
0.885867537313
135176
0.88449451959
135196
0.882467059235
135216
0.884303579757
135236
0.887272621269
135256
0.887803171642
135276
0.889899137127
135296
0.890515683302
135316
0.890738689366
135336
0.891537430037
135356
0.892225396455
135376
0.890705165578
135396
0.891944088153
135416
0.896238048041
135436
0.895601096082
135456
0.894299498601
135476
0.893134911381
135496
0.889782532649
135516
0.885883570429
135536
0.883596665112
135556
0.881394298041
135576
0.878259095149
135596
0.880465834888
135616
0.876426947295
135636
0.868022679571
135656
0.868376865672
135676
0.869439423974
135696
0.866715251866
135716
0.866374183769
135736
0.867387185168
135756
0.867024253731
135776
0.866337744869
135796
0.876747609608
135816
0.899198344216
135836
0.911717292444
135856
0.926218516791
135876
0.925003400964
135896
0.930069865516
135916
0.940576414801
135936
0.939439035292
135956
0.938946867226
135976
0.944683807525
135996
0.948322353078
136016
0.954936742071
136036
0.966240088619
136056
0.968458488806
136076
0.966994130908
136096
0.968550314832
136116
0.969520075404
136136
0.976404598103
136156
0.950026236007
136176
0.938681106188
136196
0.926260300062
136216
0.911236298974
136236
0.89640129431
136256
0.879671466884
136276
0.864827716884
136296
0.857914528918
136316
0.837405258862
136336
0.82390391791
136356
0.823552646922
136376
0.919047341418
136396
1.0
