140552
0.070894129136
140572
0.0709573184743
140592
0.0701846852022
140612
0.0709357766544
140632
0.0750454771752
140652
0.0680697571998
140672
0.0703196806066
140692
0.0723963120404
140712
0.0625727634804
140732
0.0868480009191
140752
0.0878432329963
140772
0.0845166973039
140792
0.0889504825368
140812
0.0950037339154
140832
0.0896551393995
140852
0.113763786765
140872
0.0909069584865
140892
0.102150352328
140912
0.107399375766
140932
0.107805319393
140952
0.105993891697
140972
0.108421415441
140992
0.0890371285233
141012
0.118454637714
141032
0.119792145374
141052
0.104845473346
141072
0.115858609069
141092
0.128067555147
141112
0.12299230239
141132
0.123909983915
141152
0.0835698146446
141172
0.0751790364583
141192
0.0785993987439
141212
0.0839140050551
141232
0.0862505744485
141252
0.0877776501225
141272
0.0956629136029
141292
0.107488415288
141312
0.137795840993
141332
0.150259459252
141352
0.101125440411
141372
0.0874655330882
141392
0.0890151079963
141412
0.168882123162
141432
0.161735983456
141452
0.15937835095
141472
0.110633520987
141492
0.13714910769
141512
0.152494064032
141532
0.15808727788
141552
0.157315123315
141572
0.0894612630208
141592
0.0918787339154
141612
0.0581830193015
141632
0.115315755208
141652
0.118849571078
141672
0.105764112286
141692
0.110126091452
141712
0.0991435929841
141732
0.131976198683
141752
0.109003044577
141772
0.0919380935968
141792
0.115769090839
141812
0.125091433058
141832
0.135204120711
141852
0.124811868107
141872
0.122794117647
141892
0.135767558977
141912
0.0578493604473
141932
0.0607139437806
141952
0.0601859298407
141972
0.0664052925858
141992
0.153528071385
142012
0.182372568168
142032
0.113525869332
142052
0.134952799479
142072
0.196055453431
142092
0.172531786152
142112
0.163250134038
142132
0.0849504059436
142152
0.067462756587
142172
0.114497166054
142192
0.0954015395221
142212
0.0936504289216
142232
0.144559972426
142252
0.117176011029
142272
0.128691789216
142292
0.0927978515625
142312
0.0885938457414
142332
0.0986974379596
142352
0.109370212929
142372
0.158012120864
142392
0.163728841146
142412
0.172324984681
142432
0.166784907322
142452
0.164520143995
142472
0.172400620404
142492
0.0878073299632
142512
0.0914747051164
142532
0.133718213848
142552
0.120633233762
142572
0.10273772595
142592
0.0739487591912
142612
0.0671444163603
142632
0.0629016352635
142652
0.0643219592525
142672
0.0607886220895
142692
0.0839561312806
142712
0.0825731464461
142732
0.0785721124387
142752
0.0890840418199
142772
0.0953077129289
142792
0.0954154220282
142812
0.10269464231
142832
0.10168169807
142852
0.0936805874694
142872
0.101645795037
142892
0.101404047947
142912
0.102180032169
142932
0.10818493413
142952
0.992135799632
142972
0.992135799632
142992
0.992135799632
143012
0.992135799632
143032
0.992135799632
143052
0.99201372932
143072
1.0
143092
1.0
143112
0.991315774357
143132
0.991315774357
143152
0.991315774357
143172
0.991315774357
143192
0.993013269761
143212
0.993013269761
143232
0.993013269761
143252
0.99066808364
143272
0.99066808364
143292
0.99066808364
143312
0.99066808364
143332
0.997064568015
143352
0.997064568015
143372
0.997064568015
143392
0.997064568015
143412
0.996026252298
143432
0.996026252298
143452
0.996026252298
143472
0.991075942096
143492
0.991075942096
143512
0.991075942096
143532
0.991075942096
143552
0.99242589614
143572
0.99242589614
143592
0.99242589614
143612
0.986540670956
143632
0.986540670956
143652
0.986540670956
143672
0.986540670956
143692
0.991954848346
143712
0.991954848346
143732
0.991954848346
143752
0.991954848346
143772
0.992088407629
143792
0.992088407629
143812
0.992088407629
143832
0.991884478401
143852
0.991884478401
143872
0.991884478401
143892
0.991884478401
143912
0.992796415441
143932
0.992796415441
143952
0.992796415441
143972
0.994911822151
143992
0.994911822151
144012
0.994911822151
144032
0.994911822151
144052
0.994124827665
144072
0.994124827665
144092
0.994124827665
144112
0.989871036305
144132
0.989871036305
144152
0.989871036305
144172
0.989871036305
144192
0.994245461857
144212
0.994245461857
144232
0.994245461857
144252
0.994245461857
144272
0.982111672794
144292
0.982111672794
144312
0.982111672794
144332
1.0
144352
0.999093807445
144372
0.996688304228
144392
0.9916015625
144412
0.987451171875
144432
0.982607134651
144452
0.978419404871
144472
0.974233111213
144492
0.969746668199
144512
0.960486557904
144532
0.95650993796
144552
0.947673483456
144572
0.940261661305
144592
0.934067670037
144612
0.93041417739
144632
0.925
144652
0.917084099265
144672
0.919913258272
144692
0.919177964154
144712
0.917637005974
144732
0.913666130515
144752
0.913848517923
144772
0.911754653033
144792
0.909024586397
144812
0.913837028952
144832
0.912798713235
144852
0.912624942555
144872
0.911329561121
144892
0.909518612132
144912
0.903096277574
144932
0.902791819853
144952
0.900308766085
144972
0.899027745864
144992
0.900505514706
145012
0.894284237132
145032
0.892941463695
145052
0.892800723805
145072
0.886075367647
145092
0.884897748162
145112
0.881601849724
145132
0.881848862592
145152
0.881828756893
145172
0.886842256434
145192
0.890817440257
145212
0.897324505974
145232
0.906306008732
145252
0.905714326746
145272
0.905289234835
145292
0.909986787684
145312
0.915083582261
145332
0.923868336397
145352
0.921096622243
145372
0.923987534467
145392
0.925146484375
145412
0.927784639246
145432
0.924340820312
145452
0.92495691636
145472
0.924974149816
145492
0.922462373621
145512
0.919288545496
145532
0.91654698989
145552
0.913860006893
145572
0.915823184743
145592
0.911781939338
145612
0.908085363051
145632
0.900890395221
145652
0.905409869026
145672
0.91060144761
145692
0.910835535386
145712
0.91165412454
145732
0.919611672794
145752
0.919524069393
145772
0.920994657629
145792
0.922078929228
145812
0.923510742187
145832
0.922788373162
145852
0.923331227022
145872
0.921300551471
145892
0.923293887868
145912
0.920772058824
145932
0.921057846967
145952
0.924488740809
145972
0.918398150276
145992
0.919990808824
146012
0.919963522518
146032
0.922448012408
146052
0.919502527574
146072
0.918801700368
146092
0.92105066636
146112
0.919521197151
146132
0.920661477482
146152
0.924451401654
146172
0.924108168658
146192
0.931926413143
146212
0.932958984375
146232
0.93515625
146252
0.936928423713
146272
0.939476102941
146292
0.943342141544
146312
0.944012810202
146332
0.941795438879
146352
0.94279497932
146372
0.94560546875
146392
0.942063993566
146412
0.936711569393
146432
0.940435431985
146452
0.939211856618
146472
0.939219037224
146492
0.934311810662
146512
0.93141228171
146532
0.934195484835
146552
0.933800551471
146572
0.930682732077
146592
0.929907226563
146612
0.928050321691
146632
0.92642176011
146652
0.926087143842
146672
0.932759363511
146692
0.92702923943
146712
0.932696174173
146732
0.93403894761
146752
0.930698529412
146772
0.928304515165
146792
0.932249540441
146812
0.929167624081
146832
0.929167624081
146852
0.93130457261
146872
0.931511374081
146892
0.927172851562
146912
0.932973345588
146932
0.932802447151
146952
0.931652113971
146972
0.92848259421
146992
0.931081973805
147012
0.929562557445
147032
0.933095415901
147052
0.936157226562
147072
0.937083524816
147092
0.935645967371
147112
0.934666532629
147132
0.933715820312
147152
0.931963752298
147172
0.92431640625
147192
0.927416992187
147212
0.925406422335
147232
0.927911017923
147252
0.927877987132
147272
0.92875402114
147292
0.928708065257
147312
0.929721966912
147332
0.930559225643
147352
0.929222196691
147372
0.927744427849
147392
0.93410357307
147412
0.937535903033
147432
0.938279813879
147452
0.942555147059
147472
0.946182789522
147492
0.946439855239
147512
0.947009995404
147532
0.948342715993
147552
0.948097139246
147572
0.950725241268
147592
0.947907571232
147612
0.941750919118
147632
0.941926125919
147652
0.942219094669
147672
0.942685834099
147692
0.938630227482
147712
0.934843175551
147732
0.926799460018
147752
0.923150275735
147772
0.917062557445
147792
0.915703986673
147812
0.914720243566
147832
0.913809742647
147852
0.910147633272
147872
0.912910730699
147892
0.916106100643
147912
0.918019014246
147932
0.918708352482
147952
0.917481904871
147972
0.918758616728
147992
0.919228228401
148012
0.92369743796
148032
0.931489832261
148052
0.931847426471
148072
0.933009248621
148092
0.933394129136
148112
0.935311351103
148132
0.933175838695
148152
0.929237994026
148172
0.929808134191
148192
0.930135569853
148212
0.931379250919
148232
0.924250344669
148252
0.925478228401
148272
0.917993164062
148292
0.917029526654
148312
0.909054744945
148332
0.898447552849
148352
0.897491096048
148372
0.890656594669
148392
0.892181755515
148412
0.890016084559
148432
0.896013327206
148452
0.899887982537
148472
0.89087488511
148492
0.883733053768
148512
0.880020680147
148532
0.880068072151
148552
0.879879940257
148572
0.881644933364
148592
0.887227136949
148612
0.884599034926
148632
0.893583409926
148652
0.89683191636
148672
0.897008559283
148692
0.898734777114
148712
0.898484892004
148732
0.892616900276
148752
0.888462201287
148772
0.891740866268
148792
0.89499798943
148812
0.896261776195
148832
0.899503102022
148852
0.898075597426
148872
0.893070714614
148892
0.892240636489
148912
0.888660386029
148932
0.887227136949
148952
0.886106962316
148972
0.899682617187
148992
0.896359432445
149012
0.89783002068
149032
0.900311638327
149052
0.902020622702
149072
0.917249253217
149092
0.90972254136
149112
0.906665039062
149132
0.903030215993
149152
0.902880859375
149172
0.897969324449
149192
0.902541934743
149212
0.896452780331
149232
0.895130112592
149252
0.89925178079
149272
0.89634363511
149292
0.890250172335
149312
0.895144473805
149332
0.882212201287
149352
0.8759765625
149372
0.872633272059
149392
0.870012350643
149412
0.868458467371
149432
0.869963522518
149452
0.876602711397
149472
0.889197495404
149492
0.887620634191
149512
0.897585880055
149532
0.89984777114
149552
0.905391199449
149572
0.903583122702
149592
0.900721890319
149612
0.902187212776
149632
0.90943962546
149652
0.904136029412
149672
0.904857441023
149692
0.913723096661
149712
0.923603132659
149732
0.932246189491
149752
0.934658873315
149772
0.937332452512
149792
0.940745634191
149812
0.94011852788
149832
0.948631376379
149852
0.955249980852
149872
0.964925608915
149892
0.974974149816
149912
0.976891371783
149932
0.982726332721
149952
0.993708352482
149972
1.0
149992
1.0
150012
1.0
150032
1.0
150052
1.0
150072
1.0
150092
1.0
150112
1.0
150132
1.0
