107728
0.15127025463
107748
0.141127025463
107768
0.145529513889
107788
0.145033275463
107808
0.147751736111
107828
0.147777777778
107848
0.147113715278
107868
0.150665509259
107888
0.148790509259
107908
0.149842303241
107928
0.150335648148
107948
0.151032986111
107968
0.148084490741
107988
0.151931423611
108008
0.155872395833
108028
0.152183159722
108048
0.152232349537
108068
0.150261863426
108088
0.153155381944
108108
0.150251736111
108128
0.153836805556
108148
0.15146412037
108168
0.151280381944
108188
0.147531828704
108208
0.143940972222
108228
0.147544849537
108248
0.145157696759
108268
0.146166087963
108288
0.146325231481
108308
0.145432581019
108328
0.144642650463
108348
0.142918113426
108368
0.143524305556
108388
0.138265335648
108408
0.135190972222
108428
0.124036458333
108448
0.169165219907
108468
0.17099681713
108488
0.164756944444
108508
0.170622106481
108528
0.169438657407
108548
0.171322337963
108568
0.165850694444
108588
0.170462962963
108608
0.168703703704
108628
0.16943287037
108648
0.161506076389
108668
0.166682581019
108688
0.170282118056
108708
0.173668981481
108728
0.175747974537
108748
0.175311053241
108768
0.17732494213
108788
0.176497395833
108808
0.178537326389
108828
0.180847800926
108848
0.170813078704
108868
0.177365451389
108888
0.178386863426
108908
0.178172743056
108928
0.18048900463
108948
0.180587384259
108968
0.179431423611
108988
0.207126736111
109008
0.208080150463
109028
0.195703125
109048
0.193462094907
109068
0.230747974537
109088
0.287102141204
109108
0.3084375
109128
0.302005208333
109148
0.261202256944
109168
0.252297453704
109188
0.233644386574
109208
0.252997685185
109228
0.262332175926
109248
0.274913194444
109268
0.26625
109288
0.270397858796
109308
0.255546875
109328
0.272139756944
109348
0.254840856481
109368
0.32857494213
109388
0.32607349537
109408
0.300901331019
109428
0.237805266204
109448
0.217333622685
109468
0.197052951389
109488
0.203245081019
109508
0.195931712963
109528
0.196171875
109548
0.195353009259
109568
0.191135706019
109588
0.205276331019
109608
0.199036458333
109628
0.214013310185
109648
0.19384693287
109668
0.184728009259
109688
0.190638020833
109708
0.179738136574
109728
0.198252314815
109748
0.204600694444
109768
0.189249131944
109788
0.248386863426
109808
0.304796006944
109828
0.153787615741
109848
0.220166377315
109868
0.205726273148
109888
0.228780381944
109908
0.204732349537
109928
0.181844618056
109948
0.170402199074
109968
0.173344907407
109988
0.167116608796
110008
0.170831886574
110028
0.178208912037
110048
0.187991898148
110068
0.184265046296
110088
0.184143518519
110108
0.202699652778
110128
0.198042534722
110148
0.19705005787
110168
0.19294994213
110188
0.185028935185
110208
0.183728298611
110228
0.193208912037
110248
0.201864872685
110268
0.203624131944
110288
0.201209490741
110308
0.200159143519
110328
0.196650752315
110348
0.192314814815
110368
0.196060474537
110388
0.194191261574
110408
0.187638888889
110428
0.165280671296
110448
0.166752025463
110468
0.18279369213
110488
0.179469039352
110508
0.183425925926
110528
0.179071180556
110548
0.179810474537
110568
0.174720775463
110588
0.177800925926
110608
0.180860821759
110628
0.174858217593
110648
0.178845486111
110668
0.179984085648
110688
0.175403645833
110708
0.299796006944
110728
0.185092592593
110748
0.130192418981
110768
0.138972800926
110788
0.468975694444
110808
0.383265335648
110828
0.303139467593
110848
0.0939322916667
110868
0.0916637731481
110888
0.0912210648148
110908
0.091568287037
110928
0.091400462963
110948
0.0966767939815
110968
0.0929050925926
110988
0.0953833912037
111008
0.0941189236111
111028
0.0994068287037
111048
0.1016015625
111068
0.0960026041667
111088
0.0850795717593
111108
0.0970703125
111128
0.0947294560185
111148
0.186882233796
111168
0.189547164352
111188
0.223938078704
111208
0.225257523148
111228
0.220396412037
111248
0.215405092593
111268
0.225219907407
111288
0.291148726852
111308
0.206961805556
111328
0.174305555556
111348
0.183870081019
111368
0.183951099537
111388
0.177915219907
111408
0.0991218171296
111428
0.0986935763889
111448
0.100186631944
111468
0.181710069444
111488
0.190972222222
111508
0.189690393519
111528
0.193625578704
111548
0.237077546296
111568
0.24267505787
111588
0.243949652778
111608
0.246458333333
111628
0.245478877315
111648
0.250102719907
111668
0.253146701389
111688
0.267495659722
111708
0.279765625
111728
0.277974537037
111748
0.274809027778
111768
0.271128472222
111788
0.255934606481
111808
0.241956018519
111828
0.251001157407
111848
0.3033203125
111868
0.315967881944
111888
0.319612268519
111908
0.31810474537
111928
0.279664351852
111948
0.266666666667
111968
0.241834490741
111988
0.228815104167
112008
0.218493923611
112028
0.199291087963
112048
0.200619212963
112068
0.194610821759
112088
0.21474537037
112108
0.224165219907
112128
0.227738715278
112148
0.22759837963
112168
0.235251736111
112188
0.24111400463
112208
0.23921875
112228
0.267193287037
112248
0.349280960648
112268
0.378967013889
112288
0.26990306713
112308
0.257071759259
112328
0.169372106481
112348
0.202618634259
112368
0.207515914352
112388
0.196090856481
112408
0.207443576389
112428
0.253997395833
112448
0.218686342593
112468
0.213107638889
112488
0.198514178241
112508
0.202724247685
112528
0.20252025463
112548
0.200972222222
112568
0.178703703704
112588
0.19572337963
112608
0.196163194444
112628
0.204885706019
112648
0.213990162037
112668
0.2140625
112688
0.212975983796
112708
0.221370081019
112728
0.210298032407
112748
0.208265335648
112768
0.246640625
112788
0.224447337963
112808
0.205230034722
112828
0.225121527778
112848
0.240774016204
112868
0.248984375
112888
0.246960358796
112908
0.258443287037
112928
0.254221643519
112948
0.250460069444
112968
0.254421296296
112988
0.252582465278
113008
0.254225983796
113028
0.253557581019
113048
0.235813078704
113068
0.28591724537
113088
0.244476273148
113108
0.236419270833
113128
0.212541956019
113148
0.195765335648
113168
0.216514756944
113188
0.225373263889
113208
0.230339988426
113228
0.226417824074
113248
0.202420428241
113268
0.203247974537
113288
0.175224247685
113308
0.194898726852
113328
0.191711516204
113348
0.194260706019
113368
0.190691550926
113388
0.19380931713
113408
0.192287326389
113428
0.198025173611
113448
0.209537037037
113468
0.228070023148
113488
0.224176793981
113508
0.229778645833
113528
0.211558159722
113548
0.179155092593
113568
0.178512731481
113588
0.174894386574
113608
0.175837673611
113628
0.175603298611
113648
0.320101273148
113668
0.327261284722
113688
0.326225405093
113708
0.321482928241
113728
0.321948784722
113748
0.315399305556
113768
0.317526041667
113788
0.322042824074
113808
0.316931423611
113828
0.322078993056
113848
0.324616608796
113868
0.316568287037
113888
0.312123842593
113908
0.328544560185
113928
0.333761574074
113948
0.2288671875
113968
0.236138599537
113988
0.235033275463
114008
0.230875289352
114028
0.246349826389
114048
0.251574074074
114068
0.251811342593
114088
0.245460069444
114108
0.251785300926
114128
0.530882523148
114148
0.529542824074
114168
0.529026331019
114188
0.487845775463
114208
0.504959490741
114228
0.517897858796
114248
0.521692708333
114268
0.524500868056
114288
0.524933449074
114308
0.52177806713
114328
0.525678530093
114348
0.521872106481
114368
0.527666377315
114388
0.521963252315
114408
0.530089699074
114428
0.495287905093
114448
0.518553240741
114468
0.524701967593
114488
0.528057002315
114508
0.529254918981
114528
0.111456886574
114548
0.120826099537
114568
0.119344618056
114588
0.122602719907
114608
0.131375868056
114628
0.139466145833
114648
0.140334201389
114668
0.136701388889
114688
0.134007523148
114708
0.140353009259
114728
0.149260706019
114748
0.162432002315
114768
0.142282986111
114788
0.151942997685
114808
0.136393229167
114828
0.119375
114848
0.135010127315
114868
0.13318287037
114888
0.188935185185
114908
0.205244502315
114928
0.203142361111
114948
0.20470630787
114968
0.201802662037
114988
0.203514178241
115008
0.188899016204
115028
0.193203125
115048
0.199493634259
115068
0.19681568287
115088
0.205609085648
115108
0.199392361111
115128
0.210975115741
115148
0.224137731481
115168
0.267813946759
115188
0.236491608796
115208
0.210611979167
115228
0.167776331019
115248
0.170389178241
115268
0.163192997685
115288
0.165010127315
115308
0.199130497685
115328
0.0719401041667
115348
0.0715060763889
115368
0.0733680555556
115388
0.0730570023148
115408
0.0729673032407
115428
0.0740639467593
115448
0.074068287037
115468
0.0742838541667
115488
0.100481770833
115508
0.0997699652778
115528
0.099375
115548
0.0990625
115568
0.0991030092593
115588
0.0979586226852
115608
0.0986993634259
115628
0.0984968171296
115648
0.0977618634259
115668
0.0956929976852
115688
0.0950245949074
115708
0.0929918981481
115728
0.096171875
115748
0.0987919560185
115768
0.0956741898148
115788
0.0949045138889
115808
0.0989945023148
115828
0.0991276041667
115848
0.0951345486111
115868
0.0925795717593
115888
0.0962427662037
115908
0.0970486111111
115928
0.0960387731481
115948
0.0935792824074
115968
0.095240162037
115988
0.0965885416667
116008
0.095228587963
116028
0.0961082175926
116048
0.0959968171296
116068
0.0946267361111
116088
0.09578125
116108
0.0956785300926
116128
0.095703125
116148
0.0959866898148
116168
0.109169560185
116188
0.115015914352
116208
0.11767505787
116228
0.124270833333
116248
0.135235821759
116268
0.152721354167
116288
0.173726851852
116308
0.187498553241
116328
0.19560474537
116348
0.201111111111
116368
0.19318287037
116388
0.175844907407
116408
0.135590277778
116428
0.109361979167
116448
0.0654759837963
116468
0.0661154513889
116488
0.114252025463
116508
0.127576678241
116528
0.131260127315
116548
0.134098668981
116568
0.141108217593
116588
0.158109085648
116608
0.160727719907
116628
0.162022569444
116648
0.155279224537
116668
0.155701678241
116688
0.161215277778
116708
0.163463541667
116728
0.166284722222
116748
0.164835069444
116768
0.163576388889
116788
0.164155092593
116808
0.163803530093
116828
0.164431423611
116848
0.165373263889
116868
0.165076678241
116888
0.15833912037
116908
0.296977719907
116928
0.83763599537
116948
1.0
116968
1.0
116988
1.0
117008
1.0
117028
1.0
117048
0.999895833333
117068
0.975115740741
117088
0.9751171875
117108
0.975060763889
117128
0.975920138889
117148
0.975920138889
117168
0.975920138889
117188
0.978640046296
117208
0.978353587963
117228
0.978342013889
117248
0.978342013889
117268
0.978342013889
117288
0.978342013889
117308
0.978356481481
