154976
0.683792463464
154996
0.624683224502
155016
0.789190764925
155036
0.44616711365
155056
0.818565862096
155076
0.603321770056
155096
0.360018268035
155116
0.900707400498
155136
0.308279403762
155156
0.381827678016
155176
0.326444923818
155196
0.812333352767
155216
0.940235832556
155236
0.657074976679
155256
0.769967545087
155276
0.784602864583
155296
0.793519706157
155316
0.75164315143
155336
0.62531240283
155356
0.186267393501
155376
0.194490438433
155396
0.201630519279
155416
0.219018190299
155436
0.217187014148
155456
0.227394764459
155476
0.271257967973
155496
0.197001807369
155516
0.23748056592
155536
0.381765003109
155556
0.398384542133
155576
0.431700870647
155596
0.56789295709
155616
0.555507618159
155636
0.590035661536
155656
0.570047710665
155676
0.595766285759
155696
0.567386213464
155716
0.552464241294
155736
0.570275575249
155756
0.570150225435
155776
0.607778976213
155796
0.565361668221
155816
0.539474502488
155836
0.524561275653
155856
0.577940376244
155876
0.569059487718
155896
0.562257559857
155916
0.573722209266
155936
0.564434662624
155956
0.58418211676
155976
0.588787507774
155996
0.589889905939
156016
0.391138545553
156036
0.766659378887
156056
0.521055853545
156076
0.125927491449
156096
0.4400269162
156116
0.271519842195
156136
0.194899525808
156156
0.436336384484
156176
0.433490263526
156196
0.401119402985
156216
0.359599949471
156236
0.425393540112
156256
0.220109413868
156276
0.133448480255
156296
0.0880655317164
156316
0.0716082672575
156336
0.683805095616
156356
0.492764206312
156376
0.342924051617
156396
0.265548721238
156416
0.200839552239
156436
0.134342933769
156456
0.142098589086
156476
0.117170981032
156496
0.124918862718
156516
0.149959674285
156536
0.147632443252
156556
0.140053152208
156576
0.98448966107
156596
0.117822022699
156616
0.137816289646
156636
0.145216787158
156656
0.139137321206
156676
0.122305950715
156696
0.170716243004
156716
0.146641791045
156736
0.160253420398
156756
0.0952405939055
156776
0.113446439677
156796
0.178073499689
156816
0.181011446673
156836
0.263439151897
156856
0.251887534981
156876
0.217973122668
156896
0.226080534826
156916
0.228662352301
156936
0.209736959733
156956
0.234407066231
156976
0.247540617226
156996
0.224370821673
157016
0.236962647699
157036
0.257228020056
157056
0.297715038091
157076
0.356798526897
157096
0.404898845616
157116
0.424413090796
157136
0.411759075715
157156
0.440985988029
157176
0.44637943097
157196
0.448085743159
157216
0.479491701648
157236
0.478752234919
157256
0.48603758551
157276
0.468818019279
157296
0.480545514614
157316
0.485312208489
157336
0.484198149876
157356
0.589212142413
157376
0.588650497512
157396
0.581409359453
157416
0.582403898476
157436
0.581134367226
157456
0.576623231499
157476
0.577057097326
157496
0.573156191698
157516
0.571356110075
157536
0.568269492382
157556
0.415473900031
157576
0.415911166822
157596
0.413347811723
157616
0.410999203203
157636
0.411460762593
157656
0.40254635028
157676
0.400778334888
157696
0.397059623756
157716
0.384728214397
157736
0.376834577114
157756
0.390534145678
157776
0.391723997201
157796
0.394703241604
157816
0.398921894434
157836
0.405372065454
157856
0.411059934701
157876
0.572267568408
157896
0.570499553016
157916
0.569299498601
157936
0.563355585354
157956
0.568358403296
157976
0.566584071828
157996
0.563933263371
158016
0.5394288324
158036
0.511872279229
158056
0.503346548507
158076
0.495535506063
158096
0.486207147854
158116
0.483955223881
158136
0.478641946517
158156
0.475957614272
158176
0.181300528607
158196
0.163830748601
158216
0.156656172264
158236
0.144653684701
158256
0.145099696828
158276
0.14286623523
158296
0.150583022388
158316
0.257608928016
158336
0.279057349969
158356
0.294172691231
158376
0.304565065299
158396
0.324396571828
158416
0.330732567631
158436
0.336597287002
158456
0.337829407649
158476
0.337499028296
158496
0.335653762438
158516
0.334835101835
158536
0.218694612873
158556
0.309776313744
158576
0.322860793688
158596
0.537737095771
158616
0.530104846859
158636
0.531100843439
158656
0.536899001088
158676
0.556810673197
158696
0.572431300529
158716
0.282503012282
158736
0.285366623912
158756
0.278052608053
158776
0.276561042444
158796
0.296561139614
158816
0.316349405317
158836
0.285497318097
158856
0.548483170087
158876
0.548311178483
158896
0.208341592817
158916
0.193956972948
158936
0.198404462065
158956
0.206847597948
158976
0.20205321051
158996
0.199391713308
159016
0.206415675529
159036
0.224872706779
159056
0.25334217584
159076
0.269722189832
159096
0.277730002332
159116
0.233331875777
159136
0.228627370958
159156
0.19802744092
159176
0.205002817942
159196
0.209914781561
159216
0.197264653296
159236
0.197117440143
159256
0.190888817631
159276
1.0
159296
1.0
159316
1.0
159336
1.0
159356
1.0
159376
1.0
159396
0.9843507074
159416
0.984352164956
159436
0.984699549129
159456
0.983178346549
159476
0.983182233364
159496
0.983182233364
159516
1.0
159536
0.985276741294
159556
0.98527091107
159576
0.985261679882
159596
1.0
159616
0.972707750311
159636
0.972716009795
159656
0.972722811723
159676
0.978326142724
159696
1.0
159716
1.0
159736
0.964728603078
159756
0.964728117226
159776
0.964728117226
159796
0.964728117226
159816
0.964698480255
159836
1.0
159856
1.0
159876
0.970721587376
