148156
0.166087431066
148176
0.282810585172
148196
0.191344496783
148216
0.192229626225
148236
0.140491919424
148256
0.0716490502451
148276
0.313635014553
148296
0.354254270067
148316
0.0495543236826
148336
0.0827129289216
148356
0.0765050551471
148376
0.428817689185
148396
0.349373372396
148416
0.356409888174
148436
0.192414885876
148456
0.175887044271
148476
0.235467888327
148496
0.231495098039
148516
0.249941597733
148536
0.279701382506
148556
0.563764744179
148576
0.554188208487
148596
0.106435259651
148616
0.108743585325
148636
0.234191655178
148656
0.134883865656
148676
0.397954963235
148696
0.0808220358456
148716
0.250991881127
148736
0.429220281863
148756
0.167271273744
148776
0.331969496783
148796
0.448129212623
148816
0.215301872702
148836
0.0950985179228
148856
0.108291207108
148876
0.283851294424
148896
0.275268554688
148916
0.0800436580882
148936
0.10275256587
148956
0.166209501379
148976
0.174764476103
148996
0.0998616536458
149016
0.104765050551
149036
0.0832591337316
149056
0.0534696691176
149076
0.137590475643
149096
0.372672047335
149116
0.0862031824449
149136
0.0792954388787
149156
0.208137542126
149176
0.143345013787
149196
0.129035500919
149216
0.14705547258
149236
0.294829005821
149256
0.319239717371
149276
0.269182272518
149296
0.18626349954
149316
0.201084271599
149336
0.210074869792
149356
0.0981833065257
149376
0.113760914522
149396
0.715988817402
149416
0.715668562347
149436
0.708850815717
149456
0.270203833487
149476
0.4078192019
149496
0.301773609835
149516
0.290974934896
149536
0.246251723346
149556
0.154139380362
149576
0.195614564185
149596
0.210213694853
149616
0.230462526808
149636
0.221022422641
149656
0.178817210478
149676
0.200534237132
149696
0.186387484681
149716
0.208858475031
149736
0.407337622549
149756
0.364094573376
149776
0.205205939798
149796
0.0967897901348
149816
0.0716854319853
149836
0.042884497549
149856
0.124529430913
149876
0.123619408701
149896
0.254294960172
149916
0.275704656863
149936
0.414208505668
149956
0.124043543199
149976
0.120423081342
149996
0.171067899816
150016
0.168753829657
150036
0.062761852788
150056
0.0384765625
150076
0.0704604204963
150096
0.0588264016544
150116
0.0689826516544
150136
0.141173598346
150156
0.152534275429
150176
0.150327435662
150196
0.148611749387
150216
0.146312997855
150236
0.0938179764093
150256
0.0909983915441
150276
0.0994212431066
150296
0.354842122396
150316
0.357811063879
150336
0.107347675398
150356
0.115836109835
150376
0.144267961091
150396
0.144127699908
150416
0.137052408854
150436
0.129657820159
150456
0.0824132582721
150476
0.117727960325
150496
0.131742589614
150516
0.0973331227022
150536
0.0675340839461
150556
0.0886594286152
150576
0.0870969286152
150596
0.0840978285846
150616
0.105799057904
150636
0.106994389553
150656
0.109920726103
150676
0.0977711397059
150696
0.106894818474
150716
0.050497376685
150736
0.0744466145833
150756
0.101925359988
150776
0.0965126187194
150796
0.0962732651654
150816
0.089346373315
150836
0.147890337776
150856
0.151684570312
150876
0.122791245404
150896
0.170298138787
150916
0.053875134038
150936
0.0482622931985
150956
1.0
150976
0.132965207567
150996
0.128483072917
151016
0.398843443627
151036
0.409656001072
151056
0.424157954197
151076
0.41575568704
151096
0.413718309589
151116
0.405381146599
151136
0.370123410692
151156
0.0936485140931
151176
0.108822571998
151196
0.14180022595
151216
0.169549919577
151236
0.0930802887561
151256
0.103271963082
151276
0.109864238664
151296
0.091876819087
151316
0.0851658241422
151336
0.085533471201
151356
0.0919309129902
151376
0.18073682598
151396
0.141287530637
151416
0.0789742264093
151436
0.0775141697304
151456
0.0893473307292
151476
0.0773116766238
151496
0.0591581456801
151516
0.0855296415441
151536
0.106657379749
151556
0.0927839690564
151576
0.0758535347733
151596
0.0713532092525
151616
0.0533183976716
151636
0.081742589614
151656
0.0823744829963
151676
0.123309685202
151696
0.138537358303
151716
0.126396867341
151736
0.142494829963
151756
0.128468711703
151776
0.126938763787
151796
0.122056908701
151816
0.119073127298
151836
0.163301834406
151856
0.190565640319
151876
0.229176240809
151896
0.256717218137
151916
0.307969515931
151936
0.35945781633
151956
0.410833620558
151976
0.409469784007
151996
0.4361261106
152016
0.450654392616
152036
0.462107460172
152056
0.471822342218
152076
0.477676930147
152096
0.491719324449
152116
0.497352270987
152136
0.474095243566
152156
0.496463790594
152176
0.515390912224
152196
0.559996840533
152216
0.801477768842
152236
0.975540460325
152256
0.97017846201
152276
0.963391831342
152296
0.954366287531
152316
0.948018631281
152336
0.950006223192
152356
0.942941942402
152376
0.932379270067
152396
0.927098651961
152416
0.919548962163
152436
0.917597273284
152456
0.916656613817
152476
0.913482306985
152496
0.911732632506
152516
0.911867149203
152536
0.913854262408
152556
0.915754250919
152576
0.91662645527
152596
0.916690123315
152616
0.914906460631
152636
0.918504901961
152656
0.914736519608
152676
0.917725566789
152696
0.919141582414
152716
0.917965877757
152736
0.905821557138
152756
0.896110983456
152776
0.886454024969
152796
0.884405637255
152816
0.884892961091
152836
0.879431391697
152856
0.871761546415
152876
0.859105487898
152896
0.850739602482
152916
0.834399414062
152936
0.837014112286
152956
0.836325731464
152976
0.833756510417
152996
0.838363108915
153016
0.827492627911
153036
0.814311906403
153056
0.811774758732
153076
0.808758903952
153096
0.836716356464
153116
0.839654181985
153136
0.846558095895
153156
0.851789407169
153176
0.865359317555
153196
0.873383884804
153216
0.884666053922
153236
0.894489123775
153256
0.902564433977
153276
0.911980124081
153296
0.915410060509
153316
0.913404756434
153336
0.915377029718
153356
0.916975432751
153376
0.914292758119
153396
0.915941904105
153416
0.919739966299
153436
0.916620710784
153456
0.921919041054
153476
0.919282322304
153496
0.927638154871
153516
0.935069604013
153536
0.932017846201
153556
0.924865004596
153576
0.932754097733
153596
0.930109719669
153616
0.931218884038
153636
0.932662664675
153656
0.929071403952
153676
0.925789388021
153696
0.928896675858
153716
0.922517903646
153736
0.917505840227
153756
0.924022480086
153776
0.918115234375
153796
0.921870212929
153816
0.924245557598
153836
0.926781269148
153856
0.915415326287
153876
0.91556037454
153896
0.913548847273
153916
0.914219994638
153936
0.918632238051
153956
0.909778071385
153976
0.91265893076
153996
0.912719726562
154016
0.913911707261
154036
0.910342945772
154056
0.904908662684
154076
0.917469458487
154096
0.917195638021
154116
0.911882467831
154136
0.912747012868
154156
0.911931295956
154176
0.907327090993
154196
0.909297449449
154216
0.912299421722
154236
0.909972426471
154256
0.912524414062
154276
0.907489372702
154296
0.907710056679
154316
0.906520469516
154336
0.90411975337
154356
0.898842486213
154376
0.899847292433
154396
0.899485868566
154416
0.899608417586
154436
0.901435163909
154456
0.905223173254
154476
0.898982747396
154496
0.904723403033
154516
0.9091796875
154536
0.9095770144
154556
0.911609126072
154576
0.912877699908
154596
0.914859068627
154616
0.914781518076
154636
0.911221373315
154656
0.908534869026
154676
0.909394148284
154696
0.905662147672
154716
0.908096373315
154736
0.906621955423
154756
0.903919653799
154776
0.897837679994
154796
0.8910223269
154816
0.892670515472
154836
0.894788794424
154856
0.899351830576
154876
0.898866421569
154896
0.900073720895
154916
0.901220703125
154936
0.903170955882
154956
0.910205078125
154976
0.912513882506
154996
0.908017386642
155016
0.911912147672
155036
0.91716930913
155056
0.911195044424
155076
0.909352500766
155096
0.918818455116
155116
0.917945772059
155136
0.922303442862
155156
0.917497702206
155176
0.917056334252
155196
0.919229664522
155216
0.91462689568
155236
0.909833601409
155256
0.905767941942
155276
0.91086473652
155296
0.904812442555
155316
0.90045189951
155336
0.897077971814
155356
0.890010818781
155376
0.88943158318
155396
0.896025773591
155416
0.900008616728
155436
0.90916149663
155456
0.908824965533
155476
0.90700635723
155496
0.896396771599
155516
0.901802332261
155536
0.914148188572
155556
0.909115540748
155576
0.912397077972
155596
0.907791915594
155616
0.897821403952
155636
0.896938189338
155656
0.897706992953
155676
0.894017597273
155696
0.900830556832
155716
0.899382946538
155736
0.898365693934
155756
0.897206265319
155776
0.90211205576
155796
0.910777611826
155816
0.908494178922
155836
0.913596239277
155856
0.913039981618
155876
0.923287185968
155896
0.917812212776
155916
0.9237338197
155936
0.924044021906
155956
0.921211511949
155976
0.919168868719
155996
0.922732843137
156016
0.921733302696
156036
0.935066731771
156056
0.939897365196
156076
0.94497644761
156096
0.953560144761
156116
0.958501359528
156136
0.959128465839
156156
0.968503944547
156176
0.971576286765
156196
0.977389227175
156216
0.984199793199
156236
0.992021867341
156256
0.99165948606
156276
0.984662224265
156296
0.975267597273
156316
0.964465092678
156336
0.958186370251
156356
0.955794270833
156376
0.947640452665
156396
0.944794538909
156416
0.934469784007
156436
0.925070848652
156456
0.916336358762
156476
0.913683363971
156496
0.916425398284
156516
0.913960535386
156536
0.9149380553
156556
0.920760569853
156576
0.921280924479
156596
0.917300474877
156616
0.913899260876
156636
0.917718386183
156656
0.920167451746
156676
0.918751436121
156696
0.912375057445
156716
0.913856655944
156736
0.919790230545
156756
0.919580556832
156776
0.918939089308
156796
0.924727136949
156816
0.923768286612
156836
0.919140146293
156856
0.913507199755
156876
0.91869207644
156896
0.913044768689
156916
0.910804898131
156936
0.906729185815
156956
0.906147077972
156976
0.914992627911
156996
0.915648456648
157016
0.91574754902
157036
0.923156977635
157056
0.921642827053
157076
0.916428749234
157096
0.915902650123
157116
0.932716758578
157136
0.929586971507
157156
0.916677198223
157176
0.920676317402
157196
0.905745442708
157216
0.90079608992
157236
0.910840322457
157256
0.914998372396
157276
0.921940104167
157296
0.930613798254
157316
0.928235102635
157336
0.924502623315
157356
0.920417336857
157376
0.91277812883
157396
0.894647575827
157416
0.903243240656
157436
0.904942172181
157456
0.90784888174
157476
0.911050474877
157496
0.909532973346
157516
0.902822457108
157536
0.910469803156
157556
0.923208199295
157576
0.937822169884
157596
0.960485121783
157616
0.982076727175
157636
0.981259095435
157656
0.981537224265
157676
0.981145163143
157696
0.987833658854
157716
1.0
157736
1.0
