131295
0.486805874694
131315
0.365334903493
131335
0.369604492188
131355
0.174134497549
131375
0.188406192555
131395
0.205646829044
131415
0.413149605545
131435
0.495331169577
131455
0.539594822304
131475
0.712413354013
131495
0.344950597426
131515
0.293280388327
131535
0.271850585938
131555
0.305740655637
131575
0.216137216605
131595
0.181993910846
131615
0.167980238971
131635
0.166708314185
131655
0.0495840035233
131675
0.0532082950368
131695
0.12554620481
131715
0.144926183364
131735
0.154801432292
131755
0.157641601563
131775
0.155488376991
131795
0.159273514093
131815
0.159251972273
131835
0.198808498009
131855
0.206260531556
131875
0.215850471048
131895
0.230500344669
131915
0.219272748162
131935
0.232774203431
131955
0.253648705576
131975
0.258137063419
131995
0.258201210172
132015
0.269846717984
132035
0.259387925092
132055
0.252986174939
132075
0.263064874387
132095
0.269306736366
132115
0.0776017731311
132135
0.076806640625
132155
0.0774112477022
132175
0.0770795036765
132195
0.0743532666973
132215
0.0765222886029
132235
0.150982306985
132255
0.134881950827
132275
0.152284390319
132295
0.177289656097
132315
0.215207088695
132335
0.246203373928
132355
0.268633195466
132375
0.28814051011
132395
0.294176049326
132415
0.297337909773
132435
0.295932904412
132455
0.307289273131
132475
0.26083314185
132495
0.249651979933
132515
0.24435747932
132535
0.242957261029
132555
0.327696078431
132575
0.337862859988
132595
0.370660998775
132615
0.386266371783
132635
0.38275792739
132655
0.327662568934
132675
0.327190563725
132695
0.363629270067
132715
0.3743197572
132735
0.355914905025
132755
0.380068072151
132775
0.113394224877
132795
0.115868183211
132815
0.115659466912
132835
0.271308210784
132855
0.27838158701
132875
0.276210171569
132895
0.277147001379
132915
0.283803423713
132935
0.274290077359
132955
0.264662320006
132975
0.263732192096
132995
0.257697131587
133015
0.244836186428
133035
0.236432004442
133055
0.237489947151
133075
0.23623046875
133095
0.235453048407
133115
0.237666590074
133135
0.236174938725
133155
0.239789656097
133175
0.236648858762
133195
0.236825501685
133215
0.233523380055
133235
0.233701459099
133255
0.236727366728
133275
0.24460736443
133295
0.257699046415
133315
0.252406939338
133335
0.250843003217
133355
0.25271618413
133375
0.250400677849
133395
0.246272307751
133415
0.247560508578
133435
0.0486778109681
133455
0.0493824678309
133475
0.0500028722426
133495
0.0492958218444
133515
0.17717333027
133535
0.18046875
133555
0.177193914675
133575
0.178105851716
133595
0.181396005668
133615
0.182994887408
133635
0.19148571538
133655
0.1941339231
133675
0.191893095129
133695
0.194255514706
133715
0.194481464461
133735
0.196256989124
133755
0.0590437346814
133775
0.0587230009191
133795
0.0598872166054
133815
0.0606761259191
133835
0.0604171453738
133855
0.0603333716299
133875
0.0607594209559
133895
0.0609269684436
133915
0.0612898284314
133935
0.99997845818
133955
0.999982766544
133975
0.99996696921
133995
0.999989947151
134015
1.0
134035
0.999981330423
134055
0.999988511029
134075
0.999994255515
134095
0.999997127757
134115
0.999984202665
134135
0.99993537454
134155
0.705690391391
134175
0.371217735141
134195
0.276814778646
134215
0.177785117953
134235
0.11702521829
134255
0.0639356426164
134275
0.0541848575368
134295
0.0598656747855
134315
0.06353448606
134335
0.0728218826593
134355
0.0843807444853
134375
0.0840791590074
134395
0.103870346967
134415
0.127925857843
134435
0.10365636489
134455
0.118033854167
134475
0.130371572457
134495
0.147817095588
134515
0.145015701593
134535
0.13834252451
134555
0.137881529565
134575
0.168567133885
134595
0.201088579963
134615
0.214012235754
134635
0.220086550245
134655
0.21422478171
134675
0.219500612745
134695
0.207806276808
134715
0.208813476562
134735
0.208125574449
134755
0.204769358915
134775
0.203952684589
134795
0.167161171109
134815
0.131218405331
134835
0.127483532475
134855
0.0552648207721
134875
0.0446724685968
134895
0.0415364583333
134915
0.0406628178615
134935
0.0408045151654
134955
0.0416781556373
134975
0.0407331878064
134995
0.0408270143995
135015
0.0402109183517
135035
0.0418964460784
135055
0.0423928653493
135075
0.0426628561581
135095
0.0411573223039
135115
0.0415192248775
135135
0.0454489315257
135155
0.058948950674
135175
0.0480282054228
135195
0.0479463465074
135215
0.0470444623162
135235
0.0519430721507
135255
0.0451870787377
135275
0.0463225719975
135295
0.0608518114277
135315
0.0494437423407
135335
0.0722019569547
135355
0.100138825061
135375
0.0982565487132
135395
0.124051202512
135415
0.157363472733
135435
0.176490693934
135455
0.167900294884
135475
0.0804180070466
135495
0.0480564491422
135515
0.0406551585478
135535
0.0405000574449
135555
0.0502316942402
135575
0.0579781326593
135595
0.0572978898591
135615
0.0596358953738
135635
0.0655201631434
135655
0.0646943933824
135675
0.0885454963235
135695
0.0808296951593
135715
0.0718457988664
135735
0.0809091605392
135755
0.0893904143689
135775
0.0817023782169
135795
0.0748822380515
135815
0.0729147518382
135835
0.0811341528799
135855
0.089146752451
135875
0.103610409007
135895
0.103306429994
135915
0.104665479473
135935
0.108360619638
135955
0.113036151961
135975
0.121170343137
135995
0.128218826593
136015
0.125834386489
136035
0.117009420956
136055
0.108622472426
136075
0.118937653186
136095
0.109465475643
136115
0.0850447112439
136135
0.0818972120098
136155
0.0895402496936
136175
0.0924383425245
136195
0.0897427428002
136215
0.0887853285846
136235
0.092609240962
136255
0.0988084980086
136275
0.0986668007047
136295
0.0953728170956
136315
0.128097713695
136335
0.168849571078
136355
0.183505189185
136375
0.187924613205
136395
0.149966490502
136415
0.153648705576
136435
0.168345971201
136455
0.167427332261
136475
0.163211837469
136495
0.152134076287
136515
0.138506242341
136535
0.125772633272
136555
0.120567172181
136575
0.116512522978
136595
0.107605698529
136615
0.107274911918
136635
0.113017961091
136655
0.135831227022
136675
0.135667509191
136695
0.116394761029
136715
0.122942995558
136735
0.125000478707
136755
0.115688668045
136775
0.149552887561
136795
0.138089767157
136815
0.137113204657
136835
0.145795036765
136855
0.13060613894
136875
0.120270373775
136895
0.122213445925
136915
0.120224896599
136935
0.11092266008
136955
0.108508540135
136975
0.100717103248
136995
0.0929098690257
137015
0.0911673751532
137035
0.0803485945159
137055
0.071630859375
137075
0.0733336205576
137095
0.0673904718137
137115
0.0637049057904
137135
0.05728448606
137155
0.0511555989583
137175
0.048637120864
137195
0.0499535654105
137215
0.0496883616728
137235
0.046919519761
137255
0.0463838465074
137275
0.045126282935
137295
0.0459554036458
137315
0.0471540862439
137335
0.047274720435
137355
0.0484590418199
137375
0.0487041398591
137395
0.0480262905944
137415
0.048051183364
137435
0.0472483915441
137455
0.0457940793505
137475
0.0454460592831
137495
0.0453110638787
137515
0.0471200980392
137535
0.0463230507047
137555
0.046169385723
137575
0.0463479434743
137595
0.0461186427696
137615
0.0465202780331
137635
0.0489358340993
137655
0.051260435815
137675
0.0660634957108
137695
0.215674785539
137715
0.176111557904
137735
0.139208984375
137755
0.135791015625
137775
0.185194067862
137795
0.256160481771
137815
0.30553337546
137835
0.284051872702
137855
0.222367110907
137875
0.138920802696
137895
0.0826813342525
137915
0.085009765625
137935
0.0899696499694
137955
0.102570657169
137975
0.10357689951
137995
0.1060613894
138015
0.117264571844
138035
0.121544213388
138055
0.123035386029
138075
0.123549517463
138095
0.121880265778
138115
0.123196710325
138135
0.1347723269
138155
0.184760837929
138175
0.230448644301
138195
0.139758061428
138215
0.14068627451
138235
0.145058306526
138255
0.142631261489
138275
0.149919098499
138295
0.153153243719
138315
0.248276175705
138335
0.162888710172
138355
0.160094018076
138375
0.151897594975
138395
0.164541207108
138415
0.169829005821
138435
0.161644071691
138455
0.162416226256
138475
0.159202186734
138495
0.161025582108
138515
0.157433842678
138535
0.161330518536
138555
0.159627278646
138575
0.152327952665
138595
0.154919672947
138615
0.147507372089
138635
0.162130438113
138655
0.168241134344
138675
0.170948701746
138695
0.181333295037
138715
0.175632850797
138735
0.178380629596
138755
0.18619073606
138775
0.18256261489
138795
0.186428653493
138815
0.185428634344
138835
0.187965782016
138855
0.186669443168
138875
0.185522460937
138895
0.189401903339
138915
0.191117110907
138935
0.196020507812
138955
0.203592218137
138975
0.196182789522
138995
0.208085841759
139015
0.204118317249
139035
0.205635818781
139055
0.199513154871
139075
0.185299383425
139095
0.176632869945
139115
0.167103726256
139135
0.166280350031
139155
0.164024682138
139175
0.16314386106
139195
0.161251053156
139215
0.157259114583
139235
0.155797143076
139255
0.158719171262
139275
0.141848096661
139295
0.134191176471
139315
0.139868164062
139335
0.155155196844
139355
0.171828565411
139375
0.184196442249
139395
0.185364008885
139415
0.188662300858
139435
0.189695829504
139455
0.187975356158
139475
0.187311868107
139495
0.169554227941
139515
0.177986174939
139535
0.187761852788
139555
0.193774414063
139575
0.196544213388
139595
0.192092237286
139615
0.191079293045
139635
0.207131299786
139655
0.197144990809
139675
0.322104300705
139695
0.503688438266
139715
0.99996696921
139735
1.0
139755
0.981900084252
139775
0.982523839614
139795
0.982567880668
139815
0.982598517923
139835
0.982651175705
139855
0.988232421875
139875
0.999991383272
139895
0.98561963848
139915
0.983488434436
139935
0.983631089154
139955
0.983719649969
139975
0.98372443704
139995
0.987499521293
140015
0.999994255515
140035
0.992997472426
140055
0.989034734988
140075
0.989170209099
140095
0.989222866881
140115
0.989280311734
140135
0.991102270987
140155
0.999998563879
140175
0.993040077359
140195
0.971830001532
140215
0.971960209865
140235
0.972155522365
140255
0.969644224877
140275
0.972651941636
140295
0.999903301164
140315
0.999903301164
140335
0.960289330576
140355
0.96227165671
140375
0.962219477635
140395
0.962273571538
140415
0.960919787837
140435
0.999786017923
140455
0.999782188266
140475
0.962096449908
140495
0.961879595588
140515
0.961787683824
140535
0.961791992188
140555
0.961797736673
140575
0.978505572151
140595
0.999698414522
140615
0.999668255974
140635
0.995414464614
140655
0.992981675092
140675
0.993525965074
140695
0.993524528952
140715
0.992921357996
140735
0.992881146599
140755
0.992861040901
140775
0.995301011029
140795
0.999921013327
140815
0.999910960478
140835
0.999908088235
140855
1.0
140875
1.0
