136714
0.0870134066358
136734
0.108121141975
136754
0.115058513374
136774
0.115614711934
136794
0.114569669496
136814
0.112772955247
136834
0.114651974023
136854
0.114920910494
136874
0.0720931391461
136894
0.0881941229424
136914
0.0842560442387
136934
0.0731264467593
136954
0.115359600051
136974
0.0713712062757
136994
0.0805081340021
137014
0.0949541859568
137034
0.090357349537
137054
0.0842989647634
137074
0.13120788323
137094
0.189443158436
137114
0.0856867283951
137134
0.0879054140947
137154
0.317499356996
137174
0.258772344393
137194
0.28351401749
137214
0.195812274949
137234
0.113218396348
137254
0.100895865484
137274
0.143433802726
137294
0.0975488683128
137314
0.112063239455
137334
0.302137184928
137354
0.281266718107
137374
0.284133069702
137394
0.250520833333
137414
0.168814461163
137434
0.0894339956276
137454
0.0830353009259
137474
0.234118602109
137494
0.257503697274
137514
0.256654449588
137534
0.254038226595
137554
0.255093074846
137574
0.0802223186728
137594
0.125128761574
137614
0.124773823302
137634
0.129156057099
137654
0.127002636317
137674
0.121691261574
137694
0.11920942644
137714
0.103938239455
137734
0.0733056841564
137754
0.122486175412
137774
0.12413435571
137794
0.124068447788
137814
0.108624131944
137834
0.191239711934
137854
0.173261638374
137874
0.185949877829
137894
0.183010545267
137914
0.14221563143
137934
0.134963027263
137954
0.155054012346
137974
0.0971125900206
137994
0.187790477109
138014
0.140752475566
138034
0.119734921553
138054
0.0703200552984
138074
0.0699993569959
138094
0.0624210712449
138114
0.113869277263
138134
0.142100372942
138154
0.122534722222
138174
0.3005780607
138194
0.2946484375
138214
0.344138213735
138234
0.254676408179
138254
0.129841338735
138274
0.191074299126
138294
0.150116383745
138314
0.151211580504
138334
0.999371624228
138354
0.994214891975
138374
0.988758680556
138394
0.983863329475
138414
0.97857976466
138434
0.973056520062
138454
0.966600597994
138474
0.959971547068
138494
0.95448591821
138514
0.945780285494
138534
0.940180844907
138554
0.931077353395
138574
0.926350790895
138594
0.921858603395
138614
0.91140625
138634
0.907648051698
138654
0.90809220679
138674
0.907259837963
138694
0.90245466821
138714
0.905433545525
138734
0.900614390432
138754
0.901677276235
138774
0.900873842593
138794
0.899019579475
138814
0.903377218364
138834
0.903301986883
138854
0.913843074846
138874
0.919532696759
138894
0.915574845679
138914
0.914488329475
138934
0.914197048611
138954
0.914578510802
138974
0.911437114198
138994
0.910674672068
139014
0.917730034722
139034
0.924979263117
139054
0.930621624228
139074
0.937094907407
139094
0.936749614198
139114
0.943828125
139134
0.945810185185
139154
0.946602044753
139174
0.945430169753
139194
0.951788194444
139214
0.962449845679
139234
0.969797935957
139254
0.975083429784
139274
0.976942033179
139294
0.984496045525
139314
0.984751157407
139334
0.985090181327
139354
0.978687789352
139374
0.979652777778
139394
0.982653356481
139414
0.982837094907
139434
0.979047067901
139454
0.975344328704
139474
0.974164737654
139494
0.970261863426
139514
0.966889467593
139534
0.960387249228
139554
0.960225212191
139574
0.958389756944
139594
0.950941358025
139614
0.94341242284
139634
0.944171006944
139654
0.942250192901
139674
0.934410686728
139694
0.931781442901
139714
0.929511477623
139734
0.923047357253
139754
0.9194921875
139774
0.912772472994
139794
0.905980420525
139814
0.906054205247
139834
0.895283082562
139854
0.90078751929
139874
0.893352141204
139894
0.894869309414
139914
0.90227961034
139934
0.895144193673
139954
0.889375482253
139974
0.891001157407
139994
0.889957561728
140014
0.890023148148
140034
0.887815875772
140054
0.891805555556
140074
0.8973046875
140094
0.901811824846
140114
0.904239486883
140134
0.904494598765
140154
0.909188368056
140174
0.917335069444
140194
0.911790123457
140214
0.915423900463
140234
0.919680266204
140254
0.920263310185
140274
0.91850935571
140294
0.9209765625
140314
0.919077932099
140334
0.912309992284
140354
0.915064621914
140374
0.916402391975
140394
0.921095679012
140414
0.920969328704
140434
0.918080150463
140454
0.914707272377
140474
0.91252652392
140494
0.913582658179
140514
0.91373601466
140534
0.912661072531
140554
0.911195023148
140574
0.9127734375
140594
0.913233989198
140614
0.913437017747
140634
0.916612654321
140654
0.908559992284
140674
0.901755883488
140694
0.904878472222
140714
0.911212866512
140734
0.904832175926
140754
0.909514853395
140774
0.908134162809
140794
0.908352623457
140814
0.898195408951
140834
0.898633777006
140854
0.90315779321
140874
0.907687114198
140894
0.914174382716
140914
0.909451195988
140934
0.908922164352
140954
0.915232928241
140974
0.917952353395
140994
0.917438753858
141014
0.912750771605
141034
0.912462866512
141054
0.908601466049
141074
0.900786554784
141094
0.89807195216
141114
0.908765914352
141134
0.908751929012
141154
0.904551986883
141174
0.910708912037
141194
0.911008873457
141214
0.908129822531
141234
0.913427372685
141254
0.904050443673
141274
0.911055169753
141294
0.913674286265
141314
0.923562403549
141334
0.928777006173
141354
0.930475501543
141374
0.934730902778
141394
0.933043499228
141414
0.926204185957
141434
0.92389998071
141454
0.923777006173
141474
0.922379436728
141494
0.923535397377
141514
0.931356577932
141534
0.931831597222
141554
0.930227141204
141574
0.923512731481
141594
0.921966628086
141614
0.926526813272
141634
0.916693190586
141654
0.917788387346
141674
0.916501736111
141694
0.921657503858
141714
0.925073784722
141734
0.922394386574
141754
0.918590374228
141774
0.917266107253
141794
0.911205150463
141814
0.90896556713
141834
0.902981770833
141854
0.909552469136
141874
0.910713734568
141894
0.910233892747
141914
0.907647569444
141934
0.912738233025
141954
0.908949170525
141974
0.914242862654
141994
0.912208719136
142014
0.912024016204
142034
0.920734953704
142054
0.923160686728
142074
0.919640721451
142094
0.917978877315
142114
0.916260127315
142134
0.919866415895
142154
0.918722029321
142174
0.919728009259
142194
0.928533950617
142214
0.926836419753
142234
0.928629436728
142254
0.925959683642
142274
0.926479070216
142294
0.925946180556
142314
0.924347993827
142334
0.919134837963
142354
0.922513020833
142374
0.930974151235
142394
0.934035493827
142414
0.932118055556
142434
0.926890914352
142454
0.930935088735
142474
0.931483410494
142494
0.931080086163
142514
0.932425893776
142534
0.932049254115
142554
0.937365933642
142574
0.937738233025
142594
0.937335551698
142614
0.941164641204
142634
0.943765432099
142654
0.942588734568
142674
0.939034047068
142694
0.940085358796
142714
0.940891685957
142734
0.940180362654
142754
0.938280285494
142774
0.938121624228
142794
0.937160011574
142814
0.928666087963
142834
0.924803240741
142854
0.916669077932
142874
0.911471354167
142894
0.90961564429
142914
0.913231577932
142934
0.906985435957
142954
0.904356674383
142974
0.897962962963
142994
0.895670814043
143014
0.894733796296
143034
0.894164255401
143054
0.897380401235
143074
0.893779899691
143094
0.8976953125
143114
0.905328896605
143134
0.909316647377
143154
0.91361882716
143174
0.918120177469
143194
0.919620466821
143214
0.917530864198
143234
0.917914737654
143254
0.920668402778
143274
0.926431809414
143294
0.924245756173
143314
0.918453896605
143334
0.915828993056
143354
0.91658130787
143374
0.917508680556
143394
0.907779224537
143414
0.905307355967
143434
0.906426826132
143454
0.910664866255
143474
0.908332529578
143494
0.910147569444
143514
0.910498649691
143534
0.919091917438
143554
0.913278838735
143574
0.919565007716
143594
0.919041763117
143614
0.924765142747
143634
0.933919753086
143654
0.93759837963
143674
0.946898630401
143694
0.953099440586
143714
0.957470100309
143734
0.956592399691
143754
0.961723572531
143774
0.967867476852
143794
0.96939380787
143814
0.971573591821
143834
0.976021412037
143854
0.97809847608
143874
0.977587287809
143894
0.970869020062
143914
0.965964988426
143934
0.960329378858
143954
0.951331983025
143974
0.942412229938
143994
0.940975597994
144014
0.938054591049
144034
0.929884741512
144054
0.919067322531
144074
0.917233314043
144094
0.908848861883
144114
0.899188368056
144134
0.891506558642
144154
0.89122492284
144174
0.895563753858
144194
0.896951678241
144214
0.88573591821
144234
0.89197964892
144254
0.893507426698
144274
0.896839313272
144294
0.892509645062
144314
0.89631558642
144334
0.899208622685
144354
0.903243152006
144374
0.895803433642
144394
0.901917438272
144414
0.906058545525
144434
0.910136477623
144454
0.910475501543
144474
0.905879147377
144494
0.906260609568
144514
0.91266878858
144534
0.913633777006
144554
0.911924189815
144574
0.915335165895
144594
0.923087866512
144614
0.928458236883
144634
0.931632908951
144654
0.94161554784
144674
0.93962962963
144694
0.943053626543
144714
0.942768132716
144734
0.936140046296
144754
0.9428515625
144774
0.950951967593
144794
0.956433738426
144814
0.959470486111
144834
0.962893518519
144854
0.962780189043
144874
0.955413773148
144894
0.945203993056
144914
0.932035590278
144934
0.917800443673
144954
0.908515625
144974
0.900446084105
144994
0.891228298611
145014
0.885852623457
145034
0.890339988426
145054
0.880350115741
145074
0.865536747685
145094
0.8634765625
145114
0.863124035494
145134
0.866571180556
145154
0.876075424383
145174
0.886749131944
145194
0.894408275463
145214
0.905288869599
145234
0.914585262346
145254
0.928374807099
145274
0.937349537037
145294
0.946990258488
145314
0.95313898534
145334
0.958513213735
145354
0.971301118827
145374
0.985381462191
145394
0.985625964506
145414
0.9860546875
145434
0.984704378858
145454
0.968915412809
145474
0.962156153549
145494
0.965326967593
145514
0.970476948302
145534
0.962934510031
145554
0.950094521605
145574
0.939647472994
145594
0.936467496142
145614
0.938652102623
145634
0.941775173611
145654
0.942521701389
145674
0.942457079475
145694
0.942088638117
145714
0.942489872685
145734
0.949281442901
145754
0.962890142747
145774
0.966429398148
145794
0.966665219907
145814
0.967855420525
145834
0.981824363426
145854
0.992293595679
145874
1.0
145894
0.311038933899
145914
0.217091531636
145934
0.357571534208
145954
0.872364647634
145974
0.682569765947
145994
0.478231738683
146014
0.360450745885
146034
0.257226080247
146054
0.191637249228
146074
0.226286168981
146094
1.0
146114
0.974059606481
146134
0.974097222222
146154
0.974092881944
146174
0.974089506173
146194
0.974087094907
146214
0.97408757716
146234
0.974084201389
146254
0.973313560957
146274
1.0
146294
1.0
