171968
0.0814526721014
171988
0.0786243206522
172008
0.0764485205314
172028
0.072004076087
172048
0.0669882246377
172068
0.0572331672705
172088
0.0563749245169
172108
0.0612616998792
172128
0.0596769323671
172148
0.0575143417874
172168
0.0557733242754
172188
0.0608578653382
172208
0.0603910024155
172228
0.0614877717391
172248
0.071686669686
172268
0.0712609450483
172288
0.0875837862319
172308
0.0864945652174
172328
0.083175196256
172348
0.125339673913
172368
0.161913873792
172388
0.160883907005
172408
0.148699803744
172428
0.13583031401
172448
0.135400815217
172468
0.131677611715
172488
0.12858129529
172508
0.128203502415
172528
0.128646588164
172548
0.132707578502
172568
0.131411533816
172588
0.127698897947
172608
0.128404664855
172628
0.0842127113527
172648
0.0857144474638
172668
0.0830321557971
172688
0.0835352506039
172708
0.0882084088164
172728
0.0855397041063
172748
0.0854464824879
172768
0.0778879830918
172788
0.0802992904589
172808
0.0803966636473
172828
0.0806238677536
172848
0.0789636171498
172868
0.0788745471014
172888
0.0789488979469
172908
0.078768115942
172928
0.101042421498
172948
0.104707880435
172968
0.105078125
172988
0.102403004227
173008
0.0963477506039
173028
0.0921656099034
173048
0.0805963164251
173068
0.0785575181159
173088
0.0915190972222
173108
0.122557744565
173128
0.115215504227
173148
0.100961654589
173168
0.0950883152174
173188
0.0895523852657
173208
0.0935695954106
173228
0.0897210899758
173248
0.0835243055556
173268
0.074324803744
173288
0.0663590730676
173308
0.0616153381643
173328
0.0580230978261
173348
0.0513647342995
173368
0.0515670289855
173388
0.18443651872
173408
0.182309027778
173428
0.181018266908
173448
0.179146286232
173468
0.176902928744
173488
0.177188632246
173508
0.17812915157
173528
0.180201539855
173548
0.986602128623
173568
0.991734224034
173588
0.991395682367
173608
0.992770229469
173628
0.987129378019
173648
0.98858959843
173668
0.9824584843
173688
0.981334541063
173708
0.978791138285
173728
0.979398777174
173748
0.990831823671
173768
0.994194217995
173788
0.988431838768
173808
0.992198822464
173828
0.990885416667
173848
0.994812047101
173868
0.996581370773
173888
0.997570576691
173908
0.997207503019
173928
0.994117980072
173948
0.993504679952
173968
0.993512228261
173988
0.990917496981
174008
0.994098731884
174028
0.991791213768
174048
0.991519474638
174068
0.996890474034
174088
0.993905117754
174108
0.998035552536
174128
0.991699124396
174148
0.985632925725
174168
0.996150362319
174188
0.998873414855
174208
0.965537062198
174228
0.989631642512
174248
0.992997056159
174268
0.994629378019
174288
0.987429423309
174308
0.991473807367
174328
0.993183499396
174348
0.98901758756
174368
0.994481431159
174388
0.989011171498
174408
0.989640700483
174428
0.996164704106
174448
0.991787439614
174468
0.995868810386
174488
0.978999471618
174508
0.977914024758
174528
0.987799667874
174548
0.977280344203
174568
0.982878547705
174588
0.972078804348
174608
0.996405117754
174628
0.995988451087
174648
0.986118282005
174668
0.989703728865
174688
0.99057178442
174708
0.988601298309
174728
0.983245018116
174748
0.990228336353
174768
0.984209692029
174788
0.986394550121
174808
0.993288043478
174828
0.98997093901
174848
0.984287439614
174868
0.995021890097
174888
0.994999245169
174908
0.987055027174
174928
0.991955766908
174948
0.99645946558
174968
0.983960975242
174988
0.980440443841
175008
0.965527249396
175028
0.988524305556
175048
0.978568085749
175068
0.991400211353
175088
0.988186141304
175108
0.978328049517
175128
0.988280117754
175148
0.987159193841
175168
0.989045516304
175188
0.986539477657
175208
0.995522342995
175228
0.988504302536
175248
0.985398173309
175268
0.985936367754
175288
0.994277626812
175308
0.999604846014
175328
0.99431348128
175348
0.990307593599
175368
0.989365942029
175388
0.988100467995
175408
0.990614432367
175428
0.991346240942
175448
0.996045440821
175468
0.995636322464
175488
0.994982261473
175508
0.995200030193
175528
0.990017361111
175548
0.986041666667
175568
0.993142361111
175588
0.994609375
175608
0.996374924517
175628
0.998079332729
175648
0.998538269928
175668
0.989364809783
175688
0.991065443841
175708
0.985849184783
175728
0.986374924517
175748
0.989768266908
175768
0.991137152778
175788
0.991348128019
175808
0.996905570652
175828
0.996157533213
175848
0.995934480676
175868
0.992907986111
175888
0.991947463768
175908
0.987299214976
175928
0.985618583937
175948
0.98583446558
175968
0.995635945048
175988
0.989336503623
176008
0.987676253019
176028
0.978486186594
176048
0.994855827295
176068
0.99495508756
176088
0.994456521739
176108
0.990886548913
176128
0.994534269324
176148
0.992359224034
176168
0.993714900362
176188
0.991709314614
176208
0.991219429348
176228
0.991767436594
176248
0.993406929348
176268
0.987309027778
176288
0.992072388285
176308
0.994402551329
176328
0.990667270531
176348
0.986468900966
176368
0.993675649155
176388
0.99488451087
176408
0.991185084541
176428
0.990841636473
176448
0.991040157005
176468
0.993799818841
176488
0.992719278382
176508
0.98850732186
176528
0.995878245773
176548
0.996766304348
176568
0.993370697464
176588
0.998475996377
176608
0.997831370773
176628
0.995225317029
176648
0.992785326087
176668
0.989026268116
176688
0.984886775362
176708
0.98016870471
176728
0.974449728261
176748
0.970862394324
176768
0.967478487319
176788
0.963994942633
176808
0.959462560386
176828
0.95638549215
176848
0.95078125
176868
0.94842089372
176888
0.94838428442
176908
0.944868282005
176928
0.940232865338
176948
0.939747509058
176968
0.933213315217
176988
0.928634888285
177008
0.929354619565
177028
0.926739130435
177048
0.922755887681
177068
0.925058121981
177088
0.925618961353
177108
0.924928291063
177128
0.92707201087
177148
0.922814387077
177168
0.925067179952
177188
0.926655344203
177208
0.927328653382
177228
0.93079785628
177248
0.93519361413
177268
0.93776758756
177288
0.935745018116
177308
0.936616470411
177328
0.934116847826
177348
0.94099486715
177368
0.938813028382
177388
0.943632623792
177408
0.94040723128
177428
0.937718523551
177448
0.933741319444
177468
0.929890549517
177488
0.923883605072
177508
0.924467844203
177528
0.922975543478
177548
0.919053442029
177568
0.921995395531
177588
0.921290383454
177608
0.921068085749
177628
0.920106053744
177648
0.920974486715
177668
0.92094165157
177688
0.921158288043
177708
0.923414100242
177728
0.926783665459
177748
0.92537401872
177768
0.923786231884
177788
0.921974260266
177808
0.922585295894
177828
0.921517210145
177848
0.926407004831
177868
0.926868961353
177888
0.922706446256
177908
0.927868734903
177928
0.922250150966
177948
0.920763511473
177968
0.916106959541
177988
0.921586654589
178008
0.920975241546
178028
0.9291040157
178048
0.926287741546
178068
0.922353562802
178088
0.920826539855
178108
0.913258227657
178128
0.915668025362
178148
0.913473354469
178168
0.915315141908
178188
0.913114432367
178208
0.918857940821
178228
0.919551253019
178248
0.920072463768
178268
0.917295818237
178288
0.921303970411
178308
0.926177913647
178328
0.933653759058
178348
0.936991621377
178368
0.934471618357
178388
0.932774003623
178408
0.936418327295
178428
0.941271890097
178448
0.938212560386
178468
0.936051856884
178488
0.939894701087
178508
0.939822614734
178528
0.938439764493
178548
0.930348731884
178568
0.932187877415
178588
0.934142512077
178608
0.935857487923
178628
0.937026343599
178648
0.930512907609
178668
0.931791213768
178688
0.930714447464
178708
0.930541213768
178728
0.922004453502
178748
0.921952747585
178768
0.927885718599
178788
0.926897644928
178808
0.931338315217
178828
0.928474486715
178848
0.938968146135
178868
0.934333861715
178888
0.925243055556
178908
0.924870923913
178928
0.915968825483
178948
0.910959390097
178968
0.905979770531
178988
0.908126509662
179008
0.897978185386
179028
0.891191123188
179048
0.891399456522
179068
0.892566802536
179088
0.888584692029
179108
0.886122056159
179128
0.889058725845
179148
0.884062877415
179168
0.893457125604
179188
0.909677309783
179208
0.907764190821
179228
0.907989130435
179248
0.900126811594
179268
0.913457880435
179288
0.914007019928
179308
0.908482035024
179328
0.897287137681
179348
0.903820199275
179368
0.899750528382
179388
0.900124169686
179408
0.888328804348
179428
0.883929649758
179448
0.879835824275
179468
0.885004906401
179488
0.899911684783
179508
0.890552158816
179528
0.8845727657
179548
0.876721014493
179568
0.883573746981
179588
0.882136926329
179608
0.881524758454
179628
0.87994678442
179648
0.875657835145
179668
0.877209012681
179688
0.88530834843
179708
0.889730147947
179728
0.888275588768
179748
0.895219278382
179768
0.904283665459
179788
0.919057971014
179808
0.930395153986
179828
0.93386548913
179848
0.937484903382
179868
0.933806234903
179888
0.933719051932
179908
0.929207050121
179928
0.922951388889
179948
0.922490942029
179968
0.909851675725
179988
0.906958408816
180008
0.901518719807
180028
0.902051630435
180048
0.897619263285
180068
0.89417798913
180088
0.905088692633
180108
0.900909948671
180128
0.903104619565
180148
0.908180102657
180168
0.917143342391
180188
0.911351902174
180208
0.906424365942
180228
0.90831031099
180248
0.909307065217
180268
0.914787515097
180288
0.908642436594
180308
0.912561141304
180328
0.913788496377
180348
0.926391908213
180368
0.925546875
180388
0.924060235507
180408
0.924028910024
180428
0.925198520531
180448
0.939933574879
180468
0.948760190217
180488
0.948719051932
180508
0.943368810386
180528
0.941894625604
180548
0.946446633454
180568
0.94388134058
180588
0.934892436594
180608
0.934921120169
180628
0.941850845411
180648
0.939758076691
180668
0.9392553593
180688
0.942284873188
180708
0.93421044686
180728
0.940103789251
180748
0.943576011473
180768
0.943974184783
180788
0.947470184179
180808
0.940585748792
180828
0.948671497585
180848
0.944291591184
180868
0.945275513285
180888
0.949685235507
180908
0.957970259662
180928
0.957912137681
180948
0.965268342391
180968
0.965168327295
180988
0.965284948671
181008
0.969881868961
181028
0.968920214372
181048
0.979990564614
181068
0.984368206522
181088
0.986596844807
181108
0.991820652174
181128
0.996278306159
181148
0.99635303442
181168
0.996315292874
181188
0.996271135266
181208
0.996616470411
181228
0.99651758756
181248
0.996578351449
181268
0.996564764493
181288
0.996566274155
181308
0.996564009662
181328
0.996564764493
181348
0.996813858696
181368
0.997179574275
181388
1.0
181408
0.971014870169
181428
0.971091485507
181448
0.971148852657
181468
0.9712084843
181488
0.971246225845
181508
0.971276041667
181528
0.971281702899
181548
1.0
