120275
0.118931908701
120295
0.132538679534
120315
0.102437576593
120335
0.0877585018382
120355
0.0570676317402
120375
0.0740827971814
120395
0.0488817401961
120415
0.0491574754902
120435
0.0496591605392
120455
0.0492570465686
120475
0.0494332107843
120495
0.116729856005
120515
0.116743259804
120535
0.113639322917
120555
0.114487591912
120575
0.115211397059
120595
0.115904564951
120615
0.117746629902
120635
0.202943091299
120655
0.215870098039
120675
0.214252068015
120695
0.214952895221
120715
0.214085477941
120735
0.209939874387
120755
0.21470971201
120775
0.138710171569
120795
0.140847120098
120815
0.142694929534
120835
0.143045343137
120855
0.141339231005
120875
0.140653722426
120895
0.139096966912
120915
0.133867570466
120935
0.134761795343
120955
0.1359375
120975
0.134775199142
120995
0.134256280637
121015
0.136937040441
121035
0.135828354779
121055
0.137576593137
121075
0.136594286152
121095
0.153992417279
121115
0.157117417279
121135
0.159037990196
121155
0.158388863358
121175
0.157674632353
121195
0.158203125
121215
0.158578431373
121235
0.071262254902
121255
0.0764993106618
121275
0.127276731005
121295
0.114206112132
121315
0.120398667279
121335
0.132841222426
121355
0.141526884191
121375
0.0780522365196
121395
0.0772939644608
121415
0.0744064031863
121435
0.0724322150735
121455
0.0739487591912
121475
0.0754538143382
121495
0.0782188265931
121515
0.0784103094363
121535
0.134486060049
121555
0.128115425858
121575
0.13291015625
121595
0.139129518995
121615
0.129124540441
121635
0.123872166054
121655
0.125057444853
121675
0.121966911765
121695
0.072669653799
121715
0.0771158854167
121735
0.0761603860294
121755
0.108802466299
121775
0.109158624387
121795
0.110527726716
121815
0.120222503064
121835
0.128282015931
121855
0.132284007353
121875
0.131332337623
121895
0.116425398284
121915
0.110454963235
121935
0.1181640625
121955
0.118614047181
121975
0.133168658088
121995
0.122196691176
122015
0.115626914828
122035
0.0848192401961
122055
0.0750076593137
122075
0.072531786152
122095
0.071706495098
122115
0.0803462009804
122135
0.0767941942402
122155
0.0792107077206
122175
0.0781096813725
122195
0.0757908241422
122215
0.0678481158088
122235
0.121737132353
122255
0.125350413603
122275
0.0718501072304
122295
0.0772786458333
122315
0.0741842830882
122335
0.0771982230392
122355
0.0739640778186
122375
0.122198606005
122395
0.126727175245
122415
0.124234068627
122435
0.0935719209559
122455
0.0912837009804
122475
0.0939051011029
122495
0.0956303615196
122515
0.0964767156863
122535
0.0953737745098
122555
0.0935566023284
122575
0.0919979319853
122595
0.0895067401961
122615
0.0849609375
122635
0.0826535692402
122655
0.0823395373775
122675
0.0808287377451
122695
0.0761067708333
122715
0.0772556678922
122735
0.0797066482843
122755
0.0744236366422
122775
0.0716337316176
122795
0.0701708026961
122815
0.0696767769608
122835
0.0704656862745
122855
0.0712890625
122875
0.0795036764706
122895
0.076242723652
122915
0.0835018382353
122935
0.0760569852941
122955
0.0784926470588
122975
0.0851083792892
122995
0.04609375
123015
0.048464307598
123035
0.0473479626225
123055
0.0455499387255
123075
0.0571863511029
123095
0.0576708026961
123115
0.0436025582108
123135
0.0355430453431
123155
0.0450252757353
123175
0.037038526348
123195
0.0321001838235
123215
0.0465150122549
123235
0.0418485753676
123255
0.0513059129902
123275
0.0879001991422
123295
0.10579810049
123315
0.119778262868
123335
0.119902726716
123355
0.118589154412
123375
0.118502987132
123395
0.121446078431
123415
0.137969132966
123435
0.127496936275
123455
0.118570006127
123475
0.121689261642
123495
0.124402573529
123515
0.125986136642
123535
0.124525122549
123555
0.124061734069
123575
0.123969822304
123595
0.124856387868
123615
0.126541436887
123635
0.127439491422
123655
0.129193474265
123675
0.126845894608
123695
0.12243604473
123715
0.107140395221
123735
0.122560508578
123755
0.116971124387
123775
0.114996936275
123795
0.119295726103
123815
0.119077435662
123835
0.116454120711
123855
0.120207184436
123875
0.116425398284
123895
0.11236596201
123915
0.113482306985
123935
0.11392846201
123955
0.112976792279
123975
0.115339690564
123995
0.111251531863
124015
0.111398973652
124035
0.122573912377
124055
0.118347886029
124075
0.119450827206
124095
0.122068397672
124115
0.121478630515
124135
0.137162990196
124155
0.13345971201
124175
0.133038449755
124195
0.126313572304
124215
0.12330346201
124235
0.123240272672
124255
0.123232613358
124275
0.125662530637
124295
0.127156096814
124315
0.124507889093
124335
0.122311580882
124355
0.121905637255
124375
0.123353247549
124395
0.120789292279
124415
0.125294883578
124435
0.113411458333
124455
0.114029947917
124475
0.115226715686
124495
0.114598651961
124515
0.115328201593
124535
0.116846660539
124555
0.115376072304
124575
0.116320082721
124595
0.117390471814
124615
0.992011335784
124635
0.996691176471
124655
0.997074142157
124675
0.997135416667
124695
0.997135416667
124715
0.997135416667
124735
0.983737362132
124755
0.981217447917
124775
0.983386948529
124795
0.983076746324
124815
0.980754059436
124835
0.982852711397
124855
0.985893458946
124875
0.985656020221
124895
0.985269224877
124915
0.974668734681
124935
0.973383884804
124955
0.987118949142
124975
0.98538794424
124995
0.985964307598
125015
0.986998314951
125035
0.984620098039
125055
0.986575137868
125075
0.985960477941
125095
0.973655790441
125115
0.974396829044
125135
0.988271675858
125155
0.986623008578
125175
0.985881969975
125195
0.984208409926
125215
0.984620098039
125235
0.985694316789
125255
0.982236136642
125275
0.974103860294
125295
0.959539675245
125315
0.95892310049
125335
0.948696001838
125355
0.943803615196
125375
0.926853553922
125395
0.914424402574
125415
0.895505897672
125435
0.871878829657
125455
0.854639629289
125475
0.847336473652
125495
0.840797334559
125515
0.839663756127
125535
0.839217601103
125555
0.836567478554
125575
0.833287377451
125595
0.832174862132
125615
0.829518995098
125635
0.838987821691
125655
0.83785424326
125675
0.842193244485
125695
0.83806104473
125715
0.829988128064
125735
0.830652573529
125755
0.835836014093
125775
0.830030254289
125795
0.819870174632
125815
0.818449371936
125835
0.811879595588
125855
0.813844209559
125875
0.792007506127
125895
0.789340150123
125915
0.796400122549
125935
0.791316253064
125955
0.785198376225
125975
0.790801164216
125995
0.790431602328
126015
0.805480238971
126035
0.818905101103
126055
0.836452588848
126075
0.837702971814
126095
0.843721277574
126115
0.85363817402
126135
0.856376378676
126155
0.847864966299
126175
0.847286688113
126195
0.841653262868
126215
0.833270143995
126235
0.823814721201
126255
0.81672411152
126275
0.804450061275
126295
0.801221660539
126315
0.80212354473
126335
0.796846277574
126355
0.808216528799
126375
0.813177849265
126395
0.825277650123
126415
0.830240885417
126435
0.837166819853
126455
0.843962545956
126475
0.854084329044
126495
0.851895680147
126515
0.844764859069
126535
0.849911917892
126555
0.853787530637
126575
0.847056908701
126595
0.85153760723
126615
0.848173253676
126635
0.845563342525
126655
0.835642616422
126675
0.829180070466
126695
0.83189721201
126715
0.841159237132
126735
0.849842984069
126755
0.844558057598
126775
0.834696691176
126795
0.830499387255
126815
0.820170802696
126835
0.815489047181
126855
0.823341758578
126875
0.816505821078
126895
0.809953278186
126915
0.808432904412
126935
0.806698069853
126955
0.808647365196
126975
0.822221583946
126995
0.823554304534
127015
0.82945580576
127035
0.828462009804
127055
0.837465533088
127075
0.844485294118
127095
0.83988013174
127115
0.853929227941
127135
0.857261029412
127155
0.856581265319
127175
0.847259880515
127195
0.835340073529
127215
0.843951056985
127235
0.851838235294
127255
0.858515242034
127275
0.856140854779
127295
0.859495634191
127315
0.862745098039
127335
0.846597349877
127355
0.852330346201
127375
0.853676470588
127395
0.86667432598
127415
0.864719286152
127435
0.86154833027
127455
0.862576593137
127475
0.849994255515
127495
0.84167432598
127515
0.835987285539
127535
0.839476102941
127555
0.84362745098
127575
0.839388020833
127595
0.835602405025
127615
0.830313648897
127635
0.83781786152
127655
0.83411841299
127675
0.834105009191
127695
0.838985906863
127715
0.843914675245
127735
0.843506816789
127755
0.849925321691
127775
0.841163066789
127795
0.828287760417
127815
0.830363434436
127835
0.828214996936
127855
0.839914598652
127875
0.817070695466
127895
0.811299402574
127915
0.807956112132
127935
0.820988434436
127955
0.831045113358
127975
0.82974877451
127995
0.82863817402
128015
0.839370787377
128035
0.84123583027
128055
0.831255744485
128075
0.837999770221
128095
0.840175015319
128115
0.829867493873
128135
0.829990042892
128155
0.818617876838
128175
0.823424096201
128195
0.83327588848
128215
0.834604779412
128235
0.824123008578
128255
0.824544270833
128275
0.824496400123
128295
0.824540441176
128315
0.835169653799
128335
0.839401424632
128355
0.858101639093
128375
0.830267693015
128395
0.809258195466
128415
0.789723115809
128435
0.777175245098
128455
0.791896446078
128475
0.787094056373
128495
0.798148360907
128515
0.783383118873
128535
0.798812806373
128555
0.786347273284
128575
0.770098039216
128595
0.784108838848
128615
0.780424708946
128635
0.79177198223
128655
0.792482383578
128675
0.791059666054
128695
0.805376838235
128715
0.794481464461
128735
0.800827205882
128755
0.811102175245
128775
0.831765088848
128795
0.836178768382
128815
0.836883425245
128835
0.844533164828
128855
0.838876761642
128875
0.842892156863
128895
0.834382659314
128915
0.829024969363
128935
0.823764935662
128955
0.820818014706
128975
0.800346583946
128995
0.79548291973
129015
0.817099417892
129035
0.828180530025
129055
0.841651348039
129075
0.857659313725
129095
0.847721354167
129115
0.86218213848
129135
0.87497510723
129155
0.88991651348
129175
0.891459865196
129195
0.917430683211
129215
0.920863970588
129235
0.904344745711
129255
0.901106770833
129275
0.904798560049
129295
0.891547947304
129315
0.892256433824
129335
0.902251838235
129355
0.887314261642
129375
0.865634574142
129395
0.835435814951
129415
0.796051623775
129435
0.78671875
129455
0.78527879902
129475
0.797977941176
129495
0.796827129289
129515
0.816536458333
129535
0.835920266544
129555
0.845649509804
129575
0.860788143382
129595
0.879398360907
129615
0.914694393382
129635
0.93234911152
129655
0.948845358456
129675
0.955020680147
129695
0.947324984681
129715
0.950045955882
129735
0.95026807598
129755
0.949823835784
129775
0.950252757353
129795
0.950382965686
129815
0.950402113971
129835
0.976053155637
129855
1.0
129875
1.0
129895
1.0
129915
1.0
129935
1.0
129955
1.0
129975
1.0
129995
1.0
130015
1.0
130035
0.795649509804
130055
0.899559589461
130075
0.8951171875
130095
0.894881663603
130115
0.897273284314
130135
0.897026271446
130155
0.896978400735
130175
0.897234987745
130195
0.767432598039
130215
0.999996170343
130235
1.0
130255
1.0
