112489
0.174971886837
112509
0.170910274621
112529
0.171731474905
112549
0.166126598011
112569
0.162272135417
112589
0.511794211648
112609
0.551606889205
112629
0.502360026042
112649
0.17304243608
112669
0.165849905303
112689
0.171543560606
112709
0.176649798769
112729
0.172043678977
112749
0.172490530303
112769
0.177981474905
112789
0.51582179214
112809
0.51796431108
112829
0.522046638258
112849
0.502676669034
112869
0.177840909091
112889
0.176114169034
112909
0.175177556818
112929
0.161968809186
112949
0.16611476089
112969
0.17109375
112989
0.170953184186
113009
0.346269827178
113029
0.34335493608
113049
0.366367779356
113069
0.340583570076
113089
0.340676787405
113109
0.322771661932
113129
0.320087594697
113149
0.328660629735
113169
0.315086410985
113189
0.307842092803
113209
0.36444868608
113229
0.487241062973
113249
0.448475970644
113269
0.386023319129
113289
0.335289417614
113309
0.316773200758
113329
0.278921046402
113349
0.215158913352
113369
0.195479699337
113389
0.205575284091
113409
0.192116477273
113429
0.189935487689
113449
0.186359197443
113469
0.212426017992
113489
0.223578065814
113509
0.263563861269
113529
0.293909801136
113549
0.329175544508
113569
0.353585168087
113589
0.366743607955
113609
0.37842092803
113629
0.397629616477
113649
0.439889618845
113669
0.461041074811
113689
0.440077533144
113709
0.452923768939
113729
0.512936493845
113749
0.547924064867
113769
0.370058001894
113789
0.570848129735
113809
0.621518406723
113829
0.468343098958
113849
0.47060102983
113869
0.567194898201
113889
0.33095703125
113909
0.240253610322
113929
0.25302290483
113949
0.252189867424
113969
0.244611150568
113989
0.220842211174
114009
0.214197147254
114029
0.226192589962
114049
0.263529829545
114069
0.286767578125
114089
0.308996212121
114109
0.336730587121
114129
0.329573567708
114149
0.416921164773
114169
0.404480350379
114189
0.396297940341
114209
0.350458688447
114229
0.346888316761
114249
0.348887310606
114269
0.351836233428
114289
0.212233664773
114309
0.160110381155
114329
0.17577977036
114349
0.228885535038
114369
0.246614583333
114389
0.221698922822
114409
0.136042554451
114429
0.110638612689
114449
0.34102006392
114469
0.343958629261
114489
0.343715968277
114509
0.322833806818
114529
0.350796046402
114549
0.318149266098
114569
0.343514737216
114589
0.340024266098
114609
0.33271336411
114629
0.406980942235
114649
0.404583925189
114669
0.363417376894
114689
0.337781131629
114709
0.335373757102
114729
0.293344578598
114749
0.275214547822
114769
0.272823449337
114789
0.282830255682
114809
0.254256924716
114829
0.269183534564
114849
0.310088186553
114869
0.247586706913
114889
0.25889115767
114909
0.339611446496
114929
0.35761274858
114949
0.36572265625
114969
0.355837180398
114989
0.354088245739
115009
0.368612393466
115029
0.300134647254
115049
0.32402195786
115069
0.294081439394
115089
0.266810191761
115109
0.25957327178
115129
0.248473011364
115149
0.238552024148
115169
0.232691169508
115189
0.223332445549
115209
0.212704190341
115229
0.21592092803
115249
0.356575520833
115269
0.314963600852
115289
0.309829249527
115309
0.29931344697
115329
0.306363932292
115349
0.14980172822
115369
0.15019975142
115389
0.153426846591
115409
0.151470762311
115429
0.285799893466
115449
0.290246212121
115469
0.294113991477
115489
0.317134232955
115509
0.313080018939
115529
0.295680930398
115549
0.307078598485
115569
0.325722064394
115589
0.290127840909
115609
0.321263908617
115629
0.374587180398
115649
0.351834753788
115669
0.385539476799
115689
0.341148792614
115709
0.327448804451
115729
0.14287257339
115749
0.140795158617
115769
0.142939157197
115789
0.13827829072
115809
0.107590553977
115829
0.107643821023
115849
0.107842092803
115869
0.10527047822
115889
0.106426077178
115909
0.378536339962
115929
0.38505563447
115949
0.379440400095
115969
0.396728515625
115989
0.419557883523
116009
0.457012014678
116029
0.435071910511
116049
0.45976710464
116069
0.424227627841
116089
0.417038056345
116109
0.475328480114
116129
0.499587180398
116149
0.715790719697
116169
0.717083925189
116189
0.700667317708
116209
0.735174005682
116229
0.674544270833
116249
0.632666015625
116269
0.635561671402
116289
0.676592092803
116309
0.68115530303
116329
0.737741181345
116349
0.722869318182
116369
0.68398585464
116389
0.666560132576
116409
0.668695253314
116429
0.664777166193
116449
0.658864524148
116469
0.672909268466
116489
0.661853397254
116509
0.66708984375
116529
0.66855320786
116549
0.665940163352
116569
0.607674893466
116589
0.608013731061
116609
0.607414476799
116629
0.61396632339
116649
0.606069483902
116669
0.599408143939
116689
0.606628787879
116709
0.604450757576
116729
0.675420217803
116749
0.691329308712
116769
0.686464251894
116789
0.70752397017
116809
0.702219460227
116829
0.719250118371
116849
0.718806226326
116869
0.471994850852
116889
0.460890151515
116909
0.457192530777
116929
0.455681818182
116949
0.442893288352
116969
0.441727331913
116989
0.43612837358
117009
0.42744436553
117029
0.41533203125
117049
0.41728071733
117069
0.761931818182
117089
0.743124112216
117109
0.739124644886
117129
0.755452473958
117149
0.108649976326
117169
0.104363458807
117189
0.118482185133
117209
0.144748757102
117229
0.171147017045
117249
0.199091500947
117269
0.724593098958
117289
0.740499230587
117309
0.736208274148
117329
0.738504675663
117349
0.35840287642
117369
0.405150627367
117389
0.430085523201
117409
0.443491062973
117429
0.450896661932
117449
0.452518347538
117469
0.45331883286
117489
0.43623046875
117509
0.381895123106
117529
0.338636363636
117549
0.697639973958
117569
0.698493726326
117589
0.696397076231
117609
0.692757161458
117629
0.700429095644
117649
0.682763671875
117669
0.683528645833
117689
0.681133108428
117709
0.670466382576
117729
0.656791548295
117749
0.660268702652
117769
0.645806699811
117789
0.636091382576
117809
0.637033913352
117829
0.999991122159
117849
0.991739169034
117869
0.982577237216
117889
0.971866122159
117909
0.970716441761
117929
0.971120383523
117949
0.965185546875
117969
0.962269176136
117989
0.955490944602
118009
0.94727006392
118029
0.938609730114
118049
0.9373046875
118069
0.932013494318
118089
0.931605113636
118109
0.932639382102
118129
0.920179332386
118149
0.92305131392
118169
0.922922585227
118189
0.915704900568
118209
0.915900213068
118229
0.911168323864
118249
0.895769708807
118269
0.891668146307
118289
0.884810014205
118309
0.869908558239
118329
0.862633167614
118349
0.865651633523
118369
0.86552290483
118389
0.868057528409
118409
0.869393643466
118429
0.851256214489
118449
0.853009588068
118469
0.857510653409
118489
0.842524857955
118509
0.842720170455
118529
0.849951171875
118549
0.839195667614
118569
0.829913884943
118589
0.82704634233
118609
0.814204545455
118629
0.818994140625
118649
0.827423650568
118669
0.813707386364
118689
0.810125177557
118709
0.808984375
118729
0.796444424716
118749
0.821657492898
118769
0.817409446023
118789
0.801549183239
118809
0.803595525568
118829
0.817134232955
118849
0.807253196023
118869
0.80625
118889
0.815491832386
118909
0.801828835227
118929
0.815864701705
118949
0.825071022727
118969
0.81669921875
118989
0.822722833807
119009
0.832310901989
119029
0.825954367898
119049
0.838583096591
119069
0.843314985795
119089
0.832701526989
119109
0.834352805398
119129
0.838884943182
119149
0.832608309659
119169
0.833584872159
119189
0.8388671875
119209
0.828426846591
119229
0.829270241477
119249
0.835950816761
119269
0.826926491477
119289
0.832186612216
119309
0.845525568182
119329
0.838614169034
119349
0.84473100142
119369
0.851704545455
119389
0.840482954545
119409
0.832865767045
119429
0.83398881392
119449
0.824360795455
119469
0.828737571023
119489
0.831818181818
119509
0.816930042614
119529
0.809725674716
119549
0.816845703125
119569
0.810875355114
119589
0.816947798295
119609
0.81894087358
119629
0.804718572443
119649
0.823366477273
119669
0.828795276989
119689
0.81444868608
119709
0.820197088068
119729
0.827450284091
119749
0.813392223011
119769
0.812619850852
119789
0.824325284091
119809
0.817742365057
119829
0.816002308239
119849
0.829700816761
119869
0.821852805398
119889
0.825146484375
119909
0.84198774858
119929
0.839715021307
119949
0.858904474432
119969
0.862708629261
119989
0.847922585227
120009
0.850390625
120029
0.863920454545
120049
0.85419477983
120069
0.855894886364
120089
0.855899325284
120109
0.854359019886
120129
0.862437855114
120149
0.872780539773
120169
0.869784268466
120189
0.872452059659
120209
0.875270774148
120229
0.871036044034
120249
0.881787109375
120269
0.881769353693
120289
0.867413884943
120309
0.858021129261
120329
0.858877840909
120349
0.843252840909
120369
0.841761363636
120389
0.846950461648
120409
0.836288174716
120429
0.836314808239
120449
0.84013227983
120469
0.834787819602
120489
0.834019886364
120509
0.838294566761
120529
0.827552379261
120549
0.849560546875
120569
0.851424893466
120589
0.839124644886
120609
0.843128551136
120629
0.848175603693
120649
0.834929865057
120669
0.830899325284
120689
0.837251420455
120709
0.829332386364
120729
0.830704012784
120749
0.838454367898
120769
0.835564630682
120789
0.844322620739
120809
0.85674272017
120829
0.853275923295
120849
0.870130504261
120869
0.873970170455
120889
0.862002840909
120909
0.854518821023
120929
0.862042791193
120949
0.84971147017
120969
0.852978515625
120989
0.860915305398
121009
0.852183948864
121029
0.846906072443
121049
0.848606178977
121069
0.839266690341
121089
0.830482066761
121109
0.832528409091
121129
0.811310369318
121149
0.842236328125
121169
0.851411576705
121189
0.840780362216
121209
0.839772727273
121229
0.84921875
121249
0.841095525568
121269
0.831964666193
121289
0.834454900568
121309
0.822412109375
121329
0.821204723011
121349
0.826429332386
121369
0.83026899858
121389
0.839346590909
121409
0.845871803977
121429
0.839439808239
121449
0.861834161932
121469
0.862371271307
121489
0.844193892045
121509
0.846715198864
121529
0.865993430398
121549
0.860857599432
121569
0.86738725142
121589
0.88837446733
121609
0.890216619318
121629
0.907364169034
121649
0.9025390625
121669
0.889439808239
121689
0.887526633523
121709
0.873783735795
121729
0.856090198864
121749
0.857586115057
121769
0.866637073864
121789
0.839919211648
121809
0.825763494318
121829
0.834246271307
121849
0.829287997159
121869
0.829869495739
121889
0.838680752841
121909
0.824480646307
121929
0.833229758523
121949
0.842249644886
121969
0.835706676136
121989
0.845241477273
122009
0.85723100142
122029
0.85185990767
122049
0.878648792614
122069
0.885378196023
122089
0.873002485795
122109
0.870645419034
122129
0.87773881392
122149
0.870658735795
122169
0.882532848011
122189
0.890158913352
122209
0.898171164773
122229
0.921218039773
122249
0.941952237216
122269
0.946049360795
122289
0.968670099432
122309
0.990842507102
122329
0.99052290483
122349
0.995259232955
122369
0.995441228693
122389
0.994744318182
122409
0.9947265625
122429
0.998850319602
122449
0.998810369318
122469
0.998810369318
