142855
0.987276574337
142875
0.97777087279
142895
0.977690479009
142915
0.977218967014
142935
1.0
142955
0.97568655303
142975
0.96667011916
142995
0.966280973801
143015
0.96829081834
143035
1.0
143055
0.950281131629
143075
0.938418363321
143095
0.938558929135
143115
0.947151199495
143135
1.0
143155
0.95836489899
143175
0.957212259312
143195
0.956535077336
143215
0.957377485795
143235
1.0
143255
0.977260890152
143275
0.973784229009
143295
0.973350201231
143315
0.980922506313
143335
0.989851148201
143355
0.967652107008
143375
0.966202059659
143395
0.965670868845
143415
0.986442550505
143435
0.982437657828
143455
0.974198528251
143475
0.973968197601
143495
0.97454525726
143515
1.0
143535
0.944507082544
143555
0.937165601326
143575
0.937254872948
143595
0.936033183396
143615
1.0
143635
0.9830078125
143655
0.974569424716
143675
0.97431936553
143695
0.974200007891
143715
1.0
143735
0.971535175979
143755
0.968154198232
143775
0.958324455492
143795
0.944419783775
143815
0.931859611742
143835
0.94368588226
143855
0.958343690814
143875
0.960966106376
143895
0.959984118529
143915
0.947289299242
143935
0.934186592487
143955
0.934181660354
143975
0.935149345013
143995
0.932763178662
144015
0.921999782986
144035
0.903303050032
144055
0.891983309659
144075
0.878406624842
144095
0.875112945865
144115
0.873855744949
144135
0.869187480271
144155
0.866522155145
144175
0.871673275726
144195
0.862671638258
144215
0.869005977746
144235
0.866765802557
144255
0.86103071733
144275
0.864806265783
144295
0.870593631629
144315
0.872773141572
144335
0.866982323232
144355
0.868807705966
144375
0.869099688289
144395
0.86666863952
144415
0.867898220486
144435
0.872982264047
144455
0.86728071733
144475
0.86562647964
144495
0.863002584438
144515
0.860561671402
144535
0.867550998264
144555
0.869808929135
144575
0.874616773201
144595
0.876036734533
144615
0.864024522569
144635
0.849764737216
144655
0.850741792929
144675
0.857114109848
144695
0.850743272569
144715
0.857806088226
144735
0.862517755682
144755
0.8501953125
144775
0.857992029672
144795
0.865377900095
144815
0.871281664299
144835
0.874958570076
144855
0.857645793876
144875
0.856102035985
144895
0.858781664299
144915
0.858602627841
144935
0.856833471433
144955
0.862070411143
144975
0.857333096591
144995
0.853534367109
145015
0.864637093592
145035
0.87170878709
145055
0.875020714962
145075
0.880827809343
145095
0.869186493845
145115
0.858970071812
145135
0.865511067708
145155
0.855715849905
145175
0.861791745581
145195
0.859086963384
145215
0.86227114899
145235
0.848446871054
145255
0.853564946338
145275
0.846199297664
145295
0.857201901831
145315
0.850373362532
145335
0.855447541824
145355
0.867859256629
145375
0.856306719539
145395
0.86487580887
145415
0.859164397885
145435
0.86083984375
145455
0.874220722854
145475
0.879862590751
145495
0.882302024148
145515
0.877396523832
145535
0.882048512468
145555
0.87733931108
145575
0.876465336963
145595
0.885433435922
145615
0.888942155934
145635
0.880631017203
145655
0.877614030934
145675
0.875134647254
145695
0.883301767677
145715
0.874479166667
145735
0.875054746686
145755
0.871660452178
145775
0.870054056187
145795
0.870880681818
145815
0.871642696496
145835
0.873169685133
145855
0.877001459912
145875
0.875949928977
145895
0.881869969223
145915
0.879624368687
145935
0.889677043876
145955
0.879467033617
145975
0.882893880208
145995
0.881847281408
146015
0.871577099116
146035
0.87672131471
146055
0.867149522569
146075
0.868315479009
146095
0.869868607955
146115
0.868654809817
146135
0.861364129577
146155
0.857680812027
146175
0.852632773043
146195
0.850436493845
146215
0.843205985638
146235
0.841769255051
146255
0.846139618845
146275
0.829765427715
146295
0.841157670455
146315
0.841787503946
146335
0.844429648043
146355
0.854221906566
146375
0.861971275253
146395
0.872404711174
146415
0.878812046244
146435
0.872337634154
146455
0.88694612137
146475
0.876981731376
146495
0.873811848958
146515
0.87838443024
146535
0.86985479798
146555
0.846692017835
146575
0.822239484691
146595
0.798784229009
146615
0.816130050505
146635
0.813882970328
146655
0.817458274148
146675
0.82337042298
146695
0.817031644571
146715
0.817332011521
146735
0.831774285827
146755
0.841000828598
146775
0.853247810133
146795
0.859359217172
146815
0.844370462437
146835
0.846118410669
146855
0.852487275095
146875
0.855272944287
146895
0.846409899779
146915
0.85928030303
146935
0.864447206439
146955
0.867261975221
146975
0.874423433554
146995
0.877579999211
147015
0.876165956439
147035
0.882291173453
147055
0.883875374842
147075
0.883978456439
147095
0.886996922348
147115
0.892107599432
147135
0.892497731218
147155
0.893895004735
147175
0.886059323706
147195
0.884108171559
147215
0.88499595565
147235
0.888332544192
147255
0.883876854482
147275
0.888742897727
147295
0.886646247633
147315
0.882563427241
147335
0.894033104482
147355
0.886664003314
147375
0.894457267992
147395
0.887259805082
147415
0.891329801926
147435
0.883533577967
147455
0.888877051768
147475
0.888350299874
147495
0.883611505682
147515
0.881787109375
147535
0.876193083176
147555
0.868103890467
147575
0.882657137784
147595
0.880058396465
147615
0.87900538589
147635
0.87379606613
147655
0.869904119318
147675
0.869459734059
147695
0.85458836411
147715
0.860720486111
147735
0.862299262153
147755
0.867306857639
147775
0.867011916035
147795
0.863013435133
147815
0.864198133681
147835
0.864403803662
147855
0.870821496212
147875
0.870292771465
147895
0.87633364899
147915
0.878031289457
147935
0.878498362532
147955
0.87174380524
147975
0.876779020676
147995
0.883852687027
148015
0.880460858586
148035
0.868078243371
148055
0.864276061395
148075
0.874392854324
148095
0.866676530934
148115
0.879374309501
148135
0.877385179924
148155
0.880383917298
148175
0.878088995423
148195
0.887808751578
148215
0.881259371054
148235
0.89342497238
148255
0.893132990057
148275
0.894129281092
148295
0.89600053267
148315
0.89149946733
148335
0.889706143466
148355
0.895624704072
148375
0.889388514047
148395
0.897438742898
148415
0.905134844539
148435
0.898982994003
148455
0.886298532197
148475
0.893697226168
148495
0.899871271307
148515
0.880509686711
148535
0.885895576862
148555
0.88690962358
148575
0.889751519097
148595
0.901322798295
148615
0.903258167614
148635
0.919337910354
148655
0.931427063605
148675
0.929925228851
148695
0.938904178504
148715
0.948779790088
148735
0.958827533144
148755
0.975117384785
148775
0.979855192551
148795
0.968136442551
148815
0.968342605745
148835
0.968928050032
148855
0.972630109691
148875
0.988063742898
148895
0.984747869318
148915
0.976331676136
148935
0.964232658617
148955
0.96393574416
148975
0.964318477746
148995
0.975401475694
149015
0.972031841856
149035
0.960065005524
149055
0.943724352904
149075
0.933078835227
149095
0.932493884154
149115
0.926846097696
149135
0.915102687027
149155
0.900442412405
149175
0.890420316446
149195
0.870544803504
149215
0.860207544192
149235
0.854640644729
149255
0.868192668876
149275
0.854902047822
149295
0.86826615767
149315
0.869020774148
149335
0.86793373185
149355
0.861023812342
149375
0.862819602273
149395
0.865761620107
149415
0.864348070549
149435
0.872213837595
149455
0.862560172033
149475
0.861824790878
149495
0.851016512784
149515
0.843994633838
149535
0.843690814394
149555
0.836999388415
149575
0.84052734375
149595
0.836958944918
149615
0.835389046717
149635
0.848939098011
149655
0.842408952809
149675
0.848133680556
149695
0.857121508049
149715
0.867192432134
149735
0.861612215909
149755
0.877747691761
149775
0.873593848643
149795
0.868718927557
149815
0.862697778567
149835
0.860859572285
149855
0.865874565972
149875
0.854661852904
149895
0.85299380524
149915
0.853293185764
149935
0.866915739426
149955
0.873997790404
149975
0.883465021307
149995
0.881300800979
150015
0.877752623895
150035
0.853320805713
150055
0.855947166982
150075
0.860797920612
150095
0.853343000316
150115
0.836402600221
150135
0.820514224274
150155
0.80911556976
150175
0.824404691446
150195
0.804898102115
150215
0.82119584517
150235
0.808735795455
150255
0.815512054135
150275
0.819952947443
150295
0.818279967645
150315
0.821341836332
150335
0.805278369634
150355
0.798746744792
150375
0.80393830887
150395
0.798557350852
150415
0.806546914457
150435
0.817271839489
150455
0.804730409564
150475
0.794739386048
150495
0.795528034249
150515
0.808400410354
150535
0.806648023201
150555
0.794395616319
150575
0.804978002683
150595
0.809093868371
150615
0.806183416193
150635
0.811418383049
150655
0.818625710227
150675
0.812803326231
150695
0.807887961648
150715
0.811283242582
150735
0.826126006155
150755
0.826790364583
150775
0.833836410985
150795
0.850701842645
150815
0.857643327809
150835
0.87675633286
150855
0.898563762626
150875
0.910126163984
150895
0.920980804135
150915
0.911171283144
150935
0.923189906881
150955
0.941430910669
150975
0.954099589646
150995
0.948196811869
151015
0.934608289931
151035
0.918570963542
151055
0.91237324416
151075
0.909116062973
151095
0.924111229482
151115
0.914589251894
151135
0.90570056029
151155
0.899120107323
151175
0.882758739741
151195
0.885372277462
151215
0.889998125789
151235
0.900293461963
151255
0.891204525726
151275
0.877027107008
151295
0.870948252052
151315
0.84638227983
151335
0.84263928346
151355
0.832721748737
151375
0.8395857994
151395
0.832936296559
151415
0.833279573074
151435
0.842081459122
151455
0.848212594697
151475
0.864677043876
151495
0.865346334438
151515
0.887806285511
151535
0.891101444129
151555
0.90127397017
151575
0.900869041982
151595
0.896599786932
151615
0.903650765467
151635
0.911026771622
151655
0.913739445234
151675
0.936975714173
151695
0.942775410354
151715
0.941579367898
151735
0.95625443892
151755
0.947675978535
151775
0.944315222538
151795
0.943086134785
151815
0.926553622159
151835
0.915649167456
151855
0.921130741004
151875
0.905235953283
151895
0.882354304766
151915
0.88918925584
151935
0.856525213068
151955
0.875710227273
151975
0.86481465041
151995
0.839955709438
152015
0.863043521149
152035
0.867066169508
152055
0.866611426768
152075
0.895855034722
152095
0.903851996528
152115
0.920776613794
152135
0.926831301294
152155
0.913116023516
152175
0.907674400253
152195
0.913368055556
152215
0.911399640941
152235
0.912878787879
152255
0.912361900253
152275
0.91256855666
152295
0.91188496291
152315
0.912164121686
152335
0.911438604798
152355
0.9317032631
152375
1.0
152395
1.0
152415
1.0
152435
1.0
