130642
0.0470076944999
130662
0.0464662296951
130682
0.0492590481619
130702
0.0473140495868
130722
0.0468462049967
130742
0.0470504417213
130762
0.0478293910896
130782
0.0480241284317
130802
0.0473852949558
130822
0.0482283651563
130842
0.0475230360027
130862
0.0466538425002
130882
0.0888358506697
130902
0.102674076185
130922
0.102058991166
130942
0.0680512016719
130962
0.0709033912796
130982
0.0818039327444
131002
0.0721573097749
131022
0.112337323074
131042
0.114246698965
131062
0.12503799753
131082
0.120801272917
131102
0.123168994015
131122
0.135710553814
131142
0.116616794908
131162
0.0905671131376
131182
0.092445616035
131202
0.0776242044267
131222
0.0822124061936
131242
0.0788401253918
131262
0.0810558563693
131282
0.0867602355847
131302
0.0898285361452
131322
0.0904459960103
131342
0.0895673031253
131362
0.0884535005225
131382
0.14841122827
131402
0.138588866724
131422
0.137472689275
131442
0.139880782749
131462
0.139011589247
131482
0.134791488553
131502
0.136743611665
131522
0.138194642348
131542
0.0652583832051
131562
0.0587774294671
131582
0.0639355941864
131602
0.0598271112378
131622
0.057281276717
131642
0.0575163864349
131662
0.0551629144106
131682
0.0546404483709
131702
0.0549349292296
131722
0.056357461765
131742
0.0564595801273
131762
0.0538923719958
131782
0.0546309489883
131802
0.0560511066781
131822
0.055830246034
131842
0.0559299895507
131862
0.0580127291726
131882
0.0548921820082
131902
0.0582502137361
131922
0.0632445141066
131942
0.0741118077325
131962
0.0558777429467
131982
0.0573501472404
132002
0.0580744751591
132022
0.0560249833761
132042
0.0576517526361
132062
0.0571482853615
132082
0.0563978341408
132102
0.0583452075615
132122
0.0581837180583
132142
0.0562838415503
132162
0.0960767550109
132182
0.097625154365
132202
0.100377600456
132222
0.0966538425002
132242
0.0977367721098
132262
0.0965327253729
132282
0.0934786738862
132302
0.0947919635224
132322
0.0865916215446
132342
0.0896717963332
132362
0.0922746271492
132382
0.0897596656217
132402
0.0873824451411
132422
0.0493730407524
132442
0.930742376746
132462
0.951918875273
132482
0.951907001045
132502
0.951916500427
132522
0.957157784744
132542
0.309532630379
132562
0.189082834616
132582
0.11888477249
132602
0.118015578987
132622
0.10936876603
132642
0.105889617175
132662
0.114557803743
132682
0.115175263608
132702
0.130433646813
132722
0.144364491308
132742
0.149361166524
132762
0.140519616225
132782
0.116182198157
132802
0.0895198062126
132822
0.0800275482094
132842
0.0812125961812
132862
0.0455305405149
132882
0.0442742471739
132902
0.0441626294291
132922
0.0459675121117
132942
0.0461290016149
132962
0.0446304740192
132982
0.0442172508787
133002
0.0443027453216
133022
0.0431889427187
133042
0.0777025743327
133062
0.0784577752446
133082
0.0782392894462
133102
0.0784126531775
133122
0.0772537285076
133142
0.0563740856844
133162
0.055706754061
133182
0.0565308254963
133202
0.0558397454165
133222
0.0820936639118
133242
0.0821530350527
133262
0.081630569013
133282
0.0822860264083
133302
0.04601738387
133322
0.0468485798423
133342
0.0470955637884
133362
0.0466443431177
133382
0.0467274627149
133402
0.047599031063
133422
0.0438942718723
133442
0.0436544124632
133462
0.0455732877363
133482
0.0428659637124
133502
0.0438016528926
133522
0.0436615370001
133542
0.0404056236345
133562
0.0394699344543
133582
0.0396053006555
133602
0.0435784174029
133622
0.0755319654222
133642
0.0735513441626
133662
0.0555713878598
133682
0.0518143820652
133702
0.0551747886387
133722
0.0555951363161
133742
0.0568181818182
133762
0.085033722808
133782
0.0798256863304
133802
0.0771468604541
133822
0.0882920110193
133842
0.0536667616605
133862
0.0527429467085
133882
0.0520138690985
133902
0.0517003894747
133922
0.0509475634084
133942
0.0512182958108
133962
0.0496152750071
133982
0.183205091669
134002
0.185822171559
134022
0.184931604446
134042
0.183556568823
134062
0.18455400399
134082
0.184860359077
134102
0.185368576043
134122
0.186138026028
134142
0.184998100123
134162
0.186230645008
134182
0.186299515531
134202
0.185549064311
134222
0.185914790539
134242
0.185261707989
134262
0.185601310915
134282
0.182829866059
134302
0.185071720338
134322
0.578054051487
134342
0.568932269402
134362
0.567906336088
134382
0.566027833191
134402
0.565393749406
134422
0.56523938444
134442
0.991122827016
134462
0.987862163959
134482
0.97542984706
134502
0.967977581457
134522
0.966840030398
134542
0.967170133941
134562
0.962748171369
134582
0.95065308255
134602
0.944537855039
134622
0.925949938254
134642
0.921425857319
134662
0.919986700864
134682
0.90342215256
134702
0.884584876983
134722
0.868440676356
134742
0.863980716253
134762
0.865263132896
134782
0.868077324974
134802
0.862391944524
134822
0.851840505367
134842
0.859884107533
134862
0.873869573478
134882
0.872907760996
134902
0.872302175359
134922
0.870798898072
134942
0.871511351762
134962
0.887912035718
134982
0.897209556379
135002
0.908722808017
135022
0.904654697445
135042
0.913681485703
135062
0.917450365726
135082
0.928942243754
135102
0.930210411323
135122
0.92414030588
135142
0.920613660112
135162
0.901726512777
135182
0.900144865584
135202
0.88797615655
135222
0.884307020044
135242
0.87333523321
135262
0.865113517621
135282
0.856685190463
135302
0.845093568918
135322
0.848591716538
135342
0.849667521611
135362
0.855352902061
135382
0.85171938824
135402
0.846575472594
135422
0.845114942529
135442
0.837249453786
135462
0.84495107818
135482
0.84356891802
135502
0.839579177353
135522
0.836679490833
135542
0.846532725373
135562
0.845578037428
135582
0.853201291916
135602
0.865355751876
135622
0.867314999525
135642
0.877424717393
135662
0.880965612235
135682
0.88558231215
135702
0.874297045692
135722
0.86546261993
135742
0.880566638169
135762
0.873912320699
135782
0.8704569203
135802
0.865662106963
135822
0.867314999525
135842
0.872594281372
135862
0.872765270257
135882
0.880288781229
135902
0.873883822552
135922
0.868661537
135942
0.874275672081
135962
0.887826541275
135982
0.874560653558
136002
0.873413603116
136022
0.873919445236
136042
0.877403343783
136062
0.869231499953
136082
0.876398784079
136102
0.870627909186
136122
0.86237769545
136142
0.873292485988
136162
0.870891517051
136182
0.870150565213
136202
0.863197017194
136222
0.862263702859
136242
0.863973591717
136262
0.86129476584
136282
0.859905481144
136302
0.847615654982
136322
0.84264985276
136342
0.839301320414
136362
0.840085019474
136382
0.839828536145
136402
0.83638738482
136422
0.834050536715
136442
0.827944808587
136462
0.846133751306
136482
0.852837940534
136502
0.852987555809
136522
0.857020043697
136542
0.851370285931
136562
0.850016623919
136582
0.858594566353
136602
0.856421582597
136622
0.853208416453
136642
0.843419302745
136662
0.840719103258
136682
0.832112662677
136702
0.841324688895
136722
0.843013204142
136742
0.831849054811
136762
0.840918590292
136782
0.836601120927
136802
0.838980716253
136822
0.850273107248
136842
0.853165669231
136862
0.85602260853
136882
0.860211836231
136902
0.873855324404
136922
0.868583167094
136942
0.874795763275
136962
0.882255153415
136982
0.894751591147
137002
0.898442101263
137022
0.896226370286
137042
0.900622209556
137062
0.90112092714
137082
0.898698584592
137102
0.898912320699
137122
0.912242329249
137142
0.891730787499
137162
0.889750166239
137182
0.900693454925
137202
0.909421012634
137222
0.907134036288
137242
0.913909470884
137262
0.90662106963
137282
0.893469174504
137302
0.900942813717
137322
0.892030018049
137342
0.886081029733
137362
0.884235774675
137382
0.875216110953
137402
0.867578607391
137422
0.86995107818
137442
0.880858744182
137462
0.87563645863
137482
0.875586586872
137502
0.863916595421
137522
0.87015768975
137542
0.879177353472
137562
0.886437256578
137582
0.87681200722
137602
0.886736487128
137622
0.894808587442
137642
0.901933124347
137662
0.907426142301
137682
0.900009499383
137702
0.900387099839
137722
0.897202431842
137742
0.914650422723
137762
0.905345777524
137782
0.900700579462
137802
0.901149425287
137822
0.901762135461
137842
0.894131756436
137862
0.873556093854
137882
0.882183908046
137902
0.859221525601
137922
0.845806022609
137942
0.837178208416
137962
0.830338652988
137982
0.833380830246
138002
0.835803172794
138022
0.837634178778
138042
0.823078749881
138062
0.844046261993
138082
0.861786358887
138102
0.877424717393
138122
0.868305310155
138142
0.853685760426
138162
0.86357461765
138182
0.862983281087
138202
0.872202431842
138222
0.84884107533
138242
0.846518476299
138262
0.84446660967
138282
0.826776384535
138302
0.852232354897
138322
0.841887527311
138342
0.833330958488
138362
0.814921155125
138382
0.817008644438
138402
0.817136886102
138422
0.777638453501
138442
0.825835945664
138462
0.771497102688
138482
0.780488268263
138502
0.782768120072
138522
0.811764985276
138542
0.806072480289
138562
0.773598841075
138582
0.814180203287
138602
0.813154269972
138622
0.819452360597
138642
0.813745606536
138662
0.817863588867
138682
0.813766980146
138702
0.818597416168
138722
0.810589436687
138742
0.778764130332
138762
0.756521326114
138782
0.749033437827
138802
0.803835375701
138822
0.816766410183
138842
0.832041417308
138862
0.846375985561
138882
0.859748741332
138902
0.8846846205
138922
0.892272252304
138942
0.895934264273
138962
0.875615085019
138982
0.860739051962
139002
0.849061935974
139022
0.843390804598
139042
0.834478008929
139062
0.810439821412
139082
0.779911180773
139102
0.793177068491
139122
0.840113517621
139142
0.855645008074
139162
0.875137741047
139182
0.887762420443
139202
0.904391089579
139222
0.927859314145
139242
0.948556093854
139262
0.960290206137
139282
0.951462904911
139302
0.957226655267
139322
0.940676356037
139342
0.938717108388
139362
0.930025173364
139382
0.905281656692
139402
0.89653984991
139422
0.87234492258
139442
0.865398499098
139462
0.856293340933
139482
0.846924574903
139502
0.842585731927
139522
0.80998385105
139542
0.782981856179
139562
0.809542129762
139582
0.84108245464
139602
0.851099553529
139622
0.865455495393
139642
0.890647857889
139662
0.906435831671
139682
0.931450080745
139702
0.957760995535
139722
0.970513916595
139742
0.970599411038
139762
0.977944808587
139782
0.967849339793
139802
0.961715113518
139822
0.950800322979
139842
0.959371140876
139862
0.968856274342
139882
0.968661537
139902
0.969148380355
139922
0.968542794718
139942
0.978671511352
139962
0.985496817707
139982
0.995877267978
140002
0.989344067636
140022
0.989792913461
140042
0.989728792628
140062
0.98967892087
140082
0.989956777809
140102
0.989835660682
140122
0.989842785219
140142
0.989792913461
140162
0.989849909756
140182
0.990683480574
140202
0.998028878123
140222
0.998028878123
