127913
0.192978802849
127933
0.177897135417
127953
0.19646953508
127973
0.189128082874
127993
0.312324793199
128013
0.179099168964
128033
0.126391122855
128053
0.166535500919
128073
0.149667777267
128093
0.151241766238
128113
0.224748200061
128133
0.159065755208
128153
0.146373314951
128173
0.0896077473958
128193
0.24067957261
128213
0.460166781556
128233
0.270172238817
128253
0.132310336244
128273
0.203095798866
128293
0.216193704044
128313
0.141242532169
128333
0.4302801394
128353
0.478013939951
128373
0.337544041054
128393
0.270702646293
128413
0.206228936887
128433
0.194447954963
128453
0.205087699142
128473
0.490533566942
128493
0.203968003217
128513
0.194243068321
128533
0.209452550551
128553
0.444370404412
128573
0.348463828891
128593
0.240382295496
128613
0.192191329657
128633
0.166946710325
128653
0.106265797335
128673
0.137233838848
128693
0.147242647059
128713
0.246655752145
128733
0.632137044271
128753
0.174465762868
128773
0.14148571538
128793
0.282243795956
128813
0.146582509957
128833
0.125172334559
128853
0.183447744332
128873
0.202360983456
128893
0.155848843444
128913
0.15049498315
128933
0.171036305147
128953
0.147370940564
128973
0.198592122396
128993
0.175661573223
129013
0.22134363511
129033
0.265580958946
129053
0.168691119026
129073
0.124343213848
129093
0.13630993413
129113
0.200022977941
129133
0.188995481005
129153
0.218414905025
129173
0.325103400735
129193
0.368199486826
129213
0.188204178156
129233
0.177360026042
129253
0.490007946538
129273
0.459514782475
129293
0.281156173407
129313
0.496243585325
129333
0.517909869026
129353
0.504363893995
129373
0.835536343444
129393
0.774948778339
129413
0.23089910769
129433
0.13816205193
129453
0.0662722120098
129473
0.0959151922488
129493
0.084982958027
129513
0.204702818627
129533
0.220766314338
129553
0.235469324449
129573
0.253719075521
129593
0.357835956648
129613
0.102666398591
129633
0.138076842065
129653
0.120922372855
129673
0.450103879442
129693
0.385809206495
129713
0.345831897212
129733
0.342825616575
129753
0.355304074755
129773
0.368585803462
129793
0.354841643689
129813
0.349550972733
129833
0.147324027267
129853
0.128624770221
129873
0.290508195466
129893
0.522052600337
129913
0.182609049479
129933
0.1320245481
129953
0.225478707108
129973
0.82935479856
129993
0.132789043352
130013
0.190965839461
130033
0.201978975184
130053
0.187928921569
130073
0.251589307598
130093
0.092582433364
130113
0.243870155484
130133
0.148135914522
130153
0.108438648897
130173
0.152306410846
130193
0.192772958793
130213
0.270777803309
130233
0.17496696921
130253
0.228630993413
130273
0.21394665288
130293
0.154954139859
130313
0.157812978707
130333
0.171955901501
130353
0.260886757047
130373
0.384680415135
130393
0.438222847733
130413
0.106855085784
130433
0.112638825061
130453
0.124603630515
130473
0.143102309283
130493
0.143916590074
130513
0.204682712929
130533
0.208361577053
130553
0.228466318168
130573
0.233739276961
130593
0.220947265625
130613
0.11526740579
130633
0.112876263787
130653
0.110843673407
130673
0.114493815104
130693
0.11525591682
130713
0.117378504136
130733
0.120225375306
130753
0.122444661458
130773
0.125323127298
130793
0.128382065717
130813
0.129852175245
130833
0.346171300551
130853
0.31820379519
130873
0.300023456648
130893
0.291149184283
130913
0.288539273131
130933
0.277375344669
130953
0.277993355545
130973
0.27307990579
130993
0.254549632353
131013
0.252192478554
131033
0.265388039982
131053
0.258111691942
131073
0.259098785999
131093
0.267063514859
131113
0.270818493413
131133
0.251976102941
131153
0.243524528952
131173
0.226975145527
131193
0.234105009191
131213
0.229847388174
131233
0.230857938879
131253
0.227384440104
131273
0.226147939645
131293
0.220056870404
131313
0.220563821232
131333
0.219870653339
131353
0.218810795803
131373
0.222964537377
131393
0.214950022978
131413
0.209354415594
131433
0.208302217371
131453
0.20816004136
131473
0.206044155944
131493
0.204966107537
131513
0.208252431832
131533
0.202551987592
131553
0.197598805147
131573
0.20755591299
131593
0.198666321998
131613
0.195986519608
131633
0.193230602788
131653
0.193723671109
131673
0.186779067096
131693
0.186336741728
131713
0.187153416054
131733
0.184414253983
131753
0.184809187347
131773
0.161411898744
131793
0.185359700521
131813
0.214369351256
131833
0.211559340533
131853
0.214826516544
131873
0.218363204657
131893
0.217550359988
131913
0.209438668045
131933
0.21431238511
131953
0.215863874847
131973
0.221001359528
131993
0.226856426164
132013
0.213144339767
132033
0.198784562653
132053
0.168614047181
132073
0.157917336857
132093
0.172456150429
132113
0.20003638174
132133
0.206818704044
132153
0.206325157016
132173
0.210442038143
132193
0.198888442096
132213
0.187236711091
132233
0.168292356005
132253
0.149378159467
132273
0.135374061734
132293
0.130160462623
132313
0.120761527267
132333
0.123800359988
132353
0.123252719056
132373
0.125303021599
132393
0.128901462929
132413
0.130859375
132433
0.131246170343
132453
0.13396283318
132473
0.136196959252
132493
0.13661439185
132513
0.131760301777
132533
0.132506606158
132553
0.132014495251
132573
0.132588465074
132593
0.130627202053
132613
0.130592735141
132633
0.134214154412
132653
0.235016946232
132673
0.229530962776
132693
0.209855143229
132713
0.197599283854
132733
0.186180683211
132753
0.212508138021
132773
0.200316904105
132793
0.178706629136
132813
0.141276041667
132833
0.183610026042
132853
0.234430530025
132873
0.27048627068
132893
0.234413296569
132913
0.260514801624
132933
0.204001034007
132953
0.198976524203
132973
0.182800532322
132993
0.195271331189
133013
0.203679342831
133033
0.178078565411
133053
0.1828057981
133073
0.160566980699
133093
0.181995346967
133113
0.148644780178
133133
0.13612946155
133153
0.129383042279
133173
0.129751168045
133193
0.135570331648
133213
0.142229147518
133233
0.148002355239
133253
0.149536132812
133273
0.14895067402
133293
0.142916092218
133313
0.112492819393
133333
0.0938241996017
133353
0.0989554610907
133373
0.101768822763
133393
0.0964642693015
133413
0.0916044347426
133433
0.0855928308824
133453
0.0774662990196
133473
0.0719065946691
133493
0.0709482230392
133513
0.0678519454657
133533
0.0645732804841
133553
0.0626728132659
133573
0.0601955039828
133593
0.057337622549
133613
0.0542427810968
133633
0.0514452167586
133653
0.0472909964767
133673
0.0452660654105
133693
0.0440089805453
133713
0.0434555951287
133733
0.0440061083027
133753
0.0432598039216
133773
0.0421161726409
133793
0.0425680721507
133813
0.0416704963235
133833
0.0413459329044
133853
0.0393487668505
133873
0.0629035500919
133893
0.0733082490809
133913
0.0796568627451
133933
0.0725547640931
133953
0.0903669768689
133973
0.0890251608456
133993
0.339750402114
134013
0.0616153492647
134033
0.0683588962929
134053
0.0923780254289
134073
0.076447131587
134093
0.069113817402
134113
0.0957734949449
134133
0.0911611519608
134153
0.0955365349265
134173
0.0701109643076
134193
0.95676317402
134213
0.958124617034
134233
0.957832605699
134253
0.958171051624
134273
0.955158547794
134293
0.955457261029
134313
0.955654967065
134333
0.955379710478
134353
0.953237974877
134373
0.953314089308
134393
0.953462488511
134413
0.949962182138
134433
0.174461933211
134453
0.959163890165
134473
0.9590853822
134493
0.959069106158
134513
0.956693761489
134533
0.954195389093
134553
0.953916781556
134573
0.954449582567
134593
0.954207835478
134613
0.956473077512
134633
0.944323491115
134653
0.956657379749
134673
0.956934551164
134693
0.953793275123
134713
0.950551949295
134733
0.952171894148
134753
0.952594113817
134773
0.953201593137
134793
0.9547885072
134813
0.954688936121
134833
0.954755955116
134853
0.959375957414
134873
0.958973843444
134893
0.958945121017
134913
0.959227558211
134933
0.126906211703
134953
0.955256204044
134973
0.955800015319
134993
0.95592064951
135013
0.955937882966
135033
0.947807042739
135053
0.959855621936
135073
0.959847962623
135093
0.959954714308
135113
0.960013595282
135133
0.955752623315
135153
0.955450080423
135173
0.955333754596
135193
0.954589365043
135213
0.953669768689
135233
0.963846603094
135253
0.959889610141
135273
0.960049019608
135293
0.95999396829
135313
0.959230909161
135333
0.964410998775
135353
0.959969075521
135373
0.95985657935
135393
0.96175178079
135413
0.0528885186887
135433
0.959810144761
135453
0.959271120558
135473
0.958828316483
135493
0.958625344669
135513
0.958486519608
135533
0.952656824449
135553
0.820724188113
135573
0.818818933824
135593
0.820328297335
135613
0.819064031863
135633
0.817810776654
135653
0.815883501838
135673
0.813644109988
135693
0.812528722426
135713
0.810120346967
135733
0.808373066023
135753
0.8071322572
135773
0.805744485294
135793
0.802471564798
135813
0.798048311121
135833
0.796459003523
135853
0.797075099571
135873
0.794840973499
135893
0.792571901808
135913
0.791078335631
135933
0.789473709406
135953
0.787489947151
135973
0.779963714001
135993
0.783549230239
136013
0.781418983609
136033
0.774076573989
136053
0.771754844516
136073
0.770408241422
136093
0.770747644761
136113
0.773604090074
136133
0.766337316176
136153
0.761036113664
136173
0.759422870711
136193
0.758977194393
136213
0.76310077742
136233
0.752231732537
136253
0.750165153952
136273
0.748350854013
136293
0.745657169118
136313
0.744685393689
136333
0.742543179381
136353
0.740768612132
136373
0.960327627145
136393
0.959387446385
136413
0.959373085172
136433
0.959283088235
136453
0.958354875153
136473
0.95915479473
136493
0.958970492494
136513
0.959181602328
136533
0.938217581955
136553
0.939066808364
136573
0.947176106771
136593
0.947289081648
136613
0.946926700368
136633
0.964463177849
136653
0.952229817708
136673
0.94572466682
136693
0.9460870481
136713
0.94567823223
136733
0.945691157322
136753
0.950325520833
136773
0.956795726103
136793
0.956242819393
136813
0.9561489928
136833
0.961715877757
136853
0.952728151808
136873
0.952666877298
136893
0.952113970588
136913
0.952330824908
136933
0.961042815564
136953
0.95740368413
136973
0.95740033318
136993
0.957503255208
137013
0.965439261642
137033
0.957375919118
137053
0.957495117188
137073
0.957471660539
137093
0.957343367034
137113
0.955109240962
137133
0.962532073376
137153
0.961463120404
137173
0.961111749387
137193
0.960828833487
137213
0.960966701134
137233
0.966864851409
137253
1.0
137273
1.0
137293
0.998504518995
137313
0.994772997089
137333
0.990268363205
137353
0.98452722886
137373
0.979631491268
137393
0.97525658701
137413
0.968133425245
137433
0.964219037224
137453
0.958718213848
137473
0.953459137561
137493
0.946840054381
