166802
0.829412398183
166822
0.823185894424
166842
0.827829665309
166862
0.839522308375
166882
0.858702746449
166902
0.845998459691
166922
0.850559014724
166942
0.853492781433
166962
0.856780623434
166982
0.826992611738
167002
0.824487977757
167022
0.864301052109
167042
0.797183388158
167062
0.808079769737
167082
0.810835682957
167102
0.808814027256
167122
0.796750992063
167142
0.789121240602
167162
0.814949156746
167182
0.826514528509
167202
0.829017530806
167222
0.831334521199
167242
0.833333333333
167262
0.848170230263
167282
0.815861267753
167302
0.803780284043
167322
0.814126788325
167342
0.809669029344
167362
0.831585800439
167382
0.73608663586
167402
0.821232769424
167422
0.778461453112
167442
0.771716074039
167462
0.786363695698
167482
0.771446846282
167502
0.728778326023
167522
0.895777856099
167542
0.782628772452
167562
0.731317225355
167582
0.759377284357
167602
0.776443060777
167622
0.778836740288
167642
0.80637955566
167662
0.835229349415
167682
0.819760991019
167702
0.802497780911
167722
0.808278835109
167742
0.76953125
167762
0.668164552005
167782
0.713996906328
167802
0.717124843358
167822
0.808531746032
167842
0.87330304929
167862
0.871483722327
167882
0.881720903822
167902
0.882861450501
167922
0.881815541458
167942
0.882487795008
167962
0.880893640351
167982
0.882110876149
168002
0.884341387322
168022
0.88385677736
168042
0.900472209169
168062
0.959212810673
168082
0.96915628916
168102
0.962215108083
168122
0.95871351556
168142
0.951455787907
168162
0.946611319967
168182
0.952839455409
168202
0.952229205827
168222
0.939547762636
168242
0.949163272765
168262
0.951524318609
168282
0.965579639202
168302
0.963089690372
168322
0.953529657477
168342
0.949657672828
168362
0.947704547828
168382
0.95272360589
168402
0.937284617794
168422
0.933114035088
168442
0.931023848684
168462
0.922912750627
168482
0.918551260965
168502
0.917146381579
168522
0.90974996084
168542
0.907537398183
168562
0.903239544173
168582
0.900708803258
168602
0.896190671992
168622
0.893610980576
168642
0.892072303154
168662
0.88839612051
168682
0.8841178467
168702
0.883471700084
168722
0.88426306652
168742
0.876013275376
168762
0.8776009033
168782
0.878100198413
168802
0.876674107143
168822
0.878155675647
168842
0.883941624896
168862
0.88243558114
168882
0.906675869361
168902
0.88595022713
168922
0.886508262845
168942
0.896073190789
168962
0.892705396303
168982
0.89491795896
169002
0.897992050439
169022
0.895113760965
169042
0.890081649436
169062
0.897487860276
169082
0.891638275376
169102
0.892137570489
169122
0.89767387218
169142
0.891305411967
169162
0.899906015038
169182
0.897060359231
169202
0.89921091792
169222
0.902050046992
169242
0.896193935359
169262
0.901067773601
169282
0.899937017022
169302
0.890701689119
169322
0.890142021721
169342
0.894820057957
169362
0.891308675334
169382
0.91015625
169402
0.890208920739
169422
0.885793585526
169442
0.892543859649
169462
0.885490092419
169482
0.88904389881
169502
0.893865523183
169522
0.888138314536
169542
0.886146029135
169562
0.892739661654
169582
0.885083803258
169602
0.890091439536
169622
0.898408129699
169642
0.894890220343
169662
0.906816194131
169682
0.903538142231
169702
0.905107821637
169722
0.906535544591
169742
0.903719259085
169762
0.905897556391
169782
0.906284265351
169802
0.898793206976
169822
0.898881317878
169842
0.897871305869
169862
0.891437578321
169882
0.911794460109
169902
0.890566259398
169922
0.892480223997
169942
0.894673206454
169962
0.891246671366
169982
0.88985158208
170002
0.89532424812
170022
0.888001253133
170042
0.884481712093
170062
0.890894227757
170082
0.882244674185
170102
0.878264998434
170122
0.88357612782
170142
0.875941481307
170162
0.881585474102
170182
0.871007270781
170202
0.871464142126
170222
0.87927827381
170242
0.864981464077
170262
0.863072394528
170282
0.868383523914
170302
0.85936031485
170322
0.858136552318
170342
0.85689973632
170362
0.844631109023
170382
0.874564340539
170402
0.840313674812
170422
0.84219826911
170442
0.850970198935
170462
0.853872963659
170482
0.85782816416
170502
0.869302161654
170522
0.864646968985
170542
0.868616854637
170562
0.870501448935
170582
0.869693765664
170602
0.87267485119
170622
0.878583176692
170642
0.87603448726
170662
0.879749830305
170682
0.872860863095
170702
0.877927239975
170722
0.885295922097
170742
0.8821451415
170762
0.880751683897
170782
0.888498916562
170802
0.876830748747
170822
0.878819770781
170842
0.885632048872
170862
0.878315580618
170882
0.900331884398
170902
0.877700435986
170922
0.874672031642
170942
0.883016460422
170962
0.880485719507
170982
0.887296365915
171002
0.893064366646
171022
0.890930124791
171042
0.882977300021
171062
0.889707993943
171082
0.886333672723
171102
0.888779566103
171122
0.892530806182
171142
0.878163834064
171162
0.884959795322
171182
0.876246606099
171202
0.872183714495
171222
0.878310685568
171242
0.867608474311
171262
0.871798637218
171282
0.874574130639
171302
0.863400362886
171322
0.861308544799
171342
0.863623903509
171362
0.862406667711
171382
0.883096412907
171402
0.861538612155
171422
0.867065123747
171442
0.871338502506
171462
0.8671875
171482
0.868827341792
171502
0.879087366855
171522
0.875699992168
171542
0.877364309211
171562
0.88240621084
171582
0.87107906485
171602
0.870481868734
171622
0.874500704887
171642
0.872061338241
171662
0.873934510756
171682
0.861615301274
171702
0.85794890873
171722
0.866719206871
171742
0.864038351086
171762
0.869212419069
171782
0.878493434106
171802
0.876871540831
171822
0.881970551378
171842
0.889956009816
171862
0.882951193087
171882
0.906351164369
171902
0.893942212302
171922
0.899024906015
171942
0.905530427632
171962
0.895441729323
171982
0.891473475355
172002
0.892131043755
172022
0.877974558793
172042
0.886098710317
172062
0.888647399749
172082
0.874255952381
172102
0.871645258981
172122
0.869561599311
172142
0.862078699353
172162
0.872784173977
172182
0.860003198099
172202
0.857606255221
172222
0.85949084952
172242
0.846812669695
172262
0.849611006683
172282
0.860507388262
172302
0.846770245927
172322
0.84427703373
172342
0.836436795113
172362
0.832377166876
172382
0.862331610276
172402
0.826762544382
172422
0.821178923872
172442
0.828939210004
172462
0.820394084169
172482
0.817993877924
172502
0.819382440476
172522
0.8079361816
172542
0.815733996449
172562
0.82500685307
172582
0.824210591583
172602
0.832165048037
172622
0.847969533208
172642
0.840219037176
172662
0.855204417293
172682
0.859311364348
172702
0.845458372494
172722
0.845990301274
172742
0.842880312761
172762
0.829549459586
172782
0.834661523601
172802
0.843905009921
172822
0.835921183166
172842
0.834610941416
172862
0.83425033939
172882
0.846647869674
172902
0.818171731412
172922
0.826636904762
172942
0.829668572473
172962
0.814820253759
172982
0.817527216479
173002
0.822443478488
173022
0.814288324979
173042
0.807756696429
173062
0.811116332498
173082
0.789055973266
173102
0.788948282164
173122
0.795491332498
173142
0.776245627089
173162
0.780363995927
173182
0.765409617794
173202
0.7552018066
173222
0.765171392022
173242
0.736949796366
173262
0.738847444131
173282
0.738315515351
173302
0.738728331245
173322
0.754276642126
173342
0.736732782477
173362
0.749474597953
173382
0.791955474624
173402
0.76300941155
173422
0.770989974937
173442
0.786298428363
173462
0.774659630848
173482
0.778314601608
173502
0.794595538325
173522
0.787677200815
173542
0.792565724206
173562
0.808406106412
173582
0.799387792398
173602
0.803049289891
173622
0.817783390769
173642
0.807309615184
173662
0.824762100564
173682
0.81730530754
173702
0.827811716792
173722
0.83645963868
173742
0.832112834169
173762
0.834996018693
173782
0.851746880221
173802
0.850833137531
173822
0.855591126253
173842
0.863052814327
173862
0.861339546784
173882
0.888402647243
173902
0.867437147556
173922
0.870290961779
173942
0.874353853383
173962
0.863428101504
173982
0.861514136905
174002
0.863012022243
174022
0.855948464912
174042
0.855023300439
174062
0.865782620614
174082
0.861195958647
174102
0.860040726817
174122
0.863849075815
174142
0.854478318191
174162
0.863731594612
174182
0.857255443296
174202
0.860819039787
174222
0.867412672306
174242
0.859187356412
174262
0.864178675856
174282
0.866294969194
174302
0.863398731203
174322
0.866872585109
174342
0.871046431182
174362
0.859092718776
174382
0.88188896721
174402
0.853843593358
174422
0.854651276629
174442
0.86511363043
174462
0.861812734962
174482
0.859972196115
174502
0.874848253446
174522
0.868886082393
174542
0.870046209273
174562
0.882602012845
174582
0.878088776629
174602
0.876399984336
174622
0.890419407895
174642
0.88621129647
174662
0.894668311404
174682
0.889050425543
174702
0.892217522974
174722
0.900278038847
174742
0.895604897661
174762
0.902671718358
174782
0.912295386905
174802
0.912111006683
174822
0.914857129804
174842
0.921256592001
174862
0.91758693609
174882
0.932717536028
174902
0.921375704887
174922
0.924542802318
174942
0.932707745927
174962
0.931342026942
174982
0.931131539787
175002
0.936658051378
175022
0.937181821742
175042
0.935884633459
175062
0.943002036341
175082
0.937827968358
175102
0.93360843515
175122
0.935669251253
175142
0.934070201546
175162
0.934306795635
175182
0.942225355054
175202
0.940179224102
175222
0.940755208333
175242
0.940069901316
175262
0.931320815058
175282
0.9342611085
175302
0.935497924499
175322
0.936971334586
175342
0.928649749373
175362
0.92631807383
175382
0.930167214912
175402
0.921148900898
175422
0.923841178467
175442
0.927044172932
175462
0.928809654344
175482
0.932183975564
175502
0.926613408521
175522
0.914602587197
175542
0.903228122389
175562
0.904770063179
175582
0.903405975877
175602
0.905135560255
175622
0.908844376566
175642
0.906294055451
175662
0.906803140664
175682
0.902580344089
175702
0.90143979741
175722
0.902267060881
175742
0.891307043651
175762
0.89205598632
175782
0.896182513576
175802
0.893072525063
175822
0.897982260338
175842
0.898088319758
175862
0.897037515664
175882
0.909888653926
175902
0.895812121449
175922
0.899398561508
175942
0.913359244465
175962
0.909929446011
175982
0.915199783312
176002
0.919243094716
176022
0.917911641082
176042
0.917613043024
176062
0.918038912385
176082
0.920333059211
176102
0.920264528509
176122
0.927019697682
176142
0.932376514202
176162
0.928316885965
176182
0.921646564327
176202
0.910645755013
176222
0.906723188179
176242
0.912615196846
176262
0.915376005117
176282
0.918004647034
176302
0.927706636383
176322
0.930637139724
176342
0.93399514411
176362
0.933946193609
176382
0.940968958855
176402
0.932446676587
176422
0.938942408104
176442
0.947706179511
176462
0.949553245092
176482
0.947077981412
176502
0.949267700501
176522
0.95951630378
176542
0.960315828634
176562
0.960441468254
176582
0.960467575188
176602
0.960583424708
176622
0.959157333438
176642
0.999980419799
176662
1.0
176682
1.0
176702
1.0
176722
1.0
176742
1.0
176762
1.0
176782
1.0
