149605
0.20888227983
149625
0.181235203598
149645
0.386601365215
149665
0.303070746528
149685
0.146609651199
149705
0.171581538037
149725
0.231032986111
149745
0.134494850852
149765
0.126782966383
149785
0.168355922506
149805
0.184606317077
149825
0.176981238163
149845
0.21356977983
149865
0.287163135259
149885
0.303206873422
149905
0.317370975379
149925
0.304746192393
149945
0.215741891572
149965
0.249879162721
149985
0.249922565499
150005
0.344711766098
150025
0.345734690657
150045
0.344476996528
150065
0.265375927241
150085
0.239175939078
150105
0.233989307134
150125
0.230932370581
150145
0.314894057765
150165
0.316072837753
150185
0.264236604324
150205
0.238633897569
150225
0.180858881787
150245
0.211541686395
150265
0.140092329545
150285
0.139735736269
150305
0.15045622238
150325
0.14967349274
150345
0.153002683081
150365
0.116253353851
150385
0.151159051452
150405
0.16767726089
150425
0.196082899306
150445
0.28571012863
150465
0.352592329545
150485
0.386053898359
150505
0.378177280619
150525
0.396143071338
150545
0.409455393782
150565
0.407202395044
150585
0.404083806818
150605
0.37089695786
150625
0.19231425584
150645
0.134979186395
150665
0.112571022727
150685
0.192172210385
150705
0.218690321181
150725
0.121502130682
150745
0.084033203125
150765
0.0664506392045
150785
0.0607722735164
150805
0.0766872829861
150825
0.0871335424558
150845
0.0884297072285
150865
0.089453125
150885
0.0819730508207
150905
0.127782709912
150925
0.140940163352
150945
0.225686059817
150965
0.347002742266
150985
0.418097478693
151005
0.524519610164
151025
0.585677576547
151045
0.673286576705
151065
0.745464409722
151085
0.793965534249
151105
0.807397214331
151125
0.80116743608
151145
0.798573133681
151165
0.784755760732
151185
0.779809323706
151205
0.79427034012
151225
0.792812401357
151245
0.779723011364
151265
0.786748836016
151285
0.778387882734
151305
0.784982638889
151325
0.788602825126
151345
0.79443211411
151365
0.787543895991
151385
0.789442767519
151405
0.785714074337
151425
0.789242029672
151445
0.789244495739
151465
0.791483684501
151485
0.795712989268
151505
0.790569760101
151525
0.786850931187
151545
0.792760120739
151565
0.795356889205
151585
0.811405066288
151605
0.805024857955
151625
0.804733368845
151645
0.804571594855
151665
0.804627327967
151685
0.800889263731
151705
0.799302103062
151725
0.791747553662
151745
0.777387152778
151765
0.767099708018
151785
0.770304608586
151805
0.75833284012
151825
0.735353535354
151845
0.726831301294
151865
0.70982974274
151885
0.700180516098
151905
0.702087772254
151925
0.709025311711
151945
0.71068102904
151965
0.712408262311
151985
0.719196358112
152005
0.717949021465
152025
0.72196821733
152045
0.717692550505
152065
0.723956853693
152085
0.725241674558
152105
0.723390644729
152125
0.72284860322
152145
0.722043678977
152165
0.723919369476
152185
0.723952414773
152205
0.725697403725
152225
0.722536892361
152245
0.714210464015
152265
0.713751282355
152285
0.709755760732
152305
0.708612985322
152325
0.704854699337
152345
0.694030638415
152365
0.687942905619
152385
0.673364011206
152405
0.678090968277
152425
0.684703480114
152445
0.702092211174
152465
0.700249072759
152485
0.710624309501
152505
0.714756451231
152525
0.720932469223
152545
0.727479383681
152565
0.731571081913
152585
0.727945470328
152605
0.723321101641
152625
0.720288825758
152645
0.710808278093
152665
0.713628472222
152685
0.711183613479
152705
0.715019827178
152725
0.709859335543
152745
0.704717092803
152765
0.707780934343
152785
0.714497514205
152805
0.71047831834
152825
0.708821614583
152845
0.704761975221
152865
0.697085602115
152885
0.699808139994
152905
0.700831557765
152925
0.705377998737
152945
0.702030559501
152965
0.704356553819
152985
0.704707721749
153005
0.706917317708
153025
0.709396208176
153045
0.70999447601
153065
0.708481790562
153085
0.705024364741
153105
0.705579229798
153125
0.699579782197
153145
0.698130721275
153165
0.694762073864
153185
0.692100694444
153205
0.709790285669
153225
0.716153724747
153245
0.711338482481
153265
0.770265644729
153285
0.911155007102
153305
0.909104225852
153325
0.914100970644
153345
0.911189038826
153365
0.917147549716
153385
0.905014500473
153405
0.902265329072
153425
0.903574810606
153445
0.909490411932
153465
0.896323094223
153485
0.896155894886
153505
0.899079663826
153525
0.895430871212
153545
0.897768702652
153565
0.902453243371
153585
0.900760535038
153605
0.898659446023
153625
0.89150686553
153645
0.897672526042
153665
0.898521839489
153685
0.892508581913
153705
0.885215435606
153725
0.890009469697
153745
0.880649266098
153765
0.890971235795
153785
0.889925130208
153805
0.887534031723
153825
0.886085464015
153845
0.890795158617
153865
0.887187795928
153885
0.889281486742
153905
0.884633937027
153925
0.892610677083
153945
0.901432291667
153965
0.9044921875
153985
0.916006747159
154005
0.91650834517
154025
0.917783794981
154045
0.918511777936
154065
0.926643880208
154085
0.925010357481
154105
0.923804450758
154125
0.914786044034
154145
0.908873401989
154165
0.903262606534
154185
0.903468276515
154205
0.905610795455
154225
0.905510179924
154245
0.903567412405
154265
0.906727923769
154285
0.905501302083
154305
0.912215909091
154325
0.909635416667
154345
0.90576615767
154365
0.901040187027
154385
0.903786399148
154405
0.903582208807
154425
0.902759528883
154445
0.90165571733
154465
0.906278113163
154485
0.900418738163
154505
0.896413352273
154525
0.896539121686
154545
0.901220703125
154565
0.899158084754
154585
0.90615382339
154605
0.898913944129
154625
0.902410333807
154645
0.902457682292
154665
0.907556522254
154685
0.91337446733
154705
0.913970762311
154725
0.911239346591
154745
0.904042376894
154765
0.899789891098
154785
0.906184895833
154805
0.909360203598
154825
0.911021839489
154845
0.911147608902
154865
0.912116773201
154885
0.908556758996
154905
0.915077533144
154925
0.919210168087
154945
0.921207682292
154965
0.907933830492
154985
0.899715909091
155005
0.894179095644
155025
0.893056048769
155045
0.890588008996
155065
0.890437085701
155085
0.886690636837
155105
0.889561138731
155125
0.887545868845
155145
0.885653409091
155165
0.885708155777
155185
0.890647194602
155205
0.892669862689
155225
0.899551669034
155245
0.896323094223
155265
0.89413618608
155285
0.897132457386
155305
0.896018288352
155325
0.897423946496
155345
0.890761126894
155365
0.895537405303
155385
0.90107569839
155405
0.895385002367
155425
0.899164003314
155445
0.89111032197
155465
0.884271425189
155485
0.880754320549
155505
0.88173532197
155525
0.888470643939
155545
0.89277491714
155565
0.880462831439
155585
0.880780954072
155605
0.883556758996
155625
0.885194720644
155645
0.883834931345
155665
0.890952000473
155685
0.895883641098
155705
0.895183771307
155725
0.886029237689
155745
0.892989464962
155765
0.901228101326
155785
0.904472952178
155805
0.905063328598
155825
0.911391749527
155845
0.908083274148
155865
0.906359493371
155885
0.905597478693
155905
0.90917524858
155925
0.903792317708
155945
0.897718394886
155965
0.885974491004
155985
0.893513257576
156005
0.899178799716
156025
0.905416962595
156045
0.905411044034
156065
0.912350556345
156085
0.916194661458
156105
0.931460108902
156125
0.935009765625
156145
0.937353515625
156165
0.936985085227
156185
0.933960700758
156205
0.935600142045
156225
0.933132102273
156245
0.923350201231
156265
0.918451112689
156285
0.909559955019
156305
0.90273289536
156325
0.902240175189
156345
0.898652047822
156365
0.895586233428
156385
0.905289713542
156405
0.904962713068
156425
0.909448982008
156445
0.910388553504
156465
0.910239109848
156485
0.903102805398
156505
0.911513080019
156525
0.90586085464
156545
0.905294152462
156565
0.907935310133
156585
0.905968868371
156605
0.899763257576
156625
0.902749171402
156645
0.899715909091
156665
0.906853693182
156685
0.904998224432
156705
0.910178444602
156725
0.915400094697
156745
0.915590968277
156765
0.919659978693
156785
0.923953894413
156805
0.927037464489
156825
0.926473721591
156845
0.923959812973
156865
0.928150153883
156885
0.924088541667
156905
0.923958333333
156925
0.922642933239
156945
0.921920868845
156965
0.921021247633
156985
0.924459931345
157005
0.926208866004
157025
0.92050929214
157045
0.921795099432
157065
0.919881924716
157085
0.922444661458
157105
0.919222005208
157125
0.919739879261
157145
0.91806196733
157165
0.916736209754
157185
0.923467092803
157205
0.931513375947
157225
0.937236624053
157245
0.947662168561
157265
0.949742542614
157285
0.960879794034
157305
0.966065932765
157325
0.982550603693
157345
0.989026988636
157365
0.986757220644
157385
0.979839902936
157405
0.971050840436
157425
0.966358901515
157445
0.959099786932
157465
0.956679095644
157485
0.942928799716
157505
0.936294093277
157525
0.923171164773
157545
0.924297170928
157565
0.925661399148
157585
0.916870857008
157605
0.912859552557
157625
0.919094756155
157645
0.913603811553
157665
0.911078065814
157685
0.911650686553
157705
0.91455078125
157725
0.916561612216
157745
0.913043027936
157765
0.914775686553
157785
0.916745087595
157805
0.914367305871
157825
0.922024443655
157845
0.920756392045
157865
0.91631155303
157885
0.923570667614
157905
0.92070164536
157925
0.922475733902
157945
0.923962772254
157965
0.916074810606
157985
0.921151455966
158005
0.925482362689
158025
0.922253787879
158045
0.929017223011
158065
0.92890477036
158085
0.933152817235
158105
0.933133581913
158125
0.940345348011
158145
0.938506155303
158165
0.946120383523
158185
0.945248875473
158205
0.954583925189
158225
0.950753136837
158245
0.94579930161
158265
0.930089962121
158285
0.922382516572
158305
0.922283380682
158325
0.904009824811
158345
0.889828953598
158365
0.892160866477
158385
0.871624940814
158405
0.855066287879
158425
0.842729048295
158445
0.852846827652
158465
0.852957800663
158485
0.86952829072
158505
0.881124230587
158525
0.876503314394
158545
0.878798236269
158565
0.888917495265
158585
0.915320194129
158605
0.940533262311
158625
0.948792613636
158645
0.951697147254
158665
0.951695667614
158685
0.961316287879
158705
0.972915187027
158725
0.963321200284
158745
0.960227272727
158765
0.946524325284
158785
0.941314512311
158805
0.924452533144
158825
0.919790187027
158845
0.914587772254
158865
0.906902521307
158885
0.902305279356
158905
0.917326586174
158925
0.924764737216
158945
0.940269886364
158965
0.950617009943
158985
0.97070460464
159005
0.977567175663
159025
0.987840317235
159045
1.0
159065
0.808080314867
159085
0.098851306029
159105
0.0961613202336
159125
0.0944710779672
159145
0.0898042929293
159165
1.0
159185
1.0
