133473
0.188914930556
133493
0.211736111111
133513
0.213206983025
133533
0.215838155864
133553
0.183897569444
133573
0.190119598765
133593
0.185331790123
133613
0.187955246914
133633
0.181305941358
133653
0.184065393519
133673
0.187235725309
133693
0.189386574074
133713
0.186157407407
133733
0.183224344136
133753
0.190936535494
133773
0.189183063272
133793
0.186462191358
133813
0.186833526235
133833
0.184292052469
133853
0.186667631173
133873
0.190973186728
133893
0.190076195988
133913
0.19565007716
133933
0.197201003086
133953
0.196227816358
133973
0.19817033179
133993
0.199834104938
134013
0.19986882716
134033
0.194469521605
134053
0.197612847222
134073
0.198777006173
134093
0.199617091049
134113
0.21268132716
134133
0.219880401235
134153
0.221115933642
134173
0.207634066358
134193
0.226168981481
134213
0.297886766975
134233
0.339011381173
134253
0.348946759259
134273
0.347022569444
134293
0.259357638889
134313
0.251376350309
134333
0.249226466049
134353
0.271946373457
134373
0.247234760802
134393
0.258284143519
134413
0.259741512346
134433
0.272471064815
134453
0.248055555556
134473
0.236654128086
134493
0.244026813272
134513
0.243669945988
134533
0.242227044753
134553
0.240234375
134573
0.240971257716
134593
0.244164737654
134613
0.238164544753
134633
0.237777777778
134653
0.240492862654
134673
0.242793209877
134693
0.249003665123
134713
0.246929012346
134733
0.245849729938
134753
0.24254533179
134773
0.242173996914
134793
0.243889853395
134813
0.243241705247
134833
0.242059220679
134853
0.236709104938
134873
0.243111496914
134893
0.254746334877
134913
0.246463155864
134933
0.273690200617
134953
0.346289544753
134973
0.343995949074
134993
0.392980324074
135013
0.32283757716
135033
0.274616126543
135053
0.237314814815
135073
0.291667631173
135093
0.268140432099
135113
0.269549575617
135133
0.396346450617
135153
0.375868055556
135173
0.356749614198
135193
0.410873842593
135213
0.433478973765
135233
0.441455439815
135253
0.435897955247
135273
0.421179591049
135293
0.426290509259
135313
0.428111496914
135333
0.430195794753
135353
0.429434799383
135373
0.425306712963
135393
0.42765625
135413
0.426236496914
135433
0.422176890432
135453
0.429272762346
135473
0.426422646605
135493
0.420477430556
135513
0.427042824074
135533
0.426522955247
135553
0.479221643519
135573
0.85920621142
135593
0.997984182099
135613
1.0
135633
1.0
135653
1.0
135673
1.0
135693
1.0
135713
1.0
135733
1.0
135753
1.0
135773
1.0
135793
1.0
135813
1.0
135833
0.999994212963
135853
0.999991319444
135873
0.992273341049
135893
0.989441550926
135913
0.989103009259
135933
0.989041280864
135953
0.990063657407
135973
0.991259645062
135993
0.991134259259
136013
0.991148726852
136033
0.991114969136
136053
0.994775270062
136073
0.992104552469
136093
0.991981095679
136113
0.992189429012
136133
0.992105516975
136153
1.0
136173
0.981521026235
136193
0.980907600309
136213
0.98072337963
136233
0.981051311728
136253
1.0
136273
0.990329861111
136293
0.99033757716
136313
0.990396412037
136333
0.99033275463
136353
0.99762345679
136373
0.997042824074
136393
0.997099729938
136413
0.99709683642
136433
0.997391975309
136453
0.994221643519
136473
0.994047067901
136493
0.993955439815
136513
0.994053819444
136533
0.996442901235
136553
0.996283757716
136573
0.996252893519
136593
0.996191165123
136613
0.996266396605
136633
1.0
136653
0.994973958333
136673
0.994962384259
136693
0.99497492284
136713
0.994784915123
136733
1.0
136753
0.994805169753
136773
0.994812885802
136793
0.994885223765
136813
0.994731867284
136833
0.995845871914
136853
0.994796489198
136873
0.994867862654
136893
0.994928626543
136913
0.994933449074
136933
0.995911458333
136953
0.994851466049
136973
0.994764660494
136993
0.994793595679
137013
0.995639467593
137033
0.995112847222
137053
0.995112847222
137073
0.995002893519
137093
0.995145640432
137113
0.99903742284
137133
0.990643325617
137153
0.99088445216
137173
0.990622106481
137193
0.990605709877
137213
1.0
137233
0.993946759259
137253
0.993837770062
137273
0.993927469136
137293
0.993843557099
137313
0.988764467593
137333
0.986347415123
137353
0.986156442901
137373
0.986085069444
137393
0.988024691358
137413
0.990157214506
137433
0.990195794753
137453
0.990315393519
137473
0.990496720679
137493
0.998086419753
137513
0.990854552469
137533
0.990896990741
137553
0.990676118827
137573
0.990857445988
137593
1.0
137613
0.993769290123
137633
0.993609182099
137653
0.99360628858
137673
0.993587962963
137693
1.0
137713
0.989752121914
137733
0.989783950617
137753
0.989862075617
137773
0.989668209877
137793
0.993884066358
137813
0.991388888889
137833
0.991541280864
137853
0.99145158179
137873
0.992834683642
137893
0.99114679784
137913
0.990754243827
137933
0.991033950617
137953
0.991020447531
137973
0.998531057099
137993
0.991213348765
138013
0.991288580247
138033
0.991064814815
138053
0.991186342593
138073
1.0
138093
0.992706404321
138113
0.992806712963
138133
0.992718942901
138153
0.992739197531
138173
1.0
138193
0.985739776235
138213
0.98549382716
138233
0.985605709877
138253
0.985138888889
138273
1.0
138293
1.0
138313
1.0
138333
1.0
138353
1.0
138373
0.996108217593
138393
0.98994212963
138413
0.979620949074
138433
0.971044560185
138453
0.964103009259
138473
0.957439236111
138493
0.95140625
138513
0.945381944444
138533
0.938538773148
138553
0.933605324074
138573
0.930865162037
138593
0.930601851852
138613
0.931050347222
138633
0.935842013889
138653
0.941539351852
138673
0.951440972222
138693
0.958365162037
138713
0.959866898148
138733
0.962971643519
138753
0.967757523148
138773
0.969259259259
138793
0.976264467593
138813
0.982664930556
138833
0.983984375
138853
0.984725115741
138873
0.984817708333
138893
0.984722222222
138913
0.978478009259
138933
0.978211805556
138953
0.978668981481
138973
0.982818287037
138993
0.986982060185
139013
0.989713541667
139033
0.994493634259
139053
0.994560185185
139073
0.987719907407
139093
0.982378472222
139113
0.976394675926
139133
0.970749421296
139153
0.965512152778
139173
0.96630787037
139193
0.959733796296
139213
0.951727430556
139233
0.947436342593
139253
0.939574652778
139273
0.937057291667
139293
0.927306134259
139313
0.916082175926
139333
0.916987847222
139353
0.916536458333
139373
0.912282986111
139393
0.906513310185
139413
0.907763310185
139433
0.908015046296
139453
0.90544849537
139473
0.903946759259
139493
0.905034722222
139513
0.90265625
139533
0.904632523148
139553
0.910844907407
139573
0.90548900463
139593
0.908234953704
139613
0.913321759259
139633
0.917899305556
139653
0.918622685185
139673
0.920164930556
139693
0.910280671296
139713
0.90416087963
139733
0.91109375
139753
0.904227430556
139773
0.90771412037
139793
0.907725694444
139813
0.909577546296
139833
0.909560185185
139853
0.909305555556
139873
0.905949074074
139893
0.903909143519
139913
0.908735532407
139933
0.902459490741
139953
0.917601273148
139973
0.926574074074
139993
0.920737847222
140013
0.926412037037
140033
0.926030092593
140053
0.917439236111
140073
0.916695601852
140093
0.919829282407
140113
0.916603009259
140133
0.919201388889
140153
0.917534722222
140173
0.909366319444
140193
0.916281828704
140213
0.908628472222
140233
0.907604166667
140253
0.914962384259
140273
0.912569444444
140293
0.914079861111
140313
0.924250578704
140333
0.928804976852
140353
0.919548611111
140373
0.91982349537
140393
0.915691550926
140413
0.915451388889
140433
0.912013888889
140453
0.913003472222
140473
0.918822337963
140493
0.91497974537
140513
0.911710069444
140533
0.910616319444
140553
0.90791087963
140573
0.901200810185
140593
0.899363425926
140613
0.9021875
140633
0.903324652778
140653
0.910211226852
140673
0.910451388889
140693
0.921594328704
140713
0.920888310185
140733
0.924765625
140753
0.932164351852
140773
0.929670138889
140793
0.927919560185
140813
0.928648726852
140833
0.93185474537
140853
0.923472222222
140873
0.927280092593
140893
0.928234953704
140913
0.928715277778
140933
0.927482638889
140953
0.914539930556
140973
0.910633680556
140993
0.910188078704
141013
0.907884837963
141033
0.910596064815
141053
0.915978009259
141073
0.920031828704
141093
0.918515625
141113
0.914360532407
141133
0.911869212963
141153
0.895894097222
141173
0.891692708333
141193
0.883755787037
141213
0.879210069444
141233
0.883839699074
141253
0.870107060185
141273
0.869389467593
141293
0.857476851852
141313
0.854771412037
141333
0.839991319444
141353
0.837233796296
141373
0.839484953704
141393
0.837705439815
141413
0.840894097222
141433
0.835755208333
141453
0.836108217593
141473
0.84900462963
141493
0.84544849537
141513
0.859322916667
141533
0.868975694444
141553
0.877699652778
141573
0.877939814815
141593
0.881125578704
141613
0.876594328704
141633
0.875737847222
141653
0.871822916667
141673
0.87377025463
141693
0.875477430556
141713
0.86841724537
141733
0.854988425926
141753
0.847132523148
141773
0.844033564815
141793
0.834858217593
141813
0.824435763889
141833
0.818599537037
141853
0.81828125
141873
0.823958333333
141893
0.824670138889
141913
0.832126736111
141933
0.847317708333
141953
0.863683449074
141973
0.858677662037
141993
0.870245949074
142013
0.883599537037
142033
0.889982638889
142053
0.893061342593
142073
0.905978009259
142093
0.916909722222
142113
0.926637731481
142133
0.91548900463
142153
0.91328125
142173
0.909398148148
142193
0.910506365741
142213
0.908903356481
142233
0.922586805556
142253
0.912303240741
142273
0.903706597222
142293
0.879088541667
142313
0.872855902778
142333
0.865821759259
142353
0.872743055556
142373
0.878478009259
142393
0.893321759259
142413
0.903559027778
142433
0.912881944444
142453
0.912199074074
142473
0.914742476852
142493
0.922494212963
142513
0.928773148148
142533
0.934571759259
142553
0.960813078704
142573
0.97453125
142593
0.981964699074
142613
0.987141203704
142633
0.988938078704
142653
0.98841724537
142673
0.988220486111
142693
0.987549189815
142713
0.987146990741
142733
0.987578125
142753
0.987945601852
142773
0.998295717593
142793
1.0
142813
1.0
142833
1.0
142853
1.0
142873
1.0
142893
1.0
142913
1.0
142933
1.0
142953
1.0
142973
1.0
142993
1.0
143013
1.0
143033
1.0
143053
1.0
