228449
0.758981396378
228469
0.759276067198
228489
0.75992455576
228509
0.761604073053
228529
0.765964775667
228549
0.770405901076
228569
0.772036909382
228589
0.775234885621
228609
0.777535020084
228629
0.781000221269
228649
0.789437593614
228669
0.802616719431
228689
0.81631689134
228709
0.820794611247
228729
0.806250851035
228749
0.790912224265
228769
0.783348013685
228789
0.773603239039
228809
0.764367595997
228829
0.75938819104
228849
0.759138625068
228869
0.756170215482
228889
0.758889059096
228909
0.761151748026
228929
0.76416675177
228949
0.766728366694
228969
0.773617706631
228989
0.779880684913
229009
0.786651305487
229029
0.786197916667
229049
0.793116191789
229069
0.803984545207
229089
0.815218630855
229109
0.822198180487
229129
0.804987489788
229149
0.788996757557
229169
0.782359536697
229189
0.771241830065
229209
0.766224766816
229229
0.76029199006
229249
0.760064125477
229269
0.75834375851
229289
0.758269080202
229309
0.760504748775
229329
0.763389544186
229349
0.766349656182
229369
0.765929244962
229389
0.771624582993
229409
0.781067240264
229429
0.79591822406
229449
0.803653492647
229469
0.807452937772
229489
0.797297964325
229509
0.786764705882
229529
0.770616532203
229549
0.766060942606
229569
0.761807044867
229589
0.759081605733
229609
0.758566304126
229629
0.757041675177
229649
0.759658394608
229669
0.761230255991
229689
0.76639305896
229709
0.818314270153
229729
0.917092184096
229749
1.0
229769
0.995365051403
229789
0.989017607911
229809
0.978104362405
229829
0.967907049973
229849
0.95935521344
229869
0.949780007489
229889
0.940841588371
229909
0.932145714188
229929
0.920588022535
229949
0.916148599197
229969
0.91353953908
229989
0.9165551811
230009
0.921605860226
230029
0.918393416394
230049
0.917226009327
230069
0.921556500204
230089
0.922230732571
230109
0.919986128132
230129
0.920052083333
230149
0.920872693696
230169
0.918482987813
230189
0.918139808007
230209
0.919053181168
230229
0.924340447985
230249
0.9223351971
230269
0.918171296296
230289
0.922240306713
230309
0.926503140319
230329
0.928703703704
230349
0.923995991626
230369
0.914851196555
230389
0.901369102328
230409
0.896679261983
230429
0.895489728009
230449
0.893984247345
230469
0.88199486826
230489
0.873836848107
230509
0.875310414965
230529
0.885509642225
230549
0.895598022195
230569
0.910385178377
230589
0.917835137527
230609
0.922535190291
230629
0.934873706427
230649
0.951494204453
230669
0.953660513685
230689
0.949304066245
230709
0.945003787105
230729
0.944749965959
230749
0.93705810015
230769
0.925781462759
230789
0.9277807564
230809
0.924123859613
230829
0.924242153459
230849
0.921869255515
230869
0.920302287582
230889
0.938766127111
230909
0.938674428105
230929
0.949313640387
230949
0.954618353418
230969
0.952156947849
230989
0.957081248298
231009
0.953958375885
231029
0.949362362132
231049
0.949319597631
231069
0.939020586533
231089
0.938599749796
231109
0.92916773046
231129
0.928216911765
231149
0.924013225082
231169
0.913075725082
231189
0.915770526961
231209
0.92215137357
231229
0.924716605392
231249
0.926879723243
231269
0.920084848175
231289
0.91653858592
231309
0.914998851103
231329
0.911815342456
231349
0.910622404344
231369
0.90977051845
231389
0.904451337827
231409
0.900618276825
231429
0.900908905229
231449
0.901229107094
231469
0.900410624319
231489
0.894666564542
231509
0.896946699687
231529
0.894560823461
231549
0.894518271718
231569
0.88258910335
231589
0.883672470724
231609
0.878566048815
231629
0.877853094363
231649
0.889836090686
231669
0.899006204044
231689
0.898018578091
231709
0.898312397876
231729
0.906164896514
231749
0.916327316517
231769
0.925093826593
231789
0.920001021242
231809
0.927309283088
231829
0.914886301743
231849
0.910813674428
231869
0.915802228009
231889
0.913288058279
231909
0.910496876702
231929
0.912859562228
231949
0.906846788194
231969
0.906404888344
231989
0.908326737813
232009
0.909975617851
232029
0.916033922249
232049
0.913806764025
232069
0.915097783905
232089
0.919442316857
232109
0.9225866779
232129
0.927462256604
232149
0.932661441313
232169
0.934989659926
232189
0.934707116353
232209
0.931282126566
232229
0.93593920207
232249
0.933296313317
232269
0.926967167075
232289
0.92687206393
232309
0.924722988154
232329
0.923977907135
232349
0.923140701593
232369
0.925309138412
232389
0.928513710172
232409
0.927202052696
232429
0.928066278595
232449
0.932724417892
232469
0.924208963099
232489
0.920161654071
232509
0.918094064883
232529
0.911316210512
232549
0.899974681713
232569
0.899807240605
232589
0.900485515387
232609
0.895103145425
232629
0.897353068832
232649
0.904093690428
232669
0.903631365741
232689
0.90001489311
232709
0.909122242647
232729
0.916373697917
232749
0.915833929058
232769
0.919576993124
232789
0.915110336669
232809
0.913294228282
232829
0.909885408156
232849
0.910208588644
232869
0.917241966231
232889
0.911461311955
232909
0.912101928445
232929
0.909916045411
232949
0.902466724537
232969
0.901243574687
232989
0.897374982979
233009
0.903806040645
233029
0.907725268927
233049
0.90337328942
233069
0.899648735362
233089
0.900660190291
233109
0.911318550858
233129
0.913893356822
233149
0.919824005991
233169
0.922676887595
233189
0.918455116422
233209
0.915217567062
233229
0.915872012868
233249
0.920379306236
233269
0.919273811955
233289
0.916471354167
233309
0.921953507966
233329
0.918600430624
233349
0.920877161629
233369
0.917462597018
233389
0.905740017361
233409
0.8978051811
233429
0.890475005106
233449
0.883368438521
233469
0.869022543913
233489
0.86093260655
233509
0.863926121664
233529
0.853333716299
233549
0.86113940802
233569
0.870705890863
233589
0.881595307394
233609
0.880638531454
233629
0.890737336601
233649
0.896722877519
233669
0.887987855733
233689
0.884214154412
233709
0.885950903799
233729
0.887333197168
233749
0.891199023012
233769
0.893702554807
233789
0.895453559028
233809
0.897357111247
233829
0.902585231141
233849
0.916172640931
233869
0.914544398489
233889
0.92103077342
233909
0.920926947168
233929
0.920943329589
233949
0.912556168301
233969
0.916501353145
233989
0.907786330678
234009
0.916388591027
234029
0.917675355733
234049
0.918322354984
234069
0.913662300858
234089
0.910938776552
234109
0.905576831427
234129
0.909004587078
234149
0.906985932394
234169
0.914017182394
234189
0.910977711397
234209
0.904552823734
234229
0.904056457653
234249
0.887494468273
234269
0.873193891272
234289
0.885003702002
234309
0.890996263957
234329
0.891463482094
234349
0.883696725218
234369
0.884076499523
234389
0.87938453159
234409
0.886088345929
234429
0.899770220588
234449
0.891185619213
234469
0.885989838644
234489
0.874801496119
234509
0.878326056985
234529
0.881448929398
234549
0.88783105256
234569
0.890556704453
234589
0.884472017974
234609
0.892274305556
234629
0.909240536492
234649
0.901587605528
234669
0.914196325231
234689
0.907758672045
234709
0.904364319513
234729
0.896360123911
234749
0.896524799156
234769
0.907043377247
234789
0.903643705746
234809
0.904247940496
234829
0.911512374047
234849
0.902466511778
234869
0.902320133783
234889
0.897315197781
234909
0.901651007625
234929
0.904962171501
234949
0.894835707721
234969
0.889211218342
234989
0.886811087282
235009
0.897213073597
235029
0.901243361928
235049
0.908825231481
235069
0.911282381876
235089
0.907633144404
235109
0.912160437092
235129
0.914169730392
235149
0.916912615741
235169
0.918022790714
235189
0.912028739447
235209
0.911158981822
235229
0.905694274237
235249
0.906934870302
235269
0.90594873366
235289
0.908501838235
235309
0.909829239856
235329
0.909662437023
235349
0.903800083401
235369
0.900035317947
235389
0.902521616285
235409
0.907376131876
235429
0.911942997685
235449
0.912015335648
235469
0.909545632489
235489
0.910811334082
235509
0.909560100082
235529
0.919635076253
235549
0.911112813181
235569
0.909162241285
235589
0.897798372821
235609
0.886657901008
235629
0.876777173543
235649
0.865560746868
235669
0.854441550926
235689
0.843987225967
235709
0.826638880379
235729
0.82324388957
235749
0.822829648352
235769
0.826323146446
235789
0.821828193083
235809
0.827254178581
235829
0.835768782339
235849
0.841599647672
235869
0.827352473107
235889
0.828649875749
235909
0.827698631536
235929
0.823448776212
235949
0.821563734001
235969
0.826113579112
235989
0.815966477737
236009
0.829799198325
236029
0.826935891544
236049
0.82925219567
236069
0.834690095656
236089
0.828544560185
236109
0.832084652437
236129
0.831804661969
236149
0.833076746324
236169
0.839610991966
236189
0.820798866422
236209
0.819191687092
236229
0.829038373162
236249
0.830996391612
236269
0.827176308892
236289
0.817908752042
236309
0.802086524714
236329
0.810230290033
236349
0.802568210444
236369
0.804727073121
236389
0.81624731924
236409
0.818611281318
236429
0.822927091844
236449
0.842372387323
236469
0.857064653118
236489
0.85518407884
236509
0.852302474809
236529
0.860543258102
236549
0.85902245881
236569
0.856777854371
236589
0.865949244281
236609
0.867987472767
236629
0.868277037377
236649
0.872585188589
236669
0.885041147535
236689
0.892978324142
236709
0.895078890931
236729
0.898383459286
236749
0.902574805964
236769
0.897580933415
236789
0.897059887323
236809
0.900161909382
236829
0.895253353077
236849
0.897871136302
236869
0.901677176947
236889
0.903699235771
236909
0.892803649237
236929
0.907486553649
236949
0.914125902097
236969
0.905471090346
236989
0.891926657816
237009
0.888831231277
237029
0.880060040509
237049
0.866689006332
237069
0.859731583606
237089
0.859742008783
237109
0.848501114856
237129
0.832916326253
237149
0.833122702206
237169
0.829777284178
237189
0.83682959729
237209
0.845835248162
237229
0.858922462214
237249
0.859933917143
237269
0.876055708742
237289
0.879125816993
237309
0.876864404616
237329
0.874608311206
237349
0.89611523863
237369
0.892295794186
237389
0.896830958946
237409
0.892219626566
237429
0.885981328295
237449
0.884475634872
237469
0.893736596201
237489
0.900603383715
237509
0.912329367511
237529
0.905938734001
237549
0.911318338099
237569
0.910348796637
237589
0.912343835103
237609
0.913073810253
237629
0.906539777369
237649
0.898971737132
237669
0.892883646514
237689
0.888004450912
237709
0.842940878608
237729
0.807476979507
237749
0.815027999047
237769
0.811763854847
237789
0.801998442606
237809
0.791313061683
237829
0.764733328227
237849
0.756789343342
237869
0.756617647059
237889
0.77546849469
237909
0.793923185594
237929
0.969640820738
237949
1.0
237969
1.0
237989
1.0
238009
1.0
238029
1.0
