137707
0.0911416696948
137727
0.0390329760174
137747
0.039789244186
137767
0.0405814710514
137787
0.0401389898256
137807
0.041603455063
137827
0.0404542908188
137847
0.0393240522045
137867
0.128216600048
137887
0.129180671633
137907
0.127409989704
137927
0.131576656371
137947
0.0866335846657
137967
0.0866589450097
137987
0.0858754239341
138007
0.0858947280766
138027
0.086527222626
138047
0.0900833484738
138067
0.0393062621124
138087
0.0398395863614
138107
0.0402688196463
138127
0.041062560562
138147
0.0407321190649
138167
0.0425345960514
138187
0.0412503028101
138207
0.0387767229893
138227
0.0383308351502
138247
0.0383891260901
138267
0.0378539092781
138287
0.0890450884205
138307
0.0891423661579
138327
0.0900863765746
138347
0.090404327156
138367
0.0922333000242
138387
0.0912351623062
138407
0.0379670845446
138427
0.0381419573643
138447
0.038939483406
138467
0.03913101078
138487
0.0384383327277
138507
0.036525330063
138527
0.0364439498547
138547
0.0732391593992
138567
0.0738989068556
138587
0.0739261597626
138607
0.0750041636386
138627
0.0358485495397
138647
0.0365612887597
138667
0.0377600381541
138687
0.0379106861676
138707
0.0379315043605
138727
0.0394402555717
138747
0.0888448552568
138767
0.0894440406977
138787
0.0952966024709
138807
0.0962311500727
138827
0.0370363220688
138847
0.0502013687016
138867
0.0648808442345
138887
0.0495677386143
138907
0.0499254330184
138927
0.0502543604651
138947
0.054734435562
138967
0.0502339207849
138987
0.0515723413275
139007
0.0712750575339
139027
0.0719514595446
139047
0.121855317345
139067
0.136286867127
139087
0.124074915213
139107
0.116830562621
139127
0.117625439075
139147
0.128187076066
139167
0.121990446342
139187
0.123394728077
139207
0.113955380935
139227
0.12151503452
139247
0.130060334908
139267
0.137747547238
139287
0.128919497941
139307
0.122346248183
139327
0.113581031977
139347
0.107913562863
139367
0.101532218992
139387
0.077414153343
139407
0.060667999031
139427
0.0507676235465
139447
0.0467996759932
139467
0.0466914213905
139487
0.0454128058382
139507
0.045630829094
139527
0.045921905281
139547
0.0446818980136
139567
0.0445244367733
139587
0.0447875030281
139607
0.0445921905281
139627
0.0449192254118
139647
0.0439456910126
139667
0.0423725926599
139687
0.0398808442345
139707
0.0391052719234
139727
0.127669649346
139747
0.206073991642
139767
0.144105044816
139787
0.0839397105136
139807
0.0821031673934
139827
0.0967966478924
139847
0.0941966448643
139867
0.0821118731831
139887
0.0907813257025
139907
0.127962996609
139927
0.0644546390504
139947
0.0807253815407
139967
0.135462466691
139987
0.0811228197674
140007
0.118391170058
140027
0.0463689286579
140047
0.0467879421027
140067
0.0469987736192
140087
0.0465131419574
140107
0.0462311500727
140127
0.0466974775921
140147
0.0463420542636
140167
0.0466762808866
140187
0.0478716236676
140207
0.0490461482558
140227
0.0494545633479
140247
0.0483871578246
140267
0.0518369216328
140287
0.0528422510901
140307
0.0539270681928
140327
0.0477308169816
140347
0.0476411094961
140367
0.0490048903828
140387
0.0463352410368
140407
0.0454415727955
140427
0.045195161095
140447
0.0472902283188
140467
0.0537094234496
140487
0.0521041515262
140507
0.0538070796996
140527
0.0575838783915
140547
0.0581190952035
140567
0.059642608406
140587
0.0560376544331
140607
0.0575002271076
140627
0.059101713905
140647
0.0593432049419
140667
0.0928188590116
140687
0.0939460695252
140707
0.094167877907
140727
0.0945043756056
140747
0.094232603561
140767
0.0935709635417
140787
0.0941750696463
140807
0.0944782582364
140827
0.0950778221899
140847
0.0953041727229
140867
0.0946894682655
140887
0.0945653161337
140907
0.083816315407
140927
0.0840831667878
140947
0.085371245155
140967
0.0847160398498
140987
0.0845161851986
141007
0.0837016260901
141027
0.0838738493217
141047
0.0847542696221
141067
0.0846380662548
141087
0.085548767563
141107
0.0841206395349
141127
0.0849325490552
141147
0.0829922934835
141167
0.0793661428052
141187
0.080156098595
141207
0.0889039032219
141227
0.0851721475291
141247
0.0851812318314
141267
0.0959215267684
141287
0.0929509599079
141307
0.0977274103682
141327
0.108398058987
141347
0.102511052568
141367
0.0607463511386
141387
0.0482592205669
141407
0.0566739341085
141427
0.0613803597384
141447
0.0613920936289
141467
0.0706433200097
141487
0.0807980559593
141507
0.0763176023498
141527
0.0606740552326
141547
0.0617918029312
141567
0.0613549993944
141587
0.0710297813711
141607
0.0724934895833
141627
0.0705085695252
141647
0.0721513141957
141667
0.0670724321705
141687
0.0661605953246
141707
0.0690766563711
141727
0.0680872244428
141747
0.0683332576308
141767
0.0711959484012
141787
0.0717890776405
141807
0.120906764777
141827
0.196897710756
141847
0.161105559593
141867
0.122568056565
141887
0.108430989583
141907
0.0993031583091
141927
0.101493232195
141947
0.105389640867
141967
0.0916193525921
141987
0.1019050539
142007
0.111273997699
142027
0.0848235374273
142047
0.0849632085756
142067
0.0972784944283
142087
0.0916125393653
142107
0.0763683230378
142127
0.0736029100048
142147
0.0655439983043
142167
0.0557151617006
142187
0.0548691860465
142207
0.0558582394622
142227
0.999378860828
142247
0.999398164971
142267
0.999420875727
142287
0.994853742733
142307
0.982105816982
142327
0.981982421875
142347
0.982056610344
142367
0.982053960756
142387
0.983006676962
142407
0.986801644259
142427
0.997276601865
142447
1.0
142467
1.0
142487
1.0
142507
0.992935819404
142527
0.987317178416
142547
0.982472974201
142567
0.975682458212
142587
0.967542166303
142607
0.960760734617
142627
0.954553128028
142647
0.947459044937
142667
0.937956486192
142687
0.930226880451
142707
0.925788441739
142727
0.922046844719
142747
0.91683775436
142767
0.913258539244
142787
0.917353288517
142807
0.912959892805
142827
0.912308094113
142847
0.908774300509
142867
0.908669831032
142887
0.909557443072
142907
0.909058184956
142927
0.907538835392
142947
0.910905704942
142967
0.911052189317
142987
0.917818101986
143007
0.911321311773
143027
0.906109950339
143047
0.901206319646
143067
0.900818722747
143087
0.901550387597
143107
0.901822538154
143127
0.901628739704
143147
0.901821781129
143167
0.906128497456
143187
0.9087409914
143207
0.912651026526
143227
0.915061773256
143247
0.915251786579
143267
0.90846543423
143287
0.912554127301
143307
0.909340176841
143327
0.909999545785
143347
0.908023710029
143367
0.908458999516
143387
0.911587027616
143407
0.912552991764
143427
0.915472837936
143447
0.912265700703
143467
0.908872713784
143487
0.90760696766
143507
0.908374591206
143527
0.906977879724
143547
0.909697871245
143567
0.913293740916
143587
0.915988750606
143607
0.919082712573
143627
0.924905371851
143647
0.924214207849
143667
0.919951398983
143687
0.914420194404
143707
0.913422813711
143727
0.909070675872
143747
0.911554475533
143767
0.90865052689
143787
0.904494080063
143807
0.907250787306
143827
0.900114310804
143847
0.898439771076
143867
0.890867626575
143887
0.885943556202
143907
0.884357966933
143927
0.889943298813
143947
0.889338057171
143967
0.894120563832
143987
0.896614583333
144007
0.895438923207
144027
0.893838571948
144047
0.892321493459
144067
0.888557185683
144087
0.889009129724
144107
0.894494534278
144127
0.892572068798
144147
0.89546996124
144167
0.896589222989
144187
0.897438226744
144207
0.897425357316
144227
0.908425311894
144247
0.910592296512
144267
0.905516064075
144287
0.90613341812
144307
0.910475714632
144327
0.912219900678
144347
0.918087602955
144367
0.913731301478
144387
0.909347747093
144407
0.911372410974
144427
0.910092659884
144447
0.906907476381
144467
0.9039543211
144487
0.906746608527
144507
0.907551704821
144527
0.91033263687
144547
0.907771999152
144567
0.905602364947
144587
0.905929778343
144607
0.901033717902
144627
0.904148498062
144647
0.908871578246
144667
0.908320463905
144687
0.910931065286
144707
0.907965797602
144727
0.909432912427
144747
0.914142744671
144767
0.907925296754
144787
0.903726835029
144807
0.902405826066
144827
0.905801841085
144847
0.903407370397
144867
0.910836058624
144887
0.904661004118
144907
0.884646393532
144927
0.875307352229
144947
0.866118958939
144967
0.876761597626
144987
0.868710256177
145007
0.860767926357
145027
0.864769183018
145047
0.86014603016
145067
0.851548873547
145087
0.846927991764
145107
0.843909353803
145127
0.843119776526
145147
0.837642699249
145167
0.845516896802
145187
0.85952943314
145207
0.874809229651
145227
0.879660247093
145247
0.881126983406
145267
0.882953306686
145287
0.881779917636
145307
0.876120397287
145327
0.883684214511
145347
0.887319828004
145367
0.893923737282
145387
0.888703291546
145407
0.887533687621
145427
0.887672601744
145447
0.879513762718
145467
0.889856997941
145487
0.892438075339
145507
0.884535110828
145527
0.882535050266
145547
0.883900345203
145567
0.886735404554
145587
0.879467584181
145607
0.883621759932
145627
0.888997774346
145647
0.886618822674
145667
0.882231483164
145687
0.877043210998
145707
0.881721626696
145727
0.891384674782
145747
0.874633599806
145767
0.876333121366
145787
0.878346051357
145807
0.869697795543
145827
0.876817996003
145847
0.880414244186
145867
0.878207137234
145887
0.870073658551
145907
0.870416590964
145927
0.87137801296
145947
0.87137801296
145967
0.88610518108
145987
0.877456168241
146007
0.876733209181
146027
0.884631253028
146047
0.879154175751
146067
0.875946281492
146087
0.88244231468
146107
0.879240855136
146127
0.872106271197
146147
0.876049615431
146167
0.878602682897
146187
0.879719295058
146207
0.883606619428
146227
0.886931474079
146247
0.889415652253
146267
0.902077277132
146287
0.903500484496
146307
0.898454911579
146327
0.899750181686
146347
0.912065846051
146367
0.906401405039
146387
0.91273467781
146407
0.929035701308
146427
0.922992369186
146447
0.924387566618
146467
0.922180838178
146487
0.921505571705
146507
0.919117914244
146527
0.920004012234
146547
0.925780114462
146567
0.925615839995
146587
0.927730589874
146607
0.920717508479
146627
0.912561697553
146647
0.90898286095
146667
0.900718416909
146687
0.892211724806
146707
0.908533187984
146727
0.914101108285
146747
0.923384886749
146767
0.927325581395
146787
0.93463011749
146807
0.93460967781
146827
0.935276238493
146847
0.944407097868
146867
0.958815179869
146887
0.963752498183
146907
0.980353303658
146927
0.983343931686
146947
0.997745578973
146967
0.999986373547
146987
0.999986373547
147007
0.999986373547
147027
1.0
147047
1.0
147067
1.0
147087
1.0
147107
1.0
147127
1.0
147147
1.0
147167
1.0
147187
1.0
147207
1.0
147227
1.0
147247
1.0
147267
1.0
147287
1.0
