136857
0.994842387355
136877
0.994842387355
136897
1.0
136917
1.0
136937
0.992673510174
136957
0.992681458939
136977
0.992681458939
136997
0.993512672602
137017
1.0
137037
0.992863144985
137057
0.992847247456
137077
0.992847247456
137097
0.992486146439
137117
1.0
137137
0.994761764172
137157
0.99476744186
137177
0.994756086483
137197
0.994756086483
137217
1.0
137237
0.984941633358
137257
0.985756949491
137277
0.985746729651
137297
0.985744458576
137317
1.0
137337
1.0
137357
0.981959711119
137377
0.981951762355
137397
0.981951762355
137417
0.982302643532
137437
1.0
137457
0.985393577398
137477
0.985365188953
137497
0.985347020349
137517
0.985342478198
137537
1.0
137557
0.993352561773
137577
0.990882767078
137597
0.99087708939
137617
0.99087708939
137637
0.992857467297
137657
1.0
137677
0.986329260538
137697
0.986314498547
137717
0.986311091933
137737
0.984278479288
137757
1.0
137777
0.982358284884
137797
0.982224291424
137817
0.982220884811
137837
0.982222020349
137857
1.0
137877
0.989942541788
137897
0.991051962209
137917
0.991051962209
137937
0.991051962209
137957
1.0
137977
0.990497819767
137997
0.990515988372
138017
0.99050690407
138037
0.99050690407
138057
1.0
138077
0.998806549782
138097
0.994071357195
138117
0.990417196584
138137
0.988194949128
138157
0.984672510901
138177
0.984635038154
138197
0.984352289244
138217
0.984843977108
138237
0.983031658794
138257
0.977763898983
138277
0.97145371548
138297
0.962560183503
138317
0.962415970203
138337
0.962120730378
138357
0.957914698401
138377
0.954291197311
138397
0.950500772166
138417
0.946094885538
138437
0.937612418241
138457
0.937669195131
138477
0.935692223837
138497
0.935885265262
138517
0.936403070494
138537
0.936280432413
138557
0.930167832485
138577
0.928185183503
138597
0.930660655887
138617
0.930517578125
138637
0.925027252907
138657
0.925266851381
138677
0.919868504724
138697
0.920356785974
138717
0.920036564317
138737
0.921237963299
138757
0.922148664608
138777
0.923926916788
138797
0.926352425509
138817
0.925908430233
138837
0.925999273256
138857
0.925707440044
138877
0.9259765625
138897
0.927118913517
138917
0.92691224564
138937
0.925849382267
138957
0.925475790334
138977
0.932304914608
138997
0.938167696221
139017
0.945002498183
139037
0.955138308503
139057
0.959085437863
139077
0.964592796148
139097
0.970776934956
139117
0.97688612827
139137
0.983686864099
139157
0.988828579215
139177
0.992214752907
139197
0.988434547602
139217
0.988839934593
139237
0.988540152616
139257
0.988305096294
139277
0.992155704942
139297
0.995690634084
139317
0.99177643532
139337
0.981679233285
139357
0.97657271984
139377
0.970118323038
139397
0.959491960392
139417
0.956858648256
139437
0.952180232558
139457
0.945136491642
139477
0.938653706395
139497
0.935940906613
139517
0.924485601381
139537
0.922175917515
139557
0.925933412064
139577
0.924806958576
139597
0.92547806141
139617
0.928454305959
139637
0.929280977471
139657
0.92844862827
139677
0.926894077035
139697
0.927219976381
139717
0.921572946948
139737
0.922445039971
139757
0.921552507267
139777
0.921022211119
139797
0.919820812137
139817
0.925145348837
139837
0.923942814317
139857
0.920243232195
139877
0.917825672238
139897
0.921684229651
139917
0.923698673692
139937
0.929313908067
139957
0.928238553779
139977
0.929706804142
139997
0.925877770712
140017
0.925378134084
140037
0.926004950945
140057
0.928664380451
140077
0.928431595203
140097
0.925672238372
140117
0.928086391715
140137
0.926244549419
140157
0.929450172602
140177
0.932978288517
140197
0.932585392442
140217
0.933706168241
140237
0.932416197311
140257
0.928698446584
140277
0.93197447311
140297
0.928336210029
140317
0.925969749273
140337
0.919799236919
140357
0.919096339026
140377
0.915735147166
140397
0.911967432776
140417
0.906346520712
140437
0.907259493096
140457
0.910000681323
140477
0.913901253634
140497
0.914053415698
140517
0.92401321766
140537
0.921747819767
140557
0.923082076672
140577
0.922037381904
140597
0.923280795785
140617
0.926445539608
140637
0.928831304506
140657
0.931016079215
140677
0.933226971294
140697
0.928688226744
140717
0.923700944767
140737
0.92239394077
140757
0.921436682413
140777
0.919307549055
140797
0.917889262355
140817
0.919183775436
140837
0.916451671512
140857
0.912883811773
140877
0.918077761628
140897
0.914825581395
140917
0.916116687863
140937
0.914562136628
140957
0.913209711119
140977
0.917316951308
140997
0.913691179142
141017
0.920655432413
141037
0.918560365189
141057
0.915363826308
141077
0.916677643532
141097
0.916368777253
141117
0.911043105015
141137
0.910677461846
141157
0.911828897166
141177
0.911108966206
141197
0.914759720203
141217
0.915529614826
141237
0.914328215843
141257
0.915664743823
141277
0.91689453125
141297
0.91520371548
141317
0.916357421875
141337
0.917416878634
141357
0.92305709484
141377
0.917847247456
141397
0.921529796512
141417
0.91864212391
141437
0.923255813953
141457
0.925384947311
141477
0.925345203488
141497
0.923707757994
141517
0.922824309593
141537
0.924251680596
141557
0.92171034702
141577
0.926374000727
141597
0.925073809956
141617
0.925233920785
141637
0.926576126453
141657
0.925397438227
141677
0.921212981468
141697
0.922835664971
141717
0.928977788881
141737
0.927483421148
141757
0.925032930596
141777
0.922075990189
141797
0.918116369913
141817
0.915335437863
141837
0.917151162791
141857
0.916593613735
141877
0.914000045422
141897
0.910319767442
141917
0.913784293241
141937
0.913331213663
141957
0.919065679506
141977
0.923083212209
141997
0.928691633358
142017
0.92635696766
142037
0.931669013445
142057
0.926995139898
142077
0.926481876817
142097
0.922473428416
142117
0.921165288881
142137
0.921830714026
142157
0.919394985465
142177
0.912199082485
142197
0.916468704578
142217
0.911598382994
142237
0.909111555233
142257
0.90823378452
142277
0.911121457122
142297
0.908864007994
142317
0.91171875
142337
0.916808230378
142357
0.920491914971
142377
0.927109829215
142397
0.926819131541
142417
0.92912200218
142437
0.931285201672
142457
0.933333711846
142477
0.935837572674
142497
0.93271484375
142517
0.932772756177
142537
0.93645644077
142557
0.934163789971
142577
0.93312590843
142597
0.931016079215
142617
0.92707122093
142637
0.925152162064
142657
0.927409611192
142677
0.925274800145
142697
0.927531113735
142717
0.927357376453
142737
0.928210165334
142757
0.933120230741
142777
0.932838617369
142797
0.928002361919
142817
0.924603697311
142837
0.925610919331
142857
0.925839162427
142877
0.922063499273
142897
0.918228788154
142917
0.918175417878
142937
0.916533430233
142957
0.915148074128
142977
0.909546466206
142997
0.910054051599
143017
0.913919422238
143037
0.913961437137
143057
0.913474291424
143077
0.91458144077
143097
0.916587936047
143117
0.91862168423
143137
0.917628088663
143157
0.917273800872
143177
0.91476653343
143197
0.918274209666
143217
0.915152616279
143237
0.916216615189
143257
0.914623455669
143277
0.917939226017
143297
0.913143849927
143317
0.910873909884
143337
0.906226153706
143357
0.903823355741
143377
0.908969613009
143397
0.911116914971
143417
0.903976653343
143437
0.904268486555
143457
0.904664789244
143477
0.906062636265
143497
0.901218432049
143517
0.906514580305
143537
0.907610374273
143557
0.908351880451
143577
0.905331349927
143597
0.905416515262
143617
0.904095884811
143637
0.908190634084
143657
0.907405977471
143677
0.90723678234
143697
0.904195812137
143717
0.906088753634
143737
0.911484829215
143757
0.911257721657
143777
0.914726789608
143797
0.913686636991
143817
0.910579805596
143837
0.912524981831
143857
0.912091206395
143877
0.914831259084
143897
0.914914153343
143917
0.913586709666
143937
0.912702125727
143957
0.912966706032
143977
0.917774573038
143997
0.921770530523
144017
0.918040288881
144037
0.91593840843
144057
0.915878224927
144077
0.914064771076
144097
0.916189362282
144117
0.918650072674
144137
0.919829896439
144157
0.918529705669
144177
0.91876021984
144197
0.909658884448
144217
0.915577307413
144237
0.918052779797
144257
0.91661178234
144277
0.917680323401
144297
0.918872638081
144317
0.917923328488
144337
0.923158157703
144357
0.923557867006
144377
0.91986509811
144397
0.91453034157
144417
0.917679187863
144437
0.913361873183
144457
0.911255450581
144477
0.911351971294
144497
0.908208802689
144517
0.906949491279
144537
0.904211709666
144557
0.901380813953
144577
0.901469385901
144597
0.902308548328
144617
0.906764398619
144637
0.902307412791
144657
0.903303279433
144677
0.907817042151
144697
0.916058775436
144717
0.918125454215
144737
0.922242914244
144757
0.920172828852
144777
0.916954714753
144797
0.916325626817
144817
0.917431640625
144837
0.919607331032
144857
0.913785428779
144877
0.914342977834
144897
0.908785655887
144917
0.899971611555
144937
0.890280932049
144957
0.883365506904
144977
0.888383448401
144997
0.887071902253
145017
0.890096974927
145037
0.88356309048
145057
0.881982421875
145077
0.886707394622
145097
0.888043922602
145117
0.898556731468
145137
0.901679460392
145157
0.911056731468
145177
0.920059275073
145197
0.923876953125
145217
0.925891397166
145237
0.919700445131
145257
0.916545921148
145277
0.92219862827
145297
0.91543990734
145317
0.91261809593
145337
0.900127180233
145357
0.902752543605
145377
0.899638898983
145397
0.898099109738
145417
0.893972565407
145437
0.902390307049
145457
0.91079896439
145477
0.918958938953
145497
0.921406022892
145517
0.917309002544
145537
0.924867142078
145557
0.931339707485
145577
0.930469885538
145597
0.929109511265
145617
0.930407430959
145637
0.938588980741
145657
0.940209393169
145677
0.938801326308
145697
0.93780318859
145717
0.936413290334
145737
0.950055641352
145757
0.960118777253
145777
0.961700581395
145797
0.965037926962
145817
0.965476244549
145837
0.963374364099
145857
0.964456531613
145877
0.959347747093
145897
0.961238417515
145917
0.96293150436
145937
0.960104015262
145957
0.954269622093
145977
0.949819449491
145997
0.947555187137
146017
0.945011582485
146037
0.944408611919
146057
0.931961982195
146077
0.928043241279
146097
0.928976653343
146117
0.919802643532
146137
0.915183275799
146157
0.921753497456
146177
0.930100835756
146197
0.93435456032
146217
0.940656795058
146237
0.94384765625
146257
0.947801598837
146277
0.964184002544
146297
0.965847565407
146317
0.980577761628
146337
0.987376226381
146357
1.0
146377
1.0
146397
1.0
146417
1.0
146437
1.0
