111545
0.351461335631
111565
0.345812447786
111585
0.324698464912
111605
0.32955598632
111625
0.219634372389
111645
0.262749973893
111665
0.266385364453
111685
0.305935737782
111705
0.335537737573
111725
0.278285231307
111745
0.283898222118
111765
0.257468214808
111785
0.352703046679
111805
0.324716413429
111825
0.303848814745
111845
0.351983474311
111865
0.237307135025
111885
0.246392348058
111905
0.261038338033
111925
0.228443830931
111945
0.229222143901
111965
0.398502767335
111985
0.395887178885
112005
0.378883406433
112025
0.378317212302
112045
0.386774227235
112065
0.399033064432
112085
0.398727939641
112105
0.391463685255
112125
0.376354297201
112145
0.381254242377
112165
0.377951715226
112185
0.237576362782
112205
0.243122454574
112225
0.235347483292
112245
0.230426326232
112265
0.236703412176
112285
0.272236581036
112305
0.268557135025
112325
0.257528587093
112345
0.255007636278
112365
0.256531628551
112385
0.241074691938
112405
0.237326715226
112425
0.233307879073
112445
0.405522269215
112465
0.405744178154
112485
0.402286641082
112505
0.402457967836
112525
0.403675203634
112545
0.405295465226
112565
0.240129947264
112585
0.245328490497
112605
0.242632949561
112625
0.245204482561
112645
0.246645258981
112665
0.251106281328
112685
0.247426835317
112705
0.251437513053
112725
0.250711413952
112745
0.249020989975
112765
0.246136173768
112785
0.252005338868
112805
0.253948673768
112825
0.252437734962
112845
0.252338202277
112865
0.251488095238
112885
0.25481509764
112905
0.254537711466
112925
0.252290883459
112945
0.254322329261
112965
0.249872728697
112985
0.249631239557
113005
0.249900467314
113025
0.247033599624
113045
0.246969963972
113065
0.247692799708
113085
0.24935711675
113105
0.349331988826
113125
0.34858467784
113145
0.353347561612
113165
0.3522298585
113185
0.354953138053
113205
0.355622128237
113225
0.414148979219
113245
0.401000874582
113265
0.392679289369
113285
0.377016760652
113305
0.383484753551
113325
0.395250822368
113345
0.443912515664
113365
0.440556142962
113385
0.448381696429
113405
0.270402568922
113425
0.306526407164
113445
0.315291810255
113465
0.295665922619
113485
0.272375274123
113505
0.278425556078
113525
0.284966974728
113545
0.218689627715
113565
0.225498642439
113585
0.215799916458
113605
0.214874751984
113625
0.222032946951
113645
0.222421287594
113665
0.233895285088
113685
0.24702217784
113705
0.252062447786
113725
0.361899214181
113745
0.339948177736
113765
0.336497167398
113785
0.330293507206
113805
0.320152595029
113825
0.311246867168
113845
0.296700409879
113865
0.290752923977
113885
0.28045210683
113905
0.275442838868
113925
0.273375496032
113945
0.269368081662
113965
0.263317799708
113985
0.236564719089
114005
0.210617690058
114025
0.19986163325
114045
0.194625561299
114065
0.190326075606
114085
0.191713006475
114105
0.188105354532
114125
0.181993068609
114145
0.174944196429
114165
0.179754399018
114185
0.184471595656
114205
0.185245013576
114225
0.194765886069
114245
0.208352913534
114265
0.206965982665
114285
0.196621110067
114305
0.176001527256
114325
0.177708268066
114345
0.186191389933
114365
0.191083176692
114385
0.192005077799
114405
0.195152595029
114425
0.197668650794
114445
0.191786432226
114465
0.368037607038
114485
0.386349989557
114505
0.413803062343
114525
0.392379059628
114545
0.37590395259
114565
0.36342157477
114585
0.347644828216
114605
0.355514437135
114625
0.362631840017
114645
0.35950063962
114665
0.354626801378
114685
0.352428923872
114705
0.373329156224
114725
0.41197394528
114745
0.443548650272
114765
0.441487834169
114785
0.437165504908
114805
0.441026067774
114825
0.444917632623
114845
0.438048245614
114865
0.403185698622
114885
0.360107625835
114905
0.299745131057
114925
0.287032685881
114945
0.29347620353
114965
0.300360275689
114985
0.270616319444
115005
0.272894149436
115025
0.291567133981
115045
0.261966765873
115065
0.247903286863
115085
0.18868460213
115105
0.176794525376
115125
0.173870548768
115145
0.173177083333
115165
0.170501122598
115185
0.168854754073
115205
0.167378080618
115225
0.168980393693
115245
0.17108200188
115265
0.168236346074
115285
0.166077628968
115305
0.218159330618
115325
0.215935346178
115345
0.16420771982
115365
0.221117572577
115385
0.230437748016
115405
0.290800242794
115425
0.309094676796
115445
0.333558505639
115465
0.279616684942
115485
0.303375626566
115505
0.453283273287
115525
0.439334012114
115545
0.372224506579
115565
0.347073739035
115585
0.328160897034
115605
0.318573125522
115625
0.33567643066
115645
0.338593880535
115665
0.380436769006
115685
0.392268105159
115705
0.207081832185
115725
0.216026720447
115745
0.239638810568
115765
0.248361789891
115785
0.217033469089
115805
0.214187813283
115825
0.211240993108
115845
0.225333842419
115865
0.232878746345
115885
0.221401485485
115905
0.268517974624
115925
0.214889437135
115945
0.239121566938
115965
0.225227782999
115985
0.226955735693
116005
0.226141525689
116025
0.223888170948
116045
0.219696376358
116065
0.221060463659
116085
0.220809184419
116105
0.214721373747
116125
0.21613441155
116145
0.213876161759
116165
0.216640233396
116185
0.213278965643
116205
0.218417136591
116225
0.220903822055
116245
0.222152059837
116265
0.213479662698
116285
0.215661223371
116305
0.216847457185
116325
0.218603148496
116345
0.234035609858
116365
0.223641786759
116385
0.211586909983
116405
0.221791457811
116425
0.21876468515
116445
0.22644175543
116465
0.219908495196
116485
0.217912946429
116505
0.219024122807
116525
0.219144867377
116545
0.216894776003
116565
0.278371710526
116585
0.192355889724
116605
0.192021394632
116625
0.185546875
116645
0.188893457602
116665
0.186297449353
116685
0.206931717314
116705
0.206545008354
116725
0.209581571115
116745
0.204903534879
116765
0.246774161967
116785
0.249942891082
116805
0.246211231203
116825
0.245140846909
116845
0.248141512636
116865
0.249862938596
116885
0.276886878655
116905
0.295530492899
116925
0.333450814536
116945
0.359998303049
116965
0.377504633981
116985
0.391333150585
117005
0.406529017857
117025
0.412525454261
117045
0.410371632206
117065
0.411593763053
117085
0.410795869883
117105
0.41899344716
117125
0.413187917711
117145
0.40781641604
117165
0.309814249165
117185
0.319020206767
117205
0.313542645677
117225
0.31289160401
117245
0.313865718985
117265
0.317884555138
117285
0.311044538429
117305
0.30639424081
117325
0.326494948308
117345
0.303979349415
117365
0.306794003237
117385
0.294471530388
117405
0.25079299812
117425
0.371563674812
117445
0.262727130326
117465
0.268173689432
117485
0.267224049708
117505
0.274392034774
117525
0.201175138367
117545
0.208499765038
117565
0.19636167241
117585
0.206747337093
117605
0.195818321846
117625
0.201791914683
117645
0.206019606307
117665
0.206959455931
117685
0.204358552632
117705
0.274072224833
117725
0.260359557749
117745
0.235430699144
117765
0.406822720865
117785
0.467059576023
117805
0.45741306391
117825
0.461249151525
117845
0.378788768797
117865
0.399362664474
117885
0.404716217627
117905
0.375830526838
117925
0.348065802527
117945
0.349186769006
117965
0.440779683584
117985
0.455613317147
118005
0.421011839495
118025
1.0
118045
0.0813753132832
118065
0.0905665857352
118085
0.129952159043
118105
0.65327217784
118125
0.0813296261487
118145
0.164307252506
118165
0.329728944758
118185
0.235233265455
118205
0.257748864348
118225
0.17003772452
118245
1.0
118265
0.217764463241
118285
0.28788768797
118305
0.238194770781
118325
0.233041914683
118345
0.214771955931
118365
0.214868225251
118385
0.40248407477
118405
0.413364139515
118425
0.454588619987
118445
0.451336675021
118465
0.445211335631
118485
0.461438426796
118505
0.224643640351
118525
0.222633406433
118545
0.227081375313
118565
0.2219888915
118585
0.224126396721
118605
0.223481881788
118625
0.222297279657
118645
0.224837810673
118665
0.432445044904
118685
0.438456166458
118705
0.418218397556
118725
0.359004607874
118745
0.34610451911
118765
0.337375013053
118785
0.333561769006
118805
0.36013862782
118825
0.365092418546
118845
0.373004451232
118865
0.361222065581
118885
0.364676339286
118905
0.361535348789
118925
0.365193582916
118945
0.410136669799
118965
0.410200305451
118985
0.398277595029
119005
0.396983670113
119025
0.400294355681
119045
0.386518052945
119065
0.375225172306
119085
0.359469637636
119105
0.368445527882
119125
0.201202876984
119145
0.255110432331
119165
0.281037881161
119185
0.193501331454
119205
0.264778156328
119225
0.360043990184
119245
0.392034774436
119265
0.365151159148
119285
0.366562565267
119305
0.363579848058
119325
0.438444744674
119345
0.426169590643
119365
0.431696102235
119385
0.431392609127
119405
0.391404944653
119425
0.359593645572
119445
0.352236385234
119465
0.351397699979
119485
0.354812813283
119505
0.457796509503
119525
0.308189092523
119545
0.46848893066
119565
0.366494034566
119585
0.40493975825
119605
0.404296875
119625
0.375283912907
119645
0.302621788847
119665
0.311723318713
119685
0.329786053676
119705
0.340666118421
119725
0.335374569236
119745
0.344704534774
119765
0.35507225094
119785
0.352965747703
119805
0.360770089286
119825
0.360743982352
119845
0.364950462093
119865
0.484513693087
119885
0.391125926796
119905
0.475616123642
119925
0.436831009816
119945
0.524147282268
119965
0.903939536341
119985
1.0
120005
0.998831714703
120025
0.883280793129
120045
0.564064784357
120065
0.466064249165
120085
0.449690306495
120105
0.440153117168
120125
0.421264750418
120145
0.412471608709
120165
0.406984257519
120185
0.388810568087
120205
0.372702589808
120225
0.360647713033
120245
0.211768026838
120265
0.222328281642
120285
0.206988826232
120305
0.178214089912
120325
0.213029318087
120345
0.207010038116
120365
0.162597248329
120385
0.175419016291
120405
0.192548428363
120425
0.164475315894
120445
0.192029553049
120465
0.187154083124
120485
0.122966922515
120505
0.15988539056
120525
0.17278874269
120545
0.332646394632
120565
0.542686468776
120585
0.458315384816
120605
0.104483213241
120625
0.103567838868
120645
0.111381970551
120665
0.249350590017
120685
0.246393979741
120705
0.263794251253
120725
0.504629085735
120745
0.503682709378
120765
0.478168076441
120785
0.465298989662
120805
0.469967235798
120825
0.441734218358
120845
0.523972692147
120865
0.494494700292
120885
0.409668376671
120905
0.391243407999
120925
0.36157940424
120945
0.367053701963
120965
0.367167919799
120985
0.539049446533
121005
0.951142504699
121025
1.0
121045
0.999998368317
121065
1.0
121085
1.0
121105
0.993564640769
121125
0.993215460526
121145
0.994214050752
121165
0.995261591479
121185
0.994861829052
121205
0.994860197368
121225
0.994749242899
121245
0.994563230994
121265
0.994323373538
121285
0.994259737886
121305
0.994114518066
121325
0.994349480472
121345
0.994205892335
121365
0.994129203216
121385
0.992907072368
121405
0.991079586988
121425
0.990294747285
121445
0.989986359127
121465
1.0
121485
1.0
121505
0.999583920739
121525
0.998983461257
