150870
0.320250289352
150890
0.320186270255
150910
0.385169270833
150930
0.376650390625
150950
0.373783637153
150970
0.358334418403
150990
0.355116102431
151010
0.506805555556
151030
0.507666015625
151050
0.511567925347
151070
0.518683810764
151090
0.526073133681
151110
0.534940321181
151130
0.319606119792
151150
0.321144748264
151170
0.300155164931
151190
0.320716145833
151210
0.350008680556
151230
0.398096788194
151250
0.427102864583
151270
0.48951171875
151290
0.451564670139
151310
0.363448350694
151330
0.315304904514
151350
0.475079210069
151370
0.492450086806
151390
0.488935546875
151410
0.487505425347
151430
0.509356553819
151450
0.47099645544
151470
0.428319227431
151490
0.429302662037
151510
0.427951388889
151530
0.443645109954
151550
0.437297815394
151570
0.438747829861
151590
0.452139756944
151610
0.390067997685
151630
0.427381004051
151650
0.413289207176
151670
0.360686487269
151690
0.303092086227
151710
0.306344401042
151730
0.293478009259
151750
0.282858796296
151770
0.292035228588
151790
0.300631872106
151810
0.29593786169
151830
0.307659505208
151850
0.305289713542
151870
0.29980504919
151890
0.440583767361
151910
0.436470269097
151930
0.434291449653
151950
0.432022569444
151970
0.430316840278
151990
0.428224826389
152010
0.425584852431
152030
0.423509114583
152050
0.420375434028
152070
0.416929253472
152090
0.414572482639
152110
0.411395399306
152130
0.409626736111
152150
0.404126519097
152170
0.401296657986
152190
0.398612196181
152210
0.396345486111
152230
1.0
152250
0.974496527778
152270
0.977962962963
152290
0.952293113426
152310
0.939958043981
152330
0.991056134259
152350
0.972430193866
152370
0.97410083912
152390
0.979830367477
152410
0.990316840278
152430
0.985406901042
152450
0.955295500579
152470
0.929474103009
152490
0.982446831597
152510
0.990389178241
152530
0.991462673611
152550
0.991750217014
152570
0.991690176505
152590
0.934697265625
152610
0.990523003472
152630
0.965414496528
152650
0.93519495081
152670
0.964377531829
152690
0.97251989294
152710
0.966294487847
152730
0.969852068866
152750
0.960641276042
152770
0.988304398148
152790
0.962962239583
152810
0.974091073495
152830
0.984936704282
152850
0.974752242477
152870
0.99123119213
152890
0.980065104167
152910
0.981844979745
152930
0.94822229456
152950
0.951590711806
152970
0.971886935764
152990
0.990819227431
153010
0.951949869792
153030
0.982401258681
153050
0.981771195023
153070
0.989250217014
153090
0.976872106481
153110
0.966903935185
153130
0.989877387153
153150
0.980012297454
153170
0.991428674769
153190
0.991998697917
153210
0.991820746528
153230
0.991334635417
153250
0.938595558449
153270
0.983142361111
153290
0.977436342593
153310
0.987488425926
153330
0.991616753472
153350
0.991814959491
153370
0.991494140625
153390
0.991325954861
153410
0.991397569444
153430
0.991771556713
153450
0.963621961806
153470
0.972004123264
153490
0.989273726852
153510
0.979124710648
153530
0.986025752315
153550
0.990506727431
153570
0.975106698495
153590
0.973166956019
153610
0.956546947338
153630
0.988916015625
153650
0.97029260706
153670
0.987787181713
153690
0.991446397569
153710
0.987800564236
153730
0.975686487269
153750
0.985931351273
153770
0.954670862269
153790
0.989931640625
153810
0.984337384259
153830
0.991753833912
153850
0.985945095486
153870
0.982680121528
153890
0.990715422454
153910
0.92574182581
153930
0.933494285301
153950
0.988640046296
153970
0.954512803819
153990
0.986919487847
154010
0.991750940394
154030
0.96484411169
154050
0.929438295718
154070
0.965955222801
154090
0.982635633681
154110
0.988753978588
154130
0.988790147569
154150
0.963073278356
154170
0.952611038773
154190
0.990874204282
154210
0.987508680556
154230
0.986765046296
154250
0.972758608218
154270
0.94855541088
154290
0.986842809606
154310
0.990314308449
154330
0.991578776042
154350
0.988158998843
154370
0.975568576389
154390
0.991773726852
154410
0.983058449074
154430
0.991214192708
154450
0.985972222222
154470
0.991382016782
154490
0.99377025463
154510
0.993831018519
154530
0.966414207176
154550
0.998624855324
154570
0.999947554977
154590
1.0
154610
1.0
154630
1.0
154650
1.0
154670
0.995926649306
154690
0.993905164931
154710
0.993356119792
154730
0.993056640625
154750
0.995831163194
154770
0.995840928819
154790
0.996121961806
154810
0.992457682292
154830
0.992457682292
154850
0.992457682292
154870
0.992457682292
154890
0.997183159722
154910
0.997185329861
154930
0.997196180556
154950
0.997196180556
154970
0.997196180556
154990
0.996165364583
155010
0.996165364583
155030
0.996165364583
155050
0.996165364583
155070
0.994749348958
155090
0.994742838542
155110
0.994742838542
155130
0.994742838542
155150
0.994742838542
155170
0.994412977431
155190
0.994412977431
155210
0.994412977431
155230
0.994348958333
155250
0.992258029514
155270
0.993390842014
155290
0.995684678819
155310
1.0
155330
1.0
155350
0.924742838542
155370
0.875485026042
155390
0.85529296875
155410
0.824917534722
155430
0.811008029514
155450
0.840792100694
155470
0.824874131944
155490
0.822735460069
155510
0.828527560764
155530
0.822577039931
155550
0.823442925347
155570
0.821600477431
155590
0.816398654514
155610
0.816994357639
155630
0.815274522569
155650
0.844861111111
155670
0.912508680556
155690
0.897057291667
155710
1.0
155730
1.0
155750
1.0
155770
1.0
155790
0.997003038194
155810
0.986587456597
155830
0.984600694444
155850
0.983569878472
155870
0.9912890625
155890
0.991256510417
155910
0.991257595486
155930
0.991257595486
155950
0.991254340278
155970
0.986652560764
155990
0.985893012153
156010
0.98841796875
156030
0.98841796875
156050
0.98841796875
156070
0.98841796875
156090
0.98841796875
156110
0.98841796875
156130
0.98841796875
156150
1.0
156170
0.995391710069
156190
0.990243055556
156210
0.982462022569
156230
0.976223958333
156250
0.967596571181
156270
0.960899522569
156290
0.961128472222
156310
0.958783637153
156330
0.959995659722
156350
0.959458550347
156370
0.958998480903
156390
0.95904296875
156410
0.955944010417
156430
0.957039930556
156450
0.953472222222
156470
0.954419487847
156490
0.956948784722
156510
0.958253038194
156530
0.958250868056
156550
0.957096354167
156570
0.963465711806
156590
0.964476996528
156610
0.968208550347
156630
0.962229817708
156650
0.959128689236
156670
0.961540798611
156690
0.964302300347
156710
0.966840277778
156730
0.970745442708
156750
0.965933159722
156770
0.964767795139
156790
0.962635633681
156810
0.959982638889
156830
0.959141710069
156850
0.955540364583
156870
0.949252387153
156890
0.947985026042
156910
0.952085503472
156930
0.953811848958
156950
0.957804904514
156970
0.959392361111
156990
0.960706380208
157010
0.963987630208
157030
0.966015625
157050
0.957965494792
157070
0.953336588542
157090
0.953712022569
157110
0.950376519097
157130
0.950334201389
157150
0.952078993056
157170
0.950775824653
157190
0.952393663194
157210
0.953041449653
157230
0.957203776042
157250
0.953722873264
157270
0.958408203125
157290
0.963582899306
157310
0.966615668403
157330
0.971459418403
157350
0.971947699653
157370
0.977131076389
157390
0.97806640625
157410
0.977868923611
157430
0.977062717014
157450
0.974240451389
157470
0.974318576389
157490
0.975442708333
157510
0.976077473958
157530
0.972582465278
157550
0.971218532986
157570
0.968374565972
157590
0.967493489583
157610
0.968748914931
157630
0.9696484375
157650
0.964990234375
157670
0.960814887153
157690
0.959621310764
157710
0.960552300347
157730
0.962222222222
157750
0.960921223958
157770
0.957521701389
157790
0.952737630208
157810
0.958489583333
157830
0.957507595486
157850
0.958786892361
157870
0.964949001736
157890
0.969717881944
157910
0.97564453125
157930
0.981942274306
157950
0.986631944444
157970
0.982632378472
157990
0.980339626736
158010
0.981350911458
158030
0.972692057292
158050
0.969397786458
158070
0.965578342014
158090
0.960601128472
158110
0.957370876736
158130
0.954047309028
158150
0.950079210069
158170
0.953575303819
158190
0.951216362847
158210
0.956991102431
158230
0.950914713542
158250
0.950221354167
158270
0.948987630208
158290
0.944993489583
158310
0.946144748264
158330
0.951664496528
158350
0.951408420139
158370
0.952960069444
158390
0.952176649306
158410
0.952609592014
158430
0.959682074653
158450
0.959956597222
158470
0.956190321181
158490
0.959110243056
158510
0.954448784722
158530
0.958358289931
158550
0.953996310764
158570
0.954613715278
158590
0.952491319444
158610
0.957784288194
158630
0.959153645833
158650
0.955981987847
158670
0.957380642361
158690
0.958831380208
158710
0.959294704861
158730
0.963929036458
158750
0.957679036458
158770
0.957236328125
158790
0.955700954861
158810
0.952854817708
158830
0.953825954861
158850
0.948670789931
158870
0.94853515625
158890
0.944399956597
158910
0.943146701389
158930
0.946470269097
158950
0.946302083333
158970
0.947772352431
158990
0.951356336806
159010
0.945715060764
159030
0.952739800347
159050
0.947108289931
159070
0.944444444444
159090
0.947171223958
159110
0.94265625
159130
0.944632161458
159150
0.940448133681
159170
0.940916883681
159190
0.946491970486
159210
0.944523654514
159230
0.947985026042
159250
0.947188585069
159270
0.945091145833
159290
0.953680555556
159310
0.95171875
159330
0.954887152778
159350
0.954876302083
159370
0.954976128472
159390
0.95673828125
159410
0.954173177083
159430
0.953117404514
159450
0.945705295139
159470
0.949711371528
159490
0.946959635417
159510
0.947950303819
159530
0.944864366319
159550
0.948180338542
159570
0.950365668403
159590
0.945728081597
159610
0.950757378472
159630
0.950495876736
159650
0.950203993056
159670
0.953128255208
159690
0.952489149306
159710
0.952618272569
159730
0.951478949653
159750
0.954130859375
159770
0.958685980903
159790
0.956026475694
159810
0.953638237847
159830
0.956085069444
159850
0.952668185764
159870
0.953223741319
159890
0.950170355903
159910
0.952542317708
159930
0.949333767361
159950
0.949175347222
159970
0.95130859375
159990
0.947457682292
160010
0.947449001736
160030
0.954070095486
160050
0.957151692708
160070
0.964663628472
160090
0.967205946181
160110
0.974090711806
160130
0.982099609375
160150
0.987082248264
160170
0.993126085069
160190
1.0
160210
0.991606987847
160230
0.991606987847
160250
0.991606987847
160270
0.991624348958
160290
0.994849175347
160310
0.994849175347
160330
0.994849175347
160350
0.986642795139
160370
0.986640625
160390
0.986640625
160410
0.986640625
160430
1.0
160450
1.0
