135107
0.0477002910539
135127
0.0397384344363
135147
0.0435776654412
135167
0.0419002757353
135187
0.0377374387255
135207
0.0389686734069
135227
0.0567306219363
135247
0.064870557598
135267
0.0673445159314
135287
0.108149509804
135307
0.109442018995
135327
0.104804304534
135347
0.0507984834559
135367
0.0551738664216
135387
0.0439165900735
135407
0.0658318014706
135427
0.0697514552696
135447
0.0675225949755
135467
0.0677428002451
135487
0.0566157322304
135507
0.0713292738971
135527
0.0642118566176
135547
0.0598422181373
135567
0.0440487132353
135587
0.0398054534314
135607
0.0391793045343
135627
0.0423866421569
135647
0.0448146446078
135667
0.0485179227941
135687
0.0518784466912
135707
0.0554017310049
135727
0.0488951439951
135747
0.0742493872549
135767
0.0840016084559
135787
0.0853094362745
135807
0.0778339460784
135827
0.0447591145833
135847
0.0407801011029
135867
0.0431276807598
135887
0.0440046721814
135907
0.0457069546569
135927
0.0453622855392
135947
0.0624214920343
135967
0.0648552389706
135987
0.0666513480392
136007
0.0601849724265
136027
0.0683287377451
136047
0.0701344209559
136067
0.0766505821078
136087
0.0626187193627
136107
0.077565870098
136127
0.0857613357843
136147
0.126619944853
136167
0.131362974877
136187
0.131142769608
136207
0.145505897672
136227
0.129268152574
136247
0.185443474265
136267
0.127585018382
136287
0.139225260417
136307
0.157638250613
136327
0.11195044424
136347
0.116900275735
136367
0.107247625613
136387
0.158312270221
136407
0.144278492647
136427
0.101545266544
136447
0.18756127451
136467
0.188520603554
136487
0.175001914828
136507
0.185347732843
136527
0.140975413603
136547
0.17565870098
136567
0.14140625
136587
0.252715226716
136607
0.256755514706
136627
0.199249387255
136647
0.193813189338
136667
0.198866421569
136687
0.193231081495
136707
0.18402075674
136727
0.192802159926
136747
0.188905484069
136767
0.1802734375
136787
0.161961933211
136807
0.177435661765
136827
0.135116038603
136847
0.1333984375
136867
0.133591835172
136887
0.147658164828
136907
0.185598575368
136927
0.17591528799
136947
0.164813112745
136967
0.182159543505
136987
0.125543811275
137007
0.212848498775
137027
0.215163526348
137047
0.217572380515
137067
0.163625919118
137087
0.135108379289
137107
0.155675551471
137127
0.13443627451
137147
0.115764782475
137167
0.160855162377
137187
0.196183746936
137207
0.12447533701
137227
0.0945255055147
137247
0.10390625
137267
0.181242340686
137287
0.194029564951
137307
0.186992570466
137327
0.225235523897
137347
0.284867110907
137367
0.117112821691
137387
0.0963331035539
137407
0.0876340379902
137427
0.0894033394608
137447
0.158339077819
137467
0.26897020527
137487
0.086496629902
137507
0.0811159620098
137527
0.110008808211
137547
0.101348039216
137567
0.105612362132
137587
0.325562959559
137607
0.415894990809
137627
0.107726332721
137647
0.175727634804
137667
0.243158318015
137687
0.201646752451
137707
0.161787683824
137727
0.15246629902
137747
0.115940946691
137767
0.151725260417
137787
0.128885186887
137807
0.176076133578
137827
0.185753676471
137847
0.201641007966
137867
0.217451746324
137887
0.205325137868
137907
0.102177159926
137927
0.0540019914216
137947
0.14359106924
137967
0.144460401348
137987
0.117557061887
138007
0.100174249387
138027
0.0847866881127
138047
0.0658528645833
138067
0.0939395680147
138087
0.355918734681
138107
0.336856617647
138127
0.641239659926
138147
0.934786688113
138167
0.999245557598
138187
1.0
138207
0.990670955882
138227
0.9888671875
138247
0.978567325368
138267
0.969538909314
138287
0.970921415441
138307
0.969393382353
138327
0.96513671875
138347
0.966251148897
138367
0.970798866422
138387
0.956205958946
138407
0.947246476716
138427
0.967982153799
138447
0.977596507353
138467
0.976556755515
138487
0.986860447304
138507
0.984495634191
138527
0.977232689951
138547
0.967957261029
138567
0.951382506127
138587
0.941582414216
138607
0.943740425858
138627
0.925886565564
138647
0.91384229473
138667
0.903274356618
138687
0.888987821691
138707
0.879497931985
138727
0.876212086397
138747
0.873025811887
138767
0.874473422181
138787
0.884367340686
138807
0.88056640625
138827
0.875936351103
138847
0.881441482843
138867
0.88216528799
138887
0.87551317402
138907
0.877226945466
138927
0.874063648897
138947
0.876298253676
138967
0.882917815564
138987
0.874006204044
139007
0.874810431985
139027
0.886603860294
139047
0.881468290441
139067
0.883122702206
139087
0.889914598652
139107
0.884256280637
139127
0.881100643382
139147
0.880135569853
139167
0.872062653186
139187
0.874710860907
139207
0.877339920343
139227
0.882184436275
139247
0.885372625613
139267
0.890983072917
139287
0.890287990196
139307
0.894573376225
139327
0.908658854167
139347
0.91115770527
139367
0.923002833946
139387
0.928450520833
139407
0.921987974877
139427
0.911508118873
139447
0.902489276961
139467
0.896670113358
139487
0.894814644608
139507
0.898140701593
139527
0.900409773284
139547
0.887838924632
139567
0.878000536152
139587
0.869148284314
139607
0.858040364583
139627
0.865770526961
139647
0.856338082108
139667
0.863107000613
139687
0.86673560049
139707
0.851137408088
139727
0.842901731005
139747
0.83841528799
139767
0.831902956495
139787
0.839675245098
139807
0.84318895527
139827
0.848703661152
139847
0.866254978554
139867
0.890257352941
139887
0.878446691176
139907
0.877320772059
139927
0.879300704657
139947
0.873284313725
139967
0.872066482843
139987
0.882676547181
140007
0.887205116422
140027
0.88046875
140047
0.880001531863
140067
0.866218596814
140087
0.867677696078
140107
0.872782628676
140127
0.872617953431
140147
0.882829733456
140167
0.893300015319
140187
0.889870557598
140207
0.884380744485
140227
0.881230851716
140247
0.881828278186
140267
0.889173560049
140287
0.876596966912
140307
0.87738013174
140327
0.890389476103
140347
0.90142846201
140367
0.887921262255
140387
0.880436197917
140407
0.887892539828
140427
0.893784466912
140447
0.882929304534
140467
0.883375459559
140487
0.883852251838
140507
0.887967218137
140527
0.887224264706
140547
0.888038066789
140567
0.875595511642
140587
0.891873468137
140607
0.871440333946
140627
0.862611060049
140647
0.864680989583
140667
0.86227979473
140687
0.853663066789
140707
0.851164215686
140727
0.85246629902
140747
0.839682904412
140767
0.839621629902
140787
0.846547564338
140807
0.850155101103
140827
0.875884650735
140847
0.863346354167
140867
0.859206495098
140887
0.874124923407
140907
0.877106311275
140927
0.865441176471
140947
0.867771522672
140967
0.864897365196
140987
0.855533854167
141007
0.869747625613
141027
0.863608685662
141047
0.858153339461
141067
0.872097120098
141087
0.859591375613
141107
0.85158739277
141127
0.866704963235
141147
0.871438419118
141167
0.883970971201
141187
0.889566099877
141207
0.877297794118
141227
0.871987974877
141247
0.874565333946
141267
0.882017846201
141287
0.882211243873
141307
0.884388403799
141327
0.876874617034
141347
0.869789751838
141367
0.860075827206
141387
0.859212239583
141407
0.857000612745
141427
0.860872395833
141447
0.865071614583
141467
0.859463082108
141487
0.859859451593
141507
0.855328967525
141527
0.854932598039
141547
0.865567555147
141567
0.86513671875
141587
0.865077359069
141607
0.867704503676
141627
0.862362132353
141647
0.856037454044
141667
0.849153645833
141687
0.845391007966
141707
0.856795726103
141727
0.862452129289
141747
0.854813878676
141767
0.865217141544
141787
0.87896752451
141807
0.864317172181
141827
0.875294883578
141847
0.867754289216
141867
0.86298828125
141887
0.871382889093
141907
0.861243872549
141927
0.850723805147
141947
0.853707107843
141967
0.851422717525
141987
0.837067248775
142007
0.824461933211
142027
0.843255974265
142047
0.831190640319
142067
0.831546798407
142087
0.838399969363
142107
0.839399509804
142127
0.851271446078
142147
0.851231234681
142167
0.844173177083
142187
0.841657092525
142207
0.857735906863
142227
0.848975566789
142247
0.837557444853
142267
0.825009574142
142287
0.813978247549
142307
0.80263671875
142327
0.789615885417
142347
0.767426853554
142367
0.773674938725
142387
0.769605928309
142407
0.763218060662
142427
0.754905790441
142447
0.777447150735
142467
0.778094362745
142487
0.776215916054
142507
0.832603783701
142527
0.837737438725
142547
0.82692823223
142567
0.84055223652
142587
0.837191712623
142607
0.834415211397
142627
0.854804304534
142647
0.852653952206
142667
0.860407092525
142687
0.862517233456
142707
0.849630438113
142727
0.866932827819
142747
0.87515893076
142767
0.865766697304
142787
0.879582184436
142807
0.88879442402
142827
0.873077512255
142847
0.852169500613
142867
0.838308057598
142887
0.820130591299
142907
0.819102328431
142927
0.795624617034
142947
0.778580729167
142967
0.779407935049
142987
0.77756395527
143007
0.740607766544
143027
0.7267578125
143047
0.730773207721
143067
0.720000382966
143087
0.724421721814
143107
0.727512254902
143127
0.737419577206
143147
0.739058670343
143167
0.75364966299
143187
0.743596813725
143207
0.74953661152
143227
0.757871859681
143247
0.749054074755
143267
0.748768765319
143287
0.757356770833
143307
0.752560125613
143327
0.749448529412
143347
0.764500995711
143367
0.741942401961
143387
0.735223268995
143407
0.735418581495
143427
0.727749693627
143447
0.740029488358
143467
0.768740425858
143487
0.747466681985
143507
0.753944546569
143527
0.76070580576
143547
0.734916896446
143567
0.731554457721
143587
0.744517846201
143607
0.733664598652
143627
0.733002068015
143647
0.731855085784
143667
0.734455422794
143687
0.720166973039
143707
0.725584022672
143727
0.71281786152
143747
0.695521216299
143767
0.708869485294
143787
0.711672794118
143807
0.726154641544
143827
0.749033011642
143847
0.760799632353
143867
0.768527879902
143887
0.77056908701
143907
0.776648667279
143927
0.787136182598
143947
0.812143841912
143967
0.80836205576
143987
0.788388480392
144007
0.797721354167
144027
0.779961320466
144047
0.755501302083
144067
0.7330078125
144087
0.747177542892
144107
0.771122472426
144127
0.763803998162
144147
0.773774509804
144167
0.789405254289
144187
0.822707950368
144207
0.828768382353
144227
0.851321231618
144247
0.861634497549
144267
0.891649433211
144287
0.894682521446
144307
0.889690563725
144327
0.897579656863
144347
0.887704886642
144367
0.861937040441
144387
0.852458639706
144407
0.836820235907
144427
0.821356081495
144447
0.801731004902
144467
0.779302619485
144487
0.796668198529
144507
0.79974341299
144527
0.815617340686
144547
0.820879289216
144567
0.847054993873
144587
0.882881433824
144607
0.897303921569
144627
0.931426164216
144647
0.94928002451
144667
0.994674862132
144687
1.0
