136558
0.313878197763
136578
0.408243815104
136598
0.31311896829
136618
0.275181429994
136638
0.205005840227
136658
0.234136125153
136678
0.38263537837
136698
0.313001685049
136718
0.27898906633
136738
0.198121074602
136758
0.112611538756
136778
0.06997979856
136798
0.134998755362
136818
0.167476639093
136838
0.175510301777
136858
0.226824352788
136878
0.129612342984
136898
0.0703306908701
136918
0.0382774203431
136938
0.0401352826287
136958
0.0435470281863
136978
0.0534289790135
136998
0.0973718979779
137018
0.128719554228
137038
0.168670055913
137058
0.17034888174
137078
0.119356521906
137098
0.12384296492
137118
0.253388288909
137138
0.322526999081
137158
0.2618130553
137178
0.236068665748
137198
0.169740445006
137218
0.164384191176
137238
0.128788966759
137258
0.104034064798
137278
0.0702277688419
137298
0.107384535846
137318
0.256901520374
137338
0.250989008885
137358
0.246546606924
137378
0.251988070619
137398
0.244462316176
137418
0.349530388327
137438
0.526205863205
137458
0.640268841912
137478
0.974206782322
137498
0.999251302083
137518
1.0
137538
1.0
137558
1.0
137578
1.0
137598
0.995126282935
137618
0.818953450521
137638
0.452981387868
137658
0.211730717678
137678
0.155461090686
137698
0.154247089461
137718
0.0772695503983
137738
0.0581112132353
137758
0.0516927083333
137778
0.0815444048713
137798
0.102308804381
137818
0.0793409160539
137838
0.0680194929534
137858
0.0462723077512
137878
0.0466825597426
137898
0.0540512982537
137918
0.119083658854
137938
0.143290919884
137958
0.0932291666667
137978
0.160634478401
137998
0.152647729013
138018
0.149600758272
138038
0.145066444547
138058
0.143119064032
138078
0.140673828125
138098
0.141726983762
138118
0.141589594822
138138
0.142759076287
138158
0.143849092371
138178
0.176574946385
138198
0.178299728094
138218
0.174277630974
138238
0.178338982077
138258
0.176097675398
138278
0.18194029565
138298
0.153864602482
138318
0.154600375306
138338
0.135204599418
138358
0.132357728248
138378
0.14810814951
138398
0.160363530178
138418
0.170509727328
138438
0.110397518382
138458
0.12886316636
138478
0.146387676164
138498
0.146702186734
138518
0.151275754442
138538
0.149049287684
138558
0.135663200827
138578
0.136357804841
138598
0.137919347426
138618
0.136519129136
138638
0.138206571691
138658
0.134592811734
138678
0.139736998315
138698
0.134498027727
138718
0.127865540748
138738
0.134984872855
138758
0.135730698529
138778
0.13318158318
138798
0.132272997089
138818
0.132636335784
138838
0.172208658854
138858
0.169756242341
138878
0.171177045037
138898
0.167514456955
138918
0.19259631587
138938
0.192992685355
138958
0.19505926394
138978
0.193391927083
138998
0.19392041973
139018
0.198222560509
139038
0.172473862592
139058
0.177017271752
139078
0.172220626532
139098
0.173956897212
139118
0.17507946538
139138
0.16304620481
139158
0.162369791667
139178
0.158104032629
139198
0.164992627911
139218
0.16509698606
139238
0.165962488511
139258
0.166359815411
139278
0.197830978094
139298
0.193118106618
139318
0.196906594669
139338
0.193242091759
139358
0.195677753523
139378
0.194255514706
139398
0.196996112898
139418
0.198236443015
139438
0.195975988051
139458
0.200692210478
139478
0.19244073606
139498
1.0
139518
1.0
139538
1.0
139558
1.0
139578
1.0
139598
0.995864928002
139618
0.994970224418
139638
0.995201918658
139658
1.0
139678
0.992937634038
139698
0.991937136183
139718
0.992643229167
139738
1.0
139758
0.99505926394
139778
0.99471172258
139798
0.995409198836
139818
1.0
139838
0.994977883732
139858
0.994926662071
139878
0.995877374387
139898
0.999947342218
139918
0.996279009651
139938
0.996253638174
139958
0.997926240809
139978
0.998143095129
139998
0.996201459099
140018
0.996267041973
140038
0.999729051777
140058
0.998857804841
140078
0.998456169577
140098
0.998451382506
140118
1.0
140138
0.996953986673
140158
0.996397250306
140178
0.996687825521
140198
1.0
140218
0.998452818627
140238
0.99821729473
140258
0.998443723192
140278
1.0
140298
0.995076497396
140318
0.994832356771
140338
0.995617915135
140358
1.0
140378
0.997328814338
140398
0.997219190411
140418
0.997803213082
140438
0.999679266238
140458
0.997087067249
140478
0.997087067249
140498
0.998482498468
140518
1.0
140538
1.0
140558
0.998392501532
140578
0.997474341299
140598
0.997488223805
140618
0.997488223805
140638
0.998359949449
140658
0.998800359988
140678
0.998049268536
140698
0.998051183364
140718
0.998054534314
140738
0.998489679075
140758
0.999908566942
140778
0.998176125919
140798
0.998181870404
140818
0.998996629902
140838
0.998961684283
140858
0.998412128523
140878
0.998409256281
140898
1.0
140918
0.99853515625
140938
0.998233570772
140958
0.998327876072
140978
1.0
140998
0.998280962776
141018
0.998175647212
141038
0.998271867341
141058
1.0
141078
0.997599283854
141098
0.997474341299
141118
0.997836243873
141138
1.0
141158
0.997736672794
141178
0.997731885723
141198
0.99817756204
141218
0.999883674173
141238
0.997508329504
141258
0.99748583027
141278
0.998517922794
141298
0.99864765242
141318
0.997299134498
141338
0.99729865579
141358
0.999396829044
141378
0.998573452819
141398
0.998075597426
141418
0.998146924786
141438
1.0
141458
0.998795572917
141478
0.998556219363
141498
0.998683555453
141518
1.0
141538
0.998619408701
141558
0.998494466146
141578
0.99860791973
141598
1.0
141618
0.996464269301
141638
0.996256510417
141658
0.996822342218
141678
1.0
141698
0.996018592984
141718
0.995952531403
141738
0.996910903033
141758
0.999981330423
141778
0.995255533854
141798
0.995261278339
141818
0.99772901348
141838
0.997412588082
141858
0.995595894608
141878
0.995594937194
141898
0.999879844516
141918
1.0
141938
0.962193148744
141958
0.95466260723
141978
0.954754040288
141998
0.954801910999
142018
1.0
142038
0.968902707567
142058
0.959557866115
142078
0.959611960018
142098
0.9603582644
142118
0.999810910692
142138
0.992049632353
142158
0.606436695772
142178
0.520674402574
142198
0.525471526501
142218
0.524272365196
142238
0.634872855392
142258
0.999858781403
142278
0.996492034314
142298
0.942019473805
142318
0.942348824295
142338
0.942374674479
142358
0.955843577665
142378
1.0
142398
0.969904641544
142418
0.969492953431
142438
0.969517367494
142458
0.973734777114
142478
1.0
142498
0.311730238971
142518
0.183268229167
142538
0.179249482996
142558
0.175556736366
142578
0.193864410999
142598
0.453468711703
142618
1.0
142638
0.962287932751
142658
0.9584927428
142678
0.958511412377
142698
0.962390376072
142718
1.0
142738
0.987217084099
142758
0.985843673407
142778
0.985850375306
142798
0.986711569393
142818
1.0
142838
0.280235619638
142858
0.0927317899816
142878
0.0912138097426
142898
0.0913478477328
142918
0.0901419845282
142938
0.127956495098
142958
0.8610318053
142978
0.978471583946
142998
0.963099820006
143018
0.963145297181
143038
0.963141946232
143058
0.977345664828
143078
0.996434589461
143098
0.966950061275
143118
0.96711473652
143138
0.967141544118
143158
0.974695542279
143178
0.870158835018
143198
0.160237630208
143218
0.101457184436
143238
0.100835343903
143258
0.10294452742
143278
0.0937849456189
143298
0.274957873775
143318
1.0
143338
0.965077837776
143358
0.967380418964
143378
0.967371802237
143398
0.96727845435
143418
1.0
143438
0.972203393076
143458
0.967929496017
143478
0.968702129289
143498
0.970256012561
143518
1.0
143538
0.35125134038
143558
0.223078948376
143578
0.205238491881
143598
0.204784677543
143618
0.205058976716
143638
0.271692612592
143658
0.785483206955
143678
0.966886871936
143698
0.952644378064
143718
0.952821978401
143738
0.952891869638
143758
0.966380399816
143778
0.997625134038
143798
0.94992053462
143818
0.950005265778
143838
0.949979894301
143858
0.963118010876
143878
0.834840782016
143898
0.106695676317
143918
0.0738721660539
143938
0.0756299785539
143958
0.0758836933211
143978
0.07212823606
143998
0.237733130362
144018
1.0
144038
0.978155158548
144058
0.977293485754
144078
0.977380610447
144098
0.979666915594
144118
1.0
144138
0.918330652574
144158
0.907843615962
144178
0.909965245864
144198
0.911458333333
144218
1.0
144238
0.228906728707
144258
0.0669132008272
144278
0.0736122280944
144298
0.0737859987745
144318
0.0732493681066
144338
0.0734925513174
144358
0.721277094822
144378
0.978569240196
144398
0.964155847886
144418
0.964137178309
144438
0.964223824295
144458
0.972666781556
144478
1.0
144498
0.987690046722
144518
0.987217084099
144538
0.987269741881
144558
0.988970588235
144578
1.0
144598
0.948029162837
144618
0.946605487898
144638
0.946644741881
144658
0.952656345741
144678
1.0
144698
0.978673119638
144718
0.978162339154
144738
0.978114468444
144758
0.980346679688
144778
1.0
144798
1.0
144818
1.0
144838
1.0
144858
1.0
144878
1.0
144898
1.0
144918
1.0
144938
1.0
144958
1.0
144978
1.0
144998
1.0
145018
1.0
145038
1.0
145058
1.0
145078
1.0
145098
1.0
145118
1.0
145138
1.0
145158
1.0
145178
1.0
145198
1.0
145218
1.0
145238
1.0
145258
1.0
145278
1.0
145298
1.0
145318
1.0
145338
1.0
145358
1.0
145378
1.0
145398
1.0
145418
1.0
145438
1.0
145458
1.0
145478
1.0
145498
1.0
145518
1.0
145538
1.0
145558
1.0
145578
1.0
145598
1.0
145618
1.0
145638
1.0
145658
1.0
145678
1.0
145698
1.0
145718
1.0
145738
1.0
145758
1.0
145778
1.0
145798
1.0
145818
1.0
145838
1.0
145858
1.0
145878
1.0
145898
1.0
145918
1.0
145938
1.0
145958
1.0
145978
1.0
145998
1.0
146018
1.0
146038
1.0
146058
1.0
146078
1.0
146098
1.0
146118
1.0
146138
1.0
