125600
0.0691666666667
125620
0.206418981481
125640
0.172046296296
125660
0.05728125
125680
0.0624849537037
125700
0.0628530092593
125720
0.0957662037037
125740
0.0797372685185
125760
0.252090277778
125780
0.194944444444
125800
0.0440925925926
125820
0.0709895833333
125840
0.0763842592593
125860
0.0499247685185
125880
0.0447511574074
125900
0.0552986111111
125920
0.0572048611111
125940
0.0492731481481
125960
0.0521006944444
125980
0.0441157407407
126000
0.0496388888889
126020
0.0540138888889
126040
0.0531041666667
126060
0.0683668981481
126080
0.0697893518519
126100
0.0633530092593
126120
0.0529722222222
126140
0.0496377314815
126160
0.063375
126180
0.0614201388889
126200
0.0611122685185
126220
0.143041666667
126240
0.140774305556
126260
0.142145833333
126280
0.133858796296
126300
0.117503472222
126320
0.118693287037
126340
0.109390046296
126360
0.115849537037
126380
0.0625659722222
126400
0.06221875
126420
0.0712384259259
126440
0.0674097222222
126460
0.0652696759259
126480
0.0649189814815
126500
0.132347222222
126520
0.123517361111
126540
0.116974537037
126560
0.112385416667
126580
0.0489131944444
126600
0.0422175925926
126620
0.0432303240741
126640
0.04284375
126660
0.0389178240741
126680
0.0407256944444
126700
0.0415138888889
126720
0.04734375
126740
0.0444872685185
126760
0.0410752314815
126780
0.0379212962963
126800
0.0366643518519
126820
0.0412384259259
126840
0.0456006944444
126860
0.0407719907407
126880
0.0492939814815
126900
0.0556793981481
126920
0.0894780092593
126940
0.0934409722222
126960
0.105662037037
126980
0.103644675926
127000
0.103527777778
127020
0.107451388889
127040
0.10009837963
127060
0.105585648148
127080
0.100935185185
127100
0.0935381944444
127120
0.107625
127140
0.124766203704
127160
0.112363425926
127180
0.0802164351852
127200
0.0683842592593
127220
0.0745358796296
127240
0.0714386574074
127260
0.076375
127280
0.0758032407407
127300
0.0824131944444
127320
0.0904270833333
127340
0.099724537037
127360
0.102737268519
127380
0.116922453704
127400
0.136344907407
127420
0.150819444444
127440
0.160159722222
127460
0.162912037037
127480
0.162813657407
127500
0.161894675926
127520
0.151929398148
127540
0.140361111111
127560
0.131456018519
127580
0.17512962963
127600
0.179768518519
127620
0.207924768519
127640
0.221788194444
127660
0.237840277778
127680
0.271575231481
127700
0.152829861111
127720
0.126603009259
127740
0.143569444444
127760
0.141128472222
127780
0.148987268519
127800
0.14650462963
127820
0.144144675926
127840
0.138315972222
127860
0.140413194444
127880
0.13233912037
127900
0.131048611111
127920
0.133690972222
127940
0.127225694444
127960
0.13425
127980
0.13437037037
128000
0.13566087963
128020
0.135408564815
128040
0.125356481481
128060
0.0967326388889
128080
0.0981087962963
128100
0.0967858796296
128120
0.101849537037
128140
0.118471064815
128160
0.119255787037
128180
0.124137731481
128200
0.116740740741
128220
0.113804398148
128240
0.105482638889
128260
0.104032407407
128280
0.0968645833333
128300
0.0963078703704
128320
0.0964363425926
128340
0.0965752314815
128360
0.10915162037
128380
0.0975428240741
128400
0.102327546296
128420
0.099849537037
128440
0.0930104166667
128460
0.099494212963
128480
0.0925752314815
128500
0.0900798611111
128520
0.08878125
128540
0.0984363425926
128560
0.0914849537037
128580
0.0960347222222
128600
0.0904780092593
128620
0.093005787037
128640
0.0960127314815
128660
0.0985104166667
128680
0.0570300925926
128700
0.0564386574074
128720
0.06115625
128740
0.0570428240741
128760
0.0570833333333
128780
0.0547743055556
128800
0.0519375
128820
0.0503553240741
128840
0.045849537037
128860
0.0454270833333
128880
0.042537037037
128900
0.149449074074
128920
0.128390046296
128940
0.111087962963
128960
0.0907361111111
128980
0.0767488425926
129000
0.071056712963
129020
0.0623530092593
129040
0.0540960648148
129060
0.0494363425926
129080
0.0456828703704
129100
0.0458738425926
129120
0.043212962963
129140
0.0424814814815
129160
0.0438298611111
129180
0.0478958333333
129200
0.0947638888889
129220
0.113273148148
129240
0.0920219907407
129260
0.126297453704
129280
0.09846875
129300
0.0862002314815
129320
0.0907268518519
129340
0.112326388889
129360
0.0905960648148
129380
0.081775462963
129400
0.097244212963
129420
0.0828888888889
129440
0.180377314815
129460
0.161135416667
129480
0.170493055556
129500
0.157271990741
129520
0.12890162037
129540
0.109365740741
129560
0.0945185185185
129580
0.0887627314815
129600
0.0959722222222
129620
0.107568287037
129640
0.109372685185
129660
0.11996875
129680
0.115055555556
129700
0.117849537037
129720
0.115033564815
129740
0.133631944444
129760
0.120152777778
129780
0.122584490741
129800
0.115019675926
129820
0.113715277778
129840
0.103636574074
129860
0.324966435185
129880
0.650045138889
129900
1.0
129920
1.0
129940
1.0
129960
0.98759375
129980
0.988631944444
130000
0.988552083333
130020
0.988559027778
130040
0.988621527778
130060
0.987055555556
130080
1.0
130100
0.999541666667
130120
0.997885416667
130140
0.995361111111
130160
0.991989583333
130180
0.98896875
130200
0.986017361111
130220
0.983024305556
130240
0.980017361111
130260
0.976184027778
130280
0.972149305556
130300
0.968642361111
130320
0.963739583333
130340
0.960767361111
130360
0.961121527778
130380
0.961211805556
130400
0.960357638889
130420
0.960913194444
130440
0.961052083333
130460
0.960336805556
130480
0.95990625
130500
0.959739583333
130520
0.95525
130540
0.950246527778
130560
0.948076388889
130580
0.94240625
130600
0.937024305556
130620
0.936236111111
130640
0.934114583333
130660
0.9353125
130680
0.933737268519
130700
0.934893518519
130720
0.931262731481
130740
0.936059027778
130760
0.933746527778
130780
0.939752314815
130800
0.942694444444
130820
0.948534722222
130840
0.953826388889
130860
0.956944444444
130880
0.957690972222
130900
0.957413194444
130920
0.959743055556
130940
0.951444444444
130960
0.947871527778
130980
0.939725694444
131000
0.936548611111
131020
0.928158564815
131040
0.928248842593
131060
0.927267361111
131080
0.923756944444
131100
0.922802083333
131120
0.923729166667
131140
0.91615162037
131160
0.913460648148
131180
0.920480324074
131200
0.91565162037
131220
0.917760416667
131240
0.914278935185
131260
0.910155092593
131280
0.911907407407
131300
0.905336805556
131320
0.898527777778
131340
0.897431712963
131360
0.889178240741
131380
0.882157407407
131400
0.872363425926
131420
0.854195601852
131440
0.864822916667
131460
0.854762731481
131480
0.870296296296
131500
0.855644675926
131520
0.85990625
131540
0.852711805556
131560
0.870899305556
131580
0.855319444444
131600
0.857935185185
131620
0.85671875
131640
0.863107638889
131660
0.863819444444
131680
0.865332175926
131700
0.874458333333
131720
0.87303125
131740
0.879357638889
131760
0.871677083333
131780
0.869052083333
131800
0.876393518519
131820
0.874471064815
131840
0.870857638889
131860
0.881917824074
131880
0.882621527778
131900
0.881575231481
131920
0.891690972222
131940
0.891077546296
131960
0.902503472222
131980
0.893909722222
132000
0.901217592593
132020
0.893947916667
132040
0.896886574074
132060
0.899626157407
132080
0.89793287037
132100
0.896672453704
132120
0.89666087963
132140
0.90140625
132160
0.901202546296
132180
0.899502314815
132200
0.900956018519
132220
0.905458333333
132240
0.899829861111
132260
0.904366898148
132280
0.900344907407
132300
0.900042824074
132320
0.895503472222
132340
0.89656712963
132360
0.890347222222
132380
0.887109953704
132400
0.887414351852
132420
0.885877314815
132440
0.87700462963
132460
0.8840625
132480
0.890917824074
132500
0.88380787037
132520
0.876320601852
132540
0.872163194444
132560
0.873547453704
132580
0.875726851852
132600
0.877953703704
132620
0.881480324074
132640
0.869453703704
132660
0.872104166667
132680
0.872140046296
132700
0.870238425926
132720
0.854872685185
132740
0.858986111111
132760
0.852047453704
132780
0.862631944444
132800
0.85346875
132820
0.860778935185
132840
0.858407407407
132860
0.86425
132880
0.861929398148
132900
0.857836805556
132920
0.853591435185
132940
0.849740740741
132960
0.847111111111
132980
0.840237268519
133000
0.852434027778
133020
0.838211805556
133040
0.846440972222
133060
0.841784722222
133080
0.847038194444
133100
0.844523148148
133120
0.843069444444
133140
0.835371527778
133160
0.838524305556
133180
0.84144212963
133200
0.847982638889
133220
0.841826388889
133240
0.849731481481
133260
0.855774305556
133280
0.850701388889
133300
0.858371527778
133320
0.850109953704
133340
0.858043981481
133360
0.857458333333
133380
0.860166666667
133400
0.858471064815
133420
0.860114583333
133440
0.872667824074
133460
0.879516203704
133480
0.873429398148
133500
0.87531712963
133520
0.891868055556
133540
0.87944212963
133560
0.895638888889
133580
0.877840277778
133600
0.891342592593
133620
0.888443287037
133640
0.892009259259
133660
0.885196759259
133680
0.887269675926
133700
0.890855324074
133720
0.890193287037
133740
0.883335648148
133760
0.878311342593
133780
0.889489583333
133800
0.881119212963
133820
0.887795138889
133840
0.88037962963
133860
0.887685185185
133880
0.88227662037
133900
0.883302083333
133920
0.883587962963
133940
0.880969907407
133960
0.870763888889
133980
0.871439814815
134000
0.881802083333
134020
0.882751157407
134040
0.883701388889
134060
0.885739583333
134080
0.891511574074
134100
0.886553240741
134120
0.881505787037
134140
0.894247685185
134160
0.904967592593
134180
0.908233796296
134200
0.91515162037
134220
0.911234953704
134240
0.919116898148
134260
0.927112268519
134280
0.926815972222
134300
0.938642361111
134320
0.922056712963
134340
0.914940972222
134360
0.912158564815
134380
0.91943287037
134400
0.920920138889
134420
0.915790509259
134440
0.903541666667
134460
0.898996527778
134480
0.889730324074
134500
0.889690972222
134520
0.885048611111
134540
0.889030092593
134560
0.890657407407
134580
0.884096064815
134600
0.892855324074
134620
0.893070601852
134640
0.893641203704
134660
0.891123842593
134680
0.889607638889
134700
0.882086805556
134720
0.878819444444
134740
0.878079861111
134760
0.878952546296
134780
0.870262731481
134800
0.879608796296
134820
0.877493055556
134840
0.888886574074
134860
0.892902777778
134880
0.887103009259
134900
0.889523148148
134920
0.890296296296
134940
0.885877314815
134960
0.891813657407
134980
0.902649305556
135000
0.916328703704
135020
0.924769675926
135040
0.924887731481
135060
0.925939814815
135080
0.939256944444
135100
0.939746527778
135120
0.939791666667
135140
0.940576388889
135160
0.942982638889
135180
0.944236111111
135200
0.945149305556
135220
0.953114583333
135240
0.958413194444
135260
0.959319444444
135280
0.959885416667
135300
0.962489583333
135320
0.963333333333
135340
0.965118055556
135360
0.966649305556
135380
0.975138888889
135400
0.981847222222
135420
0.982861111111
135440
0.983138888889
135460
0.989635416667
135480
0.996326388889
135500
0.997288194444
135520
0.997645833333
135540
0.997690972222
135560
0.998270833333
135580
0.999451388889
