130674
0.046998016594
130694
0.104522468508
130714
0.107963905039
130734
0.109285671027
130754
0.108646741764
130774
0.109513157098
130794
0.103783611919
130814
0.112750196827
130834
0.102417938469
130854
0.10728333939
130874
0.108247789486
130894
0.111801265746
130914
0.0409736101017
130934
0.0411916333576
130954
0.0413014020107
130974
0.0412855044816
130994
0.0461830789729
131014
0.0421258024467
131034
0.0397161912548
131054
0.0612891382025
131074
0.0545724321705
131094
0.0557075914486
131114
0.0833454457364
131134
0.0833363614341
131154
0.0411306928295
131174
0.100546193677
131194
0.0638471263324
131214
0.065234375
131234
0.207544891594
131254
0.154432003997
131274
0.0454245397287
131294
0.0428302143895
131314
0.0459018441134
131334
0.0460907218992
131354
0.0478053839632
131374
0.0478212814922
131394
0.0493042938469
131414
0.0517430505087
131434
0.0537124515504
131454
0.0541628815407
131474
0.0497164940649
131494
0.0464934593023
131514
0.0469749273256
131534
0.0470052083333
131554
0.0473254299903
131574
0.0459783036579
131594
0.0465759750484
131614
0.0458545300388
131634
0.0461092690165
131654
0.0435278131056
131674
0.0451065891473
131694
0.0447848534399
131714
0.0443253391473
131734
0.0451508751211
131754
0.0458314407703
131774
0.0452685925388
131794
0.0460615764293
131814
0.0448696402616
131834
0.0446114946705
131854
0.0436848958333
131874
0.0422658521076
131894
0.0418661428052
131914
0.0408547571463
131934
0.040992157219
131954
0.0403755601986
131974
0.0408736827762
131994
0.0413290334302
132014
0.0412877755572
132034
0.0411064680233
132054
0.0362917877907
132074
0.039626862282
132094
0.0362902737403
132114
0.0370654675388
132134
0.0384799691134
132154
0.0379280977471
132174
0.0353583757267
132194
0.0336531764777
132214
0.0342497123304
132234
0.0347856861676
132254
0.03698257328
132274
0.0377517108769
132294
0.0872672147529
132314
0.0865132176599
132334
0.0864848292151
132354
0.989644652374
132374
0.11883895046
132394
0.0485923116521
132414
0.0352997062742
132434
0.030326050751
132454
0.0408498364826
132474
0.0766435016957
132494
0.126908460514
132514
0.280826444404
132534
0.257250787306
132554
0.356556595203
132574
0.52538911095
132594
0.629295739462
132614
0.73690384266
132634
0.795401828973
132654
0.854409293241
132674
0.916607997214
132694
0.965927431565
132714
0.984151299055
132734
0.9950691164
132754
0.997867081516
132774
0.997916666667
132794
0.997873137718
132814
0.997909096415
132834
0.997904554264
132854
0.746848504118
132874
0.748800115068
132894
0.750388732437
132914
0.748347414002
132934
0.749618459302
132954
0.795606225775
132974
1.0
132994
1.0
133014
1.0
133034
0.995956349927
133054
0.996187999637
133074
0.996165288881
133094
0.995864371366
133114
1.0
133134
0.989943677326
133154
0.98997206577
133174
0.990004996366
133194
0.989768804506
133214
1.0
133234
0.994162200218
133254
0.994174691134
133274
0.994173555596
133294
0.994379087936
133314
0.990560274346
133334
0.988636673328
133354
0.988636673328
133374
0.988632131177
133394
0.991355150799
133414
0.993144758358
133434
0.993103878997
133454
0.993117505451
133474
0.993355968387
133494
1.0
133514
0.994913926235
133534
0.995114916424
133554
0.995111509811
133574
0.99484465843
133594
1.0
133614
0.995387445494
133634
0.995697447311
133654
0.995697447311
133674
0.995972247456
133694
0.995698582849
133714
0.994905977471
133734
0.995201217297
133754
0.995221656977
133774
1.0
133794
0.995371547965
133814
0.995678143169
133834
0.995712209302
133854
0.995514625727
133874
1.0
133894
0.99372956032
133914
0.993722747093
133934
0.993727289244
133954
0.994057730741
133974
0.996847747093
133994
0.996610419695
134014
0.996618368459
134034
0.996625181686
134054
1.0
134074
0.995454442224
134094
0.995719022529
134114
0.995725835756
134134
0.995494186047
134154
1.0
134174
0.996029024346
134194
0.996032430959
134214
0.996042650799
134234
0.996654705669
134254
0.996254996366
134274
0.996142578125
134294
0.996156204578
134314
0.996161882267
134334
1.0
134354
0.996751226381
134374
0.996949945494
134394
0.996948809956
134414
0.996712618096
134434
1.0
134454
0.99647415516
134474
0.996869322311
134494
0.996892033067
134514
0.997379178779
134534
0.996521847747
134554
0.996535474201
134574
0.996532067587
134594
0.996540016352
134614
1.0
134634
0.99670012718
134654
0.996959029797
134674
0.996959029797
134694
0.996788699128
134714
1.0
134734
0.990145803052
134754
0.990153751817
134774
0.990170784884
134794
0.991096248183
134814
0.984011627907
134834
0.983626680596
134854
0.983651662427
134874
0.983699355015
134894
1.0
134914
0.986799373183
134934
0.987769122456
134954
0.987767986919
134974
0.987856558866
134994
0.996013126817
135014
0.992232921512
135034
0.992313544695
135054
0.992322628997
135074
1.0
135094
1.0
135114
1.0
135134
0.998943949855
135154
0.996851153706
135174
0.99090774891
135194
0.984731558866
135214
0.976651071948
135234
0.970080850291
135254
0.965769213299
135274
0.959926871366
135294
0.953014852834
135314
0.945166015625
135334
0.941358557413
135354
0.932296965843
135374
0.927047374637
135394
0.92265625
135414
0.928127271076
135434
0.927905841206
135454
0.925597292878
135474
0.930040652253
135494
0.930455123547
135514
0.929303688227
135534
0.931789380451
135554
0.937153660974
135574
0.933211073765
135594
0.933488144985
135614
0.933990052689
135634
0.936820948401
135654
0.936549554869
135674
0.935725154433
135694
0.94158112282
135714
0.941108739099
135734
0.944363190407
135754
0.944641397166
135774
0.936885674055
135794
0.942525890262
135814
0.943593295785
135834
0.941059910974
135854
0.938965979288
135874
0.943580804869
135894
0.942898346657
135914
0.940269576672
135934
0.940282067587
135954
0.943799963663
135974
0.939330486919
135994
0.938080259811
136014
0.935209620276
136034
0.935651344477
136054
0.939517850654
136074
0.938893304869
136094
0.937986010174
136114
0.93908293968
136134
0.938290334302
136154
0.937053733648
136174
0.93795762173
136194
0.936026071948
136214
0.942278343023
136234
0.943277616279
136254
0.946658112282
136274
0.94314362282
136294
0.944367732558
136314
0.943661428052
136334
0.942522483648
136354
0.940992914244
136374
0.941550463299
136394
0.938234692951
136414
0.940536428052
136434
0.934202398256
136454
0.937342160247
136474
0.936272483648
136494
0.936941315407
136514
0.938904660247
136534
0.934470385174
136554
0.939757449128
136574
0.942489553052
136594
0.944431322674
136614
0.943383221294
136634
0.944440406977
136654
0.946110783067
136674
0.942076217297
136694
0.940487599927
136714
0.938127952398
136734
0.938610555959
136754
0.939698401163
136774
0.942977834302
136794
0.940667014898
136814
0.94129837391
136834
0.941867278343
136854
0.946458257631
136874
0.948192223837
136894
0.946731922238
136914
0.947023755451
136934
0.954804460392
136954
0.953248773619
136974
0.946668332122
136994
0.945130813953
137014
0.949302779797
137034
0.944209892805
137054
0.943072083939
137074
0.941388081395
137094
0.936987872456
137114
0.939960710392
137134
0.940103788154
137154
0.938361873183
137174
0.943736373547
137194
0.94981490734
137214
0.946737599927
137234
0.946519576672
137254
0.948786110102
137274
0.948208121366
137294
0.947565406977
137314
0.944166742369
137334
0.941057639898
137354
0.938955759448
137374
0.938871729651
137394
0.938767260174
137414
0.938005314317
137434
0.938680959302
137454
0.939035247093
137474
0.940421738735
137494
0.936290652253
137514
0.941281340843
137534
0.93936568859
137554
0.940037926962
137574
0.94133925327
137594
0.944858284884
137614
0.939044331395
137634
0.937643077762
137654
0.937287654433
137674
0.937831577035
137694
0.933839026163
137714
0.92879837391
137734
0.931638353924
137754
0.935131268169
137774
0.932327625363
137794
0.931340843023
137814
0.929265079942
137834
0.933345067224
137854
0.932451398983
137874
0.933811773256
137894
0.92852584484
137914
0.932063045058
137934
0.935485555959
137954
0.930562999637
137974
0.931540697674
137994
0.936666515262
138014
0.938972792515
138034
0.946060819404
138054
0.941836618823
138074
0.937008312137
138094
0.939068177689
138114
0.939338435683
138134
0.94275299782
138154
0.946691042878
138174
0.941485737645
138194
0.943771575218
138214
0.941264307776
138234
0.936248637355
138254
0.928413426599
138274
0.933472247456
138294
0.932521802326
138314
0.931561137355
138334
0.927294921875
138354
0.924298237645
138374
0.922216796875
138394
0.926997410974
138414
0.928138626453
138434
0.925834620276
138454
0.929944131541
138474
0.931096702398
138494
0.92409043423
138514
0.922762990552
138534
0.927770712209
138554
0.92987259266
138574
0.930880950218
138594
0.92877793423
138614
0.929915743096
138634
0.924895530523
138654
0.912465933866
138674
0.901149164244
138694
0.901595430596
138714
0.906454396802
138734
0.901808911701
138754
0.890330895712
138774
0.885113099564
138794
0.882990779433
138814
0.884859874637
138834
0.887894031613
138854
0.885333393895
138874
0.885491233648
138894
0.887515897529
138914
0.89609375
138934
0.88497115734
138954
0.888442496366
138974
0.899493550145
138994
0.889922102108
139014
0.887515897529
139034
0.891030386991
139054
0.884471520712
139074
0.888751362645
139094
0.897695993823
139114
0.89219771984
139134
0.882710301599
139154
0.87623887173
139174
0.877478878997
139194
0.869701580669
139214
0.872423464753
139234
0.870657703488
139254
0.872264489462
139274
0.872678960756
139294
0.877820675872
139314
0.876674918241
139334
0.887807730741
139354
0.889986827762
139374
0.891861600654
139394
0.894364325945
139414
0.908304187863
139434
0.906725790334
139454
0.906309047965
139474
0.906983557413
139494
0.913744549419
139514
0.914905069041
139534
0.919260992006
139554
0.921089207849
139574
0.919681140988
139594
0.929704533067
139614
0.929062575703
139634
0.925541651526
139654
0.928188590116
139674
0.940410004845
139694
0.946409429506
139714
0.944692496366
139734
0.941608375727
139754
0.938510628634
139774
0.938762718023
139794
0.931030084181
139814
0.932101653343
139834
0.928431973716
139854
0.934418528949
139874
0.937367899104
139894
0.934543059593
139914
0.930482376453
139934
0.930418786337
139954
0.913961058624
139974
0.910826974322
139994
0.914838450824
140014
0.921193677326
140034
0.925001135538
140054
0.930324536701
140074
0.937152525436
140094
0.940522423086
140114
0.947970415455
140134
0.95184676296
140154
0.956067178416
140174
0.966985752786
140194
0.986301629118
140214
0.988958030523
140234
0.998369367733
140254
1.0
