149338
0.141287216262
149358
0.140873270367
149378
0.141121540734
149398
0.14035389459
149418
0.14004392102
149438
0.135883570429
149458
0.135907377177
149478
0.134914295709
149498
0.134433788091
149518
0.132506413246
149538
0.134251107743
149558
0.137042813277
149578
0.136869849969
149598
0.1392578125
149618
0.137838638837
149638
0.141445604011
149658
0.147599405317
149678
0.136936411692
149698
0.135086773165
149718
0.13350338153
149738
0.134357023476
149758
0.133046680659
149778
0.155049945585
149798
0.15243168921
149818
0.151641208022
149838
0.151764614428
149858
0.151614972015
149878
0.151242809391
149898
0.135110579913
149918
0.133485405006
149938
0.134289004198
149958
0.134225843439
149978
0.134907493781
149998
0.132519045398
150018
0.131955942942
150038
0.136689598881
150058
0.134339532805
150078
0.133465970927
150098
0.133653509795
150118
0.1318359375
150138
0.142659262282
150158
0.144880577581
150178
0.145072489117
150198
0.145691950404
150218
0.143448771766
150238
0.143391927083
150258
0.141984413868
150278
0.140990360697
150298
0.145264400653
150318
0.148810148476
150338
0.150060731499
150358
0.150907571517
150378
0.147797147077
150398
0.145420359142
150418
0.147209752021
150438
0.146182175062
150458
0.140845576803
150478
0.141892587842
150498
0.130093672264
150518
0.132083236163
150538
0.130219022077
150558
0.129571867226
150578
0.130010591573
150598
0.129481012904
150618
0.130195701182
150638
0.131869461287
150658
0.129859005752
150678
0.129537371735
150698
0.130407046797
150718
0.130188899254
150738
0.129752118315
150758
0.130081525964
150778
0.131843711132
150798
0.130550373134
150818
0.128347034359
150838
0.129132171175
150858
0.126157785292
150878
0.130107276119
150898
0.13654530084
150918
0.139338949782
150938
0.134087861474
150958
0.132589008085
150978
0.132313044154
150998
0.13224356732
151018
0.134881257774
151038
0.135714979789
151058
0.127137748756
151078
0.123855818563
151098
0.128182816387
151118
0.126948752332
151138
0.125499455846
151158
0.12624766791
151178
0.127049809546
151198
0.125676791822
151218
0.123992342973
151238
0.125589338464
151258
0.132134250622
151278
0.132442280784
151298
0.130619849969
151318
0.13215319885
151338
0.131833022388
151358
0.133992634484
151378
0.131806300529
151398
0.129927510883
151418
0.131021163713
151438
0.131415675529
151458
0.131712531095
151478
0.132803268812
151498
0.131222306437
151518
0.125238067475
151538
0.13349366449
151558
0.137418376866
151578
0.137440726057
151598
0.132663343439
151618
0.128819282494
151638
0.128118198072
151658
0.13575190454
151678
0.132003070585
151698
0.133083119558
151718
0.132337822606
151738
0.13300295398
151758
0.132174090485
151778
0.129638428949
151798
0.135915150808
151818
0.134999805659
151838
0.140056553172
151858
0.138349269279
151878
0.136986454447
151898
0.142309934701
151918
0.142997415267
151938
0.139427860697
151958
0.135091145833
151978
0.134857451026
151998
0.131319962687
152018
0.134293376866
152038
0.135408893035
152058
0.132579776897
152078
0.130665034204
152098
0.129889614428
152118
0.130318621735
152138
0.130415792133
152158
0.127550722948
152178
0.129300275964
152198
0.13029044232
152218
0.128251807369
152238
0.126284592662
152258
0.126336092973
152278
0.141460179571
152298
0.144913615516
152318
0.144830048974
152338
0.142806475435
152358
0.14323985541
152378
0.143345771144
152398
0.143286497201
152418
0.142620879975
152438
0.142423138215
152458
0.141840601679
152478
0.141395561256
152498
0.143067863806
152518
0.14323742615
152538
0.141338230721
152558
0.132585121269
152578
0.130514420087
152598
0.130384211754
152618
0.131103758551
152638
0.13124271222
152658
0.131248542444
152678
0.357366487873
152698
0.353511252332
152718
0.355318135883
152738
0.356093069807
152758
0.356086753731
152778
0.355904559235
152798
0.355340970927
152818
0.357139594994
152838
0.356653743004
152858
0.357437908116
152878
0.356387981965
152898
0.359332730877
152918
0.360729555348
152938
0.361624980566
152958
0.362060789801
152978
0.361938840951
152998
0.362513118004
153018
0.362101601368
153038
0.362956700871
153058
0.359749591884
153078
0.361477281561
153098
0.987510202892
153118
0.987510202892
153138
0.987510202892
153158
0.991690473414
153178
0.991680270522
153198
0.991680270522
153218
0.982958255597
153238
0.982958255597
153258
0.982936392257
153278
0.983535447761
153298
0.983550023321
153318
0.983533990205
153338
0.987418376866
153358
0.987415461754
153378
0.987384853078
153398
0.987400886194
153418
0.987379022854
153438
0.989184934701
153458
0.989184934701
153478
0.985167910448
153498
0.985181028451
153518
0.985181028451
153538
0.990748892257
153558
0.990748892257
153578
0.990404909049
153598
0.990410739272
153618
0.987037954757
153638
0.986979652519
153658
0.986979652519
153678
0.987189540578
153698
0.98718516791
153718
0.960893773321
153738
0.960863164646
153758
0.960956448228
153778
0.301042152519
153798
0.307185265081
153818
0.363153956779
153838
0.492472695118
153858
0.493757773632
153878
0.513230721393
153898
0.144556514303
153918
0.148058049596
153938
0.153329543688
153958
0.54385980255
153978
0.544356343284
153998
0.54639400653
154018
0.55682136194
154038
0.31241691931
154058
0.306592039801
154078
0.261755674751
154098
0.212217234142
154118
0.214536691542
154138
0.211758589863
154158
0.131422477456
154178
0.130503245491
154198
0.131238825404
154218
0.326007171175
154238
0.253290675529
154258
0.437163304571
154278
0.170486920864
154298
0.0728632229478
154318
0.121926500311
154338
0.148292716107
154358
0.176961384484
154378
0.160542988184
154398
0.154063180193
154418
0.115318913246
154438
0.11427724658
154458
0.112256588153
154478
1.0
154498
1.0
154518
0.988324976679
154538
0.988327891791
154558
0.988327891791
154578
0.988327891791
154598
0.988327891791
154618
0.982975746269
154638
0.982975746269
154658
0.982975746269
154678
0.982978661381
154698
0.982975746269
154718
0.993548857276
154738
0.993548857276
154758
0.993548857276
154778
0.993526993937
154798
0.950718575093
154818
0.950714202425
154838
0.950712744869
154858
0.95070545709
154878
0.950702541978
154898
0.937444612873
154918
0.937451900653
154938
0.937450443097
154958
0.937451900653
154978
0.937453358209
154998
0.918298157649
155018
0.917994986007
155038
0.917999358675
155058
0.918082439366
155078
0.938925489739
155098
0.938921117071
155118
0.938921117071
155138
0.938918201959
155158
0.938937150187
155178
0.958949393657
155198
0.958937733209
155218
0.958933360541
155238
0.958927530317
155258
0.958924615205
155278
0.942481926306
155298
0.942481926306
155318
0.942457147854
155338
0.942457147854
155358
0.962364447295
155378
0.962362989739
155398
0.962362989739
155418
0.962362989739
155438
0.962362989739
155458
0.968353544776
155478
0.968353544776
155498
0.968357917444
155518
0.968357917444
155538
0.968357917444
155558
0.959032474347
155578
0.959032474347
155598
0.959032474347
155618
0.959032474347
155638
0.944681378265
155658
0.944691581157
155678
0.944688666045
155698
0.944690123601
155718
0.944681378265
155738
0.933036963619
155758
0.93309818097
155778
0.933052996735
155798
0.933038421175
155818
0.933039878731
155838
0.934621326959
155858
0.934619869403
155878
0.934622784515
155898
0.934622784515
155918
0.927470557369
155938
0.927473472481
155958
0.927470557369
155978
0.927474930037
155998
0.927466184701
156018
0.93680183069
156038
0.936803288246
156058
0.93680183069
156078
0.936800373134
156098
0.925364388993
156118
0.925367304104
156138
0.925374591884
156158
0.925371676772
156178
0.925370219216
156198
0.932054570896
156218
0.93204582556
156238
0.932044368004
156258
0.932044368004
156278
0.932050198228
156298
0.939546408582
156318
0.939555153918
156338
0.939549323694
156358
0.939549323694
156378
0.929428055037
156398
0.92947032416
156418
0.929465951493
156438
0.92947032416
156458
0.929358092351
156478
0.93855964319
156498
0.938561100746
156518
0.938556728078
156538
0.938547982743
156558
0.938546525187
156578
0.945322702892
156598
0.945321245336
156618
0.94531978778
156638
0.945322702892
156658
0.938001399254
156678
0.937963502799
156698
0.937962045243
156718
0.937959130131
156738
0.937953299907
156758
0.953463152985
156778
0.953461695429
156798
0.953458780317
156818
0.953464610541
156838
0.953460237873
156858
0.968455573694
156878
0.968470149254
156898
0.968465776586
156918
0.968474521922
156938
0.957866429571
156958
0.957863514459
156978
0.957854769123
156998
0.957854769123
157018
0.957853311567
157038
0.98967030084
157058
0.98967030084
157078
0.98967030084
157098
0.98967030084
157118
0.98967030084
157138
0.937585995802
157158
0.937580165578
157178
0.937542269123
157198
0.937530608675
157218
0.94775390625
157238
0.947756821362
157258
0.947756821362
157278
0.947756821362
157298
0.947756821362
157318
0.95038333722
157338
0.950378964552
157358
0.950371676772
157378
0.950380422108
157398
0.950381879664
157418
0.935334071828
157438
0.935334071828
157458
0.935334071828
157478
0.935334071828
157498
0.930525594683
157518
0.930546000466
157538
0.930547458022
157558
0.930547458022
157578
0.930550373134
157598
0.944609958022
157618
0.944609958022
157638
0.944608500466
157658
0.944608500466
157678
0.944608500466
157698
0.940123600746
157718
0.94012214319
157738
0.94012214319
157758
0.94012214319
157778
0.949395114272
157798
0.949390741604
157818
0.949390741604
157838
0.949390741604
157858
0.949389284049
157878
0.944850454757
157898
0.944930620336
157918
0.944937908116
157938
0.944942280784
157958
0.945357684235
157978
0.945360599347
157998
0.945360599347
158018
0.945360599347
158038
0.945360599347
158058
0.934579057836
158078
0.934581972948
158098
0.934581972948
158118
0.934580515392
158138
0.934580515392
158158
0.985618295243
158178
0.985618295243
158198
0.985618295243
158218
0.985618295243
158238
0.995325618004
158258
0.995325618004
158278
0.995325618004
158298
0.995325618004
158318
0.995325618004
158338
0.972184001866
158358
0.972184001866
158378
0.972184001866
158398
0.972184001866
158418
0.972184001866
158438
0.95480459033
158458
0.954800217662
158478
0.954794387438
158498
0.954794387438
158518
0.965831972948
158538
0.965828086132
158558
0.965827114428
158578
0.96582274176
158598
0.96582274176
158618
0.963278334888
158638
0.963276877332
158658
0.963276877332
158678
0.963285622668
158698
0.963285622668
158718
1.0
158738
1.0
158758
1.0
158778
0.0735244675062
158798
0.0736187227923
158818
0.0735541044776
158838
0.0733568485697
158858
0.0903189132463
158878
1.0
158898
1.0
158918
1.0
