162859
0.156479779412
162879
0.156041283701
162899
0.154647288603
162919
0.161670879289
162939
0.160175398284
162959
0.167254518995
162979
0.158733532475
162999
0.161672794118
163019
0.166614966299
163039
0.159916896446
163059
0.164194623162
163079
0.158206954657
163099
0.158157169118
163119
0.160730698529
163139
0.20849609375
163159
0.206240425858
163179
0.362354473039
163199
0.20484643076
163219
0.2259765625
163239
0.158633961397
163259
0.346200980392
163279
0.108647365196
163299
0.106056602328
163319
0.107818244485
163339
0.111467907475
163359
0.111517693015
163379
0.104993872549
163399
0.111395143995
163419
0.711257276348
163439
0.0941559436275
163459
0.0989621629902
163479
0.0976505055147
163499
0.105510876225
163519
0.10544385723
163539
0.0999387254902
163559
0.0970032935049
163579
0.0964192708333
163599
0.0958543964461
163619
0.10009765625
163639
0.101380591299
163659
0.0954561121324
163679
0.0618719362745
163699
0.0544021905637
163719
0.0736117493873
163739
0.0703431372549
163759
0.0729109221814
163779
0.084206495098
163799
0.0841988357843
163819
0.250001914828
163839
0.261919806985
163859
0.265854779412
163879
0.268301930147
163899
0.265810738358
163919
0.267560891544
163939
0.271403952206
163959
0.267398131127
163979
0.26794385723
163999
0.272663909314
164019
0.266651348039
164039
0.26995825674
164059
0.272457107843
164079
0.268194699755
164099
0.271137791054
164119
0.0985696231618
164139
0.0772422640931
164159
0.0762522977941
164179
0.0758769914216
164199
0.0641256893382
164219
0.0702052696078
164239
0.0858589920343
164259
0.127068014706
164279
0.133737362132
164299
0.130568321078
164319
0.132913985907
164339
0.129170496324
164359
0.11939721201
164379
0.0878350949755
164399
0.1208984375
164419
0.111213235294
164439
0.114776731005
164459
0.128048406863
164479
0.120683976716
164499
0.141689644608
164519
0.121637561275
164539
0.132473575368
164559
0.11833448223
164579
0.105340456495
164599
0.0905943627451
164619
0.0899069393382
164639
0.079660692402
164659
0.071302466299
164679
0.0824295343137
164699
0.0951535692402
164719
0.0962603400735
164739
0.0837794883578
164759
0.0795228247549
164779
0.106070006127
164799
0.102548636642
164819
0.10283203125
164839
0.102602251838
164859
0.105170036765
164879
0.103379672181
164899
0.102726715686
164919
0.105886182598
164939
0.103894761029
164959
0.0936197916667
164979
0.0929936427696
164999
0.0944182751225
165019
0.0958505667892
165039
0.0953603707108
165059
0.0961148131127
165079
0.0973594515931
165099
0.095534620098
165119
0.0957682291667
165139
0.0963618259804
165159
0.0966241574755
165179
0.135062423407
165199
0.133469286152
165219
0.138252527574
165239
0.135922181373
165259
0.136758961397
165279
0.139163985907
165299
0.133480775123
165319
0.139954810049
165339
0.132628676471
165359
0.122999004289
165379
0.124869791667
165399
0.123203890931
165419
0.0778435202206
165439
0.0870481004902
165459
0.081765088848
165479
0.0842620251225
165499
0.084876685049
165519
0.0410098805147
165539
0.0420936734069
165559
0.0428500306373
165579
0.0422928155637
165599
0.0431315104167
165619
0.0412358302696
165639
0.0421013327206
165659
0.083118872549
165679
0.0902784160539
165699
0.0999368106618
165719
0.117530254289
165739
0.131782322304
165759
0.0868604473039
165779
0.0840169270833
165799
0.0894990808824
165819
0.0897997089461
165839
0.0891352634804
165859
0.0921894148284
165879
0.0922909007353
165899
0.0966030943627
165919
0.0954273897059
165939
0.0980564491422
165959
0.0967333026961
165979
0.0980660232843
165999
0.099329810049
166019
0.0994504442402
166039
0.0992589613971
166059
0.100088082108
166079
0.0981521905637
166099
0.0980219822304
166119
0.0483302696078
166139
0.0485121783088
166159
0.0478017769608
166179
0.0481521905637
166199
0.0480794270833
166219
0.0475968903186
166239
0.0476945465686
166259
0.0487764246324
166279
0.174900428922
166299
0.177135033701
166319
0.177866498162
166339
0.17691674326
166359
0.341714537377
166379
0.340284160539
166399
0.341364123775
166419
0.340678615196
166439
0.341145833333
166459
0.0394090839461
166479
0.0389859068627
166499
0.0384976256127
166519
0.0412645526961
166539
0.0379997702206
166559
0.0385646446078
166579
0.0385416666667
166599
0.0390184589461
166619
0.0398648131127
166639
0.0392980238971
166659
0.0388001685049
166679
0.0397020526961
166699
0.0470396752451
166719
0.0467696844363
166739
0.0456935508578
166759
0.0473613664216
166779
0.0437710631127
166799
0.0447437959559
166819
0.0454790900735
166839
0.0456016390931
166859
0.0462067248775
166879
0.0404047947304
166899
0.0381548713235
166919
0.0389571844363
166939
0.0412856158088
166959
0.0426413143382
166979
0.0440448835784
166999
0.0449429381127
167019
0.0463465073529
167039
0.046009497549
167059
0.045871629902
167079
0.0461320465686
167099
0.045103783701
167119
0.046066942402
167139
0.0464786305147
167159
0.0469113817402
167179
0.0489583333333
167199
0.0502336090686
167219
0.0490866268382
167239
0.0477634803922
167259
0.0465169270833
167279
0.0480085784314
167299
0.0462852328431
167319
0.0494466145833
167339
0.0490042892157
167359
0.0502604166667
167379
0.0512159160539
167399
0.0480449601716
167419
0.0482498468137
167439
0.0500517003676
167459
0.049400658701
167479
0.0472292432598
167499
0.0508942248775
167519
0.0508980545343
167539
0.0495078890931
167559
0.0555281096814
167579
0.0538200827206
167599
0.0569163602941
167619
0.0886546415441
167639
0.0779852175245
167659
0.0708084405637
167679
0.0670515471814
167699
0.0695867800245
167719
0.0711416207108
167739
0.0719324448529
167759
0.0674383425245
167779
0.0608704810049
167799
0.060755591299
167819
0.0626761642157
167839
0.0601390165441
167859
0.0686580882353
167879
0.0733628216912
167899
0.0673406862745
167919
0.0694182751225
167939
0.0675474877451
167959
0.036341528799
167979
0.0345205269608
167999
0.0311102175245
168019
0.0285634957108
168039
0.0318895526961
168059
0.0310029871324
168079
0.0312519148284
168099
0.0284620098039
168119
0.0389035692402
168139
0.0299977022059
168159
0.0289445465686
168179
0.0734432444853
168199
0.0595128676471
168219
0.0571442248775
168239
0.0576784620098
168259
0.0538622089461
168279
0.0554361979167
168299
0.0517252604167
168319
0.0301968443627
168339
0.0310451133578
168359
0.0301547181373
168379
0.0313093596814
168399
0.0320503982843
168419
0.0318014705882
168439
0.0298368566176
168459
0.0324965533088
168479
0.028835401348
168499
0.0318838082108
168519
0.0467103247549
168539
0.058176317402
168559
0.0506931678922
168579
0.0292011335784
168599
0.0291896446078
168619
0.0292298560049
168639
0.028515625
168659
0.0291187959559
168679
0.0327531403186
168699
0.0333065257353
168719
0.0345549938725
168739
0.0356272977941
168759
0.034304151348
168779
0.0373104319853
168799
0.0356751685049
168819
0.0328986672794
168839
0.0335209865196
168859
0.0319929534314
168879
0.0324601715686
168899
0.0333390778186
168919
0.0314893535539
168939
0.0308000153186
168959
0.030162377451
168979
0.0300532322304
168999
0.0322016697304
169019
0.0323988970588
169039
0.0310738357843
169059
0.0306104473039
169079
0.0312787224265
169099
0.032590379902
169119
0.0328239889706
169139
0.0306047028186
169159
0.0328546262255
169179
0.0323184742647
169199
0.0319259344363
169219
0.0307081035539
169239
0.0296243106618
169259
0.0292356004902
169279
0.060924096201
169299
0.0958103553922
169319
0.0471047794118
169339
0.0510627297794
169359
0.0611940870098
169379
0.0894205729167
169399
0.0988300398284
169419
0.10734911152
169439
0.0932253370098
169459
0.0834309895833
169479
0.0917011335784
169499
0.0981387867647
169519
0.0940908394608
169539
0.202784160539
169559
0.089439721201
169579
0.0862840839461
169599
0.105522365196
169619
0.118621706495
169639
0.0646733302696
169659
0.0804017310049
169679
0.0670975030637
169699
0.0491000306373
169719
0.0445772058824
169739
0.0509286917892
169759
0.0586397058824
169779
0.0512618719363
169799
0.0596449908088
169819
0.0443838082108
169839
0.0618853400735
169859
0.0751972273284
169879
0.0753121170343
169899
0.0807368259804
169919
0.0705269607843
169939
0.0718060661765
169959
0.0735945159314
169979
0.0896886488971
169999
0.0962258731618
170019
0.0827090992647
170039
0.0823395373775
170059
0.0827818627451
170079
0.0876397824755
170099
0.0913583792892
170119
0.084095435049
170139
0.106251914828
170159
0.0850643382353
170179
0.0917049632353
170199
0.12263135723
170219
0.11510033701
170239
0.101252297794
170259
0.0862055759804
170279
0.0863779105392
170299
0.0921204810049
170319
0.0930376838235
170339
0.113493795956
170359
0.134553079044
170379
0.079700903799
170399
0.0938821231618
170419
0.0533011642157
170439
0.0723345588235
170459
0.0815506280637
170479
0.0870768229167
170499
0.0666475183824
170519
0.0735064338235
170539
0.0812825520833
170559
0.0897977941176
170579
0.0660443474265
170599
0.0807329963235
170619
0.0867819393382
170639
0.0807310814951
170659
0.0781690410539
170679
0.0577320772059
170699
0.0543734681373
170719
0.0488970588235
170739
0.0548540900735
170759
0.072864966299
170779
0.0470147824755
170799
0.0549268535539
170819
0.0745193780637
170839
0.0826669730392
170859
0.113407628676
170879
0.0824295343137
170899
0.0579407935049
170919
0.0610638786765
170939
0.0485811121324
170959
0.0549038756127
170979
0.236540670956
170999
0.0581514246324
171019
0.0690812653186
171039
0.0622051164216
171059
0.0491038602941
171079
0.0434800091912
171099
0.0726313572304
171119
0.0532647824755
171139
0.0522958792892
171159
0.0528224571078
171179
0.0404220281863
171199
0.0461971507353
171219
0.0614085477941
171239
0.0687959558824
171259
0.0900007659314
171279
0.0924364276961
171299
0.0599092371324
171319
0.0857996323529
171339
0.0522537530637
171359
0.0488625919118
171379
0.0601849724265
171399
0.0523016237745
171419
0.0565008425245
171439
0.047252221201
171459
0.0545323988971
171479
0.0496783088235
171499
0.111502374387
171519
0.0499061734069
171539
0.054909620098
171559
0.0641620710784
171579
0.0543045343137
171599
0.0495672487745
171619
0.035631127451
171639
0.0888576133578
171659
0.126384420956
171679
1.0
171699
1.0
171719
0.999978936887
171739
0.99996361826
171759
0.999971277574
171779
0.999971277574
171799
0.99996361826
171819
0.999971277574
171839
0.999971277574
171859
0.99996361826
171879
0.999971277574
171899
0.999950214461
171919
0.959614353554
171939
0.949222579657
171959
0.94039330576
171979
0.946022901348
171999
0.944100413603
172019
0.940433517157
172039
0.944270833333
172059
0.946499693627
172079
0.966840916054
172099
0.999942555147
172119
0.999980851716
172139
0.999980851716
172159
0.999301087623
172179
0.996223958333
172199
0.99593481924
172219
0.996080346201
172239
0.996040134804
172259
0.996199065564
172279
0.997627527574
172299
0.999952129289
172319
0.999996170343
172339
0.999996170343
172359
0.999996170343
172379
0.999996170343
172399
0.999996170343
172419
1.0
172439
1.0
172459
1.0
172479
1.0
172499
1.0
172519
1.0
172539
1.0
172559
1.0
172579
1.0
172599
1.0
172619
1.0
172639
1.0
172659
1.0
172679
1.0
172699
1.0
172719
1.0
172739
1.0
172759
1.0
172779
1.0
172799
1.0
172819
1.0
172839
1.0
