119987
0.991163809857
120007
0.991190045864
120027
1.0
120047
1.0
120067
0.998689657183
120087
0.998601232121
120107
0.998601232121
120127
0.998601232121
120147
0.998601232121
120167
0.998868936567
120187
1.0
120207
1.0
120227
0.999393656716
120247
0.996205010106
120267
0.993242770522
120287
0.989719857743
120307
0.988174362562
120327
0.985033815299
120347
0.98681397699
120367
0.98124757074
120387
0.979712764303
120407
0.976576103856
120427
0.976739835976
120447
0.976147096549
120467
0.975069476835
120487
0.977244636194
120507
0.976375932836
120527
0.97481926306
120547
0.976308885261
120567
0.971976057214
120587
0.974509775342
120607
0.976982276119
120627
0.972969138682
120647
0.969825190454
120667
0.966043804415
120687
0.965466126399
120707
0.958763798197
120727
0.957259114583
120747
0.959758823072
120767
0.956255830224
120787
0.956274778451
120807
0.953326628576
120827
0.943024622979
120847
0.94333994092
120867
0.941734200093
120887
0.938604827425
120907
0.943654287158
120927
0.943200501399
120947
0.94785399176
120967
0.942033484919
120987
0.9359375
121007
0.932842622823
121027
0.930732567631
121047
0.934921097637
121067
0.936342214708
121087
0.939530861318
121107
0.933664684391
121127
0.938651469216
121147
0.933430017879
121167
0.936672594061
121187
0.940554551461
121207
0.946490691076
121227
0.949108461598
121247
0.948025497512
121267
0.94764896222
121287
0.953095363029
121307
0.948229555348
121327
0.949474793999
121347
0.947561508862
121367
0.940929143346
121387
0.940247007152
121407
0.94132074005
121427
0.926580962376
121447
0.927537604944
121467
0.931216476213
121487
0.923532241138
121507
0.922078086132
121527
0.925094741138
121547
0.925213774876
121567
0.932886835354
121587
0.938971645678
121607
0.938505227767
121627
0.935563393968
121647
0.939268987096
121667
0.943620277519
121687
0.944017704447
121707
0.949124494714
121727
0.948506005131
121747
0.944845110386
121767
0.944206215019
121787
0.947792774409
121807
0.949350415889
121827
0.94344731421
121847
0.947413809857
121867
0.944425334266
121887
0.937362018035
121907
0.939285991915
121927
0.939391421797
121947
0.943206331623
121967
0.942252604167
121987
0.953093905473
122007
0.953680328825
122027
0.951662099658
122047
0.946505266636
122067
0.945180348259
122087
0.952552180504
122107
0.952295650653
122127
0.952444321362
122147
0.949603544776
122167
0.945891635572
122187
0.943877293221
122207
0.944631821362
122227
0.941870724502
122247
0.9423585199
122267
0.946052452581
122287
0.949895541822
122307
0.944567688899
122327
0.938711229011
122347
0.942755946828
122367
0.943002759639
122387
0.944437480566
122407
0.945037021922
122427
0.953838716573
122447
0.946596120958
122467
0.948905861318
122487
0.945480118937
122507
0.947946303638
122527
0.950945467973
122547
0.953272699005
122567
0.958674887282
122587
0.957191095305
122607
0.953972325871
122627
0.954773495802
122647
0.950345926617
122667
0.951329776897
122687
0.954721995491
122707
0.953724055504
122727
0.958595207556
122747
0.955992984297
122767
0.954181728078
122787
0.954540286847
122807
0.956541025342
122827
0.959644647854
122847
0.958326531405
122867
0.960886971393
122887
0.955682524876
122907
0.955179668066
122927
0.947975940609
122947
0.942779753576
122967
0.938481906872
122987
0.939184934701
123007
0.942512534981
123027
0.936307719216
123047
0.935521610697
123067
0.941369325249
123087
0.939132462687
123107
0.937780336598
123127
0.940807194496
123147
0.934499863961
123167
0.934097578514
123187
0.932747395833
123207
0.934869597326
123227
0.934974541356
123247
0.932381549285
123267
0.935579912935
123287
0.930315220771
123307
0.936122609608
123327
0.932559856965
123347
0.941258550995
123367
0.942375038868
123387
0.937492226368
123407
0.94159184546
123427
0.946598550218
123447
0.945333391636
123467
0.951934176772
123487
0.952383104011
123507
0.953423313122
123527
0.952470071517
123547
0.948348589086
123567
0.941248348103
123587
0.945054026741
123607
0.941268268035
123627
0.943230138371
123647
0.940797963308
123667
0.941231343284
123687
0.936167307991
123707
0.926035350591
123727
0.939723258706
123747
0.93684069885
123767
0.938597539646
123787
0.943053288246
123807
0.939710626555
123827
0.938318660603
123847
0.938426519745
123867
0.935471567942
123887
0.94246346393
123907
0.939790306281
123927
0.946416841573
123947
0.942854574782
123967
0.942291472326
123987
0.944962686567
124007
0.944513273476
124027
0.943586267879
124047
0.945554454291
124067
0.950072391947
124087
0.958535447761
124107
0.95655754431
124127
0.957664315143
124147
0.953064268501
124167
0.952018715019
124187
0.944524933924
124207
0.943878264925
124227
0.942392043688
124247
0.943849599658
124267
0.945897465796
124287
0.939271416356
124307
0.938545553483
124327
0.940920883862
124347
0.93993654773
124367
0.94493645056
124387
0.949330010106
124407
0.953107509328
124427
0.95312014148
124447
0.95595217273
124467
0.960891829913
124487
0.964052297108
124507
0.960786400031
124527
0.960466709422
124547
0.959687888682
124567
0.961467078669
124587
0.963184565454
124607
0.960210665423
124627
0.954495588464
124647
0.955710704291
124667
0.957447139303
124687
0.951807855255
124707
0.948921408582
124727
0.952818427394
124747
0.951930289956
124767
0.953488417289
124787
0.953260066853
124807
0.952222772854
124827
0.95164315143
124847
0.955040228545
124867
0.954870180348
124887
0.950125835665
124907
0.949952872357
124927
0.955875893968
124947
0.947966709422
124967
0.952274759017
124987
0.950599055504
125007
0.95272951648
125027
0.949817319652
125047
0.958651566387
125067
0.955743742226
125087
0.961092486785
125107
0.959637845927
125127
0.961112406716
125147
0.956426364272
125167
0.962491254664
125187
0.966197819496
125207
0.95956059546
125227
0.964832575404
125247
0.96426267102
125267
0.961444243626
125287
0.963642723881
125307
0.961288285137
125327
0.9560425412
125347
0.957472889459
125367
0.956955942942
125387
0.961343186412
125407
0.95623056592
125427
0.957750310945
125447
0.959451764614
125467
0.958552938433
125487
0.95975833722
125507
0.959012068563
125527
0.96309565454
125547
0.962325093284
125567
0.966382929104
125587
0.966924654073
125607
0.959567397388
125627
0.95984384717
125647
0.961837783738
125667
0.962922205379
125687
0.958633104011
125707
0.962565104167
125727
0.959764167444
125747
0.958294951026
125767
0.957110443874
125787
0.958182233364
125807
0.96023204291
125827
0.960788343439
125847
0.960132929104
125867
0.956413246269
125887
0.957372803949
125907
0.960164995336
125927
0.957815415112
125947
0.958187577736
125967
0.958008298352
125987
0.957440823228
126007
0.953240146922
126027
0.952035233986
126047
0.949672049907
126067
0.944788265703
126087
0.950051986163
126107
0.943148029384
126127
0.937689482276
126147
0.932920359142
126167
0.938753983986
126187
0.944800897854
126207
0.940501107743
126227
0.944739194652
126247
0.932514186878
126267
0.940535117382
126287
0.941237659359
126307
0.947871482432
126327
0.947062538868
126347
0.9435668338
126367
0.942374553016
126387
0.946647621269
126407
0.936945157027
126427
0.939593536225
126447
0.935406463775
126467
0.941962064677
126487
0.943537196828
126507
0.946592234142
126527
0.944117304104
126547
0.946624300373
126567
0.940785331157
126587
0.946680173352
126607
0.941441231343
126627
0.947441989272
126647
0.952276216573
126667
0.949169678949
126687
0.951778218284
126707
0.952043007618
126727
0.952708624845
126747
0.953779928483
126767
0.948496773943
126787
0.942493586754
126807
0.947264167444
126827
0.944491410137
126847
0.943867576182
126867
0.945363028607
126887
0.950024778451
126907
0.950176364272
126927
0.952205282183
126947
0.953169698383
126967
0.95505869092
126987
0.953571497979
127007
0.957570545709
127027
0.959119927705
127047
0.964323888371
127067
0.962505830224
127087
0.959419698383
127107
0.956872862251
127127
0.952803851835
127147
0.952694535137
127167
0.952949607432
127187
0.948265508396
127207
0.950734608209
127227
0.948715407338
127247
0.950861415578
127267
0.950953727456
127287
0.947637787624
127307
0.945378575871
127327
0.943536710976
127347
0.951270988806
127367
0.946064113029
127387
0.942631568719
127407
0.948191658893
127427
0.942965349036
127447
0.945535506063
127467
0.950787080224
127487
0.946023787313
127507
0.949962589397
127527
0.954943543999
127547
0.950882307214
127567
0.955013992537
127587
0.962283310012
127607
0.955111162935
127627
0.95929677783
127647
0.956146027674
127667
0.958861454447
127687
0.954710820896
127707
0.944551655784
127727
0.94445302783
127747
0.939149467506
127767
0.928482587065
127787
0.932506413246
127807
0.918981751399
127827
0.922564423974
127847
0.930720421331
127867
0.923094002643
127887
0.919742109764
127907
0.93093759717
127927
0.935584771455
127947
0.939769414646
127967
0.943948713464
127987
0.949133725902
128007
0.955325909515
128027
0.96034184546
128047
0.971902207711
128067
0.972506607587
128087
0.972815123601
128107
0.971174887282
128127
0.970499067164
128147
0.969271805037
128167
0.969879605877
128187
0.973404462065
128207
0.975533465485
128227
0.978070098725
128247
0.972908407183
128267
0.967313821517
128287
0.96413829291
128307
0.967321109297
128327
0.952950579136
128347
0.947488631063
128367
0.946469313588
128387
0.937858072917
128407
0.918785953047
128427
0.898834441076
128447
0.891137087998
128467
0.892815220771
128487
0.88700686023
128507
0.880791355721
128527
0.874806630908
128547
0.886572022699
128567
0.903504936256
128587
0.906519162002
128607
0.904722481343
128627
0.914945293066
128647
0.932947566853
128667
0.944085723725
128687
0.943309818097
128707
0.944388895367
128727
0.94812509717
128747
0.949920320274
128767
0.940362639925
128787
0.93660651819
128807
0.941586501088
128827
0.942986240672
128847
0.949942183613
128867
0.95516363495
128887
0.954441658893
128907
0.957067688899
128927
0.968750971704
128947
0.978676442009
128967
0.987139983675
128987
0.989788362873
129007
0.999243528451
129027
0.99921875
129047
0.999274137127
129067
0.999188141325
129087
0.99930183069
129107
0.999177938433
129127
0.999189598881
129147
0.999244986007
129167
0.999247901119
129187
1.0
129207
1.0
129227
1.0
129247
1.0
129267
1.0
129287
1.0
129307
0.996662196828
129327
0.996487775964
129347
0.996681145056
129367
0.996681145056
129387
0.996681145056
129407
0.997020269745
129427
0.69403811023
129447
0.0797521183147
129467
0.0798002176617
129487
0.0797754392102
129507
0.0797443446828
129527
0.82052238806
129547
1.0
129567
1.0
