151317
0.0726942274306
151337
0.0746831597222
151357
0.0703580729167
151377
0.0719173177083
151397
0.0708029513889
151417
0.0688975694444
151437
0.116713324653
151457
0.117697482639
151477
0.118564453125
151497
0.117658420139
151517
0.119244791667
151537
0.117326388889
151557
0.0646766493056
151577
0.067744140625
151597
0.0717957899306
151617
0.0723784722222
151637
0.0720529513889
151657
0.0733680555556
151677
0.117893880208
151697
0.118167317708
151717
0.113551432292
151737
0.107280815972
151757
0.108878038194
151777
0.114334852431
151797
0.114338107639
151817
0.112835286458
151837
0.111993272569
151857
0.0784787326389
151877
0.0785861545139
151897
0.080224609375
151917
0.0757302517361
151937
0.0783235677083
151957
0.0771723090278
151977
0.0771994357639
151997
0.0801345486111
152017
0.0765125868056
152037
0.0863986545139
152057
0.0900672743056
152077
0.0923763020833
152097
0.117029079861
152117
0.118116319444
152137
0.142545572917
152157
0.137994791667
152177
0.152074652778
152197
0.0847222222222
152217
0.0847157118056
152237
0.0858138020833
152257
0.0847298177083
152277
0.0848687065972
152297
0.0846321614583
152317
0.0855881076389
152337
0.0846419270833
152357
0.0843109809028
152377
0.0825260416667
152397
0.166114366319
152417
0.164953342014
152437
0.163158637153
152457
0.154666883681
152477
0.136146918403
152497
0.111197916667
152517
0.112376302083
152537
0.108845486111
152557
0.0984581163194
152577
0.130431857639
152597
0.135575086806
152617
0.127764756944
152637
0.123559027778
152657
0.123319227431
152677
0.114838324653
152697
0.117635633681
152717
0.133640407986
152737
0.0897992621528
152757
0.0696256510417
152777
0.0663975694444
152797
0.0668435329861
152817
0.08064453125
152837
0.0890201822917
152857
0.0833506944444
152877
0.0759233940972
152897
0.05490234375
152917
0.134523654514
152937
0.133331163194
152957
0.133550347222
152977
0.0436859809028
152997
0.0448470052083
153017
0.0445779079861
153037
0.135347222222
153057
0.137951388889
153077
0.131838107639
153097
0.117197265625
153117
0.124392361111
153137
0.175925564236
153157
0.0910036892361
153177
0.0784244791667
153197
0.0705186631944
153217
0.0644487847222
153237
0.0500423177083
153257
0.0468815104167
153277
0.0466460503472
153297
0.0465483940972
153317
0.0463823784722
153337
0.207407769097
153357
0.232838541667
153377
0.219768880208
153397
0.221650390625
153417
0.223514539931
153437
0.234358723958
153457
0.209765625
153477
0.151659071181
153497
0.119452039931
153517
0.112776692708
153537
0.115394965278
153557
0.125171440972
153577
0.125660807292
153597
0.123678385417
153617
0.123957248264
153637
0.121824001736
153657
0.121016710069
153677
0.126496310764
153697
0.12703125
153717
0.127913411458
153737
0.128366970486
153757
0.140631510417
153777
0.0530305989583
153797
0.0533257378472
153817
0.0508702256944
153837
0.0486697048611
153857
0.0481130642361
153877
0.0495084635417
153897
0.0493663194444
153917
0.0472146267361
153937
0.0474012586806
153957
0.0508550347222
153977
0.0485861545139
153997
0.0475108506944
154017
0.0480078125
154037
0.0480381944444
154057
0.0476063368056
154077
0.0473556857639
154097
0.0479448784722
154117
0.0749772135417
154137
0.0751519097222
154157
0.0743977864583
154177
0.0730935329861
154197
0.0724392361111
154217
0.0719498697917
154237
0.0721690538194
154257
0.0713878038194
154277
0.0697515190972
154297
0.0473600260417
154317
0.0478081597222
154337
0.049306640625
154357
0.0502506510417
154377
0.0489322916667
154397
0.0498513454861
154417
0.0500889756944
154437
0.0746896701389
154457
0.0721799045139
154477
0.0694097222222
154497
0.0675835503472
154517
0.0635904947917
154537
0.0656998697917
154557
0.0658539496528
154577
0.0622504340278
154597
0.0499815538194
154617
0.0501182725694
154637
0.0514019097222
154657
0.0497319878472
154677
0.0492567274306
154697
0.0503743489583
154717
0.0674240451389
154737
0.0731803385417
154757
0.0758148871528
154777
0.076328125
154797
0.0769574652778
154817
0.0505230034722
154837
0.054189453125
154857
0.05642578125
154877
0.0770399305556
154897
0.0764377170139
154917
0.0758897569444
154937
0.0738498263889
154957
0.0554578993056
154977
0.0555740017361
154997
0.0564073350694
155017
0.0560926649306
155037
0.0553689236111
155057
0.0583062065972
155077
0.0625401475694
155097
0.0647569444444
155117
0.0730381944444
155137
0.0737901475694
155157
0.0736197916667
155177
0.0736295572917
155197
0.0731239149306
155217
0.0743663194444
155237
0.0750032552083
155257
0.0746017795139
155277
0.129868706597
155297
0.135932074653
155317
0.135693359375
155337
0.120861545139
155357
0.0920779079861
155377
0.0899598524306
155397
0.0872352430556
155417
0.0699131944444
155437
0.0628645833333
155457
0.0608984375
155477
0.0626226128472
155497
0.077529296875
155517
0.106032986111
155537
0.0670833333333
155557
0.120317925347
155577
0.111163194444
155597
0.0838975694444
155617
0.0905588107639
155637
0.0892013888889
155657
0.0902289496528
155677
0.0786870659722
155697
0.0778949652778
155717
0.0904340277778
155737
0.0804611545139
155757
0.0890169270833
155777
0.078564453125
155797
0.0624294704861
155817
0.0706803385417
155837
0.0726226128472
155857
0.0726095920139
155877
0.0715169270833
155897
0.0726725260417
155917
0.0742795138889
155937
0.0747743055556
155957
0.0755707465278
155977
0.0727419704861
155997
0.0727669270833
156017
0.0584190538194
156037
0.0586968315972
156057
0.0596809895833
156077
0.0715104166667
156097
0.0740798611111
156117
0.0741297743056
156137
0.0732996961806
156157
0.0715321180556
156177
0.0699750434028
156197
0.0571115451389
156217
0.0594021267361
156237
0.0587413194444
156257
0.0578982204861
156277
0.0573361545139
156297
0.0591026475694
156317
0.0598893229167
156337
0.0721082899306
156357
0.0774175347222
156377
0.0755707465278
156397
0.0756391059028
156417
0.0743229166667
156437
0.0758452690972
156457
0.0752951388889
156477
0.0697352430556
156497
0.0699273003472
156517
0.0765310329861
156537
0.0597612847222
156557
0.0834592013889
156577
0.0859884982639
156597
0.0904622395833
156617
0.0926280381944
156637
0.0902170138889
156657
0.0902853732639
156677
0.0922688802083
156697
0.100893012153
156717
0.112986111111
156737
0.115883246528
156757
0.120656467014
156777
0.131826171875
156797
0.130401475694
156817
0.129703776042
156837
0.132905815972
156857
0.120990668403
156877
0.116986762153
156897
0.106704644097
156917
0.100747612847
156937
0.0946723090278
156957
0.0958517795139
156977
0.0942437065972
156997
0.0854871961806
157017
0.0789822048611
157037
0.0743663194444
157057
0.0652430555556
157077
0.0584722222222
157097
0.0592241753472
157117
0.0602224392361
157137
0.058935546875
157157
0.0592035590278
157177
0.0593901909722
157197
0.0599880642361
157217
0.060009765625
157237
0.0598980034722
157257
0.0594422743056
157277
0.0599663628472
157297
0.0587272135417
157317
0.05890625
157337
0.0596571180556
157357
0.0598643663194
157377
0.0589149305556
157397
0.0602170138889
157417
0.060537109375
157437
0.0622927517361
157457
0.0603624131944
157477
0.060498046875
157497
0.0598491753472
157517
0.0602398003472
157537
0.0604806857639
157557
0.0608897569444
157577
0.0619476996528
157597
0.0605414496528
157617
0.0595963541667
157637
0.0596831597222
157657
0.0600434027778
157677
0.0698046875
157697
0.07087890625
157717
0.0640006510417
157737
0.0654253472222
157757
0.0641178385417
157777
0.0608854166667
157797
0.0615603298611
157817
0.0637673611111
157837
0.0657562934028
157857
0.0647265625
157877
0.0658235677083
157897
0.0645269097222
157917
0.0613075086806
157937
0.0601410590278
157957
0.0599739583333
157977
0.0629470486111
157997
0.06357421875
158017
0.0636892361111
158037
0.0641547309028
158057
0.0645464409722
158077
0.0608658854167
158097
0.118180338542
158117
0.113283420139
158137
0.0629286024306
158157
0.0616026475694
158177
0.0615657552083
158197
0.0614127604167
158217
0.0607801649306
158237
0.0602582465278
158257
0.0644368489583
158277
0.0643771701389
158297
0.0641265190972
158317
0.0671961805556
158337
0.0670659722222
158357
0.075322265625
158377
0.0856814236111
158397
0.103212890625
158417
0.133394097222
158437
0.1249609375
158457
0.129669053819
158477
0.130072699653
158497
0.102809244792
158517
0.0939312065972
158537
0.0931575520833
158557
0.0670388454861
158577
0.107150607639
158597
0.111359592014
158617
0.110404730903
158637
0.153858506944
158657
0.0600835503472
158677
0.145008680556
158697
0.105874565972
158717
0.130212673611
158737
0.143702256944
158757
0.135808376736
158777
0.139650607639
158797
0.136999782986
158817
0.148687065972
158837
0.150973307292
158857
0.145872395833
158877
0.150614149306
158897
0.159645182292
158917
0.159514973958
158937
0.156898871528
158957
0.153076171875
158977
0.146079644097
158997
0.140337456597
159017
0.139680989583
159037
0.136068793403
159057
0.0929144965278
159077
0.0941644965278
159097
0.092529296875
159117
0.0924012586806
159137
0.0938075086806
159157
0.0926410590278
159177
0.0951161024306
159197
0.0930555555556
159217
0.0937673611111
159237
0.091884765625
159257
0.0876627604167
159277
0.0865299479167
159297
0.0802615017361
159317
0.166379123264
159337
0.0822287326389
159357
0.078076171875
159377
0.0768880208333
159397
0.0783572048611
159417
0.0820779079861
159437
0.0735525173611
159457
0.0672634548611
159477
0.0638791232639
159497
0.0612087673611
159517
0.0712120225694
159537
0.0721668836806
159557
0.0702202690972
159577
0.0710308159722
159597
0.0719509548611
159617
0.0730479600694
159637
0.0684407552083
159657
0.0712380642361
159677
0.0693608940972
159697
0.0678493923611
159717
0.0670334201389
159737
0.0657118055556
159757
0.0854741753472
159777
0.0764225260417
159797
0.0556510416667
159817
0.0566069878472
159837
0.0574294704861
159857
0.0487391493056
159877
0.0508268229167
159897
0.0746375868056
159917
0.0797645399306
159937
0.0781163194444
159957
0.078837890625
159977
0.0831890190972
159997
0.0814995659722
160017
0.0900716145833
160037
0.0952419704861
160057
0.0965538194444
160077
0.102879774306
160097
0.109549696181
160117
0.109155815972
160137
0.110386284722
160157
0.0996343315972
160177
0.102840711806
160197
0.111960720486
160217
0.0823231336806
160237
0.0841319444444
160257
0.0868402777778
160277
0.0910243055556
160297
0.08
160317
0.07322265625
160337
0.0726150173611
160357
0.0721788194444
160377
0.0701985677083
160397
0.0684722222222
160417
0.06767578125
160437
0.0697612847222
160457
0.0807660590278
160477
0.104968532986
160497
0.107482638889
160517
0.102110460069
160537
0.127035590278
160557
0.129146050347
160577
0.119467230903
160597
0.129868706597
160617
0.133336588542
160637
0.144988064236
160657
0.137331814236
160677
0.127860243056
160697
0.122852647569
160717
0.130775824653
160737
0.140099826389
160757
0.13421875
160777
0.129615885417
160797
0.129582248264
160817
0.129752604167
160837
0.141083984375
160857
0.134838324653
160877
0.0957085503472
160897
0.093642578125
160917
0.0973513454861
160937
0.111857638889
160957
0.0851681857639
160977
0.0886968315972
160997
0.0738161892361
161017
0.0778342013889
161037
0.0704600694444
161057
0.0732845052083
161077
0.0964138454861
161097
0.149480251736
161117
0.1330859375
161137
0.166648220486
161157
0.140050998264
161177
0.090888671875
161197
0.0775043402778
161217
0.076494140625
161237
0.129346788194
161257
0.129076605903
161277
0.128944227431
161297
0.122977430556
161317
0.124631076389
161337
0.124254557292
161357
0.12599609375
161377
0.127105034722
161397
0.130665147569
161417
0.130517578125
161437
0.130302734375
161457
0.134789496528
161477
0.132404513889
161497
0.102537977431
161517
0.0973198784722
161537
0.101158854167
161557
0.103121744792
161577
0.103721788194
161597
0.0977940538194
161617
0.0946332465278
161637
0.0944694010417
161657
0.100455729167
161677
0.214113498264
161697
0.860835503472
161717
0.795403645833
161737
0.789578993056
161757
0.798396267361
161777
0.777024739583
161797
0.781576605903
161817
0.825050998264
161837
0.799777560764
161857
0.798477647569
161877
0.793246527778
161897
0.788465711806
161917
0.785784505208
161937
0.773785807292
161957
0.7790234375
161977
0.758127170139
161997
0.744486762153
162017
0.716686197917
162037
0.683177083333
162057
0.666748046875
162077
0.677424045139
162097
0.693393012153
162117
0.662366536458
162137
0.671212022569
162157
0.679269748264
162177
0.665135633681
162197
0.665849609375
162217
0.602327473958
162237
0.619303385417
162257
0.600613064236
162277
0.606659071181
162297
0.642817925347
162317
0.612676866319
162337
0.608914930556
162357
0.624639756944
162377
0.590372178819
162397
0.580802951389
162417
0.562819010417
162437
0.574971788194
162457
0.568641493056
162477
0.564627821181
162497
0.591280381944
162517
0.625826822917
162537
0.679180772569
162557
0.713972439236
162577
0.712791883681
162597
0.736820746528
162617
0.714759114583
162637
0.716312934028
162657
0.739165581597
162677
0.765205078125
162697
0.763805338542
162717
0.746277126736
162737
0.753446180556
162757
0.760893012153
162777
0.760092230903
162797
0.763929036458
162817
0.745317925347
162837
0.753307291667
162857
0.739216579861
162877
0.763467881944
162897
0.7212109375
162917
0.712097439236
162937
0.743875868056
162957
0.6932421875
162977
0.7191015625
162997
0.651032986111
163017
0.690885416667
163037
0.649154730903
163057
0.651960720486
163077
0.666161024306
163097
0.622939453125
163117
0.67837890625
163137
0.645398220486
163157
0.670530598958
163177
0.635241970486
163197
0.798491753472
163217
0.861681857639
163237
0.757631293403
163257
0.751996527778
163277
0.739237196181
163297
0.753755425347
