138264
0.0767791521991
138284
0.0769274450231
138304
0.0749623842593
138324
0.107297453704
138344
0.109321831597
138364
0.116673177083
138384
0.119488208912
138404
0.122913411458
138424
0.123908781829
138444
0.136571180556
138464
0.132725694444
138484
0.180856481481
138504
0.112912688079
138524
0.145549406829
138544
0.153849464699
138564
0.115830078125
138584
0.139607566551
138604
0.138054108796
138624
0.134337384259
138644
0.192934389468
138664
0.186255787037
138684
0.199623842593
138704
0.0840071614583
138724
0.113610026042
138744
0.1121484375
138764
0.113103660301
138784
0.111661603009
138804
0.110004340278
138824
0.110812717014
138844
0.113104021991
138864
0.133002748843
138884
0.138959780093
138904
0.960056061921
138924
0.960265480324
138944
0.959799262153
138964
0.959734157986
138984
0.959484953704
139004
0.959666883681
139024
0.959548611111
139044
1.0
139064
0.929474103009
139084
0.930242332176
139104
0.930112847222
139124
0.930099103009
139144
0.929641203704
139164
0.862065610532
139184
0.862894603588
139204
0.863030237269
139224
0.863648726852
139244
0.863317057292
139264
0.934509186921
139284
0.934250578704
139304
0.933778211806
139324
0.933977502894
139344
0.934015842014
139364
1.0
139384
0.941408420139
139404
0.941936487269
139424
0.941589988426
139444
0.941901403356
139464
0.941946614583
139484
0.932389684606
139504
0.932708695023
139524
0.932785011574
139544
0.932512297454
139564
0.932674696181
139584
0.930739293981
139604
0.93087818287
139624
0.930490813079
139644
0.930391710069
139664
0.930387008102
139684
0.918948206019
139704
0.919059606481
139724
0.919087818287
139744
0.919181134259
139764
0.919197771991
139784
1.0
139804
0.933779296875
139824
0.933908420139
139844
0.933576027199
139864
0.933203125
139884
0.934169921875
139904
0.922814670139
139924
0.923059172454
139944
0.922796223958
139964
0.92275426794
139984
0.922706163194
140004
1.0
140024
0.944418041088
140044
0.944173900463
140064
0.94361291956
140084
0.943623046875
140104
0.963668619792
140124
0.963812210648
140144
0.96318287037
140164
0.963234592014
140184
0.963110894097
140204
1.0
140224
0.949104456019
140244
0.948981119792
140264
0.949029947917
140284
0.949278428819
140304
0.949658926505
140324
0.968160445602
140344
0.968203125
140364
0.968000940394
140384
0.968230251736
140404
0.968019386574
140424
0.946931423611
140444
0.94695384838
140464
0.947083695023
140484
0.947169777199
140504
0.947191116898
140524
0.954515335648
140544
0.953765914352
140564
0.953843677662
140584
0.953897207755
140604
0.95375036169
140624
0.999998191551
140644
0.965895182292
140664
0.966145109954
140684
0.966159577546
140704
0.965796802662
140724
0.965643084491
140744
0.959193793403
140764
0.959520399306
140784
0.959467954282
140804
0.959183666088
140824
0.959144965278
140844
0.936462311921
140864
0.936504991319
140884
0.935603298611
140904
0.935805483218
140924
0.935392795139
140944
0.999986979167
140964
0.926830512153
140984
0.926460865162
141004
0.926473524306
141024
0.92605504919
141044
1.0
141064
0.962267433449
141084
0.962101056134
141104
0.962006655093
141124
0.961908275463
141144
0.961334635417
141164
0.935924117477
141184
0.935598596644
141204
0.935436197917
141224
0.935339265046
141244
0.935228587963
141264
0.978491753472
141284
0.978696831597
141304
0.978487051505
141324
0.978392650463
141344
0.978420138889
141364
0.950341073495
141384
0.949871961806
141404
0.948932653356
141424
0.949388020833
141444
0.949233940972
141464
1.0
141484
0.932448278356
141504
0.931554542824
141524
0.931683304398
141544
0.931698133681
141564
0.930924840856
141584
0.970300925926
141604
0.970278139468
141624
0.970330946181
141644
0.970139612269
141664
0.969741030093
141684
0.970738208912
141704
0.970614149306
141724
0.970593894676
141744
0.970707465278
141764
0.97037181713
141784
1.0
141804
0.999559823495
141824
0.997592230903
141844
0.997506510417
141864
0.991252170139
141884
0.982475766782
141904
0.977541956019
141924
0.969391276042
141944
0.960326967593
141964
0.947888816551
141984
0.943060257523
142004
0.934215133102
142024
0.923623770255
142044
0.916587094907
142064
0.909037905093
142084
0.900554470486
142104
0.897213179977
142124
0.886685474537
142144
0.884167751736
142164
0.874269748264
142184
0.871677155671
142204
0.874083478009
142224
0.865031467014
142244
0.864586226852
142264
0.860805483218
142284
0.863550708912
142304
0.858245081019
142324
0.863365523727
142344
0.864493634259
142364
0.865004701968
142384
0.873619429977
142404
0.868120659722
142424
0.870173611111
142444
0.875844184028
142464
0.871485460069
142484
0.867590422454
142504
0.863343460648
142524
0.861356336806
142544
0.866864149306
142564
0.864976851852
142584
0.867014612269
142604
0.860030020255
142624
0.856575520833
142644
0.848669343171
142664
0.856624710648
142684
0.862689525463
142704
0.850257161458
142724
0.855579788773
142744
0.851412760417
142764
0.845432581019
142784
0.849536313657
142804
0.843352864583
142824
0.83675853588
142844
0.837505063657
142864
0.839195963542
142884
0.838961226852
142904
0.843528645833
142924
0.837337601273
142944
0.827542679398
142964
0.822824435764
142984
0.823081597222
143004
0.811229383681
143024
0.830061125579
143044
0.831325231481
143064
0.846733579282
143084
0.846466290509
143104
0.847545934606
143124
0.839319299769
143144
0.843081958912
143164
0.846881510417
143184
0.849802517361
143204
0.851099898727
143224
0.845279586227
143244
0.850110677083
143264
0.85916087963
143284
0.864899450231
143304
0.858568070023
143324
0.861609519676
143344
0.867316261574
143364
0.866528862847
143384
0.871321976273
143404
0.868168764468
143424
0.861148726852
143444
0.854484592014
143464
0.865442708333
143484
0.853175636574
143504
0.866920934606
143524
0.876625795718
143544
0.879860026042
143564
0.879762731481
143584
0.878708405671
143604
0.882388237847
143624
0.880529875579
143644
0.872501808449
143664
0.868274377894
143684
0.880061125579
143704
0.881740813079
143724
0.887062717014
143744
0.874995659722
143764
0.882389322917
143784
0.889851707176
143804
0.888667534722
143824
0.884040075231
143844
0.890731698495
143864
0.901622540509
143884
0.897393663194
143904
0.897443576389
143924
0.897179542824
143944
0.900022786458
143964
0.897092375579
143984
0.895774739583
144004
0.902790436921
144024
0.913415798611
144044
0.910258969907
144064
0.912689163773
144084
0.909245515046
144104
0.912077907986
144124
0.911657262731
144144
0.909932364005
144164
0.905930627894
144184
0.906834490741
144204
0.906545862269
144224
0.903703342014
144244
0.904594545718
144264
0.903932291667
144284
0.898134042245
144304
0.897989728009
144324
0.904470486111
144344
0.910825014468
144364
0.913948206019
144384
0.916672092014
144404
0.909681351273
144424
0.908854166667
144444
0.905866970486
144464
0.904481698495
144484
0.902619719329
144504
0.904457826968
144524
0.904764539931
144544
0.902196180556
144564
0.898670066551
144584
0.899894748264
144604
0.904558738426
144624
0.901259403935
144644
0.900821397569
144664
0.896312210648
144684
0.889108434606
144704
0.895614510995
144724
0.895923755787
144744
0.89128942419
144764
0.890884331597
144784
0.887997323495
144804
0.881458695023
144824
0.885216290509
144844
0.886890552662
144864
0.889155815972
144884
0.891723451968
144904
0.884539930556
144924
0.884391999421
144944
0.893049768519
144964
0.88617259838
144984
0.886380570023
145004
0.888608217593
145024
0.887331090856
145044
0.895514684606
145064
0.896642433449
145084
0.890270905671
145104
0.884573567708
145124
0.889235387731
145144
0.885801866319
145164
0.89039098669
145184
0.89519567419
145204
0.889273726852
145224
0.880944372106
145244
0.883352141204
145264
0.882607060185
145284
0.886528862847
145304
0.881904658565
145324
0.880319372106
145344
0.878646556713
145364
0.887215711806
145384
0.893782552083
145404
0.892618995949
145424
0.893087022569
145444
0.897771629051
145464
0.906644241898
145484
0.901186342593
145504
0.899232494213
145524
0.893229528356
145544
0.886537543403
145564
0.891235532407
145584
0.902033058449
145604
0.906964337384
145624
0.911626880787
145644
0.91316333912
145664
0.914583695023
145684
0.917436342593
145704
0.911349826389
145724
0.90802698206
145744
0.900726634838
145764
0.891869936343
145784
0.894520037616
145804
0.892302155671
145824
0.892872902199
145844
0.891038773148
145864
0.894643012153
145884
0.898907696759
145904
0.904306640625
145924
0.910350477431
145944
0.908209997106
145964
0.899279513889
145984
0.89470630787
146004
0.889847728588
146024
0.884282045718
146044
0.886603732639
146064
0.884645543981
146084
0.89334020544
146104
0.892997685185
146124
0.90009765625
146144
0.900087528935
146164
0.901670645255
146184
0.89429651331
146204
0.886222873264
146224
0.880555555556
146244
0.879050925926
146264
0.882411747685
146284
0.880378689236
146304
0.881286530671
146324
0.871052155671
146344
0.86943431713
146364
0.878508029514
146384
0.877431640625
146404
0.878132957176
146424
0.874434678819
146444
0.879040075231
146464
0.879500144676
146484
0.890356626157
146504
0.891146918403
146524
0.892807798032
146544
0.889256365741
146564
0.875814163773
146584
0.870236545139
146604
0.854642288773
146624
0.847661675347
146644
0.851401909722
146664
0.853606047454
146684
0.852320963542
146704
0.862946325231
146724
0.865125506366
146744
0.872076461227
146764
0.872053313079
146784
0.87212926794
146804
0.863716001157
146824
0.861604456019
146844
0.857690610532
146864
0.857966218171
146884
0.846199725116
146904
0.844842664931
146924
0.839330512153
146944
0.845465133102
146964
0.853556857639
146984
0.848953993056
147004
0.863692853009
147024
0.867377748843
147044
0.860363136574
147064
0.862580656829
147084
0.863508752894
147104
0.868930121528
147124
0.869021267361
147144
0.871885127315
147164
0.883487413194
147184
0.896320891204
147204
0.89595630787
147224
0.909135199653
147244
0.911034071181
147264
0.919831090856
147284
0.921326678241
147304
0.940694806134
147324
0.949598885995
147344
0.968961950231
147364
0.983791232639
147384
0.983821614583
147404
0.985472366898
147424
0.992717375579
147444
0.993260633681
147464
0.998871889468
147484
1.0
147504
0.97568359375
147524
0.971338975694
147544
0.970667317708
147564
0.970426432292
147584
0.970302010995
147604
0.970244864005
147624
0.973884910301
147644
0.999967809606
147664
1.0
147684
0.957445746528
147704
0.766515842014
147724
0.744991319444
147744
0.741838469329
147764
0.741432291667
147784
0.751337890625
147804
0.99999927662
147824
1.0
147844
1.0
