174625
0.611881510417
174645
0.604836856618
174665
0.377262848499
174685
0.252279603248
174705
0.174750593597
174725
0.189893056832
174745
0.384656001072
174765
0.338822667739
174785
0.285920745251
174805
0.289630725337
174825
0.331400792739
174845
0.488912664675
174865
0.442912741268
174885
0.367572859222
174905
0.290956744026
174925
0.593115234375
174945
0.791638901654
174965
0.626390644148
174985
0.70013068704
175005
0.525065104167
175025
0.373133042279
175045
0.338429649203
175065
0.215954829197
175085
0.32333984375
175105
0.369548962163
175125
0.340619734222
175145
0.258508540135
175165
0.307332835478
175185
0.414420572917
175205
0.615513939951
175225
0.706395048254
175245
0.478122606464
175265
0.469704063266
175285
0.391509650735
175305
0.395530790441
175325
0.408284505208
175345
0.44581897212
175365
0.466756663603
175385
0.380320350797
175405
0.185698625153
175425
0.174190984988
175445
0.148162243413
175465
0.0858723958333
175485
0.125392539828
175505
0.266210458793
175525
0.423286228554
175545
0.41228314568
175565
0.346726600797
175585
0.0871500651042
175605
0.116883999694
175625
0.697220147825
175645
0.104637714461
175665
0.203753063725
175685
0.341714537377
175705
0.122897518382
175725
0.117333026961
175745
0.194183229933
175765
0.197019090839
175785
0.176676432292
175805
0.123902324602
175825
0.0794577205882
175845
0.0613286037071
175865
0.1577114928
175885
0.122841030944
175905
0.116168332567
175925
0.0793480966605
175945
0.0652362898284
175965
0.0854228898591
175985
0.0988472732843
176005
0.120270852482
176025
0.133692363664
176045
0.1261651731
176065
0.121827607996
176085
0.177956973805
176105
0.214301374847
176125
0.297961665135
176145
0.255272480086
176165
0.181783758425
176185
0.0981349571078
176205
0.091459386489
176225
0.0909050436581
176245
0.10918303845
176265
0.090855736826
176285
0.125709443934
176305
0.134727807138
176325
0.134429093903
176345
0.127096737132
176365
0.128188668045
176385
0.135370232077
176405
0.116389495251
176425
0.112837967218
176445
0.122990866268
176465
0.128359566483
176485
0.153953642004
176505
0.139341586244
176525
0.139460784314
176545
0.161433919271
176565
0.177443799786
176585
0.201453833487
176605
0.228657322304
176625
0.0779062308517
176645
0.0782250497855
176665
0.0791101792279
176685
0.0801982804841
176705
0.0762331495098
176725
0.0717127182904
176745
0.152371036305
176765
0.139705882353
176785
0.109479836857
176805
0.0970344094669
176825
0.0889796836703
176845
0.0858767041973
176865
0.0946394378064
176885
0.100421262255
176905
0.103880399816
176925
0.125803749234
176945
0.119763422947
176965
0.0978831571691
176985
0.105315085018
177005
0.14497979856
177025
0.100186695772
177045
0.128275792739
177065
0.101328890931
177085
0.0901027305453
177105
0.0946049708946
177125
0.0911635454963
177145
0.0780508003983
177165
0.0921219171262
177185
0.0805367264093
177205
0.0870107613358
177225
0.089328661152
177245
0.0955398858762
177265
0.0909567440257
177285
0.094162645527
177305
0.101657762714
177325
0.107744044884
177345
0.0880299287684
177365
0.0890184589461
177385
0.0870883118873
177405
0.0858680874694
177425
0.0812820733762
177445
0.0910500919118
177465
0.0884736902574
177485
0.0893315333946
177505
0.0891170726103
177525
0.0909983915441
177545
0.0967433555453
177565
0.131581265319
177585
0.133041321998
177605
0.142200903799
177625
0.142994600184
177645
0.135827397365
177665
0.142019473805
177685
0.145099475337
177705
0.148226868873
177725
0.150461473652
177745
0.131175321691
177765
0.121116727941
177785
0.111025103401
177805
0.0814051011029
177825
0.093084118413
177845
0.0955839269301
177865
0.0997812308517
177885
0.0840265012255
177905
0.0889815984988
177925
0.0901649624694
177945
0.0887771905637
177965
0.087020814185
177985
0.0944206686581
178005
0.0845616957721
178025
0.109897748162
178045
0.0863386565564
178065
0.0936858532475
178085
0.102712354473
178105
0.102252316942
178125
0.0999712775735
178145
0.108965705423
178165
0.105397901348
178185
0.0919199027267
178205
0.0924010033701
178225
0.0927504595588
178245
0.0954326554841
178265
0.096954944087
178285
0.096897020527
178305
0.0975796568627
178325
0.0895254097733
178345
0.0881639667586
178365
0.0920175589767
178385
0.175485887714
178405
0.201056506587
178425
0.201997166054
178445
0.201570638021
178465
0.198577282475
178485
0.600343711703
178505
0.60211540671
178525
0.60516094133
178545
0.634443933824
178565
0.634992053462
178585
0.6398370481
178605
0.636023188572
178625
0.653792796415
178645
0.645206227022
178665
0.644026214001
178685
0.641196576287
178705
0.646181832108
178725
0.603917738971
178745
0.613137159161
178765
0.617341643689
178785
0.617866306679
178805
0.619413966759
178825
0.618488147212
178845
0.616857670803
178865
0.617104204963
178885
0.615917490043
178905
0.61857622932
178925
0.623953546262
178945
0.594508750766
178965
0.597303442862
178985
0.602870806526
179005
0.603518018536
179025
0.602819584865
179045
0.611902573529
179065
0.608038449755
179085
0.603331322763
179105
0.608234719669
179125
0.605246151195
179145
0.602023494945
179165
0.604710477941
179185
0.599842984069
179205
0.582610964308
179225
0.595466164982
179245
0.59982622932
179265
0.633202646293
179285
0.585957605699
179305
0.588613472733
179325
0.592891678156
179345
0.608023609835
179365
0.61033337163
179385
0.615567555147
179405
0.602856445313
179425
0.599431295956
179445
0.609995404412
179465
0.615242991728
179485
0.614314778646
179505
0.617427810968
179525
0.602571135876
179545
0.607440544577
179565
0.606305530025
179585
0.581175321691
179605
0.579360064338
179625
0.59212622549
179645
0.591387580423
179665
0.594935757506
179685
0.600051700368
179705
0.611756089154
179725
0.603102979473
179745
0.604832069547
179765
0.602699908088
179785
0.608827837776
179805
0.634457337623
179825
0.580721507353
179845
0.590247300092
179865
0.591035251991
179885
0.612335324755
179905
0.608388863358
179925
0.618779679841
179945
0.607908720129
179965
0.603635780484
179985
0.607850317862
180005
0.612746534161
180025
0.597951133578
180045
0.584705786612
180065
0.548832433364
180085
0.54938916973
180105
0.548516007966
180125
0.54938103171
180145
0.548623238358
180165
0.543781115962
180185
0.546337890625
180205
0.527946920956
180225
0.524222579657
180245
0.520163622089
180265
0.517078354779
180285
0.520212450214
180305
0.53849140242
180325
0.542433076746
180345
0.560258693321
180365
0.583651194853
180385
0.58263202742
180405
0.582165766697
180425
0.592916092218
180445
0.628740138634
180465
0.666745653339
180485
0.688892558977
180505
0.668208103554
180525
0.658027439491
180545
0.603257123162
180565
0.599659639246
180585
0.601860734528
180605
0.589479453891
180625
0.592337814032
180645
0.583613855699
180665
0.554291609222
180685
0.542941942402
180705
0.531205001532
180725
0.536477481618
180745
0.53758281633
180765
0.530006797641
180785
0.530080997243
180805
0.528536688113
180825
0.531008731618
180845
0.516244446998
180865
0.517813648897
180885
0.522984164369
180905
0.510716337316
180925
0.503657322304
180945
0.502533796722
180965
0.506572169884
180985
0.509251972273
181005
0.527771714154
181025
0.544469496783
181045
0.539066808364
181065
0.520843386183
181085
0.51566473269
181105
0.524290556066
181125
0.539424402574
181145
0.544472369026
181165
0.55806238511
181185
0.546758674173
181205
0.539833697151
181225
0.538087373621
181245
0.534119370404
181265
0.517004155178
181285
0.531661688113
181305
0.524359968597
181325
0.530781345741
181345
0.531169098499
181365
0.530916341146
181385
0.52255189185
181405
0.520654775582
181425
0.51442823223
181445
0.515828929228
181465
0.502465820312
181485
0.508024088542
181505
0.517974494485
181525
0.517830403646
181545
0.523736691942
181565
0.544188017004
181585
0.541538373162
181605
0.527670228248
181625
0.516906020221
181645
0.507546338848
181665
0.5211947572
181685
0.519482421875
181705
0.532903933058
181725
0.528455786612
181745
0.503041226256
181765
0.502412683824
181785
0.517478075214
181805
0.52501819087
181825
0.520003733915
181845
0.512858551624
181865
0.511897786458
181885
0.519165039062
181905
0.518399586397
181925
0.512327186734
181945
0.512016984528
181965
0.513381299786
181985
0.528780828738
182005
0.52926049326
182025
0.529373468137
182045
0.524927715227
182065
0.523508348652
182085
0.509592333027
182105
0.522342696844
182125
0.539607747396
182145
0.55193828508
182165
0.546323529412
182185
0.532654047947
182205
0.503908643536
182225
0.48580011106
182245
0.482215552237
182265
0.484123200061
182285
0.491622146906
182305
0.497380035999
182325
0.485403741575
182345
0.47619676777
182365
0.484339575674
182385
0.505251416973
182405
0.501551489737
182425
0.510116996017
182445
0.502554859835
182465
0.499707509957
182485
0.505518535539
182505
0.509286439185
182525
0.509369734222
182545
0.524769741881
182565
0.541554170496
182585
0.54813782935
182605
0.541812193627
182625
0.53076842065
182645
0.525083295037
182665
0.531996304381
182685
0.55195647595
182705
0.575590245864
182725
0.557990579044
182745
0.541526405484
182765
0.5154229856
182785
0.504578354779
182805
0.519310566023
182825
0.522463809743
182845
0.534042777267
182865
0.536961933211
182885
0.529969458487
182905
0.540380380668
182925
0.545334999234
182945
0.536656518076
182965
0.535678519455
182985
0.541817459406
183005
0.545153090533
183025
0.533721086091
183045
0.534417604933
183065
0.531266754749
183085
0.528524720435
183105
0.530949371936
183125
0.530991498162
183145
0.525990923713
183165
0.526866957721
183185
0.526050762102
183205
0.519402956495
183225
0.543379480699
183245
0.564934225643
183265
0.578670247396
183285
0.559193091299
183305
0.536420515472
183325
0.524094286152
183345
0.501753025429
183365
0.501183363971
183385
0.517650409773
183405
0.515706858915
183425
0.520175589767
183445
0.512830307904
183465
0.513614908854
183485
0.519487687653
183505
0.525587373621
183525
0.521195235907
183545
0.536161056219
183565
0.550616574755
183585
0.554890950521
183605
0.568098958333
183625
0.567458448223
183645
0.565643669577
183665
0.555355296415
183685
0.561836990656
183705
0.550543811275
183725
0.534528664982
183745
0.531434302237
183765
0.528809072457
183785
0.532508042279
183805
0.536941348805
183825
0.538022269455
183845
0.530305510876
183865
0.509986787684
183885
0.501130227482
183905
0.487355430453
183925
0.501364793964
183945
0.51297344133
183965
0.518974513634
183985
0.525693167892
184005
0.540636967678
184025
0.548422181373
184045
0.569252642463
184065
0.581115483303
184085
0.593079810049
184105
0.653006280637
184125
0.886893478094
184145
1.0
184165
1.0
184185
1.0
184205
1.0
