181570
0.250496466862
181590
0.248131396199
181610
0.245840947856
181630
0.248996405945
181650
0.246690728558
181670
0.24003411306
181690
0.253805738304
181710
0.370939936647
181730
0.374821820175
181750
0.363558418616
181770
0.363127436647
181790
0.365000609162
181810
0.358383589181
181830
0.112870065789
181850
0.11801291423
181870
0.1097146077
181890
0.112247197856
181910
0.114242202729
181930
0.112215216862
181950
0.113107638889
181970
0.103027534113
181990
0.105014924464
182010
0.113247746101
182030
0.0792687012671
182050
0.105185489766
182070
0.0990192495127
182090
0.0848577607212
182110
0.0855293615984
182130
0.0860501949318
182150
0.0830135233918
182170
0.0558464303119
182190
0.0566048367446
182210
0.0528158503899
182230
0.0550636574074
182250
0.089478252924
182270
0.136476608187
182290
0.140474232456
182310
0.120994761209
182330
0.120364278752
182350
0.13754416423
182370
0.118127132066
182390
0.122732395224
182410
0.112394919591
182430
0.116077302632
182450
0.0724674098441
182470
0.0720227217349
182490
0.0627817373294
182510
0.0662493908382
182530
0.0600252802144
182550
0.0636726364522
182570
0.125601547271
182590
0.12598836501
182610
0.117048915692
182630
0.126958455166
182650
0.129896137914
182670
0.107574926901
182690
0.102535635965
182710
0.100053301657
182730
0.0954023513645
182750
0.0941459551657
182770
0.0927326998051
182790
0.088460952729
182810
0.0877451876218
182830
0.0894112451267
182850
0.128536184211
182870
0.128370187622
182890
0.127282833821
182910
0.132009929337
182930
0.126717836257
182950
0.126390411793
182970
0.129625060916
182990
0.127444261696
183010
0.126248781676
183030
0.0978009259259
183050
0.0952546296296
183070
0.0936388279727
183090
0.0996680068226
183110
0.0873568469786
183130
0.0870583576998
183150
0.0862298976608
183170
0.0874649731969
183190
0.0880330165692
183210
0.089702119883
183230
0.0950764498051
183250
0.0930586013645
183270
0.100490375244
183290
0.115148330897
183310
0.119328703704
183330
0.118389071637
183350
0.138824926901
183370
0.167269736842
183390
0.153921479045
183410
0.150829982943
183430
0.170973440546
183450
0.148259320175
183470
0.139303118908
183490
0.137525889376
183510
0.106460160819
183530
0.110811098928
183550
0.110526315789
183570
0.0997243542885
183590
0.0904544346979
183610
0.0944139863548
183630
0.0885934454191
183650
0.0836013645224
183670
0.0780488547758
183690
0.0851730019493
183710
0.0713648269981
183730
0.074171539961
183750
0.0698510599415
183770
0.0691307261209
183790
0.999996954191
183810
0.977716861598
183830
0.978298611111
183850
0.978446332846
183870
0.999993908382
183890
0.96378380848
183910
0.965678301657
183930
0.999926900585
183950
0.978251401072
183970
0.978852948343
183990
0.978878837719
184010
1.0
184030
0.974600999025
184050
0.973234953704
184070
1.0
184090
0.979710343567
184110
0.979492568226
184130
0.98279879386
184150
0.969066764133
184170
0.9706521077
184190
0.970114522417
184210
1.0
184230
0.968864217836
184250
0.968941885965
184270
1.0
184290
0.922936464425
184310
0.922033382066
184330
0.922525280214
184350
0.999993908382
184370
0.96614126462
184390
0.966748903509
184410
0.999998477096
184430
0.972202424464
184450
0.972854227583
184470
0.972133893762
184490
1.0
184510
0.974159356725
184530
0.974515716374
184550
1.0
184570
1.0
184590
1.0
184610
0.989586379142
184630
0.968681469298
184650
0.952080287524
184670
0.921736415692
184690
0.898713145712
184710
0.860238486842
184730
0.838013218811
184750
0.824273574561
184770
0.814262000487
184790
0.809490740741
184810
0.825548245614
184830
0.815678301657
184850
0.816275280214
184870
0.825807139376
184890
0.83177997076
184910
0.840131578947
184930
0.836922819201
184950
0.81935459308
184970
0.83444962232
184990
0.833213023879
185010
0.839140168129
185030
0.831443408869
185050
0.823515168129
185070
0.820816581384
185090
0.824870553119
185110
0.830185489766
185130
0.824996954191
185150
0.823295869883
185170
0.830471795809
185190
0.824882736355
185210
0.830788559942
185230
0.839353374756
185250
0.833554154483
185270
0.828249878168
185290
0.833438413743
185310
0.844322612086
185330
0.849587292885
185350
0.855191581384
185370
0.852850877193
185390
0.859050621345
185410
0.865073708577
185430
0.851026437622
185450
0.869896747076
185470
0.878115862573
185490
0.867291057505
185510
0.866617933723
185530
0.863208150585
185550
0.868393640351
185570
0.863401559454
185590
0.850578703704
185610
0.853915387427
185630
0.863124390838
185650
0.880844907407
185670
0.891145833333
185690
0.886414169103
185710
0.906050499513
185730
0.909189205653
185750
0.907824683236
185770
0.907393701267
185790
0.889035087719
185810
0.886155275341
185830
0.880706323099
185850
0.890213815789
185870
0.882439388402
185890
0.889423428363
185910
0.885808053119
185930
0.89613791423
185950
0.910996893275
185970
0.901631030702
185990
0.904649427388
186010
0.909706993177
186030
0.899185246101
186050
0.897605994152
186070
0.888923915692
186090
0.875469054581
186110
0.882928240741
186130
0.863441154971
186150
0.869799281189
186170
0.857736354776
186190
0.855048428363
186210
0.865484892788
186230
0.876006639864
186250
0.879815423977
186270
0.872066885965
186290
0.876419346979
186310
0.882539900097
186330
0.88828125
186350
0.888238608674
186370
0.893005299708
186390
0.886636513158
186410
0.906012426901
186430
0.906419042398
186450
0.909467897173
186470
0.893143884016
186490
0.887742141813
186510
0.898990314327
186530
0.899745674951
186550
0.896683114035
186570
0.896690728558
186590
0.90623629386
186610
0.913078703704
186630
0.916424524854
186650
0.90480628655
186670
0.909335404483
186690
0.906778447856
186710
0.898752741228
186730
0.893771320663
186750
0.893477400097
186770
0.893568774366
186790
0.900717288012
186810
0.887117750975
186830
0.883508467349
186850
0.886593871832
186870
0.899401498538
186890
0.903362573099
186910
0.898059819688
186930
0.895233308967
186950
0.908797819201
186970
0.917172270955
186990
0.912929459064
187010
0.901096491228
187030
0.906839364035
187050
0.923918737817
187070
0.905097161306
187090
0.911915204678
187110
0.909671966374
187130
0.900540631092
187150
0.899923854776
187170
0.892546905458
187190
0.872459795322
187210
0.893832236842
187230
0.878426535088
187250
0.897851181774
187270
0.910992324561
187290
0.896274975634
187310
0.902410757797
187330
0.922068408869
187350
0.934402412281
187370
0.943198708577
187390
0.92827119883
187410
0.911479653996
187430
0.907396747076
187450
0.906665752924
187470
0.895604897661
187490
0.876248781676
187510
0.879028082359
187530
0.877977278265
187550
0.882451571637
187570
0.897694322612
187590
0.901119334795
187610
0.900846734893
187630
0.916011817739
187650
0.88953460039
187670
0.892856055068
187690
0.872971491228
187710
0.890800134016
187730
0.884406980994
187750
0.874747197856
187770
0.844908930312
187790
0.876848806043
187810
0.882090643275
187830
0.895306408382
187850
0.878361050195
187870
0.883569383528
187890
0.88363791423
187910
0.91036336501
187930
0.89445662768
187950
0.89313170078
187970
0.905346917641
187990
0.913864522417
188010
0.912787828947
188030
0.925650280214
188050
0.917382431774
188070
0.921264315302
188090
0.928700657895
188110
0.928038194444
188130
0.927314814815
188150
0.922528326023
188170
0.910984710039
188190
0.913435063353
188210
0.88802997076
188230
0.887589851365
188250
0.873982699805
188270
0.843829191033
188290
0.833203886452
188310
0.850286306043
188330
0.84055037768
188350
0.852965095029
188370
0.839015289961
188390
0.865123964425
188410
0.869484039961
188430
0.881892665692
188450
0.871189692982
188470
0.870248538012
188490
0.886447673002
188510
0.873041544834
188530
0.88206170809
188550
0.869601303606
188570
0.869631761696
188590
0.869112451267
188610
0.876037097953
188630
0.880701754386
188650
0.871605445906
188670
0.881105324074
188690
0.873065911306
188710
0.8780229654
188730
0.880295138889
188750
0.886441581384
188770
0.901583820663
188790
0.897828338207
188810
0.896101364522
188830
0.889284844055
188850
0.892764680799
188870
0.899701510721
188890
0.891616410819
188910
0.88347496345
188930
0.885811098928
188950
0.886024305556
188970
0.885364887914
188990
0.893386025828
189010
0.872977582846
189030
0.848475572612
189050
0.845892726608
189070
0.839593993665
189090
0.831093140838
189110
0.842693104288
189130
0.838436586257
189150
0.84870248538
189170
0.862825901559
189190
0.874509624756
189210
0.891004203216
189230
0.899360380117
189250
0.91105628655
189270
0.914505665205
189290
0.920260721248
189310
0.913491410819
189330
0.918058601365
189350
0.925537585283
189370
0.933525219298
189390
0.937420808967
189410
0.92026833577
189430
0.920399305556
189450
0.911190302144
189470
0.909207480507
189490
0.916202180799
189510
0.912464973197
189530
0.923650706628
189550
0.933153630604
189570
0.948099415205
189590
0.952774731969
189610
0.944889132554
189630
0.935165387427
189650
0.919704861111
189670
0.911149183723
189690
0.913378715887
189710
0.912516751949
189730
0.908051596004
189750
0.914074683236
189770
0.926862512183
189790
0.932934332359
189810
0.951163499025
189830
0.957570358187
189850
0.951413255361
189870
0.941989522417
189890
0.94830500731
189910
0.954352461014
189930
0.954867202729
189950
0.971233857212
189970
0.968037280702
189990
0.964925986842
190010
0.958817616959
190030
0.959004934211
190050
0.954679885478
190070
0.951084307992
190090
0.940235136452
190110
0.926553362573
190130
0.929253472222
190150
0.930317982456
190170
0.92222831384
190190
0.917234710039
190210
0.916741288986
190230
0.911805555556
190250
0.916179337232
190270
0.911703520955
190290
0.920862268519
190310
0.929964668616
190330
0.898254751462
190350
0.881196698343
190370
0.863371101365
190390
0.850149244639
190410
0.843797210039
190430
0.852477765595
190450
0.854730141326
190470
0.86782255117
190490
0.880867750975
190510
0.898484710039
190530
0.919351547271
190550
0.937288316277
190570
0.927895041423
190590
0.911412646199
190610
0.890896076998
190630
0.881120553119
190650
0.893110380117
190670
0.896754690546
190690
0.900025889376
190710
0.899827911793
190730
0.906553057992
190750
0.924910148635
190770
0.944579982943
190790
0.956790631092
190810
0.944985075536
190830
0.955215947856
190850
0.949932992203
190870
0.961234466374
190890
0.967091557018
190910
0.941709307992
190930
0.930646929825
190950
0.908104897661
190970
0.886007553606
190990
0.885538499025
191010
0.896335891813
191030
0.895764802632
191050
0.894835830897
191070
0.923277595029
191090
0.932987634016
191110
0.996313048246
191130
1.0
191150
1.0
