145866
0.302658785893
145886
0.301790730337
145906
0.317025593009
145926
0.289912674261
145946
0.286341292135
145966
0.302593763005
145986
0.144035450479
146006
0.137012978568
146026
0.134821707241
146046
0.324127717957
146066
0.329022315855
146086
0.375619343009
146106
0.405064957865
146126
0.389296907511
146146
0.380008387953
146166
0.378109719621
146186
0.369780287661
146206
0.349441128277
146226
0.335592878693
146246
0.341698527882
146266
0.327949438202
146286
0.55549215824
146306
0.117624778922
146326
0.0665232911985
146346
0.0804788285476
146366
0.0843671972534
146386
0.0829318169996
146406
0.0863455186226
146426
0.0884733926342
146446
0.0850564398668
146466
0.0888960414066
146486
0.0889415574282
146506
0.085953755722
146526
0.0971685783396
146546
0.116616924157
146566
0.262008101852
146586
0.268318573138
146606
0.277031640137
146626
0.3619596598
146646
0.355548403038
146666
0.337242834478
146686
0.0444675275697
146706
0.0438774448606
146726
0.0440416276529
146746
0.0434921842489
146766
0.0424030508739
146786
0.0634395807324
146806
0.0617050951935
146826
0.0585498595506
146846
0.0568950270495
146866
0.0648570796921
146886
0.0737278271952
146906
0.0784614934457
146926
0.0697224172909
146946
0.454157238348
146966
0.523897536933
146986
0.275267894299
147006
0.618275007803
147026
0.392630956097
147046
0.448644923013
147066
0.411942753849
147086
0.607338158032
147106
0.819184352892
147126
0.833346337911
147146
0.832762757491
147166
0.814574230129
147186
0.815661737932
147206
0.504691401373
147226
0.670571291094
147246
0.683403558052
147266
0.622641294736
147286
0.576431153766
147306
0.267582188931
147326
0.24802818092
147346
0.229220310549
147366
0.232978633479
147386
0.486114362256
147406
0.368866716084
147426
0.378507984811
147446
0.0635192337703
147466
0.0630754525593
147486
0.0587384259259
147506
0.0693745448398
147526
0.306548780171
147546
0.283179554203
147566
0.310663103412
147586
0.280170620058
147606
0.812426849251
147626
0.808631138161
147646
0.808679905327
147666
0.0706213587183
147686
0.0681943794216
147706
0.0653496280691
147726
0.407680503537
147746
0.361709321681
147766
0.345141489804
147786
0.274393336454
147806
0.266691375364
147826
0.250357625884
147846
0.255621228672
147866
0.233880826051
147886
0.226021184457
147906
0.229039872035
147926
0.240859407511
147946
0.23526093685
147966
0.875918448294
147986
0.724039611943
148006
0.575637874532
148026
0.246765111319
148046
0.342815295984
148066
0.523900788077
148086
0.456483432168
148106
0.159019975031
148126
0.160515501457
148146
0.160824360175
148166
0.159549911569
148186
0.160655300666
148206
0.153439385664
148226
0.145865844777
148246
0.140850954536
148266
0.132875897316
148286
0.122738829068
148306
0.108045281939
148326
0.0636102658136
148346
0.0576346624012
148366
0.0630754525593
148386
0.0623276893467
148406
0.0665866885144
148426
0.0676319314399
148446
0.0743179099043
148466
0.0721965381814
148486
0.311158902934
148506
0.406788064399
148526
0.366937161881
148546
0.423976864856
148566
0.484596077819
148586
0.393079614024
148606
0.38428201727
148626
0.377363581981
148646
0.450629746671
148666
0.457062135872
148686
0.496667576987
148706
0.461590980025
148726
0.463648954432
148746
0.463135273616
148766
0.462491547025
148786
0.46674892062
148806
0.469179151061
148826
0.404559404911
148846
0.367442714836
148866
0.342810419268
148886
0.365373361423
148906
0.114705251248
148926
0.23295750104
148946
0.228833424365
148966
0.293058156471
148986
0.275178487828
149006
0.247395833333
149026
0.239048520079
149046
0.246804125052
149066
0.247291796712
149086
0.250564073554
149106
0.264999154702
149126
0.259779442364
149146
0.261995097274
149166
0.265129200479
149186
0.264612268519
149206
0.270113204848
149226
0.279461870578
149246
0.279188774449
149266
0.28078508635
149286
0.286435575323
149306
0.962658980961
149326
0.962657355389
149346
0.962641099667
149366
0.959321681232
149386
0.952520287141
149406
0.955379668643
149426
0.987032810549
149446
0.985825010404
149466
0.983090797961
149486
0.975344946421
149506
0.97518889149
149526
0.978456291615
149546
0.987790327195
149566
0.982910359447
149586
0.978911451831
149606
0.976796582397
149626
0.982541354557
149646
0.990162037037
149666
0.98855434613
149686
0.973677109342
149706
0.959045333958
149726
0.940915327195
149746
0.936089003329
149766
0.92431173273
149786
0.906027296608
149806
0.889456213587
149826
0.879980753225
149846
0.874546465356
149866
0.878768076363
149886
0.892084763837
149906
0.884387679463
149926
0.875599836142
149946
0.882064736787
149966
0.877127874012
149986
0.871978061278
150006
0.882326453912
150026
0.87448306804
150046
0.868195354765
150066
0.888732833958
150086
0.907413909696
150106
0.908247828236
150126
0.918503563254
150146
0.918048403038
150166
0.914641203704
150186
0.921265410424
150206
0.923606234395
150226
0.905863113816
150246
0.897320731898
150266
0.897486540262
150286
0.887710349043
150306
0.900417446941
150326
0.886278219933
150346
0.89289917551
150366
0.900389812214
150386
0.887554294112
150406
0.892852033916
150426
0.899692441739
150446
0.898582175926
150466
0.898084750832
150486
0.923095804723
150506
0.917190100916
150526
0.905164117769
150546
0.924236956409
150566
0.924523057116
150586
0.91895059561
150606
0.92431173273
150626
0.921034579172
150646
0.918705134207
150666
0.924879057428
150686
0.922691037245
150706
0.924313358302
150726
0.922954379942
150746
0.91990318092
150766
0.914966318144
150786
0.912204470974
150806
0.906615753745
150826
0.90702539794
150846
0.913930828652
150866
0.906274383583
150886
0.912155703808
150906
0.914953313566
150926
0.907660996671
150946
0.907821928319
150966
0.912602736163
150986
0.912846571993
151006
0.902594088119
151026
0.902893193404
151046
0.887107261756
151066
0.892086389409
151086
0.905720063462
151106
0.903078508635
151126
0.899417720037
151146
0.887816011236
151166
0.894643414482
151186
0.90471383427
151206
0.903878290158
151226
0.902348626717
151246
0.895909735227
151266
0.892021366521
151286
0.89198397836
151306
0.904561030483
151326
0.911086077299
151346
0.896850941531
151366
0.896937096858
151386
0.892569184353
151406
0.890743666771
151426
0.896501443508
151446
0.907927590512
151466
0.903740116521
151486
0.893084490741
151506
0.898209919892
151526
0.900235382855
151546
0.903413376509
151566
0.90208528402
151586
0.899946031003
151606
0.883833359342
151626
0.891284982314
151646
0.902758270911
151666
0.904850382335
151686
0.910302551498
151706
0.908719244174
151726
0.923975239284
151746
0.914977697149
151766
0.92251710102
151786
0.905286035685
151806
0.902046270287
151826
0.902872060965
151846
0.894357313774
151866
0.912900215876
151886
0.889374934977
151906
0.901360278818
151926
0.910535008323
151946
0.907742275281
151966
0.915493003537
151986
0.917798064919
152006
0.913265969621
152026
0.893133257907
152046
0.906420685081
152066
0.906870968581
152086
0.910404962547
152106
0.912443430087
152126
0.897284969309
152146
0.886234329484
152166
0.905152738764
152186
0.911957383999
152206
0.908498166355
152226
0.903541796712
152246
0.887097508323
152266
0.898153024865
152286
0.900713301082
152306
0.905100720454
152326
0.905946017998
152346
0.916283031627
152366
0.929648486267
152386
0.943464224407
152406
0.946617834478
152426
0.948123114336
152446
0.965565504057
152466
0.976502353829
152486
0.982323527882
152506
0.978503433208
152526
0.975112489596
152546
0.973607209738
152566
0.986610161777
152586
0.991407225343
152606
0.970386951207
152626
0.953846754057
152646
0.945709139617
152666
0.923851695797
152686
0.923720024449
152706
0.918461298377
152726
0.890581109551
152746
0.877986176134
152766
0.895529351332
152786
0.885223223575
152806
0.874588730233
152826
0.890082058885
152846
0.870758882127
152866
0.865826896067
152886
0.886780521744
152906
0.871492015189
152926
0.86681849511
152946
0.884140592489
152966
0.895521223471
152986
0.905710310029
153006
0.901986124116
153026
0.891666991781
153046
0.890852580108
153066
0.902872060965
153086
0.899303929983
153106
0.887778623075
153126
0.882373595506
153146
0.873801953288
153166
0.873093203808
153186
0.892322097378
153206
0.871760234603
153226
0.886839042343
153246
0.889784579172
153266
0.903375988348
153286
0.895708164274
153306
0.902052772576
153326
0.907794293591
153346
0.903886418019
153366
0.913665860383
153386
0.9032150567
153406
0.90952877913
153426
0.914418500312
153446
0.915670190907
153466
0.916578885768
153486
0.92714022836
153506
0.921957904182
153526
0.921530378693
153546
0.930633583021
153566
0.908475408344
153586
0.88263531263
153606
0.897239453288
153626
0.87931264305
153646
0.875913571577
153666
0.879956369642
153686
0.877043344257
153706
0.859300223679
153726
0.886257087495
153746
0.877779728464
153766
0.885297999896
153786
0.878981026321
153806
0.882211038285
153826
0.883906510092
153846
0.908186056492
153866
0.90132451623
153886
0.901157082293
153906
0.915881515293
153926
0.894838483146
153946
0.916557753329
153966
0.933322279442
153986
0.912193091968
154006
0.882393102372
154026
0.903419878797
154046
0.90354017114
154066
0.903320718893
154086
0.926584282667
154106
0.913756892426
154126
0.907355389097
154146
0.923289247815
154166
0.937391086663
154186
0.93716025541
154206
0.944216864336
154226
0.944390800562
154246
0.943389448086
154266
0.953097365273
154286
0.949708047233
154306
0.925750364128
154326
0.939665262172
154346
0.912895339159
154366
0.902650983146
154386
0.902275475968
154406
0.871838262068
154426
0.86223275593
154446
0.875365753745
154466
0.86432974407
154486
0.850881385248
154506
0.866358458177
154526
0.832699360175
154546
0.82607190231
154566
0.871111631294
154586
0.853768401477
154606
0.852648382231
154626
0.898349719101
154646
0.901461064295
154666
0.925706473679
154686
0.976409696213
154706
0.984202689347
154726
0.982694158344
154746
1.0
154766
1.0
154786
1.0
154806
0.0664598938826
154826
0.0662274370578
154846
0.0667427434457
154866
0.0665899396588
154886
0.0668191453392
154906
0.999892712235
154926
1.0
154946
0.999876456513
154966
0.279726838847
154986
0.214938033188
155006
0.172271639617
155026
0.127810614336
155046
0.145238373908
155066
0.130140059301
155086
0.135198839992
155106
0.11503849355
155126
0.160478113296
155146
0.160858497191
155166
0.167468073762
155186
0.12836005774
155206
0.144487359551
155226
0.142520417187
155246
0.153491403974
155266
0.138297180608
155286
0.131671348315
155306
0.172801576155
155326
0.169352111943
155346
0.155380318872
155366
0.126123270391
155386
0.162124817936
155406
0.23543812422
155426
0.313291653662
155446
0.999188839471
