125975
0.235378689236
125995
0.178564453125
126015
0.194538845486
126035
0.207336516204
126055
0.209788049769
126075
0.20435474537
126095
0.220061487269
126115
0.240362774884
126135
0.223994864005
126155
0.217223307292
126175
0.276256510417
126195
0.278538773148
126215
0.0885499855324
126235
0.0888961226852
126255
0.0667950665509
126275
0.0674978298611
126295
0.0675368923611
126315
0.115439453125
126335
0.117018590856
126355
0.117256221065
126375
0.109700159144
126395
0.11697337963
126415
0.117615379051
126435
0.122449363426
126455
0.137140118634
126475
0.120817780671
126495
0.110199652778
126515
0.118876591435
126535
0.124819878472
126555
0.132878327546
126575
0.129517867477
126595
0.132300347222
126615
0.115073784722
126635
0.117823712384
126655
0.120192418981
126675
0.118475477431
126695
0.074476634838
126715
0.0686042390046
126735
0.071318359375
126755
0.1141796875
126775
0.121703197338
126795
0.111256510417
126815
0.106118706597
126835
0.119187644676
126855
0.11800708912
126875
0.118958333333
126895
0.111317635995
126915
0.119917896412
126935
0.137907624421
126955
0.145692997685
126975
0.10796875
126995
0.0985666232639
127015
0.089693287037
127035
0.0790740740741
127055
0.0815350115741
127075
0.0873083043981
127095
0.124358362269
127115
0.129460720486
127135
0.116946252894
127155
0.0965961371528
127175
0.100007233796
127195
0.105147207755
127215
0.103433521412
127235
0.0576171875
127255
0.0558040364583
127275
0.0980700231481
127295
0.0980400028935
127315
0.0982562934028
127335
0.103742766204
127355
0.446684027778
127375
0.447764033565
127395
0.40423864294
127415
0.416771556713
127435
0.279418041088
127455
0.104203920718
127475
0.111345124421
127495
0.111284360532
127515
0.0662178096065
127535
0.0780157696759
127555
0.0708977141204
127575
0.0717744502315
127595
0.0675390625
127615
0.111703197338
127635
0.108159722222
127655
0.109973234954
127675
0.0680454282407
127695
0.0689702690972
127715
0.0999931278935
127735
0.0918489583333
127755
0.0641796875
127775
0.124327618634
127795
0.126004412616
127815
0.127745587384
127835
0.137186053241
127855
0.136716579861
127875
0.137911241319
127895
0.144379701968
127915
0.146335720486
127935
0.214075520833
127955
0.235684678819
127975
0.263675853588
127995
0.186774450231
128015
0.143754701968
128035
0.109074074074
128055
0.0880533854167
128075
0.0756184895833
128095
0.0730143229167
128115
0.0779539207176
128135
0.0796046730324
128155
0.0508575665509
128175
0.0523705150463
128195
0.0524992766204
128215
0.0555815972222
128235
0.0539916087963
128255
0.0544827835648
128275
0.0543565538194
128295
0.0571784577546
128315
0.0572312644676
128335
0.0544737413194
128355
0.0434809027778
128375
0.0519133391204
128395
0.0686006221065
128415
0.0720981626157
128435
0.0701591435185
128455
0.0774399594907
128475
0.0508904803241
128495
0.0504495804398
128515
0.0451750578704
128535
0.0513194444444
128555
0.0468666811343
128575
0.0463635706019
128595
0.0742957899306
128615
0.0536277488426
128635
0.0630226417824
128655
0.0586053240741
128675
0.0598426649306
128695
0.0456571903935
128715
0.0541203703704
128735
0.0527282262731
128755
0.0552350983796
128775
0.0629097945602
128795
0.0640838396991
128815
0.0636765769676
128835
0.0642588975694
128855
0.0421925636574
128875
0.0467086226852
128895
0.0470518663194
128915
0.0452698206019
128935
0.06111328125
128955
0.0618815104167
128975
0.0621730324074
128995
0.0627799479167
129015
0.0718015769676
129035
0.0744162326389
129055
0.0742516637731
129075
0.075386646412
129095
0.0753776041667
129115
0.0793616174769
129135
0.0447023292824
129155
0.0470153356481
129175
0.0447095630787
129195
0.0411082175926
129215
0.15554723669
129235
0.154968894676
129255
0.154518229167
129275
0.153636791088
129295
0.15976490162
129315
0.11650390625
129335
0.116061197917
129355
0.112433449074
129375
0.0944788049769
129395
0.0865404369213
129415
0.0840447771991
129435
0.108451967593
129455
0.134386212384
129475
0.100656467014
129495
0.0932602719907
129515
0.171025390625
129535
0.165757016782
129555
0.0915903501157
129575
0.0919292534722
129595
0.0889633969907
129615
0.0925582320602
129635
0.0902311197917
129655
0.0986436631944
129675
0.0849873408565
129695
0.0802086950231
129715
0.0730938946759
129735
0.0817104311343
129755
0.156707175926
129775
0.159047309028
129795
0.157353153935
129815
1.0
129835
1.0
129855
1.0
129875
0.849027416088
129895
0.84787109375
129915
0.841121961806
129935
0.835252821181
129955
0.829017650463
129975
0.823725766782
129995
0.823830656829
130015
0.820094401042
130035
0.816693431713
130055
0.813414351852
130075
0.813404586227
130095
0.809435763889
130115
0.801468460648
130135
0.798565176505
130155
0.80052734375
130175
0.798647280093
130195
0.798503689236
130215
0.792395833333
130235
0.787258029514
130255
0.783628833912
130275
0.778063512731
130295
0.77390588831
130315
0.771606987847
130335
0.766059751157
130355
0.761794343171
130375
0.762523509838
130395
0.75755823206
130415
0.757940899884
130435
0.758999565972
130455
0.75658203125
130475
0.753977502894
130495
0.753036385995
130515
0.749656032986
130535
0.751887659144
130555
0.754041883681
130575
0.751484375
130595
0.747428023727
130615
0.748862847222
130635
0.74148473669
130655
0.751803385417
130675
0.756850405093
130695
0.752853732639
130715
0.758425925926
130735
0.760354094329
130755
0.754491102431
130775
0.752821180556
130795
0.756208043981
130815
0.754712818287
130835
0.755126953125
130855
0.753565899884
130875
0.750426070602
130895
0.748472583912
130915
0.750889395255
130935
0.746197554977
130955
0.747945240162
130975
0.748929036458
130995
0.746795428241
131015
0.751422164352
131035
0.73984302662
131055
0.737900752315
131075
0.741636646412
131095
0.745531322338
131115
0.746108579282
131135
0.743996672454
131155
0.741715856481
131175
0.745109230324
131195
0.74410192419
131215
0.74537181713
131235
0.750991030093
131255
0.749674117477
131275
0.920768229167
131295
0.926155598958
131315
0.923697916667
131335
0.924470486111
131355
0.923961588542
131375
0.926833767361
131395
0.926664496528
131415
0.924008246528
131435
0.927037760417
131455
0.927042100694
131475
0.924166666667
131495
0.925520833333
131515
0.926592881944
131535
0.928026258681
131555
0.922315538194
131575
0.918761935764
131595
0.916843532986
131615
0.910598958333
131635
0.9128125
131655
0.913422309028
131675
0.912201605903
131695
0.91828125
131715
0.916431206597
131735
0.918744574653
131755
0.922749565972
131775
0.923412543403
131795
0.919689670139
131815
0.918135850694
131835
0.919103732639
131855
0.921443142361
131875
0.920577256944
131895
0.924331597222
131915
0.925125868056
131935
0.923213975694
131955
0.920733506944
131975
0.920487196181
131995
0.926150173611
132015
0.927811414931
132035
0.933345269097
132055
0.932800564236
132075
0.927143012153
132095
0.927967664931
132115
0.924583333333
132135
0.923797743056
132155
0.922419704861
132175
0.915748697917
132195
0.911694878472
132215
0.9103515625
132235
0.909611545139
132255
0.910085720486
132275
0.904125434028
132295
0.905138888889
132315
0.903335503472
132335
0.903668619792
132355
0.904443359375
132375
0.903627387153
132395
0.903821614583
132415
0.903433159722
132435
0.898438585069
132455
0.900445963542
132475
0.901540798611
132495
0.902845052083
132515
0.904879557292
132535
0.903486328125
132555
0.904919704861
132575
0.905208333333
132595
0.906474609375
132615
0.910865885417
132635
0.911870659722
132655
0.912085503472
132675
0.913029513889
132695
0.915075954861
132715
0.918082682292
132735
0.918681640625
132755
0.915782335069
132775
0.912873263889
132795
0.917177734375
132815
0.916651475694
132835
0.921566840278
132855
0.925730251736
132875
0.925606553819
132895
0.919967447917
132915
0.918401692708
132935
0.915618489583
132955
0.916875
132975
0.914741753472
132995
0.910100911458
133015
0.91224609375
133035
0.908993055556
133055
0.907106119792
133075
0.904790581597
133095
0.901026475694
133115
0.901143663194
133135
0.893582899306
133155
0.893889973958
133175
0.892723524306
133195
0.886264105903
133215
0.889053819444
133235
0.883696831597
133255
0.882105034722
133275
0.877711588542
133295
0.870528428819
133315
0.874781901042
133335
0.8732421875
133355
0.867455512153
133375
0.86982421875
133395
0.869281684028
133415
0.868536241319
133435
0.867182074653
133455
0.867863498264
133475
0.873882378472
133495
0.878057725694
133515
0.882598741319
133535
0.889049479167
133555
0.895495876736
133575
0.901934678819
133595
0.902706163194
133615
0.911098090278
133635
0.915321180556
133655
0.917126736111
133675
0.922565104167
133695
0.925450303819
133715
0.927896050347
133735
0.931845703125
133755
0.937134331597
133775
0.944244791667
133795
0.947697482639
133815
0.951146918403
133835
0.954958767361
133855
0.959046223958
133875
0.966023220486
133895
0.964420572917
133915
0.963336588542
133935
0.964418402778
133955
0.964130859375
133975
0.963426649306
133995
0.96154296875
134015
0.961008029514
134035
0.963119574653
134055
0.961325954861
134075
0.961551649306
134095
0.961915147569
134115
0.961137152778
134135
0.963172743056
134155
0.962432725694
134175
0.964375
134195
0.966039496528
134215
0.968254123264
134235
0.964754774306
134255
0.961998697917
134275
0.958011067708
134295
0.958999565972
134315
0.957068142361
134335
0.957534722222
134355
0.959326895255
134375
0.954419126157
134395
0.956100622106
134415
0.956647135417
134435
0.951547670718
134455
0.95
134475
0.952466362847
134495
0.949811559606
134515
0.943232060185
134535
0.944005714699
134555
0.94609375
134575
0.941957826968
134595
0.938029513889
134615
0.937476128472
134635
0.930982349537
134655
0.93105432581
134675
0.932760416667
134695
0.939443721065
134715
0.939308087384
134735
0.939147858796
134755
0.939241174769
134775
0.939612991898
134795
0.937763310185
134815
0.932139756944
134835
0.93228443287
134855
0.93746021412
134875
0.932690610532
134895
0.931909360532
134915
0.933100405093
134935
0.939884982639
134955
0.937455150463
134975
0.923509476273
134995
0.928193721065
135015
0.917079354745
135035
0.907893156829
135055
0.89836009838
135075
0.899142071759
135095
0.896758897569
135115
0.896531032986
135135
0.900484302662
135155
0.898567346644
135175
0.903995949074
135195
0.904151475694
135215
0.905883969907
135235
0.915804759838
135255
0.920152271412
135275
0.919299768519
135295
0.928659215856
135315
0.931834129051
135335
0.931508246528
135355
0.932095269097
135375
0.934256727431
135395
0.946608072917
135415
0.953577473958
135435
0.961573350694
135455
0.976408420139
135475
0.984875217014
135495
0.993806423611
135515
0.995789930556
135535
0.998337673611
135555
1.0
