167521
0.896178288246
167541
0.890748892257
167561
0.892741371269
167581
0.893965718284
167601
0.892719507929
167621
0.890174615205
167641
0.890123600746
167661
0.889699451959
167681
0.890697877799
167701
0.893226737407
167721
0.897984200093
167741
0.89746822528
167761
0.897721840019
167781
0.900260902519
167801
0.904366837687
167821
0.908794892724
167841
0.906885494403
167861
0.900736065765
167881
0.897220440765
167901
0.897797632929
167921
0.896066056437
167941
0.898399603545
167961
0.897707264459
167981
0.891311508862
168001
0.880473122668
168021
0.870501982276
168041
0.860173740672
168061
0.8494140625
168081
0.835430270522
168101
0.825409573228
168121
0.812720090951
168141
0.800102028918
168161
0.791906191698
168181
0.787437325093
168201
0.807188666045
168221
0.830095615672
168241
0.852295650653
168261
0.877469099813
168281
0.896602437034
168301
0.922319554571
168321
0.942337628265
168341
0.966002506996
168361
0.989614913713
168381
0.991734200093
168401
0.990852378731
168421
0.990826142724
168441
0.990885902519
168461
0.992566464552
168481
0.990604594216
168501
0.990283931903
168521
0.990364097481
168541
0.99024895056
168561
0.995569029851
168581
0.992232684235
168601
0.986003090019
168621
0.985933127332
168641
0.980927880131
168661
0.976135436101
168681
0.968649428638
168701
0.962599113806
168721
0.95353020056
168741
0.94093983209
168761
0.932969916045
168781
0.92576667444
168801
0.913482392724
168821
0.905831681437
168841
0.903968924907
168861
0.89773933069
168881
0.894220790578
168901
0.892232684235
168921
0.896924556903
168941
0.896660739272
168961
0.895964027519
168981
0.897619811101
169001
0.901206856343
169021
0.907898495802
169041
0.911131354944
169061
0.914855410448
169081
0.915318913246
169101
0.914894764459
169121
0.922514867071
169141
0.92429454291
169161
0.92587161847
169181
0.925406658116
169201
0.925492653918
169221
0.927690648321
169241
0.923782940765
169261
0.926362814832
169281
0.925613631063
169301
0.919185809235
169321
0.924776993937
169341
0.921705923507
169361
0.912858558769
169381
0.911360191231
169401
0.907652168843
169421
0.907343166978
169441
0.907569088153
169461
0.903509794776
169481
0.908229361007
169501
0.907841651119
169521
0.911326667444
169541
0.918783523787
169561
0.919526877332
169581
0.922666452892
169601
0.919529792444
169621
0.919996210354
169641
0.925921175373
169661
0.92647213153
169681
0.925109316698
169701
0.930633453825
169721
0.930505188899
169741
0.928323227612
169761
0.932238222948
169781
0.939297166511
169801
0.938938607743
169821
0.936728952892
169841
0.935312208489
169861
0.93436042444
169881
0.934851620802
169901
0.93514896222
169921
0.934507637593
169941
0.932674032183
169961
0.930038770989
169981
0.929981926306
170001
0.932965543377
170021
0.931462803172
170041
0.926425489739
170061
0.920548624067
170081
0.923389400653
170101
0.923043959888
170121
0.922304979011
170141
0.918493470149
170161
0.916796875
170181
0.920175489739
170201
0.923297574627
170221
0.924084654851
170241
0.924584596549
170261
0.915899020522
170281
0.911504489272
170301
0.903897504664
170321
0.903782357743
170341
0.89864010028
170361
0.891954291045
170381
0.885240788246
170401
0.889705282183
170421
0.900826434235
170441
0.909000408116
170461
0.922035331157
170481
0.933978544776
170501
0.934988631063
170521
0.941366895989
170541
0.945115729944
170561
0.949090485075
170581
0.94395260028
170601
0.92921379431
170621
0.926896280317
170641
0.920287721549
170661
0.90535651819
170681
0.905744228078
170701
0.905365263526
170721
0.908020930504
170741
0.90498775653
170761
0.904750174907
170781
0.912043784981
170801
0.912287196828
170821
0.911663362873
170841
0.916974696828
170861
0.916142432369
170881
0.913138409515
170901
0.912447527985
170921
0.914732975746
170941
0.914740263526
170961
0.914093108675
170981
0.91612056903
171001
0.908756996269
171021
0.900438724347
171041
0.894276177705
171061
0.896710296175
171081
0.896058768657
171101
0.899521921642
171121
0.897172341418
171141
0.894283465485
171161
0.891726912313
171181
0.899160447761
171201
0.904812849813
171221
0.90887214319
171241
0.905270522388
171261
0.90642344916
171281
0.902511368937
171301
0.906255830224
171321
0.906155258862
171341
0.906924848414
171361
0.900755013993
171381
0.899948985541
171401
0.899583138993
171421
0.900552413713
171441
0.90449947528
171461
0.903515625
171481
0.899373250933
171501
0.896649078825
171521
0.897727670243
171541
0.900446012127
171561
0.904974638526
171581
0.902534689832
171601
0.902167385728
171621
0.901658698694
171641
0.900045184235
171661
0.900081623134
171681
0.900018948228
171701
0.898043959888
171721
0.898042502332
171741
0.897191289646
171761
0.901849638526
171781
0.902926772388
171801
0.90303463153
171821
0.90519764459
171841
0.906216476213
171861
0.912762360075
171881
0.912820662313
171901
0.912345499067
171921
0.911186742071
171941
0.912086054104
171961
0.910399661847
171981
0.906131937966
172001
0.906930678638
172021
0.913056786381
172041
0.90596431903
172061
0.90526614972
172081
0.908653509795
172101
0.896200151586
172121
0.890025944496
172141
0.879181728078
172161
0.874269764459
172181
0.86232655084
172201
0.83952891791
172221
0.839993878265
172241
0.831016791045
172261
0.81384532416
172281
0.812435867537
172301
0.800641324627
172321
0.799832381063
172341
0.786995685634
172361
0.783074860075
172381
0.785724696828
172401
0.770869286381
172421
0.768493470149
172441
0.770105527052
172461
0.765211054104
172481
0.76249271222
172501
0.760157707556
172521
0.76619636194
172541
0.7701171875
172561
0.768712103545
172581
0.767967292444
172601
0.773539528918
172621
0.774822178172
172641
0.774854244403
172661
0.774036555504
172681
0.776993936567
172701
0.79100833722
172721
0.799119636194
172741
0.811717292444
172761
0.829404734142
172781
0.838533407183
172801
0.847552763526
172821
0.85919426306
172841
0.865350979478
172861
0.873638642724
172881
0.878164354011
172901
0.882459771455
172921
0.879022854478
172941
0.870665228545
172961
0.871737989739
172981
0.872399720149
173001
0.875354186101
173021
0.883251224347
173041
0.880509561567
173061
0.875609258396
173081
0.871688432836
173101
0.862373192631
173121
0.853983500466
173141
0.856888409515
173161
0.847944846082
173181
0.845440764925
173201
0.835227670243
173221
0.831289354011
173241
0.821246793377
173261
0.830696128731
173281
0.829256063433
173301
0.826826317631
173321
0.82919921875
173341
0.831786380597
173361
0.820631704757
173381
0.81319088153
173401
0.814155783582
173421
0.814336520522
173441
0.81056873834
173461
0.813558185634
173481
0.812029209422
173501
0.806349113806
173521
0.815253323228
173541
0.83113776819
173561
0.830124766791
173581
0.831222306437
173601
0.835587686567
173621
0.834974055504
173641
0.834684001866
173661
0.846391091418
173681
0.839852495336
173701
0.830506646455
173721
0.82068126166
173741
0.825179279384
173761
0.837677821828
173781
0.852146979944
173801
0.851658698694
173821
0.861030783582
173841
0.856191697761
173861
0.873288829291
173881
0.885736357276
173901
0.891572411381
173921
0.883790520056
173941
0.864824801772
173961
0.860880655317
173981
0.865200851213
174001
0.862151644123
174021
0.86570808069
174041
0.866018540112
174061
0.872122784515
174081
0.8771484375
174101
0.890703708022
174121
0.907281949627
174141
0.912932894123
174161
0.921493120336
174181
0.925548041045
174201
0.924860074627
174221
0.916355235541
174241
0.910546875
174261
0.909204465951
174281
0.909950734608
174301
0.906650827892
174321
0.901941464552
174341
0.892700559701
174361
0.8919921875
174381
0.887997026586
174401
0.892935226213
174421
0.899986881996
174441
0.90567135028
174461
0.905118936567
174481
0.900263817631
174501
0.904381413246
174521
0.895767257463
174541
0.885686800373
174561
0.884854535914
174581
0.880244286381
174601
0.869270347481
174621
0.869203299907
174641
0.87049323694
174661
0.872682486007
174681
0.870354769123
174701
0.888699568563
174721
0.897096548507
174741
0.900660272854
174761
0.885025069963
174781
0.873119752799
174801
0.856309759795
174821
0.855136427239
174841
0.850718575093
174861
0.852116371269
174881
0.847771396922
174901
0.836654617537
174921
0.831420534049
174941
0.83681640625
174961
0.849753673041
174981
0.852161555504
175001
0.854898845616
175021
0.858493178638
175041
0.854384328358
175061
0.852184876399
175081
0.864244694496
175101
0.866043318563
175121
0.86857655084
175141
0.87167239972
175161
0.880738397854
175181
0.890037604944
175201
0.879684584888
175221
0.876992479011
175241
0.882793551772
175261
0.886325209888
175281
0.885688257929
175301
0.879034514925
175321
0.868965718284
175341
0.87293464319
175361
0.869984549907
175381
0.876633920243
175401
0.879244402985
175421
0.863743295243
175441
0.852555095616
175461
0.847915694963
175481
0.846480002332
175501
0.857502040578
175521
0.837567047575
175541
0.826617887127
175561
0.826778218284
175581
0.828552063899
175601
0.83976795709
175621
0.840203766325
175641
0.846095207556
175661
0.853734258396
175681
0.854390158582
175701
0.872912779851
175721
0.88508045709
175741
0.885345732276
175761
0.877865555037
175781
0.87306873834
175801
0.88545650653
175821
0.894263059701
175841
0.897172341418
175861
0.895714785448
175881
0.88575676306
175901
0.879183185634
175921
0.874246443563
175941
0.874463619403
175961
0.868894298041
175981
0.861909689832
176001
0.848559934701
176021
0.84298332556
176041
0.853272213153
176061
0.874011777052
176081
0.889598880597
176101
0.907364544465
176121
0.912953299907
176141
0.931108131219
176161
0.951161672108
176181
0.973467136971
176201
0.988536322295
176221
0.981819418532
176241
0.963578105566
176261
0.937840582245
176281
0.923865049751
176301
0.924257132307
176321
0.909581972948
176341
0.901378847948
176361
0.886189657183
176381
0.869754256063
176401
0.859700034981
176421
0.860482742537
176441
0.872733500466
176461
0.86231197528
176481
0.848580340485
176501
0.850169076493
176521
0.846697178172
176541
0.854538829291
176561
0.850838094683
176581
0.85489738806
176601
0.856301014459
176621
0.854511135728
176641
0.865303365983
176661
0.877005111163
176681
0.861742070896
176701
0.85722899176
176721
0.856494869403
176741
0.876362814832
176761
0.888290481188
176781
0.895245938277
176801
0.914930231654
176821
0.929463036381
176841
0.944271805037
176861
0.970722073228
176881
0.988571303638
176901
0.995277518657
176921
1.0
176941
1.0
176961
0.115816425684
176981
0.112960101835
177001
0.113275905628
177021
0.112732723103
177041
0.113116546175
177061
1.0
177081
1.0
177101
1.0
