115960
0.0850541819292
115980
0.0840840583028
116000
0.0831439827534
116020
0.0823622557998
116040
0.0841403388278
116060
0.0832913614164
116080
0.0827042315324
116100
0.0805312309219
116120
0.0803104014042
116140
0.0800647702991
116160
0.0843363667582
116180
0.0880041399573
116200
0.0855258890415
116220
0.0851281097375
116240
0.0794151594933
116260
0.08584878663
116280
0.0839452648046
116300
0.0859885340354
116320
0.0887863438645
116340
0.0869238400488
116360
0.203939159799
116380
0.296835412851
116400
0.250330528846
116420
0.176096993284
116440
0.129298782814
116460
0.112070264805
116480
0.0884467528999
116500
0.0916080013736
116520
0.157013602717
116540
0.155302293193
116560
0.155395776099
116580
0.157750972985
116600
0.159142246642
116620
0.158210756258
116640
0.1550185058
116660
0.150830376221
116680
0.150074404762
116700
0.151489049145
116720
0.162728937729
116740
0.170430784493
116760
0.177757268773
116780
0.178523256258
116800
0.175022416819
116820
0.171722374847
116840
0.169895165598
116860
0.0605382898352
116880
0.0435506333944
116900
0.0519054296398
116920
0.0597303304335
116940
0.0864540407509
116960
0.0988076159951
116980
0.0821605044261
117000
0.0836562309219
117020
0.0852907509158
117040
0.0918922657204
117060
0.103696867369
117080
0.0996136675824
117100
0.100478861416
117120
0.097855139652
117140
0.102401461386
117160
0.149151976496
117180
0.159601552961
117200
0.0737642132173
117220
0.0686584249084
117240
0.0657127594628
117260
0.0676525297619
117280
0.21515233898
117300
0.19948489011
117320
0.198707455739
117340
0.203499885531
117360
0.188952323718
117380
0.189786992521
117400
0.192325816545
117420
0.192585279304
117440
0.112941182082
117460
0.11112160409
117480
0.201307329823
117500
0.204722794567
117520
0.220128872863
117540
0.253350599054
117560
0.240918803419
117580
0.241208791209
117600
0.0867826617827
117620
0.0880413423382
117640
0.0794919490232
117660
0.242077323718
117680
0.244307558761
117700
0.243325511294
117720
0.249069463523
117740
0.114698756105
117760
0.252662355006
117780
0.291253624847
117800
0.272629540598
117820
0.0636341956654
117840
0.0510931776557
117860
0.0571399954212
117880
0.0764723557692
117900
0.075977754884
117920
0.0762615422772
117940
0.0767275259463
117960
0.0760865003053
117980
0.0746751945971
118000
0.0728885264042
118020
0.0716265071734
118040
0.0727773962149
118060
0.077839781746
118080
0.0786801739927
118100
0.0760850694444
118120
0.0778545673077
118140
0.0791862217643
118160
0.0782785790598
118180
0.0754826770452
118200
0.0757807730464
118220
0.0780157776252
118240
0.0734675480769
118260
0.0688811622405
118280
0.0687900641026
118300
0.0751325931013
118320
0.0757731417888
118340
0.999447687729
118360
0.997714915293
118380
0.996731913919
118400
0.99255952381
118420
0.989507497711
118440
0.987190934066
118460
0.984173248626
118480
0.980794986264
118500
0.978103537088
118520
0.973803800366
118540
0.971294070513
118560
0.967655391484
118580
0.964083962912
118600
0.959744162088
118620
0.958105826465
118640
0.95633871337
118660
0.952531192766
118680
0.950688244048
118700
0.950062957875
118720
0.95101161859
118740
0.952169184982
118760
0.953043440934
118780
0.952438186813
118800
0.953252346612
118820
0.952519745879
118840
0.954500057234
118860
0.955159684066
118880
0.957207245879
118900
0.958175938645
118920
0.959150354853
118940
0.960857371795
118960
0.964870936355
118980
0.964809409341
119000
0.965550595238
119020
0.964996852106
119040
0.964155505952
119060
0.965780963828
119080
0.967058722527
119100
0.966510702839
119120
0.967217548077
119140
0.967410714286
119160
0.967802770147
119180
0.967967319139
119200
0.966789720696
119220
0.966788289835
119240
0.966384787088
119260
0.965570627289
119280
0.965490499084
119300
0.965051224817
119320
0.965612122253
119340
0.965639308608
119360
0.965687957875
119380
0.965165693681
119400
0.964355826465
119420
0.963820684524
119440
0.961820341117
119460
0.960317937271
119480
0.958420615842
119500
0.958244619963
119520
0.957118532509
119540
0.955889423077
119560
0.954554429945
119580
0.952173477564
119600
0.951143257784
119620
0.950502232143
119640
0.948208562271
119660
0.94802970467
119680
0.947279933608
119700
0.947888049451
119720
0.946046531593
119740
0.947776442308
119760
0.949668040293
119780
0.951407967033
119800
0.953638679029
119820
0.954113724817
119840
0.956401671245
119860
0.956162717491
119880
0.957663690476
119900
0.956184180403
119920
0.954955070971
119940
0.954573031136
119960
0.953641540751
119980
0.95305345696
120000
0.954826293498
120020
0.954787660256
120040
0.953926282051
120060
0.95230797848
120080
0.950482200092
120100
0.948049736722
120120
0.948046875
120140
0.946454326923
120160
0.945285313645
120180
0.94543698489
120200
0.945877690018
120220
0.948798076923
120240
0.949921302656
120260
0.951001602564
120280
0.95081702152
120300
0.949772493132
120320
0.950180288462
120340
0.950937213828
120360
0.954319768773
120380
0.958585164835
120400
0.961773122711
120420
0.962097928114
120440
0.965012591575
120460
0.966154418498
120480
0.96883871337
120500
0.968948889652
120520
0.96961996337
120540
0.969120592949
120560
0.969014709249
120580
0.972424450549
120600
0.9721597413
120620
0.970980711996
120640
0.969340945513
120660
0.966303228022
120680
0.964929601648
120700
0.966374771062
120720
0.965304487179
120740
0.966545043498
120760
0.96507411859
120780
0.963822115385
120800
0.962724645147
120820
0.961951980311
120840
0.963471554487
120860
0.961672962454
120880
0.963830700549
120900
0.963886504121
120920
0.966680975275
120940
0.965921188187
120960
0.963049450549
120980
0.960824461996
121000
0.958766884158
121020
0.958729681777
121040
0.958349072802
121060
0.958792639652
121080
0.960927483974
121100
0.962087912088
121120
0.961650068681
121140
0.962384100275
121160
0.958812671703
121180
0.958675309066
121200
0.955626144689
121220
0.956066849817
121240
0.958954326923
121260
0.962158024267
121280
0.964178399725
121300
0.961745936355
121320
0.960638450092
121340
0.958779761905
121360
0.955647607601
121380
0.953189388736
121400
0.949457703755
121420
0.948725103022
121440
0.947126831502
121460
0.946870707418
121480
0.944200721154
121500
0.946259729853
121520
0.945019173535
121540
0.944090544872
121560
0.94566735348
121580
0.947680574634
121600
0.947928113553
121620
0.951488095238
121640
0.956059695513
121660
0.95838055174
121680
0.958891369048
121700
0.960276442308
121720
0.96440018315
121740
0.969722985348
121760
0.971701865842
121780
0.969299450549
121800
0.968130437271
121820
0.966165865385
121840
0.961272321429
121860
0.963720524267
121880
0.965888278388
121900
0.963055173993
121920
0.963219722985
121940
0.961813186813
121960
0.965835336538
121980
0.96463055174
122000
0.961678685897
122020
0.962468521062
122040
0.965281593407
122060
0.965872538919
122080
0.966161572802
122100
0.96876717033
122120
0.973075492216
122140
0.968410885989
122160
0.966416266026
122180
0.965230082418
122200
0.962332589286
122220
0.96741786859
122240
0.965702266484
122260
0.963648981227
122280
0.96219808837
122300
0.959439388736
122320
0.959506639194
122340
0.961564217033
122360
0.960449576465
122380
0.955767799908
122400
0.950170272436
122420
0.951662660256
122440
0.954415636447
122460
0.957589285714
122480
0.958658138736
122500
0.957313129579
122520
0.957570684524
122540
0.962160885989
122560
0.963278388278
122580
0.96079584478
122600
0.955254120879
122620
0.953914835165
122640
0.95603680174
122660
0.958785485348
122680
0.960963255495
122700
0.96203783196
122720
0.964048191392
122740
0.963448660714
122760
0.964716403388
122780
0.963119562729
122800
0.964895260989
122820
0.960861664377
122840
0.961422561813
122860
0.963110977564
122880
0.969432520604
122900
0.970213770604
122920
0.97066735348
122940
0.970266712454
122960
0.971605998168
122980
0.97425452152
123000
0.970278159341
123020
0.971424278846
123040
0.968860176282
123060
0.969760187729
123080
0.968556833791
123100
0.971162431319
123120
0.975091575092
123140
0.971770547161
123160
0.969432520604
123180
0.969805975275
123200
0.972191220238
123220
0.97015224359
123240
0.966799736722
123260
0.9625
123280
0.960691391941
123300
0.95800709707
123320
0.954072229853
123340
0.951187614469
123360
0.94753176511
123380
0.945505666209
123400
0.94547275641
123420
0.949685210623
123440
0.947722069597
123460
0.945833333333
123480
0.941516426282
123500
0.943898809524
123520
0.94909426511
123540
0.949719551282
123560
0.949878376832
123580
0.949443395147
123600
0.951231971154
123620
0.952482543498
123640
0.951695570055
123660
0.949354681777
123680
0.94375
123700
0.941632326007
123720
0.940169986264
123740
0.943180517399
123760
0.947835107601
123780
0.944485462454
123800
0.944054773352
123820
0.945000572344
123840
0.947032394689
123860
0.951870135073
123880
0.956417410714
123900
0.958512190934
123920
0.959518086081
123940
0.960750057234
123960
0.961605711996
123980
0.961601419414
124000
0.961421130952
124020
0.962944997711
124040
0.963183951465
124060
0.963800652473
124080
0.961147836538
124100
0.960452438187
124120
0.9614340087
124140
0.959433665293
124160
0.958032852564
124180
0.96024496337
124200
0.961775984432
124220
0.960177235958
124240
0.961803647741
124260
0.947321905525
124280
0.932876411783
124300
0.919383394383
124320
0.919464476496
124340
0.920560992827
124360
0.918243475275
124380
0.908526499542
124400
0.893765262515
124420
0.888000324328
124440
0.888448183761
124460
0.888200167888
124480
0.888361378205
124500
0.891693853022
124520
0.891206883394
124540
0.895748912546
124560
0.899648485195
124580
0.919241739164
124600
0.933808856074
124620
0.940389861874
124640
0.941005608974
124660
0.936022397741
124680
0.936629082723
124700
0.93454718025
124720
0.942357772436
124740
0.954812461844
124760
0.954590201465
124780
0.951791437729
124800
0.951469494048
124820
0.950158825549
124840
0.946550194597
124860
0.935442422161
124880
0.935588369963
124900
0.937724645147
124920
0.935873111264
124940
0.938534512363
124960
0.932522035256
124980
0.934681204212
125000
0.944363839286
125020
0.948013965201
125040
0.950070112179
125060
0.948317307692
125080
0.95637448489
125100
0.957928399725
125120
0.963528788919
125140
0.967067307692
125160
0.974582188645
125180
0.974725274725
125200
0.980693395147
125220
0.983970066392
125240
0.98918698489
125260
0.994834592491
125280
0.994360977564
125300
0.99488610348
125320
0.994167811355
125340
1.0
125360
1.0
125380
0.376504788614
125400
0.376905906593
125420
0.376616395757
125440
0.123818585928
125460
0.067295291514
125480
0.253317212302
125500
0.978378739316
125520
0.978538995726
125540
1.0
