142606
0.837809284979
142626
0.963669945988
142646
0.719992444702
142666
0.720705375514
142686
0.720750707305
142706
0.720628858025
142726
0.720595582562
142746
0.726272665895
142766
0.998894675926
142786
0.788926986883
142806
0.756130883488
142826
0.756147119342
142846
0.756207561728
142866
0.756145672582
142886
0.756144868827
142906
0.756179430298
142926
0.756189557613
142946
0.791969200103
142966
1.0
142986
0.787033661265
143006
0.718566422325
143026
0.71798273534
143046
0.715918049126
143066
0.713636349023
143086
0.713675893776
143106
0.713836966307
143126
0.713704507459
143146
0.713852559156
143166
0.714052051183
143186
0.714280478395
143206
0.719155414095
143226
0.769731385031
143246
0.883601948302
143266
1.0
143286
1.0
143306
1.0
143326
1.0
143346
0.999185635288
143366
0.996505915638
143386
0.996502057613
143406
0.996506397891
143426
0.996527777778
143446
0.996473926183
143466
0.996530832047
143486
0.995769675926
143506
0.992912165638
143526
0.989982960391
143546
0.988723636831
143566
0.988894032922
143586
0.988840824331
143606
0.990514885545
143626
0.99240628215
143646
0.992317869084
143666
0.989559220679
143686
0.986755240484
143706
0.986851691101
143726
0.986793177726
143746
0.988154256687
143766
0.990527584877
143786
0.994556487912
143806
0.989148180298
143826
0.989119566615
143846
0.989191100823
143866
0.98920621142
143886
0.98924221965
143906
0.990424382716
143926
0.994630433385
143946
0.992567997685
143966
0.987682934671
143986
0.982812982253
144006
0.977590985082
144026
0.973593589249
144046
0.968357445988
144066
0.968543434928
144086
0.963010063014
144106
0.957947370113
144126
0.953986625514
144146
0.947988683128
144166
0.941922582305
144186
0.937005529835
144206
0.934929108796
144226
0.933875868056
144246
0.935133584105
144266
0.936431166409
144286
0.937412390689
144306
0.936931584362
144326
0.937691615226
144346
0.936709747942
144366
0.937192322531
144386
0.935838959619
144406
0.936476337449
144426
0.936460262346
144446
0.935253986626
144466
0.93492653678
144486
0.935646219136
144506
0.935691872428
144526
0.934124389146
144546
0.934974440586
144566
0.934578350051
144586
0.93751720036
144606
0.938583461934
144626
0.939686213992
144646
0.944041441615
144666
0.94674061214
144686
0.945641075103
144706
0.948901427469
144726
0.948915091307
144746
0.948942097479
144766
0.948190104167
144786
0.945035525977
144806
0.942166441615
144826
0.942749164095
144846
0.941299029064
144866
0.939297035751
144886
0.940897312243
144906
0.937641621656
144926
0.936474408436
144946
0.934266332305
144966
0.937087995113
144986
0.937595646862
145006
0.941912937243
145026
0.94423595036
145046
0.947572498714
145066
0.950319412294
145086
0.948674286265
145106
0.950779320988
145126
0.952161136831
145146
0.95344216178
145166
0.949030671296
145186
0.950755047582
145206
0.954475469393
145226
0.949662583591
145246
0.950621463477
145266
0.946252411265
145286
0.94615467464
145306
0.942464795525
145326
0.944801472479
145346
0.944031635802
145366
0.942586805556
145386
0.941617316101
145406
0.94182195216
145426
0.94437194573
145446
0.945905992798
145466
0.941226369599
145486
0.942640174897
145506
0.94202964249
145526
0.942473797582
145546
0.938351176698
145566
0.939742798354
145586
0.93650784465
145606
0.939299125514
145626
0.94192965535
145646
0.943437178498
145666
0.941669238683
145686
0.940916763117
145706
0.939841981739
145726
0.936519257973
145746
0.932212094907
145766
0.927550797325
145786
0.931590470679
145806
0.934704057356
145826
0.936080407665
145846
0.938165187757
145866
0.939386734825
145886
0.936679526749
145906
0.930204796811
145926
0.934275977366
145946
0.936636123971
145966
0.93735773534
145986
0.942998649691
146006
0.948710294496
146026
0.95090936857
146046
0.947063721708
146066
0.946343074846
146086
0.945005787037
146106
0.94563432356
146126
0.940849247685
146146
0.942568640689
146166
0.940897151492
146186
0.940187114198
146206
0.938370788323
146226
0.93699524177
146246
0.93306568287
146266
0.930261381173
146286
0.930484503601
146306
0.930461676955
146326
0.932667984825
146346
0.9318047518
146366
0.931947820216
146386
0.928896604938
146406
0.930643164866
146426
0.932651266718
146446
0.930895222479
146466
0.930513278035
146486
0.931206436471
146506
0.932872620885
146526
0.934244791667
146546
0.936581790123
146566
0.934908693416
146586
0.93308127572
146606
0.934119084362
146626
0.938538773148
146646
0.93951726466
146666
0.939546039095
146686
0.939672550154
146706
0.936595614712
146726
0.935962255658
146746
0.934080343364
146766
0.931101948302
146786
0.93190940072
146806
0.930044045782
146826
0.931380208333
146846
0.930625
146866
0.926132973251
146886
0.926574074074
146906
0.926331340021
146926
0.928525591564
146946
0.9321484375
146966
0.932767489712
146986
0.938087384259
147006
0.93923273534
147026
0.941464602623
147046
0.941702996399
147066
0.940498328189
147086
0.942024819959
147106
0.946469907407
147126
0.951004050926
147146
0.946037969393
147166
0.947419624486
147186
0.942656410751
147206
0.940720807613
147226
0.938809960134
147246
0.9363750643
147266
0.939670138889
147286
0.938717528292
147306
0.938472865226
147326
0.938984696502
147346
0.939185796039
147366
0.937697563014
147386
0.936530510545
147406
0.937168531379
147426
0.938714313272
147446
0.939332561728
147466
0.943549543467
147486
0.94678755144
147506
0.942792888374
147526
0.939837802212
147546
0.940006590792
147566
0.940911940586
147586
0.93838750643
147606
0.939146251286
147626
0.933527842078
147646
0.93670154964
147666
0.939003022119
147686
0.937893197016
147706
0.938518197016
147726
0.934400880916
147746
0.933416602366
147766
0.936480356224
147786
0.937727944959
147806
0.940835423097
147826
0.936948784722
147846
0.942225276492
147866
0.944695859053
147886
0.946085551698
147906
0.944496688529
147926
0.944074074074
147946
0.94636879501
147966
0.949994212963
147986
0.951037969393
148006
0.948407118056
148026
0.943606449331
148046
0.942872138632
148066
0.941305137603
148086
0.943874742798
148106
0.944138213735
148126
0.943240258488
148146
0.945492058899
148166
0.942689364712
148186
0.943108603395
148206
0.939156378601
148226
0.939425958076
148246
0.938561760545
148266
0.942006976595
148286
0.949152842078
148306
0.949123746142
148326
0.946397247942
148346
0.946407375257
148366
0.947265142747
148386
0.947145222479
148406
0.942483603395
148426
0.946697852366
148446
0.943127250514
148466
0.943716403035
148486
0.942209844393
148506
0.942602559156
148526
0.93686873071
148546
0.931606385031
148566
0.935149819959
148586
0.936059670782
148606
0.933246688529
148626
0.927184606481
148646
0.922545492541
148666
0.924428208591
148686
0.9191327482
148706
0.921838509516
148726
0.923753536523
148746
0.925005304784
148766
0.924200585134
148786
0.9310235018
148806
0.931024627058
148826
0.933202964249
148846
0.933601466049
148866
0.933812371399
148886
0.936227655607
148906
0.942523308899
148926
0.944699877829
148946
0.947455150463
148966
0.949146090535
148986
0.948697273663
149006
0.949198334619
149026
0.950268614969
149046
0.949925733025
149066
0.950501864712
149086
0.947453542953
149106
0.950171521348
149126
0.952093942901
149146
0.952885802469
149166
0.952948977623
149186
0.954734278549
149206
0.953138663837
149226
0.949560667438
149246
0.949185153035
149266
0.949285300926
149286
0.947691132973
149306
0.946250964506
149326
0.94679060571
149346
0.947849472737
149366
0.947153581533
149386
0.943296199846
149406
0.943985178755
149426
0.942112911523
149446
0.942665252058
149466
0.942663323045
149486
0.940364904835
149506
0.938644547325
149526
0.939175507973
149546
0.942669270833
149566
0.94132973251
149586
0.940536426183
149606
0.940682709619
149626
0.940837834362
149646
0.944065875772
149666
0.943318865741
149686
0.944668852881
149706
0.944963831019
149726
0.948090277778
149746
0.952791923868
149766
0.952570087449
149786
0.949982960391
149806
0.946815039866
149826
0.943511445473
149846
0.940175218621
149866
0.934427726337
149886
0.930641557356
149906
0.930605388374
149926
0.930745563272
149946
0.929783789866
149966
0.928555009002
149986
0.926627604167
150006
0.930376961163
150026
0.928288966049
150046
0.927761702675
150066
0.934638953189
150086
0.940896669239
150106
0.939592817644
150126
0.945341435185
150146
0.943196694959
150166
0.941191486626
150186
0.935504115226
150206
0.93227961034
150226
0.925775462963
150246
0.920023951903
150266
0.914833622685
150286
0.907850115741
150306
0.904087737912
150326
0.892763953189
150346
0.885452192644
150366
0.887897698045
150386
0.886332947531
150406
0.891960841049
150426
0.89722495499
150446
0.906013535237
150466
0.914491383745
150486
0.926697530864
150506
0.932800765175
150526
0.93842496142
150546
0.948311953447
150566
0.951424254115
150586
0.966888181584
150606
0.973552276235
150626
0.980792663323
150646
0.991057902521
150666
0.989789737654
150686
0.981483571245
150706
0.967598218879
150726
0.953111175412
150746
0.953539737654
150766
0.956579539609
150786
0.958339281121
150806
0.958567065329
150826
0.952756719393
150846
0.950440457819
150866
0.94899369856
150886
0.947098604681
150906
0.943339924126
150926
0.944972672325
150946
0.952961355453
150966
0.96427662037
150986
0.968007973251
151006
0.963243152006
151026
0.961095036008
151046
0.960166859568
151066
0.962143132716
151086
0.960477430556
151106
0.955433063272
151126
0.954081147119
151146
0.952233957047
151166
0.949898887603
151186
0.951444347994
151206
0.946098733282
151226
0.947679076646
151246
0.953184477881
151266
0.947757201646
151286
0.948032085905
151306
0.950457979681
151326
0.946084747942
151346
0.94882346322
151366
0.952500482253
151386
0.949886027521
151406
0.949405381944
151426
0.953223701132
151446
0.94766718107
151466
0.949120209619
151486
0.94551408179
151506
0.950982992541
151526
0.95820151749
151546
0.953088348765
151566
0.95538596322
151586
0.958209876543
151606
0.947871334877
151626
0.942631494342
151646
0.942786297582
151666
0.943059895833
151686
0.937558191872
151706
0.936874356996
151726
0.944756783693
151746
0.946804108796
151766
0.946450456533
151786
0.946447241512
151806
0.950639306842
151826
0.95055941358
151846
0.955949395576
151866
0.967170460391
151886
0.976052597737
151906
0.985054012346
151926
0.987082368827
151946
0.995044528035
151966
1.0
151986
1.0
152006
0.967998971193
152026
0.955196759259
152046
0.955240322788
152066
0.963132233796
152086
1.0
