135517
0.137142288773
135537
0.134518590856
135557
0.128259186921
135577
0.115270905671
135597
0.107947771991
135617
0.105606553819
135637
0.10626880787
135657
0.106845703125
135677
0.107357855903
135697
0.085498046875
135717
0.0860597511574
135737
0.0862384259259
135757
0.10796802662
135777
0.10697301794
135797
0.109228877315
135817
0.107115523727
135837
0.108061704282
135857
0.107596571181
135877
0.107765480324
135897
0.108614366319
135917
0.103707320602
135937
0.0977712673611
135957
0.0978851996528
135977
0.0861863425926
135997
0.0990491174769
136017
0.136437355324
136037
0.140103804977
136057
0.143219762731
136077
0.144346426505
136097
0.143122106481
136117
0.143542751736
136137
0.104086009838
136157
0.113470413773
136177
0.119403211806
136197
0.115005425347
136217
0.117719545718
136237
0.116721643519
136257
0.213232783565
136277
0.213325376157
136297
0.205908564815
136317
0.208314887153
136337
0.205222439236
136357
0.206214916088
136377
0.305335286458
136397
0.645771122685
136417
1.0
136437
1.0
136457
1.0
136477
0.988421585648
136497
0.988744936343
136517
0.988746383102
136537
0.988746383102
136557
0.988746383102
136577
0.992527488426
136597
1.0
136617
1.0
136637
1.0
136657
1.0
136677
1.0
136697
0.629400679977
136717
0.622664568866
136737
0.628782552083
136757
0.607913773148
136777
0.627120949074
136797
0.630223162616
136817
0.622188946759
136837
0.619583695023
136857
0.619040798611
136877
0.622448640046
136897
0.630575086806
136917
0.625939670139
136937
0.625133101852
136957
0.623296802662
136977
0.625025679977
136997
0.62517650463
137017
0.636417462384
137037
0.642178457755
137057
0.639781901042
137077
0.636527416088
137097
0.63654333044
137117
0.643384693287
137137
0.64658239294
137157
0.639183304398
137177
0.642345196759
137197
0.67736255787
137217
0.67996057581
137237
0.686278573495
137257
0.692679036458
137277
0.694067925347
137297
0.707828414352
137317
0.695928819444
137337
0.690932798032
137357
0.693904803241
137377
0.692437427662
137397
0.695226779514
137417
0.69160192419
137437
0.69509801794
137457
0.697133246528
137477
0.697086226852
137497
0.69787109375
137517
0.695582682292
137537
0.696078197338
137557
0.65556676794
137577
0.65945348669
137597
0.651502459491
137617
0.655584490741
137637
0.647409577546
137657
0.655911096644
137677
0.660867693866
137697
0.662913049769
137717
0.661498119213
137737
0.660679253472
137757
0.6612890625
137777
0.660455367477
137797
0.662233796296
137817
0.663186125579
137837
0.665759910301
137857
0.664291811343
137877
0.665108506944
137897
0.665152271412
137917
0.653228804977
137937
0.659176070602
137957
0.678397352431
137977
0.649420572917
137997
0.650383752894
138017
0.639664351852
138037
0.636248191551
138057
0.634495081019
138077
0.648777126736
138097
0.647406684028
138117
0.657112991898
138137
0.66150390625
138157
0.654145688657
138177
0.645828631366
138197
0.647963324653
138217
0.644914641204
138237
0.643935185185
138257
0.646959997106
138277
0.676873914931
138297
0.671266999421
138317
0.676994357639
138337
0.643888165509
138357
0.64281177662
138377
0.63478479456
138397
0.595630063657
138417
0.618742766204
138437
0.622842520255
138457
0.630533492477
138477
0.976963252315
138497
0.9999609375
138517
0.997339048032
138537
0.990380859375
138557
0.981793619792
138577
0.971131004051
138597
0.959501953125
138617
0.954639395255
138637
0.947941984954
138657
0.940413411458
138677
0.930692997685
138697
0.915730613426
138717
0.906472439236
138737
0.902920283565
138757
0.900209056713
138777
0.903870804398
138797
0.907769097222
138817
0.903736617477
138837
0.907277560764
138857
0.906927806713
138877
0.908707682292
138897
0.916332465278
138917
0.917526041667
138937
0.911691623264
138957
0.897237774884
138977
0.892961516204
138997
0.890451027199
139017
0.898603153935
139037
0.89265552662
139057
0.880603660301
139077
0.879873770255
139097
0.885257884838
139117
0.881969762731
139137
0.87056676794
139157
0.864416594329
139177
0.884783709491
139197
0.892483723958
139217
0.887154224537
139237
0.882067057292
139257
0.878679108796
139277
0.887974537037
139297
0.891304976852
139317
0.89048755787
139337
0.89636682581
139357
0.881890914352
139377
0.880812355324
139397
0.897329644097
139417
0.88960973669
139437
0.888198061343
139457
0.891943359375
139477
0.889713903356
139497
0.898111617477
139517
0.899222366898
139537
0.885448133681
139557
0.870479239005
139577
0.883961950231
139597
0.886623987269
139617
0.88874927662
139637
0.893140552662
139657
0.885003616898
139677
0.88669921875
139697
0.894819516782
139717
0.899102647569
139737
0.895849971065
139757
0.890953414352
139777
0.887052228009
139797
0.898091001157
139817
0.901107855903
139837
0.898821976273
139857
0.899099754051
139877
0.898491753472
139897
0.899290002894
139917
0.898676576968
139937
0.894744646991
139957
0.891201171875
139977
0.894197771991
139997
0.89523401331
140017
0.900544704861
140037
0.898054832176
140057
0.899045500579
140077
0.910428602431
140097
0.900923755787
140117
0.899806134259
140137
0.893123914931
140157
0.894991681134
140177
0.896005497685
140197
0.890123336227
140217
0.881717303241
140237
0.884187282986
140257
0.88015697338
140277
0.881380570023
140297
0.896338614005
140317
0.885625
140337
0.893721788194
140357
0.88242223669
140377
0.87324146412
140397
0.875797887731
140417
0.88322301794
140437
0.880603298611
140457
0.884754050926
140477
0.885772569444
140497
0.903911675347
140517
0.899285662616
140537
0.895561342593
140557
0.897293836806
140577
0.900665509259
140597
0.901968677662
140617
0.898565538194
140637
0.901225043403
140657
0.906052517361
140677
0.904739945023
140697
0.901029007523
140717
0.902412471065
140737
0.898204933449
140757
0.902127459491
140777
0.905669487847
140797
0.906057581019
140817
0.903624855324
140837
0.901373336227
140857
0.910149377894
140877
0.909926576968
140897
0.905653573495
140917
0.907904369213
140937
0.912062355324
140957
0.914256727431
140977
0.911352719907
140997
0.913091001157
141017
0.915415943287
141037
0.916082899306
141057
0.919742838542
141077
0.927510127315
141097
0.930748697917
141117
0.93044921875
141137
0.924347873264
141157
0.917612123843
141177
0.916177300347
141197
0.918854890046
141217
0.91148509838
141237
0.918335141782
141257
0.921017071759
141277
0.917218243634
141297
0.921472800926
141317
0.921807725694
141337
0.918224826389
141357
0.912001953125
141377
0.914235026042
141397
0.918564814815
141417
0.913510199653
141437
0.907486617477
141457
0.911826533565
141477
0.907839626736
141497
0.907658420139
141517
0.900763165509
141537
0.89574291088
141557
0.901127025463
141577
0.898615451389
141597
0.910016999421
141617
0.913028428819
141637
0.915778718171
141657
0.913239655671
141677
0.908119212963
141697
0.908655598958
141717
0.915239438657
141737
0.924618778935
141757
0.919443721065
141777
0.926982060185
141797
0.925544704861
141817
0.919295789931
141837
0.914143880208
141857
0.919263599537
141877
0.918627025463
141897
0.917807436343
141917
0.916489438657
141937
0.919010778356
141957
0.911776258681
141977
0.909188729745
141997
0.906975549769
142017
0.910788122106
142037
0.906975188079
142057
0.899598162616
142077
0.904632884838
142097
0.903123914931
142117
0.904088179977
142137
0.90710865162
142157
0.907978153935
142177
0.898475115741
142197
0.900095124421
142217
0.902860604745
142237
0.898953269676
142257
0.890094039352
142277
0.888060257523
142297
0.898454499421
142317
0.898888527199
142337
0.897999855324
142357
0.902381004051
142377
0.888713469329
142397
0.887084418403
142417
0.884950810185
142437
0.883306206597
142457
0.890413049769
142477
0.884622757523
142497
0.888429904514
142517
0.891599754051
142537
0.889147135417
142557
0.882885561343
142577
0.873240740741
142597
0.87574182581
142617
0.88484411169
142637
0.886053240741
142657
0.883929398148
142677
0.875085720486
142697
0.879348234954
142717
0.878580367477
142737
0.884467954282
142757
0.876887297454
142777
0.877097077546
142797
0.880124059606
142817
0.889780815972
142837
0.883057364005
142857
0.887454427083
142877
0.884349681713
142897
0.882799840856
142917
0.881515118634
142937
0.88546802662
142957
0.879711733218
142977
0.880759910301
142997
0.890919053819
143017
0.881773726852
143037
0.880305989583
143057
0.882154947917
143077
0.877747395833
143097
0.877202329282
143117
0.872391131366
143137
0.871252531829
143157
0.864079499421
143177
0.874371383102
143197
0.870828631366
143217
0.870531322338
143237
0.872681568287
143257
0.860916521991
143277
0.852292390046
143297
0.862952473958
143317
0.871637731481
143337
0.870229311343
143357
0.874307002315
143377
0.872548466435
143397
0.874599971065
143417
0.886420355903
143437
0.885889033565
143457
0.886762152778
143477
0.892010271991
143497
0.894188729745
143517
0.889406828704
143537
0.888993055556
143557
0.884352936921
143577
0.897492766204
143597
0.897301793981
143617
0.902194372106
143637
0.913060257523
143657
0.909319299769
143677
0.912520616319
143697
0.909156901042
143717
0.894779730903
143737
0.889096137153
143757
0.879801432292
143777
0.877342303241
143797
0.862510127315
143817
0.847074291088
143837
0.842984664352
143857
0.81240234375
143877
0.798615451389
143897
0.789246961806
143917
0.779354383681
143937
0.782176287616
143957
0.776810980903
143977
0.778107638889
143997
0.782691695602
144017
0.777815755208
144037
0.776238064236
144057
0.772895688657
144077
0.779588035301
144097
0.786995804398
144117
0.779760561343
144137
0.787450086806
144157
0.787305772569
144177
0.785658998843
144197
0.783751446759
144217
0.78615270544
144237
0.811823278356
144257
0.822482638889
144277
0.834260706019
144297
0.846203342014
144317
0.857327835648
144337
0.869562717014
144357
0.888083767361
144377
0.907551359954
144397
0.909455656829
144417
0.922690610532
144437
0.934330873843
144457
0.927645760995
144477
0.922766565394
144497
0.918293185764
144517
0.915051359954
144537
0.920015190972
144557
0.925478515625
144577
0.930962456597
144597
0.935367115162
144617
0.943345992477
144637
0.955103081597
144657
0.958346354167
144677
0.959209346065
144697
0.970576533565
144717
0.977919921875
144737
0.99238353588
144757
0.992810691551
144777
0.992159288194
144797
0.992388599537
144817
0.992205584491
144837
0.98099537037
144857
0.981154152199
144877
0.981243851273
144897
0.988784360532
144917
0.988619791667
144937
0.988683087384
144957
0.989041521991
144977
0.989075520833
144997
0.989064308449
145017
0.989089626736
145037
0.989201027199
145057
0.993634982639
145077
1.0
145097
1.0
