251994
0.190779869003
252014
0.196121369949
252034
0.199857954545
252054
0.202463600852
252074
0.196409406566
252094
0.195803247317
252114
0.186739464962
252134
0.382598445391
252154
0.376123540088
252174
0.429565183081
252194
0.377263356218
252214
0.265769018308
252234
0.241122159091
252254
0.231504991319
252274
0.22640220565
252294
0.116786024306
252314
0.112556719539
252334
0.116974925032
252354
0.118920158617
252374
0.121628886521
252394
0.125529217961
252414
0.126362255366
252434
0.132555042614
252454
0.134713837595
252474
0.136077572601
252494
0.138486919981
252514
0.13772441209
252534
0.143317451862
252554
0.136931324968
252574
0.136176215278
252594
0.141483684501
252614
0.143066899463
252634
0.149012586806
252654
0.146630859375
252674
0.144471077967
252694
0.143992660985
252714
0.139537957702
252734
0.133215948548
252754
0.132733092645
252774
0.127786655619
252794
0.125639697759
252814
0.130877623895
252834
0.126849550189
252854
0.130685763889
252874
0.131687973485
252894
0.115275804924
252914
0.130106238163
252934
0.124406664299
252954
0.130427320076
252974
0.149308514836
252994
0.156335325915
253014
0.140755701547
253034
0.129729916351
253054
0.151923532197
253074
0.155227568655
253094
0.159872159091
253114
0.159504221907
253134
0.163558929135
253154
0.165645221749
253174
0.160553779987
253194
0.153884548611
253214
0.169729028567
253234
0.230940755208
253254
0.226716875789
253274
0.223161300505
253294
0.227628827336
253314
0.226760278567
253334
0.221539121686
253354
0.0707233467487
253374
0.0710868450126
253394
0.0709078085543
253414
0.0707864780619
253434
0.0714789496528
253454
0.0717896740846
253474
0.0721788194444
253494
0.0716283933081
253514
0.0715830176768
253534
0.153153113163
253554
0.165987511837
253574
0.183562677557
253594
0.20579229798
253614
0.246596334438
253634
0.367716717961
253654
0.492001558554
253674
0.555981691919
253694
0.632358250473
253714
0.465122908775
253734
0.263116023516
253754
0.111140210701
253774
0.115719203756
253794
0.138883463542
253814
0.185008285985
253834
0.140428701073
253854
0.365297506313
253874
0.382865767045
253894
0.290770991162
253914
0.223110499527
253934
0.131853693182
253954
0.163110104956
253974
0.250189393939
253994
0.195526554609
254014
0.245455531881
254034
0.200356593277
254054
0.171954900568
254074
0.168247908775
254094
0.190343375158
254114
0.24221807923
254134
0.203731652462
254154
0.221862176452
254174
0.182717309817
254194
0.109185606061
254214
0.132874644886
254234
0.939290857797
254254
0.554144472064
254274
0.542082445549
254294
0.534369081439
254314
0.518498954388
254334
0.513538214173
254354
0.506758996212
254374
0.499779533617
254394
0.49205334596
254414
0.48499595565
254434
0.478779000947
254454
0.634721235795
254474
0.581751104798
254494
0.437166094539
254514
0.420587713068
254534
0.472380050505
254554
0.593555180713
254574
0.382166883681
254594
0.354280598958
254614
0.33925485322
254634
0.326256214489
254654
0.318892045455
254674
0.376605902778
254694
0.448349708018
254714
0.324646859217
254734
0.295537405303
254754
0.279288983586
254774
0.252922289299
254794
0.233996705335
254814
0.220268110795
254834
0.201960029987
254854
0.186543166035
254874
0.178869258996
254894
0.170070332229
254914
0.159518031881
254934
0.153522529987
254954
0.146654040404
254974
0.191727331913
254994
0.566324376578
255014
0.999958570076
255034
0.053112176452
255054
0.054065557923
255074
0.0570499921086
255094
0.0583796953914
255114
0.0625690498737
255134
0.0597508285985
255154
0.0601952138573
255174
0.0643017084912
255194
0.0699682370581
255214
0.0750108506944
255234
0.0760273634785
255254
0.0780623619003
255274
0.0827252012311
255294
0.0851606889205
255314
0.0897288312816
255334
0.0910249960543
255354
0.0901574337121
255374
0.0885145399306
255394
0.0884267479482
255414
0.0865885416667
255434
0.0846763533775
255454
0.0825570154672
255474
0.0817585029987
255494
0.0803592566288
255514
0.0753935842803
255534
0.0718868371212
255554
0.0657877604167
255574
0.0650025647096
255594
0.0784608783144
255614
0.0680984651199
255634
0.0750734887942
255654
0.0844721630366
255674
0.0897727272727
255694
0.0922797309028
255714
0.124560546875
255734
0.122958589804
255754
0.148302359533
255774
0.15104215988
255794
0.17161409012
255814
0.176352884312
255834
0.10586381392
255854
0.10534199416
255874
0.109494850852
255894
0.114542396622
255914
0.118318438289
255934
0.121714212437
255954
0.126147707544
255974
0.126514658302
255994
0.129729916351
256014
0.133228772096
256034
0.132023851799
256054
0.126501834754
256074
0.116505879104
256094
0.0962066958649
256114
0.246278705019
256134
0.245686848958
256154
0.244268367266
256174
0.24401090988
256194
0.242375414299
256214
0.24427181976
256234
0.244782295612
256254
0.243300189394
256274
0.24407502762
256294
0.243765289615
256314
0.243364800347
256334
0.244177616004
256354
0.24375
256374
0.246979561237
256394
0.247571910511
256414
0.247030362216
256434
0.248384726168
256454
0.247076231061
256474
0.248288056345
256494
0.249327750158
256514
0.245561572759
256534
0.24414506392
256554
0.243845683396
256574
0.24371498185
256594
0.243442234848
256614
0.287722932449
256634
0.291044231376
256654
0.289922664141
256674
0.245952197759
256694
0.24475566209
256714
0.238522924558
256734
0.241359394729
256754
0.238805535827
256774
0.239365333018
256794
0.240301945234
256814
0.239780618687
256834
0.237245008681
256854
0.240407986111
256874
0.24078529435
256894
0.239832406092
256914
0.237160669192
256934
0.236457346907
256954
0.235304707229
256974
0.235032946654
256994
0.237385081282
257014
0.236007536301
257034
0.236213206282
257054
0.234742937184
257074
0.233973031092
257094
0.235108408302
257114
0.242247672033
257134
0.289997632576
257154
0.24801333649
257174
0.232309422348
257194
0.323792613636
257214
0.280426826862
257234
0.197838738952
257254
0.114475319602
257274
0.0670528527462
257294
0.0801042653093
257314
0.0652324021465
257334
0.0640915995896
257354
0.0623900134154
257374
0.0625004932134
257394
0.062780145202
257414
0.0623411852904
257434
0.062086193971
257454
0.0623219499684
257474
0.0628960503472
257494
0.0625838462753
257514
0.0624861900253
257534
0.0623628866793
257554
0.0621567234848
257574
0.0626524029356
257594
0.0631031999684
257614
0.0643756904987
257634
0.0644250118371
257654
0.0645976365215
257674
0.064739681976
257694
0.0645828401199
257714
0.0645892518939
257734
0.0649256234217
257754
0.0653660629735
257774
0.0652180989583
257794
0.0656688959912
257814
0.065312795928
257834
0.0651732165404
257854
0.0655480587121
257874
0.064234631471
257894
0.0647643426452
257914
0.064814157197
257934
0.0642435093119
257954
0.0640107125947
257974
0.0643140388258
257994
0.0645261205808
258014
0.0653236466225
258034
0.0660111860795
258054
0.0669551964962
258074
0.0658252446338
258094
0.0659929371843
258114
0.0668383049242
258134
0.0662193221275
258154
0.0662410235164
258174
0.0659391769255
258194
0.0656812263258
258214
0.0667692550505
258234
0.0663914535985
258254
0.0662913312816
258274
0.0668851601957
258294
0.0677152383207
258314
0.0673137626263
258334
0.0669522372159
258354
0.0664649423927
258374
0.0675135140467
258394
0.0664881234217
258414
0.0674972380051
258434
0.0672678937816
258454
0.0675352154356
258474
0.0689704663826
258494
0.0689823035038
258514
0.0692249644886
258534
0.0688003077652
258554
0.0673186947601
258574
0.0676535866477
258594
0.0677255958018
258614
0.067548532197
258634
0.0685763888889
258654
0.0677946456755
258674
0.0685393978851
258694
0.0683292889836
258714
0.0694360598169
258734
0.0696229876894
258754
0.0695041232639
258774
0.0693236071654
258794
0.0696619515467
258814
0.070282907197
258834
0.0703248303346
258854
0.0706759982639
258874
0.0716851128472
258894
0.0720801767677
258914
0.0715317234848
258934
0.0729832504735
258954
0.0741704150884
258974
0.0745102391098
258994
0.0749003708965
259014
0.0755346433081
259034
0.0743963068182
259054
0.0752229324495
259074
0.0769255050505
259094
0.0779252485795
259114
0.132535807292
259134
0.122630109691
259154
0.148942550505
259174
0.132221137153
259194
0.14248046875
259214
0.145658735795
259234
0.144755168876
259254
0.144183534564
259274
0.14394383286
259294
0.143401298138
259314
0.144063683712
259334
0.143326329703
259354
0.143009193497
259374
0.143277994792
259394
0.143614366319
259414
0.144511028251
259434
0.145050603693
259454
0.146537148832
259474
0.146421243687
259494
0.145889066446
259514
0.147500887784
259534
0.149201487532
259554
0.148621961806
259574
0.148305812027
259594
0.148169685133
259614
0.14892430161
259634
0.149320351957
259654
0.149691741635
259674
0.148264382102
259694
0.147904829545
259714
0.147947245896
259734
0.146970190183
259754
0.147139855587
259774
0.148001006155
259794
0.148294468119
259814
0.148713699495
259834
0.150251045612
259854
0.149376085069
259874
0.150508996212
259894
0.151644866635
259914
0.151811572759
259934
0.151401712437
259954
0.150551905777
259974
0.149500868056
259994
0.149677438447
260014
0.149851049558
260034
0.149956597222
260054
0.146476483586
260074
0.145926550663
260094
0.145818536932
260114
0.14397589173
260134
0.143329288984
260154
0.141592684659
260174
0.140188012942
260194
0.139371251578
260214
0.140417357165
260234
0.139138948074
260254
0.137205058396
260274
0.138401594066
260294
0.138737965593
260314
0.137758937027
260334
0.137645497948
260354
0.132689196654
260374
1.0
260394
1.0
260414
0.988948567708
260434
0.988809481534
260454
0.988716264205
260474
0.988247218277
260494
0.988080018939
260514
1.0
260534
0.987004320549
260554
0.986742424242
260574
0.986415423769
260594
0.986088423295
260614
1.0
260634
1.0
260654
0.994279711174
260674
0.994322620739
260694
0.994315222538
260714
0.99403852983
260734
1.0
260754
0.988791725852
260774
0.988457327178
260794
0.988554983428
260814
0.988407019413
260834
0.988075580019
260854
1.0
260874
0.991554214015
260894
0.991678503788
260914
0.991691820549
260934
0.991497987689
260954
0.990895774148
260974
1.0
260994
0.986091382576
