120451
0.0712550080128
120471
0.132388488248
120491
0.138226495726
120511
0.119888488248
120531
0.159489850427
120551
0.145621661325
120571
0.145164596688
120591
0.392110209669
120611
0.512995459402
120631
0.104413227831
120651
0.0977837873932
120671
0.182434061165
120691
0.196020299145
120711
0.200161091079
120731
0.354327256944
120751
0.340031383547
120771
0.129908186432
120791
0.144585336538
120811
0.143445512821
120831
0.132503171741
120851
0.0542775106838
120871
0.0562683627137
120891
0.264859775641
120911
0.262387987447
120931
0.518335169605
120951
0.486752136752
120971
0.45527477297
120991
0.461771000267
121011
0.45457565438
121031
0.301723424145
121051
0.297176315438
121071
0.0875196981838
121091
0.0828016493056
121111
0.0613910590278
121131
0.0546255675748
121151
0.0710119524573
121171
0.065144397703
121191
0.0556719083868
121211
0.0531376869658
121231
0.054308059562
121251
0.053003639156
121271
0.0502931356838
121291
0.0550247061966
121311
0.0568734975962
121331
0.0680502136752
121351
0.0734420072115
121371
0.0757118055556
121391
0.0750225360577
121411
0.0619776642628
121431
0.0903290264423
121451
0.0873868189103
121471
0.0866624933226
121491
0.068530982906
121511
0.108926115118
121531
0.231018129006
121551
0.418859675481
121571
0.118294771635
121591
0.0708426816239
121611
0.0576413928953
121631
0.0525881410256
121651
0.121472021902
121671
0.121905215011
121691
0.116320279113
121711
0.0751086738782
121731
0.0781425280449
121751
0.0865327857906
121771
0.0992828525641
121791
0.106543469551
121811
0.104241286058
121831
0.0960126201923
121851
0.0938736979167
121871
0.104283353365
121891
0.130236211271
121911
0.133875701122
121931
0.111293903579
121951
0.0708024505876
121971
0.0763449853098
121991
0.0776307091346
122011
0.0722654580662
122031
0.0758426816239
122051
0.0766514756944
122071
0.0771085403312
122091
0.12195045406
122111
0.152746394231
122131
0.177081663996
122151
0.170543870192
122171
0.168576555823
122191
0.0925308827457
122211
0.138095285791
122231
0.153882378472
122251
0.158255375267
122271
0.158976362179
122291
0.156611244658
122311
0.156737279647
122331
0.154173510951
122351
0.155238548344
122371
0.242778278579
122391
0.243573884882
122411
0.245574252137
122431
0.248060229701
122451
0.203194277511
122471
0.202116553152
122491
0.201931924412
122511
0.168953826122
122531
0.168730301816
122551
0.169961104434
122571
0.172893462874
122591
0.173262052618
122611
0.192946213942
122631
0.194901676015
122651
0.195550380609
122671
0.197105034722
122691
0.197549412393
122711
0.13187633547
122731
0.136028979701
122751
0.138160890759
122771
0.139445446047
122791
0.145256744124
122811
0.147283153045
122831
0.152940538194
122851
0.202249432425
122871
0.134214576656
122891
0.124399038462
122911
0.123329994658
122931
0.129694845085
122951
0.123425814637
122971
0.108293936966
122991
0.101990017361
123011
0.142290831998
123031
0.132102196848
123051
0.134506543803
123071
0.150980735844
123091
0.153419137286
123111
0.145935663729
123131
0.147488648504
123151
0.150147903312
123171
0.155604967949
123191
0.160905782585
123211
0.385561398237
123231
0.125699786325
123251
0.543678385417
123271
0.570392962073
123291
0.472343583066
123311
0.295481937767
123331
0.169992988782
123351
0.112299011752
123371
0.722875600962
123391
0.253956830929
123411
0.584921207265
123431
0.0995808293269
123451
0.105239216079
123471
0.059410556891
123491
0.211240651709
123511
0.275582932692
123531
0.652905482105
123551
0.794572816506
123571
0.775368589744
123591
0.770246895032
123611
0.760928986378
123631
0.763162893964
123651
0.767817174145
123671
0.774571147169
123691
0.767585970887
123711
0.765405148237
123731
0.75772903312
123751
0.737896467682
123771
0.736953291934
123791
0.733392928686
123811
0.734963107639
123831
0.728828959669
123851
0.747722188835
123871
0.749540932158
123891
0.741781183226
123911
0.738859675481
123931
0.738893229167
123951
0.728442007212
123971
0.700659388355
123991
0.703446681357
124011
0.700416666667
124031
0.696639790331
124051
0.6948308961
124071
0.718291933761
124091
0.713718950321
124111
0.706374031784
124131
0.701009949252
124151
0.697307191506
124171
0.706727931357
124191
0.711063868857
124211
0.712840878739
124231
0.707651408921
124251
0.71576305422
124271
0.705663561699
124291
0.705904947917
124311
0.70535423344
124331
0.717421040331
124351
0.714378839476
124371
0.719411892361
124391
0.694620559562
124411
0.695788928953
124431
0.698624632746
124451
0.696678518964
124471
0.697118723291
124491
0.692594818376
124511
0.697393496261
124531
0.696424612714
124551
0.692389823718
124571
0.691133313301
124591
0.68994274172
124611
0.688543002137
124631
0.69897903312
124651
0.692154447115
124671
0.697213040865
124691
0.705437867254
124711
0.706142828526
124731
0.697435229701
124751
0.697103198451
124771
0.699822382479
124791
0.700948851496
124811
0.697242254274
124831
0.696446481036
124851
0.696304921207
124871
0.697816172543
124891
0.699208233173
124911
0.704755608974
124931
0.699723390759
124951
0.689808526976
124971
0.689089376335
124991
0.695115685096
125011
0.694983974359
125031
0.703468048878
125051
0.702435062767
125071
0.70716663328
125091
0.700713141026
125111
0.689144297543
125131
0.701931924412
125151
0.7052862914
125171
0.713360376603
125191
0.719433927618
125211
0.730259081197
125231
0.739463641827
125251
0.745502971421
125271
0.770472923344
125291
0.771766993857
125311
0.779707365118
125331
0.777709835737
125351
0.772274806357
125371
0.771129306891
125391
0.765112012553
125411
0.762204527244
125431
0.761086571848
125451
0.816950287126
125471
0.82316806891
125491
0.81654029781
125511
0.819657618857
125531
0.812005876068
125551
0.802133079594
125571
0.796371026976
125591
0.729520900107
125611
0.726091746795
125631
0.727120559562
125651
0.727737212874
125671
0.732589476496
125691
0.735121861645
125711
0.716165698451
125731
0.704089209402
125751
0.703345519498
125771
0.703226495726
125791
0.706251168536
125811
0.703784221421
125831
0.718094117254
125851
0.724452624199
125871
0.72648704594
125891
0.73185279781
125911
0.730875734509
125931
0.703748831464
125951
0.695681924412
125971
0.707901809562
125991
0.708516125801
126011
0.713384081197
126031
0.714407051282
126051
0.74163394765
126071
0.741306590545
126091
0.731956463675
126111
0.741449151976
126131
0.756460670406
126151
0.960687767094
126171
0.958121160524
126191
0.954449786325
126211
0.952776275374
126231
0.95021484375
126251
0.936827256944
126271
0.934225761218
126291
0.932613348024
126311
0.924965611645
126331
0.917712339744
126351
0.912921006944
126371
0.898714443109
126391
0.901175046741
126411
0.905725494124
126431
0.895925981571
126451
0.894820546207
126471
0.901006610577
126491
0.898160890759
126511
0.897113882212
126531
0.896533620459
126551
0.894258146368
126571
0.894089376335
126591
0.893047208868
126611
0.901281550481
126631
0.897012720353
126651
0.895405315171
126671
0.905946180556
126691
0.907254106571
126711
0.90569644765
126731
0.912021233974
126751
0.904804520566
126771
0.906406750801
126791
0.911104266827
126811
0.914329760951
126831
0.910874565972
126851
0.911735443376
126871
0.908776876335
126891
0.905954193376
126911
0.907587473291
126931
0.906040998932
126951
0.906025307158
126971
0.904198384081
126991
0.901655982906
127011
0.900931156517
127031
0.897112880609
127051
0.897798978365
127071
0.899169671474
127091
0.899696848291
127111
0.901272869925
127131
0.90165481437
127151
0.904183026175
127171
0.907784955929
127191
0.909749933226
127211
0.913807592147
127231
0.912175313835
127251
0.9144140625
127271
0.914405215011
127291
0.915639523237
127311
0.916872829861
127331
0.912939870459
127351
0.915760550214
127371
0.918273237179
127391
0.914412393162
127411
0.915761384882
127431
0.914934228098
127451
0.917309027778
127471
0.92230735844
127491
0.925728999733
127511
0.918542167468
127531
0.915367254274
127551
0.927191172543
127571
0.92857288328
127591
0.929479834402
127611
0.931171541132
127631
0.930374766293
127651
0.928585069444
127671
0.921598390759
127691
0.918941639957
127711
0.924593015491
127731
0.92473323985
127751
0.925133380075
127771
0.918832966079
127791
0.916111444979
127811
0.916775173611
127831
0.91718883547
127851
0.926195078793
127871
0.930419838408
127891
0.934713040865
127911
0.936864650107
127931
0.934560463408
127951
0.931959635417
127971
0.932919504541
127991
0.931610910791
128011
0.931554821047
128031
0.932575287126
128051
0.924456129808
128071
0.916188568376
128091
0.916870325855
128111
0.913919771635
128131
0.915681423611
128151
0.916426949786
128171
0.913376736111
128191
0.915148571047
128211
0.912666766827
128231
0.911223624466
128251
0.909490017361
128271
0.915755709135
128291
0.913924278846
128311
0.914021935096
128331
0.913491753472
128351
0.91503505609
128371
0.919631243323
128391
0.918004974626
128411
0.915058426816
128431
0.9164191039
128451
0.917238247863
128471
0.919287526709
128491
0.923991720085
128511
0.921100093483
128531
0.913140190972
128551
0.906440304487
128571
0.901913561699
128591
0.883175914797
128611
0.878415130876
128631
0.874668803419
128651
0.870723824786
128671
0.861636952457
128691
0.853300948184
128711
0.854704694177
128731
0.852203358707
128751
0.855444210737
128771
0.871853632479
128791
0.888096454327
128811
0.893196113782
128831
0.899460970887
128851
0.893667534722
128871
0.889116419605
128891
0.888792234241
128911
0.891183059562
128931
0.884157819177
128951
0.88153011485
128971
0.887222055288
128991
0.887629206731
129011
0.885482438568
129031
0.89478916266
129051
0.903548177083
129071
0.900399305556
129091
0.912149606036
129111
0.913194611378
129131
0.91519130609
129151
0.914936565171
129171
0.923049212073
129191
0.917932692308
129211
0.907254440438
129231
0.898621294071
129251
0.898976028312
129271
0.887948384081
129291
0.877845219017
129311
0.867673611111
129331
0.856290731838
129351
0.845840511485
129371
0.845834168002
129391
0.849656951122
129411
0.850648871528
129431
0.853028512286
129451
0.864113748665
129471
0.869371494391
129491
0.866488548344
129511
0.875732004541
129531
0.881695713141
129551
0.885708299947
129571
0.886412593483
129591
0.894630742521
129611
0.891017962073
129631
0.898689736912
129651
0.900819477831
129671
0.909251302083
129691
0.918913595085
129711
0.920158754006
129731
0.930410323184
129751
0.932399338942
129771
0.929590845353
129791
0.922933860844
129811
0.912599993323
129831
0.908718282585
129851
0.904699686165
129871
0.892834368323
129891
0.906251168536
129911
0.91802867922
129931
0.93620960203
129951
0.957684294872
129971
0.974276509081
129991
0.991829927885
130011
1.0
130031
1.0
