127815
0.320113932292
127835
0.10753870081
127855
0.115571469907
127875
0.481650752315
127895
0.539022352431
127915
0.49869140625
127935
0.539196686921
127955
0.264112413194
127975
0.153675853588
127995
0.198189742477
128015
0.25121057581
128035
0.280779803241
128055
0.294168113426
128075
0.391886935764
128095
0.226004050926
128115
0.209602141204
128135
0.180597149884
128155
0.170217737269
128175
0.158245804398
128195
0.160417751736
128215
0.15152307581
128235
0.151567201968
128255
0.151349826389
128275
0.146162832755
128295
0.143381799769
128315
0.144527994792
128335
0.0634226707176
128355
0.0743410011574
128375
0.0559581163194
128395
0.0865122251157
128415
0.0821918402778
128435
0.065259693287
128455
0.0640776909722
128475
0.0630168547454
128495
0.188209635417
128515
0.187039568866
128535
0.185765697338
128555
0.18255787037
128575
0.178382523148
128595
0.174154369213
128615
0.171402633102
128635
0.165553023727
128655
0.161634837963
128675
0.155634765625
128695
0.148518880208
128715
0.145218822338
128735
0.139076967593
128755
0.135674913194
128775
0.133023726852
128795
0.126500289352
128815
0.122706163194
128835
0.120680700231
128855
0.120557002315
128875
0.120030381944
128895
0.118469690394
128915
0.116826533565
128935
0.11490306713
128955
0.999832899306
128975
1.0
128995
1.0
129015
1.0
129035
1.0
129055
1.0
129075
1.0
129095
1.0
129115
0.983853443287
129135
0.983283420139
129155
0.982733289931
129175
0.982355685764
129195
0.99999963831
129215
0.979597800926
129235
0.978119574653
129255
0.976928168403
129275
0.976205512153
129295
0.975382667824
129315
0.975437644676
129335
1.0
129355
0.967779224537
129375
0.966422164352
129395
0.965360604745
129415
0.96339916088
129435
0.96599645544
129455
1.0
129475
0.973810763889
129495
0.973135850694
129515
0.972020037616
129535
0.97138599537
129555
0.969949725116
129575
1.0
129595
0.986944806134
129615
0.983030598958
129635
0.982322048611
129655
0.981685836227
129675
0.981253255208
129695
1.0
129715
0.973079427083
129735
0.972530381944
129755
0.97134729456
129775
0.970006148727
129795
0.96894458912
129815
0.997643590856
129835
0.998257016782
129855
0.976889829282
129875
0.976334273727
129895
0.975419560185
129915
0.974611183449
129935
0.998244357639
129955
0.999066478588
129975
0.994382233796
129995
0.994059606481
130015
0.993810040509
130035
0.993747829861
130055
1.0
130075
0.989812644676
130095
0.989586226852
130115
0.989173900463
130135
0.988610749421
130155
1.0
130175
0.990602575231
130195
0.990475983796
130215
0.990322265625
130235
0.989869068287
130255
0.992371961806
130275
1.0
130295
0.992292390046
130315
0.992058738426
130335
0.991859447338
130355
0.991563946759
130375
1.0
130395
0.993902271412
130415
0.993504774306
130435
0.993185040509
130455
0.99347620081
130475
1.0
130495
0.994020543981
130515
0.993221571181
130535
0.993045428241
130555
0.992672164352
130575
0.99265552662
130595
1.0
130615
0.973958333333
130635
0.97248083044
130655
0.971179108796
130675
0.970537109375
130695
0.97007776331
130715
1.0
130735
0.981920211227
130755
0.979180772569
130775
0.978948929398
130795
0.977901114005
130815
0.976534649884
130835
0.975535300926
130855
1.0
130875
0.983167679398
130895
0.982497106481
130915
0.981901403356
130935
0.981187427662
130955
0.980984881366
130975
1.0
130995
0.988252676505
131015
0.987901837384
131035
0.987517361111
131055
0.986993995949
131075
1.0
131095
0.985413411458
131115
0.983225188079
131135
0.982513382523
131155
0.981352719907
131175
0.982313729745
131195
1.0
131215
0.988462094907
131235
0.987984664352
131255
0.987591507523
131275
0.987079354745
131295
1.0
131315
0.982151692708
131335
0.981126302083
131355
0.980329499421
131375
0.979002097801
131395
0.978046875
131415
1.0
131435
0.989234302662
131455
0.988706958912
131475
0.988546368634
131495
0.987898220486
131515
0.990866247106
131535
1.0
131555
0.987908709491
131575
0.987308304398
131595
0.986795428241
131615
0.986207682292
131635
1.0
131655
0.985632233796
131675
0.984694733796
131695
0.984235026042
131715
0.983918909144
131735
1.0
131755
1.0
131775
1.0
131795
0.995219184028
131815
0.992055121528
131835
0.983486328125
131855
0.983205295139
131875
0.978980034722
131895
0.973510199653
131915
0.968230251736
131935
0.963973524306
131955
0.958023003472
131975
0.951759982639
131995
0.945922309028
132015
0.941100260417
132035
0.934878472222
132055
0.929848090278
132075
0.928621961806
132095
0.928637152778
132115
0.929371744792
132135
0.923926866319
132155
0.927904730903
132175
0.926140407986
132195
0.925541449653
132215
0.924972873264
132235
0.926110026042
132255
0.925317925347
132275
0.927322048611
132295
0.925946180556
132315
0.927814670139
132335
0.928393012153
132355
0.933040364583
132375
0.93287109375
132395
0.931456163194
132415
0.931357421875
132435
0.930315755208
132455
0.931358506944
132475
0.927483723958
132495
0.926279296875
132515
0.924831814236
132535
0.926978081597
132555
0.923700086806
132575
0.922595486111
132595
0.918914930556
132615
0.920266927083
132635
0.921167534722
132655
0.918327907986
132675
0.918317057292
132695
0.914546440972
132715
0.911890190972
132735
0.912757161458
132755
0.916703559028
132775
0.919594184028
132795
0.915779079861
132815
0.911433376736
132835
0.914867621528
132855
0.916000434028
132875
0.918830295139
132895
0.918129340278
132915
0.920259331597
132935
0.915910373264
132955
0.912084418403
132975
0.914869791667
132995
0.916044921875
133015
0.915154079861
133035
0.908259548611
133055
0.911674262153
133075
0.9166796875
133095
0.917784288194
133115
0.918532986111
133135
0.923981119792
133155
0.925690104167
133175
0.9308984375
133195
0.927259114583
133215
0.928393012153
133235
0.934342447917
133255
0.933381076389
133275
0.938827039931
133295
0.934790581597
133315
0.942234157986
133335
0.936082899306
133355
0.932182074653
133375
0.934625651042
133395
0.935236545139
133415
0.933108723958
133435
0.933656684028
133455
0.934665798611
133475
0.934328342014
133495
0.936234809028
133515
0.935398220486
133535
0.937837456597
133555
0.935724826389
133575
0.933804253472
133595
0.932134331597
133615
0.938141276042
133635
0.941112196181
133655
0.944330512153
133675
0.943561197917
133695
0.945042317708
133715
0.944144965278
133735
0.940022786458
133755
0.935213758681
133775
0.933909505208
133795
0.933872612847
133815
0.934084201389
133835
0.929915364583
133855
0.933331163194
133875
0.935497323495
133895
0.930857928241
133915
0.931756727431
133935
0.926491970486
133955
0.921902126736
133975
0.922980685764
133995
0.917497829861
134015
0.920365668403
134035
0.918766276042
134055
0.926133897569
134075
0.923539858218
134095
0.922450086806
134115
0.924207899306
134135
0.926631944444
134155
0.928976779514
134175
0.930314670139
134195
0.937170138889
134215
0.938772786458
134235
0.940582682292
134255
0.941028645833
134275
0.944527994792
134295
0.938119574653
134315
0.940125144676
134335
0.942670355903
134355
0.945304904514
134375
0.942068865741
134395
0.93888671875
134415
0.939551866319
134435
0.937076822917
134455
0.937711588542
134475
0.938089192708
134495
0.933909505208
134515
0.933225549769
134535
0.935706018519
134555
0.929229600694
134575
0.937658420139
134595
0.937943793403
134615
0.938833188657
134635
0.931779875579
134655
0.934524016204
134675
0.936402994792
134695
0.938002387153
134715
0.940314670139
134735
0.940969690394
134755
0.940543981481
134775
0.9407421875
134795
0.942015697338
134815
0.941389612269
134835
0.941323423032
134855
0.943220847801
134875
0.940419560185
134895
0.937666377315
134915
0.942980685764
134935
0.942292751736
134955
0.937344835069
134975
0.940985243056
134995
0.937556423611
135015
0.940208333333
135035
0.939784071181
135055
0.940142144097
135075
0.938302951389
135095
0.939178602431
135115
0.934798177083
135135
0.938998480903
135155
0.939990234375
135175
0.942110821759
135195
0.940198929398
135215
0.944314236111
135235
0.946016710069
135255
0.946643518519
135275
0.945300202546
135295
0.94877025463
135315
0.947078993056
135335
0.946677879051
135355
0.946362485532
135375
0.946576605903
135395
0.949973596644
135415
0.951642795139
135435
0.948675130208
135455
0.949869068287
135475
0.951541883681
135495
0.944482421875
135515
0.94359375
135535
0.937612123843
135555
0.941550925926
135575
0.945359519676
135595
0.941927445023
135615
0.937724609375
135635
0.941310763889
135655
0.942858072917
135675
0.943663194444
135695
0.942214626736
135715
0.945521195023
135735
0.942099971065
135755
0.944252025463
135775
0.952035951968
135795
0.951652922454
135815
0.952345558449
135835
0.953219401042
135855
0.951652199074
135875
0.954137369792
135895
0.955575448495
135915
0.958972439236
135935
0.954917896412
135955
0.955594979745
135975
0.952209924769
135995
0.950661168981
136015
0.947235243056
136035
0.946868127894
136055
0.944138816551
136075
0.944112774884
136095
0.942351707176
136115
0.938779658565
136135
0.939262876157
136155
0.93259693287
136175
0.924793475116
136195
0.920913628472
136215
0.917123119213
136235
0.911076027199
136255
0.909280598958
136275
0.908005280671
136295
0.911798321759
136315
0.914682436343
136335
0.911499204282
136355
0.90677734375
136375
0.901995442708
136395
0.907555700231
136415
0.908263888889
136435
0.90964771412
136455
0.918562282986
136475
0.919795645255
136495
0.922532190394
136515
0.925809461806
136535
0.932062717014
136555
0.937561125579
136575
0.938480902778
136595
0.936222511574
136615
0.940567491319
136635
0.937502170139
136655
0.938094256366
136675
0.943714916088
136695
0.936538990162
136715
0.931429036458
136735
0.935323712384
136755
0.929194155093
136775
0.915899884259
136795
0.908423394097
136815
0.911733940972
136835
0.910346137153
136855
0.898957971644
136875
0.89990306713
136895
0.904639033565
136915
0.901939742477
136935
0.902177372685
136955
0.894470847801
136975
0.890205439815
136995
0.900447410301
137015
0.905949435764
137035
0.904949725116
137055
0.915688657407
137075
0.934169921875
137095
0.942203414352
137115
0.942575231481
137135
0.951349826389
137155
0.962674696181
137175
0.960301649306
137195
0.9589453125
137215
0.974694010417
137235
0.983449797454
137255
0.992931857639
137275
0.993058087384
137295
0.997180989583
137315
0.99722620081
137335
0.997418258102
137355
0.997520616319
137375
0.99790943287
137395
1.0
