130733
0.490214269301
130753
0.482019282322
130773
0.488041896446
130793
0.49053404565
130813
0.424898514093
130833
0.475056966146
130853
0.327138863358
130873
0.324323586857
130893
0.285915000766
130913
0.222117225797
130933
0.230946020987
130953
0.240211397059
130973
0.214813112745
130993
0.193240655637
131013
0.199907130821
131033
0.201434685202
131053
0.217055376838
131073
0.226327933517
131093
0.157410864737
131113
0.155993891697
131133
0.125030637255
131153
0.204138901654
131173
0.159891524969
131193
0.141081207874
131213
0.14339910769
131233
0.303488338695
131253
0.249362362132
131273
0.33426250383
131293
0.535182100184
131313
0.531968060662
131333
0.488456456801
131353
0.450859757966
131373
0.408375459559
131393
0.33582165288
131413
0.361293658088
131433
0.270472388174
131453
0.138947131587
131473
0.111395143995
131493
0.340786324295
131513
0.333188763787
131533
0.112795840993
131553
0.226443780637
131573
0.193590590533
131593
0.163921281403
131613
0.0813127106311
131633
0.25685747932
131653
0.630859375
131673
0.655922085631
131693
0.322315889246
131713
0.326209214154
131733
0.359268727022
131753
0.325781728707
131773
0.292141065411
131793
0.291495289522
131813
0.292616900276
131833
0.1780239928
131853
0.180900543811
131873
0.0465260225184
131893
0.046395814185
131913
0.0463680491728
131933
0.212765203738
131953
0.225953584559
131973
0.204739679075
131993
0.186848479626
132013
0.17926049326
132033
0.206286860447
132053
0.252871285233
132073
0.251359049479
132093
0.323611749387
132113
0.294551355699
132133
0.277710439645
132153
0.359095435049
132173
0.283488434436
132193
0.346052102482
132213
0.258891027114
132233
0.208078182445
132253
0.159563131893
132273
0.084379308364
132293
0.0541891659007
132313
0.0534476485907
132333
0.291602519914
132353
0.291705441942
132373
0.291964901195
132393
0.292420630362
132413
0.355946499694
132433
0.351381070006
132453
0.359723020067
132473
0.357142788756
132493
0.137338196998
132513
0.127757831648
132533
0.130392156863
132553
0.162118949142
132573
0.174916226256
132593
0.168968290441
132613
0.175087124694
132633
0.173871687347
132653
0.167176011029
132673
0.167814127604
132693
0.266873946844
132713
0.2644464231
132733
0.222922889859
132753
0.268179381127
132773
0.102917719822
132793
0.119395297181
132813
0.119113817402
132833
0.121706016391
132853
0.120095166973
132873
0.117687270221
132893
0.110150505515
132913
0.122340782016
132933
0.115854300705
132953
0.116429227941
132973
0.11358905867
132993
0.10694843367
133013
0.0985179227941
133033
0.104293045343
133053
0.0526228362439
133073
0.0532264859069
133093
0.053519933364
133113
0.0526573031556
133133
0.12879375383
133153
0.148173253676
133173
0.137062461703
133193
0.144823740043
133213
0.149770699295
133233
0.121894626991
133253
0.122769224877
133273
0.0905383540135
133293
0.0891994102328
133313
0.0915824142157
133333
0.185443474265
133353
0.188737457874
133373
0.187564146752
133393
0.189194623162
133413
0.514231962316
133433
0.515978764553
133453
0.510130399816
133473
0.521334539675
133493
0.472292911305
133513
0.424872663909
133533
0.0770732804841
133553
0.1233364928
133573
0.202409811581
133593
0.25334520527
133613
0.243875899969
133633
0.0901525160846
133653
0.0706849341299
133673
0.109723020067
133693
0.0983321844363
133713
0.0927873200061
133733
0.107018324908
133753
0.112732172947
133773
0.125972254136
133793
0.116515395221
133813
0.125447112439
133833
0.117667164522
133853
0.118306717218
133873
0.131265318627
133893
0.112413354013
133913
0.110966701134
133933
0.113291302849
133953
0.119540824142
133973
0.118857709099
133993
0.117973537071
134013
0.111909275429
134033
0.114445944393
134053
0.109470262714
134073
0.105886182598
134093
0.123672066483
134113
0.12507946538
134133
0.125125899969
134153
0.125649126838
134173
0.11765759038
134193
0.122665345435
134213
0.124230238971
134233
0.119298119638
134253
0.135368317249
134273
0.140904086244
134293
0.162351122089
134313
0.156350528493
134333
0.148677810968
134353
0.159412339154
134373
0.172932464001
134393
0.13928270527
134413
0.156610466452
134433
0.146902765012
134453
0.171380495558
134473
0.142326325061
134493
0.197243604473
134513
0.178744446998
134533
0.0801322189032
134553
0.0482488893995
134573
0.0864099839154
134593
0.0874928193934
134613
0.0850949754902
134633
0.0873008578431
134653
0.0889940448836
134673
0.0858197380515
134693
0.0892338771446
134713
0.0898959290748
134733
0.0836813534007
134753
0.0472536573223
134773
0.0464862898284
134793
0.0466227213542
134813
0.0466303806679
134833
0.0467356962316
134853
0.0468721277574
134873
0.0465494791667
134893
0.0464896407782
134913
0.0472297219669
134933
0.0472546147365
134953
0.0467830882353
134973
0.0470626531863
134993
0.0491651348039
135013
0.190560853248
135033
0.922515988817
135053
1.0
135073
1.0
135093
1.0
135113
1.0
135133
1.0
135153
1.0
135173
0.99685345818
135193
0.994221526501
135213
0.990451708027
135233
0.984726849724
135253
0.979660692402
135273
0.973109106924
135293
0.967286113664
135313
0.9641568053
135333
0.958305089614
135353
0.953217869179
135373
0.951609413297
135393
0.94564855239
135413
0.948507869945
135433
0.946632774203
135453
0.950050264246
135473
0.95423224954
135493
0.951660634957
135513
0.955729166667
135533
0.957737821691
135553
0.954438572304
135573
0.954143210018
135593
0.951298732384
135613
0.952943091299
135633
0.953926355699
135653
0.948463350184
135673
0.948198146446
135693
0.943173636642
135713
0.943439797794
135733
0.93851294424
135753
0.938335343903
135773
0.943888825061
135793
0.946473843444
135813
0.946934838388
135833
0.943511125153
135853
0.944457050398
135873
0.952837775735
135893
0.952433746936
135913
0.954441444547
135933
0.953391161152
135953
0.953271963082
135973
0.956428557751
135993
0.960807770374
136013
0.956911094516
136033
0.955593213848
136053
0.953221698836
136073
0.946761067708
136093
0.946155981924
136113
0.944581992953
136133
0.942344515931
136153
0.940938074449
136173
0.938663736979
136193
0.941176949295
136213
0.942825137868
136233
0.937443512561
136253
0.946981272978
136273
0.949159390319
136293
0.950059838388
136313
0.953321748621
136333
0.951892329197
136353
0.957389322917
136373
0.953448606005
136393
0.953001493566
136413
0.953097234988
136433
0.95298426011
136453
0.959357287837
136473
0.953769339767
136493
0.952948835784
136513
0.952384918811
136533
0.951451439951
136553
0.954157092525
136573
0.951206820619
136593
0.954139859069
136613
0.953813859528
136633
0.949555281097
136653
0.95315803079
136673
0.953203029259
136693
0.952849264706
136713
0.953095320159
136733
0.953676949295
136753
0.955619064032
136773
0.948622280944
136793
0.953275314032
136813
0.950654871324
136833
0.952303538603
136853
0.955102060355
136873
0.951430855545
136893
0.947660558364
136913
0.953486902574
136933
0.958436255362
136953
0.957977653952
136973
0.955929266238
136993
0.961124674479
137013
0.962068206189
137033
0.962921740962
137053
0.962332931219
137073
0.957331399357
137093
0.955787568934
137113
0.951168045343
137133
0.94596306296
137153
0.947672047335
137173
0.93763068704
137193
0.942264093137
137213
0.938252048866
137233
0.938908356311
137253
0.937131874234
137273
0.932564529718
137293
0.941063017004
137313
0.944247855392
137333
0.946417834712
137353
0.951897116268
137373
0.9515557981
137393
0.957138480392
137413
0.96246361826
137433
0.959320906097
137453
0.961180204504
137473
0.961669921875
137493
0.95918303845
137513
0.957839786305
137533
0.95589240579
137553
0.957450597426
137573
0.956097292433
137593
0.95188849954
137613
0.955601830576
137633
0.956823491115
137653
0.957543466605
137673
0.958697150735
137693
0.95795323989
137713
0.963873410692
137733
0.969482900582
137753
0.96926317402
137773
0.971114334406
137793
0.969612630208
137813
0.972983685662
137833
0.972592581955
137853
0.971702665441
137873
0.972899911918
137893
0.973703182445
137913
0.974271886489
137933
0.97002623315
137953
0.96881462546
137973
0.966021369485
137993
0.962753714767
138013
0.963051470588
138033
0.958646407782
138053
0.955422315411
138073
0.95286841299
138093
0.949274280025
138113
0.948511220895
138133
0.943581973805
138153
0.944505399816
138173
0.947123927696
138193
0.947216318168
138213
0.950050742953
138233
0.940898341759
138253
0.948160807292
138273
0.946373314951
138293
0.948154584099
138313
0.954462507659
138333
0.953181487439
138353
0.954536228554
138373
0.952174766391
138393
0.950092390472
138413
0.951566329657
138433
0.952132161458
138453
0.955935968137
138473
0.955656403186
138493
0.958217486213
138513
0.955842620251
138533
0.952211626838
138553
0.95656115962
138573
0.960093060662
138593
0.953091011795
138613
0.956675570619
138633
0.955945542279
138653
0.951836320466
138673
0.955818684896
138693
0.952794692096
138713
0.949618949142
138733
0.952212105545
138753
0.957336665135
138773
0.953214039522
138793
0.957868987439
138813
0.955930702359
138833
0.960542566636
138853
0.963638365502
138873
0.959558823529
138893
0.955778952206
138913
0.958129404105
138933
0.9569302428
138953
0.956327550551
138973
0.947578699449
138993
0.955982881434
139013
0.952882774203
139033
0.94970703125
139053
0.9498113894
139073
0.949843462776
139093
0.943219592525
139113
0.945487228094
139133
0.939288928462
139153
0.945827588848
139173
0.940280809589
139193
0.942101332721
139213
0.941723632813
139233
0.946812768076
139253
0.944148284314
139273
0.953721469056
139293
0.951078048407
139313
0.964886354933
139333
0.96241718367
139353
0.967340686275
139373
0.970599724265
139393
0.977229339001
139413
0.980301202512
139433
0.980867991728
139453
0.984723498775
139473
0.982550647212
139493
0.978626685049
139513
0.978875612745
139533
0.982278262868
139553
0.978230794271
139573
0.965680530025
139593
0.968327301624
139613
0.950548119638
139633
0.95285022212
139653
0.939286534926
139673
0.937477022059
139693
0.939978745404
139713
0.947036803002
139733
0.946534160539
139753
0.942889763327
139773
0.952657303156
139793
0.960395603554
139813
0.969690659467
139833
0.978338982077
139853
0.985362094056
139873
0.995360370711
139893
0.99544653799
139913
0.995516907935
139933
0.995473824295
139953
0.997841988358
139973
1.0
139993
1.0
140013
0.979179113051
140033
0.976611328125
140053
0.976572074142
140073
0.975430836397
140093
0.994570025276
140113
0.994579120711
140133
0.994582471661
140153
0.994582950368
140173
0.994582950368
140193
0.994594918045
140213
1.0
140233
1.0
140253
1.0
140273
1.0
140293
1.0
140313
1.0
