152760
0.0701396867341
152780
0.0783203125
152800
0.108779488358
152820
0.108316099877
152840
0.110283107384
152860
0.118374693627
152880
0.120122453278
152900
0.120436963848
152920
0.115329159007
152940
0.113849954044
152960
0.122637101716
152980
0.130542949602
153000
0.104273897059
153020
0.0964235791973
153040
0.0973790785846
153060
0.101626646752
153080
0.103929227941
153100
0.0995150696998
153120
0.211858532475
153140
0.20918303845
153160
0.212492340686
153180
0.221866861979
153200
0.219055893842
153220
0.248206763174
153240
0.235711550245
153260
0.0982426662071
153280
0.0973245059743
153300
0.0960678998162
153320
0.0947500191483
153340
0.0961531096814
153360
0.0929529526654
153380
0.2014681947
153400
0.209968596814
153420
0.216258329504
153440
0.199553366268
153460
0.217031441483
153480
0.216681985294
153500
0.245317765778
153520
0.235971009498
153540
0.232652133119
153560
0.0902042164522
153580
0.0894540824142
153600
0.103503178615
153620
0.109628714767
153640
0.108760340074
153660
0.105226524203
153680
0.111393707874
153700
0.110800589767
153720
0.0995672487745
153740
0.0988209443934
153760
0.0944096583946
153780
0.0949845856311
153800
0.0871787875306
153820
0.0698505476409
153840
0.162466011795
153860
0.180835918352
153880
0.252382046569
153900
0.196306774663
153920
0.165244427849
153940
0.133205518536
153960
0.11343347886
153980
0.307102577359
154000
0.309849877451
154020
0.307550647212
154040
0.319810336244
154060
0.317303825827
154080
0.309015969669
154100
0.0598785998775
154120
0.0594937193627
154140
0.0601658241422
154160
0.059956629136
154180
0.0596047794118
154200
0.0593534581801
154220
0.0813227634804
154240
0.0832993451287
154260
0.0828306908701
154280
0.151364315257
154300
0.145245959712
154320
0.151805683211
154340
0.303382544424
154360
0.306674134498
154380
0.307548732384
154400
0.176452397365
154420
0.207654526654
154440
0.109852270987
154460
0.115636488971
154480
0.0954474954044
154500
0.199545706955
154520
0.200335573683
154540
0.201433249081
154560
0.195847694547
154580
0.200438017004
154600
0.211988262102
154620
0.222785500919
154640
0.145025754442
154660
0.100229779412
154680
0.0904708563113
154700
0.0897427428002
154720
0.108899165135
154740
0.195961148131
154760
0.212448299632
154780
0.23893995098
154800
0.262661803002
154820
0.241093175551
154840
0.181511374081
154860
0.133176796109
154880
0.117016122855
154900
0.127898092831
154920
0.127158011642
154940
0.133194508272
154960
0.22703259038
154980
0.202051738664
155000
0.18493604473
155020
0.185524854473
155040
0.193581016391
155060
0.203630035999
155080
0.136554074755
155100
0.133559761795
155120
0.11544787837
155140
0.116526405484
155160
0.112183574602
155180
0.112523456648
155200
0.114995500153
155220
0.11193225337
155240
0.113030407475
155260
0.0984681372549
155280
0.0973173253676
155300
0.0945968328738
155320
0.0932167202819
155340
0.0942435470282
155360
0.0941865808824
155380
0.198106713388
155400
0.353905771293
155420
0.299933459712
155440
0.189580461091
155460
0.23962354473
155480
0.217901252298
155500
0.113045247396
155520
0.110213216146
155540
0.117781096814
155560
0.109737859988
155580
0.113851390165
155600
0.110050455729
155620
0.256836894914
155640
0.386232862286
155660
0.295203354779
155680
0.281185853248
155700
0.232300283395
155720
0.221788832721
155740
0.21792566636
155760
0.224741498162
155780
0.209503293505
155800
0.192061121324
155820
0.188095032935
155840
0.188864793964
155860
0.187158203125
155880
0.0936489928002
155900
0.114032341452
155920
0.119743317249
155940
0.0952162798713
155960
0.087388939951
155980
0.0989511527267
156000
0.137366919424
156020
0.134225643382
156040
0.132783777574
156060
0.130138442096
156080
0.102677887561
156100
0.103037875306
156120
0.102373908548
156140
0.101966528799
156160
0.0877393535539
156180
0.0875689338235
156200
0.0878968481924
156220
0.0850183823529
156240
0.0843673406863
156260
0.0844831878064
156280
1.0
156300
1.0
156320
1.0
156340
1.0
156360
1.0
156380
1.0
156400
1.0
156420
1.0
156440
1.0
156460
0.996125344669
156480
0.992091279871
156500
0.988055778952
156520
0.983417107077
156540
0.976602711397
156560
0.973433191636
156580
0.968561868107
156600
0.959752699908
156620
0.956057559743
156640
0.950778377757
156660
0.947159352022
156680
0.945566693474
156700
0.944732306985
156720
0.942227711397
156740
0.943504423254
156760
0.944091796875
156780
0.942963005515
156800
0.944149241728
156820
0.943774414062
156840
0.941819852941
156860
0.94406451057
156880
0.942421587776
156900
0.941760971967
156920
0.943543198529
156940
0.940929457721
156960
0.943059225643
156980
0.943241613051
157000
0.940485696232
157020
0.942470415901
157040
0.943289005055
157060
0.943504423254
157080
0.94369542739
157100
0.941083122702
157120
0.93833582261
157140
0.94430290671
157160
0.947519818474
157180
0.947598805147
157200
0.949105296415
157220
0.949401137408
157240
0.953149414062
157260
0.950930606618
157280
0.950258501838
157300
0.95251752068
157320
0.955873736213
157340
0.958685661765
157360
0.955984317555
157380
0.953481158088
157400
0.952709960938
157420
0.951848288143
157440
0.949887982537
157460
0.941868681066
157480
0.94820915671
157500
0.952009133732
157520
0.948713235294
157540
0.952317899816
157560
0.949260397518
157580
0.949602194393
157600
0.957035558364
157620
0.952207318474
157640
0.953212603401
157660
0.961280732996
157680
0.962107938879
157700
0.962557444853
157720
0.956630572151
157740
0.956270105699
157760
0.956356272978
157780
0.958253389246
157800
0.957746438419
157820
0.959030330882
157840
0.959221335018
157860
0.960153377757
157880
0.958842198989
157900
0.958243336397
157920
0.959795783548
157940
0.957789522059
157960
0.962317612592
157980
0.956089154412
158000
0.953370576746
158020
0.954859834559
158040
0.950623276654
158060
0.946936753217
158080
0.947202435662
158100
0.943386661305
158120
0.945634191176
158140
0.943528837316
158160
0.942579561121
158180
0.94462890625
158200
0.945743336397
158220
0.947236902574
158240
0.950178079044
158260
0.950100528493
158280
0.950715188419
158300
0.953824391085
158320
0.95720502068
158340
0.951977539063
158360
0.955194450827
158380
0.954928768382
158400
0.952141256893
158420
0.955899586397
158440
0.953825827206
158460
0.954271024816
158480
0.956475471048
158500
0.954229377298
158520
0.956143727022
158540
0.956923540901
158560
0.958295036765
158580
0.958599494485
158600
0.96184943704
158620
0.960888671875
158640
0.959775677849
158660
0.96081830193
158680
0.957749310662
158700
0.958700022978
158720
0.957936006434
158740
0.956090590533
158760
0.953509880515
158780
0.955773207721
158800
0.951990464154
158820
0.950634765625
158840
0.953822954963
158860
0.948651482077
158880
0.94562701057
158900
0.946580595129
158920
0.946335018382
158940
0.951706112132
158960
0.952292049632
158980
0.95306037454
159000
0.947822840074
159020
0.949668255974
159040
0.95093347886
159060
0.952161362592
159080
0.953560144761
159100
0.95432990579
159120
0.959688074449
159140
0.961336741728
159160
0.957321346507
159180
0.958794806985
159200
0.955516142004
159220
0.955031211703
159240
0.957704790901
159260
0.954286822151
159280
0.95240837546
159300
0.954360543045
159320
0.948134478401
159340
0.948565793505
159360
0.947017654718
159380
0.945270852482
159400
0.946279009651
159420
0.950183823529
159440
0.94736328125
159460
0.948922909007
159480
0.948380055147
159500
0.945807961857
159520
0.948148839614
159540
0.950169462316
159560
0.949989947151
159580
0.948684512868
159600
0.950583065257
159620
0.94826372932
159640
0.948842486213
159660
0.949184283088
159680
0.946349379596
159700
0.945598288143
159720
0.942529296875
159740
0.941532628676
159760
0.945365636489
159780
0.943276079963
159800
0.939493336397
159820
0.944175091912
159840
0.939354032629
159860
0.932608570772
159880
0.925950712316
159900
0.92692009421
159920
0.937560317096
159940
0.919710765165
159960
0.908234719669
159980
0.894511144301
160000
0.897726619945
160020
0.893892176011
160040
0.868497242647
160060
0.85112879136
160080
0.848035386029
160100
0.844847196691
160120
0.84429285386
160140
0.837489947151
160160
0.860400390625
160180
0.863012695313
160200
0.863088809743
160220
0.856725356158
160240
0.869752412684
160260
0.885170611213
160280
0.891953412224
160300
0.89820915671
160320
0.895092773438
160340
0.88002355239
160360
0.884662224265
160380
0.885240981158
160400
0.888005514706
160420
0.8828125
160440
0.885279756434
160460
0.875501206342
160480
0.871731387868
160500
0.868543198529
160520
0.87716997932
160540
0.887820255055
160560
0.898491115196
160580
0.891122855392
160600
0.904049862132
160620
0.899260876225
160640
0.898223039216
160660
0.918592984069
160680
0.916621668199
160700
0.923587335325
160720
0.932065238205
160740
0.941787779565
160760
0.953771733303
160780
0.953392597273
160800
0.961091643689
160820
0.973168466605
160840
0.972282379749
160860
0.982827818627
160880
0.985604319853
160900
0.986980602788
160920
0.991974954044
160940
0.992108513327
160960
0.991960592831
160980
0.989342543658
161000
0.98139073989
161020
0.980541992188
161040
0.980381146599
161060
0.982645909926
161080
0.98783605239
161100
0.989714499081
161120
0.984538717831
161140
0.982075769761
161160
0.976538085938
161180
0.971515969669
161200
0.973545209099
161220
0.978393554688
161240
0.981710994945
161260
0.981844554228
161280
0.981611902574
161300
0.979018267463
161320
0.973348460478
161340
0.971118164062
161360
0.975597426471
161380
0.981841681985
161400
0.986137120864
161420
0.989346852022
161440
0.989161592371
161460
0.986345358456
161480
0.985006893382
161500
0.980773207721
161520
0.977711397059
161540
0.981163832721
161560
0.987149586397
161580
0.989835133272
161600
0.989679553462
161620
0.98960535386
161640
0.989616842831
161660
0.986905445772
161680
0.98171673943
161700
0.982321346507
161720
0.985889150582
161740
0.986844649969
161760
0.987151979933
161780
0.987237668505
161800
0.98677332261
161820
0.986125153186
161840
0.984790996477
161860
0.97833515242
161880
0.977230296415
161900
0.982160979626
161920
0.984680893842
161940
0.986328125
161960
0.98601361443
161980
0.985747931985
162000
0.97296740962
162020
0.948450903799
162040
0.940761910233
162060
0.931063304228
162080
0.930526194853
162100
0.933629653033
162120
0.932538679534
162140
0.934520048254
162160
0.933963311887
162180
0.932786171109
162200
0.934879557292
162220
0.946194278493
162240
0.965557502298
162260
0.977737247243
162280
0.990563246783
162300
0.99370691636
162320
1.0
162340
1.0
