125409
0.130514684606
125429
0.107842158565
125449
0.108421585648
125469
0.13107385706
125489
0.0992650462963
125509
0.388043258102
125529
0.309212239583
125549
0.394125072338
125569
0.359104094329
125589
0.349390914352
125609
0.114795645255
125629
0.117028718171
125649
0.292354600694
125669
0.310706741898
125689
0.314259620949
125709
0.102350260417
125729
0.102147352431
125749
0.100889033565
125769
0.312950665509
125789
0.315347945602
125809
0.312473958333
125829
0.363247612847
125849
0.29177698206
125869
0.343760850694
125889
0.342942708333
125909
0.291115451389
125929
0.10652271412
125949
0.10666087963
125969
0.106943721065
125989
0.104853515625
126009
0.105847439236
126029
0.109207175926
126049
0.109537760417
126069
0.109885344329
126089
0.116004774306
126109
0.11447265625
126129
0.130637297454
126149
0.0815625
126169
0.066630859375
126189
0.0729803240741
126209
0.0735130931713
126229
0.0992386429398
126249
0.0942212818287
126269
0.0765588831019
126289
0.0999830005787
126309
0.118049768519
126329
0.102021484375
126349
0.0652795862269
126369
0.0775108506944
126389
0.0775372540509
126409
0.0874493634259
126429
0.0736917679398
126449
0.142678674769
126469
0.0740715422454
126489
0.0570276331019
126509
0.0518070023148
126529
0.0509718605324
126549
0.0704177517361
126569
0.0704897280093
126589
0.0727593315972
126609
0.064873046875
126629
0.0689963107639
126649
0.0692111545139
126669
0.0698401331019
126689
0.105003978588
126709
0.11251989294
126729
0.104556206597
126749
0.0999468315972
126769
0.0822276475694
126789
0.0969241898148
126809
0.0861244936343
126829
0.0847272858796
126849
0.0859020543981
126869
0.0843167679398
126889
0.0823376012731
126909
0.0834573929398
126929
0.0932190393519
126949
0.0938371672454
126969
0.095054615162
126989
0.0967458767361
127009
0.0983054832176
127029
0.0825994646991
127049
0.0872247540509
127069
0.0872316261574
127089
0.0836443865741
127109
0.0793460648148
127129
0.0743655960648
127149
0.0909346064815
127169
0.102446108218
127189
0.0874627459491
127209
0.0833170572917
127229
0.0652633101852
127249
0.0693276186343
127269
0.071275318287
127289
0.0678974971065
127309
0.0757034866898
127329
0.0921538628472
127349
0.10708984375
127369
0.0828909866898
127389
0.0854817708333
127409
0.0855472366898
127429
0.086361400463
127449
0.0849189814815
127469
0.0847963686343
127489
0.0824938512731
127509
0.0843923611111
127529
0.0751616753472
127549
0.0785243055556
127569
0.0781890190972
127589
0.0601349103009
127609
0.059839771412
127629
0.0535648148148
127649
0.054595630787
127669
0.0594220196759
127689
0.0642708333333
127709
0.0685713252315
127729
0.0682845052083
127749
0.0655826822917
127769
0.067109375
127789
0.0633959056713
127809
0.0634132667824
127829
0.0640498408565
127849
0.0653168402778
127869
0.0653287760417
127889
0.0646697771991
127909
0.0453714554398
127929
0.0434559461806
127949
0.0443030237269
127969
0.0438465711806
127989
0.0452249710648
128009
0.0453804976852
128029
0.0641359230324
128049
0.0648726851852
128069
0.0647844328704
128089
0.064896556713
128109
0.0657396556713
128129
0.0658033130787
128149
0.0459986255787
128169
0.0462138310185
128189
0.0461498119213
128209
0.0455613425926
128229
0.0448459201389
128249
0.0453982204861
128269
0.0445616319444
128289
0.0656311487269
128309
0.0653985821759
128329
0.0656546585648
128349
0.065453197338
128369
0.0440516493056
128389
0.0427152054398
128409
0.0429503038194
128429
0.064544994213
128449
0.0655280671296
128469
0.0651808449074
128489
0.064720775463
128509
0.0585720486111
128529
0.0621824363426
128549
0.0760036892361
128569
0.0893102575231
128589
0.0305197482639
128609
0.0307667824074
128629
0.0304249855324
128649
0.155708550347
128669
0.182939091435
128689
0.214008246528
128709
0.0720073784722
128729
0.0663002748843
128749
0.0671325231481
128769
0.0590172887731
128789
0.0702513744213
128809
0.0502846498843
128829
0.0680891927083
128849
0.0643098958333
128869
0.06478515625
128889
0.0639717158565
128909
0.101226490162
128929
0.110833333333
128949
0.105252459491
128969
0.0616033709491
128989
0.0624612991898
129009
0.0646723090278
129029
0.106713686343
129049
0.107633825231
129069
0.107443576389
129089
0.108503327546
129109
0.0647869646991
129129
0.06328125
129149
0.0643999565972
129169
0.113015046296
129189
0.0663787615741
129209
0.0666037326389
129229
0.0639525462963
129249
0.0632798032407
129269
0.108140914352
129289
0.105183015046
129309
0.109856047454
129329
0.0735080295139
129349
0.075708912037
129369
0.076878978588
129389
0.0742162181713
129409
0.0739113136574
129429
0.0748860677083
129449
0.0763903356481
129469
0.0748296440972
129489
0.0773296440972
129509
0.0778266059028
129529
0.07630859375
129549
0.0768493200231
129569
0.0786910445602
129589
0.0781029369213
129609
0.0767241753472
129629
0.0806463396991
129649
0.0722536892361
129669
0.0724175347222
129689
0.0729832175926
129709
0.0725434027778
129729
0.0728490306713
129749
0.0737702546296
129769
0.125035807292
129789
0.129798900463
129809
0.130327690972
129829
0.0735319010417
129849
0.0760047743056
129869
0.0782693142361
129889
0.079921875
129909
0.0809747540509
129929
0.084007884838
129949
0.0804788773148
129969
0.117969835069
129989
0.119543185764
130009
0.119149305556
130029
0.120345413773
130049
0.125220269097
130069
0.0750868055556
130089
0.0744173177083
130109
0.119536675347
130129
0.125771122685
130149
0.0655465133102
130169
0.0653548177083
130189
0.0657009548611
130209
0.066806640625
130229
0.0706524884259
130249
0.0511252170139
130269
0.0499815538194
130289
0.0671111834491
130309
0.074892578125
130329
0.0733336950231
130349
0.125589192708
130369
0.118077980324
130389
0.121282190394
130409
0.0935908564815
130429
0.112300708912
130449
0.0908525028935
130469
0.100741102431
130489
0.162160373264
130509
0.159542824074
130529
0.0640295862269
130549
0.0730559172454
130569
0.0767332175926
130589
0.0572482638889
130609
0.0631684027778
130629
0.0973383246528
130649
0.0927806712963
130669
0.091591796875
130689
0.0889619502315
130709
0.101846064815
130729
0.0716402633102
130749
0.0706297019676
130769
0.0716370081019
130789
0.0752586082176
130809
0.0743435329861
130829
0.0854698350694
130849
0.099839771412
130869
0.0885054976852
130889
0.210660445602
130909
0.179066116898
130929
0.206161024306
130949
0.198117404514
130969
0.0863541666667
130989
0.0861031539352
131009
0.0849244068287
131029
0.0880787037037
131049
0.0926388888889
131069
0.0870366753472
131089
0.0837018952546
131109
0.087650462963
131129
0.0592277922454
131149
0.0592042824074
131169
0.0473972800926
131189
0.0442498553241
131209
0.0641131365741
131229
0.0660901331019
131249
0.0627741608796
131269
0.0605432581019
131289
0.0571730324074
131309
0.0525202546296
131329
0.0511389612269
131349
0.0463089554398
131369
0.0428226273148
131389
0.040542896412
131409
0.0394017650463
131429
0.0382403790509
131449
0.0380928096065
131469
0.038912037037
131489
0.0385850694444
131509
0.0381633391204
131529
0.0380971498843
131549
0.0384447337963
131569
0.0381087239583
131589
0.0382273582176
131609
0.061136791088
131629
0.062377025463
131649
0.0598444733796
131669
0.0669932725694
131689
0.0472996238426
131709
0.0476501012731
131729
0.0469216579861
131749
0.0463440393519
131769
1.0
131789
1.0
131809
1.0
131829
1.0
131849
0.993368055556
131869
0.981727430556
131889
0.963993055556
131909
0.957059461806
131929
0.94470703125
131949
0.927076822917
131969
0.915614149306
131989
0.909715711806
132009
0.896263020833
132029
0.880118272569
132049
0.864167751736
132069
0.860236545139
132089
0.856501736111
132109
0.857501085069
132129
0.852468532986
132149
0.857455512153
132169
0.879640842014
132189
0.880184461806
132209
0.880496961806
132229
0.8858203125
132249
0.904293619792
132269
0.917737630208
132289
0.931861979167
132309
0.932842881944
132329
0.930640190972
132349
0.932625868056
132369
0.923103298611
132389
0.919852430556
132409
0.917498914931
132429
0.913223741319
132449
0.906375868056
132469
0.893355034722
132489
0.881991102431
132509
0.877905815972
132529
0.895358072917
132549
0.898829210069
132569
0.900264756944
132589
0.902414279514
132609
0.887595486111
132629
0.896819661458
132649
0.905252821181
132669
0.893695746528
132689
0.891826171875
132709
0.896119791667
132729
0.897403428819
132749
0.889372829861
132769
0.893728298611
132789
0.893642578125
132809
0.898519965278
132829
0.909347873264
132849
0.903005642361
132869
0.906953125
132889
0.923518880208
132909
0.927067057292
132929
0.907593315972
132949
0.922872178819
132969
0.916851128472
132989
0.915284288194
133009
0.929967447917
133029
0.925444878472
133049
0.927595486111
133069
0.921624348958
133089
0.922456597222
133109
0.919276258681
133129
0.937557508681
133149
0.920478515625
133169
0.905913628472
133189
0.913394097222
133209
0.918345269097
133229
0.899869791667
133249
0.899066840278
133269
0.905910373264
133289
0.91037109375
133309
0.916078559028
133329
0.908410373264
133349
0.912067057292
133369
0.92716796875
133389
0.925824652778
133409
0.908996310764
133429
0.907336154514
133449
0.923717447917
133469
0.921016710069
133489
0.928426649306
133509
0.915845269097
133529
0.909710286458
133549
0.911271701389
133569
0.912897135417
133589
0.916359592014
133609
0.930161675347
133629
0.937425130208
133649
0.933056640625
133669
0.922962239583
133689
0.922809244792
133709
0.916648220486
133729
0.914639756944
133749
0.912160373264
133769
0.905142144097
133789
0.902368706597
133809
0.907218967014
133829
0.908042534722
133849
0.91072265625
133869
0.911629774306
133889
0.900657552083
133909
0.910971137153
133929
0.910567491319
133949
0.916669921875
133969
0.911609157986
133989
0.917112630208
134009
0.907914496528
134029
0.915608723958
134049
0.918247612847
134069
0.923583984375
134089
0.931962890625
134109
0.9301171875
134129
0.936680772569
134149
0.936006944444
134169
0.931614583333
134189
0.936413845486
134209
0.941081814236
134229
0.944149305556
134249
0.944381510417
134269
0.946474609375
134289
0.946456163194
134309
0.945596064815
134329
0.944471209491
134349
0.942234881366
134369
0.947618272569
134389
0.955082103588
134409
0.952727864583
134429
0.954407190394
134449
0.954475188079
134469
0.948192997685
134489
0.950132740162
134509
0.945138165509
134529
0.938678385417
134549
0.949911024306
134569
0.945915798611
134589
0.952035951968
134609
0.951332103588
134629
0.952880135995
134649
0.932566189236
134669
0.932171585648
134689
0.918115234375
134709
0.920398220486
134729
0.907058376736
134749
0.897650824653
134769
0.891365017361
134789
0.897080078125
134809
0.901187065972
134829
0.901827256944
134849
0.902180989583
134869
0.902228732639
134889
0.902233072917
134909
0.902233072917
134929
0.902233072917
134949
0.926098090278
134969
1.0
134989
1.0
