143279
0.111899701287
143299
0.160380763634
143319
0.114065372243
143339
0.10616718367
143359
0.073064587163
143379
0.0594578163297
143399
0.0857345281863
143419
0.0964116115196
143439
0.0942038143382
143459
0.0957667930453
143479
0.0877058440564
143499
0.10402209712
143519
0.113624961703
143539
0.256968539369
143559
0.344676776961
143579
0.16771886489
143599
0.177684110754
143619
0.188243432138
143639
0.190000765931
143659
0.141651348039
143679
0.11822868796
143699
0.0581270105699
143719
0.060036573223
143739
0.0582969515931
143759
0.0486524394914
143779
0.0509157666973
143799
0.0592859604779
143819
0.0731004901961
143839
0.0799105775123
143859
0.120025275735
143879
0.274245557598
143899
0.0637623506434
143919
0.0589652267157
143939
0.0440511067708
143959
0.0642377068015
143979
0.0646551393995
143999
0.0682272518382
144019
0.0796171300551
144039
0.0844391467525
144059
0.0760684742647
144079
0.0693167892157
144099
0.0875057444853
144119
1.0
144139
1.0
144159
1.0
144179
1.0
144199
1.0
144219
1.0
144239
1.0
144259
1.0
144279
0.970780675551
144299
0.969677734375
144319
0.969570025276
144339
0.969544175092
144359
0.969479549632
144379
0.969445082721
144399
0.969435029871
144419
0.96945513557
144439
0.969456571691
144459
0.969446518842
144479
0.969485294118
144499
0.970891256893
144519
0.970901309743
144539
0.970897001379
144559
0.948280962776
144579
0.947060259651
144599
0.947139246324
144619
0.947100471048
144639
0.947139246324
144659
0.947150735294
144679
0.947179457721
144699
0.947170840993
144719
0.947203871783
144739
0.948418830423
144759
0.948428883272
144779
0.948456169577
144799
0.94840446921
144819
0.948413085937
144839
0.942158777574
144859
0.941443589154
144879
0.941478056066
144899
0.941486672794
144919
0.941486672794
144939
0.941515395221
144959
0.941526884191
144979
0.941515395221
144999
0.94191607307
145019
0.94192756204
145039
0.941903147978
145059
1.0
145079
1.0
145099
1.0
145119
1.0
145139
0.0552614698223
145159
0.0557861328125
145179
0.0552428002451
145199
0.0548402075674
145219
0.0550747740502
145239
0.0556008731618
145259
0.0551073261336
145279
0.0559723498775
145299
0.0557009229473
145319
0.0559929342831
145339
0.0553993374694
145359
0.0559421913297
145379
0.0561595243566
145399
0.0553280101103
145419
0.0557985791973
145439
0.0560771867341
145459
0.0557277305453
145479
0.0559120327819
145499
0.0560250076593
145519
0.0558799594056
145539
0.0562385110294
145559
0.0557459214154
145579
1.0
145599
1.0
145619
1.0
145639
1.0
145659
1.0
145679
1.0
145699
1.0
145719
1.0
145739
1.0
145759
1.0
145779
1.0
145799
1.0
145819
1.0
145839
1.0
145859
0.997025792739
145879
0.99631060432
145899
0.996426930147
145919
0.996426930147
145939
0.996426930147
145959
0.996426930147
145979
0.997425034467
145999
0.996688304228
146019
0.992759076287
146039
0.991476619945
146059
0.99136316636
146079
0.99136316636
146099
0.991407686121
146119
0.995075539982
146139
0.996982709099
146159
0.994298598346
146179
0.993556123621
146199
0.9935546875
146219
0.9935546875
146239
0.9935546875
146259
1.0
146279
0.994019990809
146299
0.994011374081
146319
0.994007065717
146339
0.994011374081
146359
0.999992819393
146379
0.995066923254
146399
0.995270852482
146419
0.995270852482
146439
0.995270852482
146459
1.0
146479
0.995496323529
146499
0.995496323529
146519
0.995499195772
146539
0.995499195772
146559
1.0
146579
0.995733283548
146599
0.995731847426
146619
0.995731847426
146639
0.995731847426
146659
0.996564797794
146679
0.995652860754
146699
0.995651424632
146719
0.995651424632
146739
0.995651424632
146759
0.995473345588
146779
0.994436465993
146799
0.994436465993
146819
0.994436465993
146839
0.994436465993
146859
0.995705997243
146879
0.99506261489
146899
0.995240693934
146919
0.995240693934
146939
0.995240693934
146959
0.998561006434
146979
0.996372357537
146999
0.996373793658
147019
0.996372357537
147039
0.996372357537
147059
0.998321174173
147079
0.995585363051
147099
0.995585363051
147119
0.995585363051
147139
0.995585363051
147159
0.99642980239
147179
0.995762005974
147199
0.995760569853
147219
0.995759133732
147239
0.995759133732
147259
0.995902745864
147279
0.995035328585
147299
0.995039636949
147319
0.99504107307
147339
0.995031020221
147359
0.995928596048
147379
0.994947725184
147399
0.995147346048
147419
0.995147346048
147439
0.995147346048
147459
0.997190946691
147479
0.99343548943
147499
0.993422564338
147519
0.99342400046
147539
0.99342400046
147559
1.0
147579
0.996118164062
147599
0.996116727941
147619
0.996116727941
147639
0.996116727941
147659
0.995404411765
147679
0.994660500919
147699
0.994659064798
147719
0.994657628676
147739
0.994864430147
147759
0.995266544118
147779
0.994588694853
147799
0.994588694853
147819
0.994588694853
147839
0.99459587546
147859
0.999003331801
147879
0.991871553309
147899
0.98385368796
147919
0.977022058824
147939
0.971705537684
147959
0.966246840533
147979
0.958187327665
147999
0.951846852022
148019
0.945708869485
148039
0.938332950368
148059
0.93043571921
148079
0.928473977482
148099
0.927090992647
148119
0.928241325827
148139
0.930050838695
148159
0.925399241728
148179
0.924004767923
148199
0.924037798713
148219
0.927514648437
148239
0.924780273438
148259
0.924582088695
148279
0.925430836397
148299
0.924188591452
148319
0.926160386029
148339
0.932989142923
148359
0.932825425092
148379
0.918442670037
148399
0.916783949908
148419
0.914480411305
148439
0.917418715533
148459
0.915554630055
148479
0.913694852941
148499
0.911737419577
148519
0.91137120864
148539
0.911586626838
148559
0.91222857307
148579
0.911486098346
148599
0.920303883272
148619
0.936040900735
148639
0.93611127068
148659
0.93285558364
148679
0.934488453585
148699
0.939678596048
148719
0.940240119485
148739
0.942645622702
148759
0.936050953585
148779
0.934685202206
148799
0.93557990579
148819
0.93872979856
148839
0.936065314798
148859
0.943727022059
148879
0.942124310662
148899
0.945842428768
148919
0.942527860754
148939
0.944750976562
148959
0.942850988051
148979
0.942243987439
148999
0.94263939951
149019
0.946862553615
149039
0.946110026042
149059
0.945396752451
149079
0.937520584406
149099
0.938933727788
149119
0.937321442249
149139
0.943614525888
149159
0.94029900046
149179
0.943650907629
149199
0.943497242647
149219
0.942135799632
149239
0.935852768842
149259
0.934662224265
149279
0.936211799173
149299
0.933481732537
149319
0.931436695772
149339
0.933351045496
149359
0.928590303309
149379
0.930432846967
149399
0.935648839614
149419
0.936338177849
149439
0.940625
149459
0.948167509191
149479
0.952315027574
149499
0.952622357537
149519
0.951849724265
149539
0.953231272978
149559
0.952241785386
149579
0.958572686887
149599
0.953819125306
149619
0.955902937347
149639
0.958893899357
149659
0.95673828125
149679
0.952197744332
149699
0.951126876532
149719
0.953353821998
149739
0.958132755055
149759
0.956160960478
149779
0.958127489277
149799
0.956781843597
149819
0.95890826057
149839
0.952861711091
149859
0.946398207721
149879
0.947317325368
149899
0.951503619026
149919
0.952504595588
149939
0.952177159926
149959
0.951200118719
149979
0.948431755515
149999
0.950164675245
150019
0.953448606005
150039
0.9544921875
150059
0.955226524203
150079
0.954698988971
150099
0.957956112132
150119
0.955939797794
150139
0.953544347426
150159
0.949392999387
150179
0.951919615502
150199
0.951771695006
150219
0.952675494026
150239
0.950163717831
150259
0.953083831189
150279
0.953060853248
150299
0.951705633425
150319
0.9539129519
150339
0.955106368719
150359
0.960028913909
150379
0.96105334712
150399
0.963555549173
150419
0.963937557445
150439
0.964483283548
150459
0.965083582261
150479
0.965728400735
150499
0.960885799632
150519
0.961669921875
150539
0.959835994945
150559
0.959195484835
150579
0.960813514859
150599
0.963284122243
150619
0.965748506434
150639
0.965161132813
150659
0.964371266085
150679
0.962315219056
150699
0.965810259651
150719
0.97170122932
150739
0.97553136489
150759
0.976058421415
150779
0.972466681985
150799
0.965356445312
150819
0.961499023438
150839
0.955789483762
150859
0.957811063879
150879
0.955110198376
150899
0.957276826746
150919
0.951899509804
150939
0.948321174173
150959
0.941179342831
150979
0.933441999847
150999
0.936347751991
151019
0.937960037531
151039
0.938740330116
151059
0.941059666054
151079
0.944151156556
151099
0.946577244179
151119
0.934263461244
151139
0.928789924173
151159
0.920211971507
151179
0.927034026501
151199
0.930933095895
151219
0.929889993107
151239
0.925081858915
151259
0.924399701287
151279
0.925179515165
151299
0.916264073989
151319
0.906935029871
151339
0.916378963695
151359
0.929920151654
151379
0.934014533548
151399
0.926512235754
151419
0.930480238971
151439
0.928149414062
151459
0.927075195313
151479
0.927250402114
151499
0.920799345129
151519
0.921691176471
151539
0.92377355239
151559
0.921540383732
151579
0.920246438419
151599
0.923874080882
151619
0.927938304228
151639
0.930098230699
151659
0.934252929687
151679
0.936150045956
151699
0.939099839154
151719
0.940221449908
151739
0.939952895221
151759
0.945545151654
151779
0.950848747702
151799
0.951781747855
151819
0.955927830116
151839
0.955959424786
151859
0.959749827665
151879
0.963573261336
151899
0.968797870711
151919
0.97407801011
151939
0.979677447151
151959
0.983688534007
151979
0.98859576057
151999
0.992681525735
152019
0.992761948529
152039
0.995602596507
152059
0.998855411305
152079
0.984583237592
152099
0.984599034926
152119
0.984599034926
152139
0.993014705882
152159
0.975436102175
152179
0.975388710172
152199
0.975362381281
152219
0.986083984375
152239
0.977935431985
152259
0.977956973805
152279
0.978257123162
152299
0.957717237286
152319
0.953595569087
152339
0.953519933364
152359
0.967604453891
152379
0.970612649357
152399
0.970695944393
152419
0.9706964231
152439
1.0
152459
0.970302447151
152479
0.970355104933
152499
0.970302447151
152519
0.948197667739
152539
0.936652688419
152559
0.936700080423
152579
0.936800608915
152599
0.936800608915
152619
0.98646886489
152639
0.98335535386
152659
0.983329503676
152679
0.983325195312
152699
0.985319967831
152719
1.0
152739
1.0
152759
0.982983398438
152779
0.985421932445
152799
0.993718405331
152819
1.0
152839
1.0
152859
1.0
