131001
0.120397497106
131021
0.183631004051
131041
0.177804542824
131061
0.204111689815
131081
0.04755859375
131101
0.0487641059028
131121
0.0486957465278
131141
0.0486382378472
131161
0.140204716435
131181
0.0604416232639
131201
0.0553812210648
131221
0.318191912616
131241
0.338584707755
131261
0.0566775173611
131281
0.0591695601852
131301
0.0755591724537
131321
0.0670033998843
131341
0.0660322627315
131361
0.0633865017361
131381
0.0610007957176
131401
0.0657356770833
131421
0.0648763020833
131441
0.0688577835648
131461
0.0678804976852
131481
0.0705128761574
131501
0.0742567274306
131521
0.0732667824074
131541
0.0753052662037
131561
0.0677202690972
131581
0.0754857494213
131601
0.0704600694444
131621
0.113038917824
131641
0.0753486689815
131661
0.0712221498843
131681
0.107542317708
131701
0.185149377894
131721
0.0507946325231
131741
0.0503334780093
131761
0.0492252604167
131781
0.0665559895833
131801
0.0766449652778
131821
0.0727271412037
131841
0.064097583912
131861
0.0624345341435
131881
0.0674233217593
131901
0.0788928674769
131921
0.0748166232639
131941
0.0754188368056
131961
0.0739011863426
131981
0.0755367476852
132001
0.0782631655093
132021
0.0773050491898
132041
0.0756756365741
132061
0.111592158565
132081
0.131819299769
132101
0.655302010995
132121
0.992673972801
132141
1.0
132161
0.0588527199074
132181
0.0586237702546
132201
0.0587015335648
132221
0.058695384838
132241
0.058472583912
132261
0.0596846064815
132281
0.0609190538194
132301
0.059388744213
132321
0.0558962673611
132341
0.0561396846065
132361
0.055591724537
132381
0.0537706163194
132401
0.0618504050926
132421
0.0534295428241
132441
0.0551508246528
132461
0.0544122540509
132481
0.0554065393519
132501
0.0583412905093
132521
0.0579134114583
132541
0.0572833478009
132561
0.0562471064815
132581
0.0549819155093
132601
0.0553772424769
132621
0.0594968894676
132641
0.0568362991898
132661
0.0554249855324
132681
0.055101634838
132701
0.0556731047454
132721
0.0558376736111
132741
0.0559458188657
132761
0.0558308015046
132781
0.0545627170139
132801
0.0556459780093
132821
0.0551508246528
132841
0.056011646412
132861
0.0571039496528
132881
0.0619712094907
132901
0.0637481915509
132921
0.0612727864583
132941
0.0595666956019
132961
0.0588060619213
132981
0.0580530237269
133001
0.0549681712963
133021
0.0543250868056
133041
0.0584852430556
133061
0.0569712094907
133081
0.0558250144676
133101
0.0553645833333
133121
0.0594444444444
133141
0.0562807436343
133161
0.0580367476852
133181
0.0536631944444
133201
0.0533387586806
133221
0.0531235532407
133241
0.0571860532407
133261
0.0567708333333
133281
0.0645771846065
133301
0.0632530381944
133321
0.062132884838
133341
0.0575788483796
133361
0.0568974247685
133381
0.0567502170139
133401
0.0643413628472
133421
0.0651345486111
133441
0.0649077690972
133461
0.064330150463
133481
0.0637315538194
133501
0.0617791521991
133521
0.0572359664352
133541
0.0585930266204
133561
0.0678005642361
133581
0.067201244213
133601
0.0674696180556
133621
0.0975376157407
133641
0.0965057146991
133661
0.0806235532407
133681
0.0561476417824
133701
0.0560510706019
133721
0.0572077546296
133741
0.0553063512731
133761
0.0568677662037
133781
0.0548126446759
133801
0.0589934172454
133821
0.0627821180556
133841
0.0629470486111
133861
0.0638140190972
133881
0.0645402922454
133901
0.0645572916667
133921
0.0635163483796
133941
0.0641851128472
133961
0.0641493055556
133981
0.058623046875
134001
0.0784364149306
134021
0.0640798611111
134041
0.0547175202546
134061
0.0541167534722
134081
0.0538664641204
134101
0.061996166088
134121
0.0639322916667
134141
0.0610528790509
134161
0.0617220052083
134181
0.0610517939815
134201
0.0637134693287
134221
0.0674291087963
134241
0.0677434172454
134261
0.0662337239583
134281
0.0640838396991
134301
0.0634508825231
134321
0.0610763888889
134341
0.0612890625
134361
0.0623289207176
134381
0.056761791088
134401
0.0610460069444
134421
0.0560271990741
134441
0.0534096498843
134461
0.055537109375
134481
0.0531278935185
134501
0.0672272858796
134521
0.0679720052083
134541
0.0680591724537
134561
0.0741163917824
134581
0.154364872685
134601
0.107865668403
134621
0.104107349537
134641
0.105621021412
134661
0.105133101852
134681
0.143011067708
134701
0.223298249421
134721
0.163992693866
134741
0.163728660301
134761
0.161706452546
134781
0.163658854167
134801
0.181099537037
134821
0.155130931713
134841
0.10250072338
134861
0.133666087963
134881
0.060806568287
134901
0.0614228877315
134921
0.0598220486111
134941
0.0592165798611
134961
0.0587424045139
134981
0.0612619357639
135001
0.0626967592593
135021
0.0579796006944
135041
0.0601623987269
135061
0.0634425636574
135081
0.0613208912037
135101
0.0611950231481
135121
0.0611147280093
135141
0.0582194010417
135161
0.058472583912
135181
0.0571824363426
135201
0.0541753472222
135221
0.0522464554398
135241
0.0519122540509
135261
0.0519274450231
135281
0.0534331597222
135301
0.0592932581019
135321
0.0527434172454
135341
0.0601164641204
135361
0.0594343171296
135381
0.0593963396991
135401
0.0562452980324
135421
0.0615444155093
135441
0.067251880787
135461
0.057412109375
135481
0.0557233796296
135501
0.0549142795139
135521
0.0543196614583
135541
0.0536454716435
135561
0.0534809027778
135581
0.0524027054398
135601
0.0522804542824
135621
0.0534801793981
135641
0.0536715133102
135661
0.0535557725694
135681
0.0539659288194
135701
0.0528305844907
135721
0.0529097945602
135741
0.0543909143519
135761
0.052710865162
135781
0.0523719618056
135801
0.0535998987269
135821
0.0534403935185
135841
0.0540328414352
135861
0.0578880931713
135881
0.0565227141204
135901
0.0541084346065
135921
0.0540281394676
135941
0.0558015046296
135961
0.0556253616898
135981
0.0556651475694
136001
0.0561693431713
136021
0.0559212239583
136041
0.062386791088
136061
0.0625868055556
136081
0.0617082609954
136101
0.0619741030093
136121
0.0616290509259
136141
0.0616384548611
136161
0.0621636284722
136181
0.0616742621528
136201
0.0611053240741
136221
0.0602687355324
136241
0.0594939959491
136261
0.056753833912
136281
0.0566409866898
136301
0.055728443287
136321
0.0541239872685
136341
0.0602582465278
136361
0.0545793547454
136381
0.0529734519676
136401
0.0564279513889
136421
0.0566290509259
136441
0.0564970341435
136461
0.0575777633102
136481
0.0565805844907
136501
0.0562818287037
136521
0.0569303385417
136541
0.0534060329861
136561
0.0512489149306
136581
0.0503779658565
136601
0.0496129918981
136621
0.0499164496528
136641
0.050923755787
136661
0.0506792534722
136681
0.0518019386574
136701
0.0604466869213
136721
0.0606665943287
136741
0.0607928240741
136761
0.0578059895833
136781
0.0592842158565
136801
0.0589955873843
136821
0.0544646990741
136841
0.0536541521991
136861
0.0548473668981
136881
0.054306640625
136901
0.0526902488426
136921
0.0538147424769
136941
0.0580078125
136961
0.0634280960648
136981
0.0646824363426
137001
0.0642361111111
137021
0.0641793258102
137041
0.0650325520833
137061
0.0638284866898
137081
0.065068359375
137101
0.0637084056713
137121
0.0633058449074
137141
0.06384765625
137161
0.0641518373843
137181
0.0651359953704
137201
0.0634642650463
137221
0.0629188368056
137241
0.0635767505787
137261
0.0649435763889
137281
0.0645855034722
137301
0.0640751591435
137321
0.0631322337963
137341
0.0644137008102
137361
0.063330078125
137381
0.06291015625
137401
0.06296875
137421
0.064759837963
137441
0.0638230613426
137461
0.0636682581019
137481
0.0637673611111
137501
0.0622388599537
137521
0.0641131365741
137541
0.0641590711806
137561
0.0639644820602
137581
0.0645475260417
137601
0.0649251302083
137621
0.0636852575231
137641
0.0642614293981
137661
0.064892578125
137681
0.0647876880787
137701
0.0645109953704
137721
0.0633640769676
137741
0.0631539351852
137761
0.0631221064815
137781
0.0640563512731
137801
0.0634291811343
137821
0.0633333333333
137841
0.0646267361111
137861
0.0628978587963
137881
0.0608973524306
137901
0.0606101707176
137921
0.0628974971065
137941
0.0636888744213
137961
0.0630580873843
137981
0.0643449797454
138001
0.0627824797454
138021
0.060927734375
138041
0.0630989583333
138061
0.0634544994213
138081
0.0636599392361
138101
0.0629329427083
138121
0.0603931568287
138141
0.0619303385417
138161
0.0633763744213
138181
0.064537037037
138201
0.0640393518519
138221
0.0655870225694
138241
0.0638617621528
138261
0.0620909288194
138281
0.0649135561343
138301
0.0664123987269
138321
0.0657425491898
138341
0.0645345052083
138361
0.0633875868056
138381
0.0639908854167
138401
0.0651884403935
138421
0.0650188078704
138441
0.0647750289352
138461
0.0662514467593
138481
0.0649482783565
138501
0.0644741030093
138521
0.0660083912037
138541
0.0665596064815
138561
0.0646310763889
138581
0.0647649016204
138601
0.0652615017361
138621
0.0659971788194
138641
0.0650159143519
138661
0.0642288773148
138681
0.0641196469907
138701
0.0645779079861
138721
0.0650665509259
138741
0.0622327112269
138761
0.0640165653935
138781
0.0638751446759
138801
0.0640465856481
138821
0.0636060474537
138841
0.0636277488426
138861
0.0650271267361
138881
0.065576171875
138901
0.0630725549769
138921
0.0629202835648
138941
0.0634259259259
138961
0.0628490306713
138981
0.0624464699074
139001
0.0631398292824
139021
0.0628888165509
139041
0.0646538628472
139061
0.0646310763889
139081
0.0631278935185
139101
0.0628935185185
139121
0.0656394675926
139141
0.0662521701389
139161
0.0644896556713
139181
0.0641359230324
139201
0.0633510561343
139221
0.0644263599537
139241
0.063121021412
139261
0.0641605179398
139281
0.0656633391204
139301
0.0633525028935
139321
0.0629040075231
139341
0.0626092303241
139361
0.0632884837963
139381
0.0659136284722
139401
0.0640650318287
139421
0.0613245081019
139441
0.0617151331019
139461
0.06240234375
139481
0.0600831886574
139501
0.0618811487269
139521
0.0623093894676
139541
0.0608785445602
139561
0.062007740162
139581
0.0630711082176
139601
0.0632081886574
139621
0.0625676359954
139641
0.0631228298611
139661
0.0634020543981
139681
0.0626710792824
139701
0.0623556857639
139721
0.0610246672454
139741
0.0612536168981
139761
0.0630143229167
139781
0.062724609375
139801
0.0651812065972
139821
0.0645279947917
139841
0.0644549334491
139861
0.0651334635417
139881
0.0648162615741
139901
0.0655345775463
139921
0.0650278501157
139941
0.0653956886574
139961
0.0642335792824
139981
0.0652220775463
140001
0.0658268229167
140021
0.0644838686343
140041
0.0644657841435
140061
0.0646520543981
140081
0.0640592447917
140101
0.0652604166667
140121
0.0663075086806
140141
0.0655960648148
140161
0.0659107349537
140181
0.0668706597222
140201
0.066851490162
140221
0.0668967013889
140241
0.0670081018519
140261
0.0647348813657
140281
0.0649587673611
140301
0.0642824074074
140321
0.0641413483796
140341
0.0661548755787
140361
0.0659465422454
140381
0.0662688078704
140401
0.0662333622685
140421
0.0658998842593
140441
0.0654488570602
140461
0.0672186053241
140481
0.0794954427083
140501
0.0800817418981
140521
0.0812471064815
140541
0.121416377315
140561
1.0
140581
1.0
