124725
0.0822360195399
124745
0.0685254303847
124765
0.0743492279842
124785
0.0760038935379
124805
0.0838043968274
124825
0.0575507515884
124845
0.0665661144218
124865
0.0762841102799
124885
0.076225777651
124905
0.124078784709
124925
0.124651104842
124945
0.127013246129
124965
0.112353486046
124985
0.108735762436
125005
0.0933346276573
125025
0.0679502486511
125045
0.0672588419058
125065
0.0702197181015
125085
0.069684378654
125105
0.0711772537086
125125
0.0966336129778
125145
0.10256527091
125165
0.104620560557
125185
0.12202899814
125205
0.114528742798
125225
0.199510137991
125245
0.212020175605
125265
0.0682993639322
125285
0.0675155054731
125305
0.0723251958215
125325
0.0691888814928
125345
0.0815153364186
125365
0.120626373568
125385
0.157145681008
125405
0.11689264507
125425
0.117767194258
125445
0.113934190229
125465
0.125469962878
125485
0.0606329156277
125505
0.0520049694997
125525
0.0557347357818
125545
0.0575463491258
125565
0.0529836369272
125585
0.0609719052449
125605
0.209790108195
125625
0.161064092811
125645
0.0878005120944
125665
0.0800614231577
125685
0.0650650948114
125705
0.0700139029768
125725
0.090731891791
125745
0.0939249978868
125765
0.0477682596537
125785
0.0394491462745
125805
0.0426184790725
125825
0.0433400426863
125845
0.0613060521533
125865
0.0518792791936
125885
0.105093164913
125905
0.112396410056
125925
0.100576458448
125945
0.0961530841892
125965
0.0603055925362
125985
0.0808569481425
126005
0.0751641238043
126025
0.0803533064255
126045
0.0735578853387
126065
0.0710048972994
126085
0.0479075975938
126105
0.0526351820154
126125
0.072429093938
126145
0.0708206542412
126165
0.067804086894
126185
0.0743873092853
126205
0.0679073246411
126225
0.0472932339433
126245
0.0491620793007
126265
0.0837493660454
126285
0.089128294803
126305
0.0880345029796
126325
0.0404575303242
126345
0.0409149461843
126365
0.0706716308835
126385
0.0796121518533
126405
0.0799302297733
126425
0.0837564099855
126445
0.0856281169435
126465
0.0516499108942
126485
0.0506925954102
126505
0.101347329642
126525
0.0913205010355
126545
0.0934281799868
126565
0.0812505282955
126585
0.0791071893975
126605
0.067659686122
126625
0.0770433149486
126645
0.0762856511418
126665
0.0422607789893
126685
0.0425572848428
126705
0.0421113153854
126725
0.0660739191074
126745
0.0707013475057
126765
0.0685731971035
126785
0.0587046370258
126805
0.0557904269332
126825
0.0565023051294
126845
0.045764698942
126865
0.0451956806559
126885
0.0453995146725
126905
0.0451364675345
126925
0.0453303960103
126945
0.0586368391023
126965
0.0584567783836
126985
0.0531355218855
127005
0.0526644583914
127025
0.0537234707606
127045
0.0632523808518
127065
0.0611240103264
127085
0.0605563127791
127105
0.0824405139259
127125
0.058933565079
127145
0.0574151557415
127165
0.091500121508
127185
0.0821772466647
127205
0.0868997682544
127225
0.0611414000535
127245
0.0656754962456
127265
0.0570656002141
127285
0.0581668762239
127305
0.0594911369624
127325
0.068023989899
127345
0.0638891970613
127365
0.0661652702055
127385
0.0676863210205
127405
0.0666433776397
127425
0.0524843976727
127445
0.0534533796825
127465
0.0583068745333
127485
0.0712754286238
127505
0.0742706440274
127525
0.0702877361481
127545
0.0713460881479
127565
0.0617577448121
127585
0.052043270924
127605
0.0508984105349
127625
0.0504084164518
127645
0.0507282553569
127665
0.0518444997394
127685
0.0522975131369
127705
0.0593680881338
127725
0.061310674739
127745
0.0594565776313
127765
0.0667534392038
127785
0.0664569333502
127805
0.0425733538312
127825
0.0440450970655
127845
0.0514755733767
127865
0.0740555837313
127885
0.062823140752
127905
0.0666660503219
127925
0.087426743023
127945
0.0830282426778
127965
0.0788804625755
127985
0.0521302195596
128005
0.0523406572701
128025
0.0669493487877
128045
0.0629954971613
128065
0.0597050966429
128085
0.0601633929955
128105
0.0588014912021
128125
0.0571171090261
128145
0.0549004691264
128165
0.0541789055126
128185
0.0526642382683
128205
0.0534674675627
128225
0.0532649542848
128245
0.0551304977952
128265
0.0498429201358
128285
0.04974188362
128305
0.0468697170449
128325
0.0525191771269
128345
0.0538077779187
128365
0.0546198121381
128385
0.0658256202189
128405
0.0534668071933
128425
0.0531055851401
128445
0.101874084288
128465
0.0780133975741
128485
0.0805754106617
128505
0.0842140459688
128525
0.0794721535438
128545
0.080758112858
128565
0.104934456137
128585
0.122302391065
128605
0.0583977853852
128625
0.0630406224025
128645
0.058057034783
128665
0.0544600027471
128685
0.0585052054717
128705
0.0591631535015
128725
0.0632640473775
128745
0.0981352929575
128765
0.116773998704
128785
0.091206257132
128805
0.119018814364
128825
0.120959860107
128845
0.123638978699
128865
0.137773965245
128885
0.0660703971373
128905
0.0901344776214
128925
0.0502210916698
128945
0.0741993241339
128965
0.0718087869631
128985
0.113496365327
129005
0.147972049646
129025
0.148249404787
129045
0.153889179451
129065
0.181075266261
129085
0.179343777736
129105
0.0707279824042
129125
0.0835089915895
129145
0.0869466544807
129165
0.0729798420044
129185
0.087366649409
129205
0.114689432681
129225
0.104878544863
129245
0.0929018655875
129265
0.0901976529592
129285
0.0835085513433
129305
0.0858304100982
129325
0.0846976564811
129345
0.0826377442486
129365
0.110616714565
129385
0.0661604274967
129405
0.116912236028
129425
0.0765187615345
129445
0.0830436512968
129465
0.0772779662032
129485
0.0952948241128
129505
0.0977430335432
129525
0.0795104549681
129545
0.0590445071355
129565
0.0868181025739
129585
0.0736705883803
129605
0.0716747319781
129625
0.0777703816407
129645
0.0749411390756
129665
0.0646904452475
129685
0.114323808165
129705
0.120316660327
129725
0.0821506117662
129745
0.0835230794697
129765
0.084195555626
129785
0.084561620388
129805
0.0846190725244
129825
0.0850540358255
129845
0.0839774136061
129865
0.0814228847048
129885
0.0756199988025
129905
0.0594484330755
129925
0.0616368972148
129945
0.0582606486764
129965
0.0546074852429
129985
0.0501812493837
130005
0.0488649130778
130025
0.0487984358931
130045
0.0487702601327
130065
0.0489012333939
130085
0.0483887867518
130105
0.0485303259231
130125
0.0483515859431
130145
0.0486850724821
130165
0.0484656097235
130185
0.0489016736402
130205
0.0494094976966
130225
0.0487880901061
130245
0.0485085337334
130265
0.0485116154572
130285
0.0486357649015
130305
0.0490531183523
130325
0.048779285181
130345
0.0488140646352
130365
0.0486130922193
130385
0.048636645394
130405
0.0487132482425
130425
0.0487178708282
130445
0.0487850083823
130465
0.0488279323923
130485
0.0485294454306
130505
0.0489230255836
130525
0.0488197878365
130545
0.0488028383557
130565
0.0485389107251
130585
0.0485503571278
130605
0.0485569608216
130625
0.989437611823
130645
0.989385442641
130665
0.989396228674
130685
0.989416259879
130705
0.984589840173
130725
0.984433112506
130745
0.984387767141
130765
0.984444338785
130785
0.974967817999
130805
0.975129608498
130825
0.975154482411
130845
0.975170991646
130865
0.985362472353
130885
0.986837297311
130905
0.986989622515
130925
0.986991163377
130945
0.973835944874
130965
0.974047923446
130985
0.974087325486
131005
0.981637768902
131025
0.981588901568
131045
0.985381623065
131065
0.985338699055
131085
0.983873339391
131105
0.983854628925
131125
0.983794975558
131145
0.98377758583
131165
0.993228352211
131185
0.993208100883
131205
0.993288886071
131225
0.989743803094
131245
0.990292570052
131265
0.99028398525
131285
0.991190232168
131305
0.993577687615
131325
0.99391227477
131345
0.993974349492
131365
0.993979192201
131385
0.98759584161
131405
0.987587917177
131425
0.987608168505
131445
0.987513955806
131465
0.993411494654
131485
0.993349860178
131505
0.993362407196
131525
0.983838119691
131545
0.983843402646
131565
0.983875100376
131585
0.983838339814
131605
0.992692132271
131625
0.993358665103
131645
0.993268854867
131665
0.993332250328
131685
0.9969867345
131705
0.996981891791
131725
0.997047048237
131745
0.997042645774
131765
0.995615807658
131785
0.995780900004
131805
0.995837911894
131825
0.995905929941
131845
0.984841000662
131865
0.984879742333
131885
0.984802919361
131905
0.973077180452
131925
0.97355484764
131945
0.973621324824
131965
0.973602614358
131985
0.95002522611
132005
0.95032283258
132025
0.950399875674
132045
0.950972856177
132065
0.950386007917
132085
0.950418366017
132105
0.950325914303
132125
0.987727915487
132145
0.98772461364
132165
0.987815744615
132185
0.987751688785
132205
0.937516068988
132225
0.937916032712
132245
0.938288701168
132265
0.937837668878
132285
0.938018169843
132305
0.93826492787
132325
0.938121627714
132345
0.948057105222
132365
0.948293297339
132385
0.948909201851
132405
0.948031130693
132425
0.947944622304
132445
0.947919088021
132465
0.955108309384
132485
0.955356388149
132505
0.955413620163
132525
0.954899852782
132545
0.955015417424
132565
0.95497293366
132585
0.958616851922
132605
0.959013733922
132625
0.959064582365
132645
0.961903290224
132665
0.961883919389
132685
0.961952157559
132705
0.961910994534
132725
0.972452691137
132745
0.972540520265
132765
0.972561431963
132785
0.97628591529
132805
0.976187080005
132825
0.976200287393
132845
0.956204742685
132865
0.956369835031
132885
0.956383922911
132905
0.956041411324
132925
0.956003550146
132945
0.955932230252
132965
0.950714651748
132985
0.951049018779
133005
0.951192318936
133025
0.950900435668
133045
0.950874461139
133065
0.95081194617
133085
0.950878203232
133105
0.944211994421
133125
0.944310609583
133145
0.944672492005
133165
0.943993192032
133185
0.944125926278
133205
0.944086304115
133225
0.930848319316
133245
0.931971387515
133265
0.932614147049
133285
0.930865268797
133305
0.931852300903
133325
0.932537544201
133345
0.933874792204
133365
0.934285321838
133385
0.935231851288
133405
0.935477288576
133425
0.933945451728
133445
0.935393421664
133465
0.934841572982
133485
0.938448290436
133505
0.938862121917
133525
0.939238532466
133545
0.938276594396
133565
0.938807091134
133585
0.938901303833
133605
0.929526479932
133625
0.930011851429
133645
0.931031461758
133665
0.931565260344
133685
0.930165277249
133705
0.930483135046
133725
0.930559077526
133745
0.891673886705
133765
0.891749168815
133785
0.891763476818
133805
0.889203444839
133825
0.88959548413
133845
0.889787651621
133865
0.964848977924
133885
0.965251803249
133905
0.965256866081
133925
0.965224728104
133945
0.96522230675
133965
0.965201174929
133985
0.95283861981
134005
0.953154056253
134025
0.953174527704
134045
0.953193018047
134065
0.953185313737
134085
0.953319148599
134105
0.953124339631
134125
0.993713503585
134145
0.993875294084
134165
0.993935167575
134185
0.993959821366
134205
0.995043927771
134225
0.994976790217
134245
0.992380217799
134265
1.0
134285
0.999999779877
134305
1.0
