108870
0.119196686921
108890
0.0773853443287
108910
0.0694281684028
108930
0.0698126446759
108950
0.0566200086806
108970
0.0569520399306
108990
0.0559635416667
109010
0.0548947482639
109030
0.0454900896991
109050
0.05322265625
109070
0.0523296440972
109090
0.119792751736
109110
0.125201461227
109130
0.0549066840278
109150
0.0561158130787
109170
0.0546610966435
109190
0.116500289352
109210
0.114539568866
109230
0.11828052662
109250
0.118248336227
109270
0.122615740741
109290
0.22419958044
109310
0.237494936343
109330
0.168390118634
109350
0.0552513744213
109370
0.0545377604167
109390
0.05462890625
109410
0.046070240162
109430
0.0466066261574
109450
0.044820240162
109470
0.0449240451389
109490
0.0446925636574
109510
0.0486433015046
109530
0.0453859230324
109550
0.0463002748843
109570
0.113420500579
109590
0.105653211806
109610
0.0565067997685
109630
0.0566330295139
109650
0.0564377170139
109670
0.0560431134259
109690
0.107822989005
109710
0.107566189236
109730
0.109856770833
109750
0.0418677662037
109770
0.045435474537
109790
0.0464069733796
109810
0.106185980903
109830
0.104828559028
109850
0.105049551505
109870
0.0459342447917
109890
0.0456781684028
109910
0.0450596788194
109930
0.0441008391204
109950
0.111936125579
109970
0.126656901042
109990
0.125377242477
110010
0.105928457755
110030
0.100763527199
110050
0.0454423466435
110070
0.0490089699074
110090
0.0515512876157
110110
0.0495591001157
110130
0.0514131221065
110150
0.0490588831019
110170
0.0486469184028
110190
0.0486845341435
110210
0.0481745515046
110230
0.112821180556
110250
0.122059823495
110270
0.122417534722
110290
0.141317635995
110310
0.143586154514
110330
0.055884693287
110350
0.0432067418981
110370
0.0437713396991
110390
0.0428258825231
110410
0.0558235677083
110430
0.0572084780093
110450
0.0570515046296
110470
0.0565592447917
110490
0.0543543836806
110510
0.0538237847222
110530
0.0531260850694
110550
0.053394458912
110570
0.0532631655093
110590
0.0535481770833
110610
0.0533080150463
110630
0.0529307725694
110650
0.0530378327546
110670
0.103980758102
110690
0.0905425347222
110710
0.08953125
110730
0.0826736111111
110750
0.102632740162
110770
0.0885593894676
110790
0.0889793113426
110810
0.0846983506944
110830
0.0677813946759
110850
0.0500318287037
110870
0.0561357060185
110890
0.118866102431
110910
0.108645833333
110930
0.115007233796
110950
0.112722800926
110970
0.0940042679398
110990
0.112785011574
111010
0.112867476852
111030
0.108647280093
111050
0.109586950231
111070
0.110189525463
111090
0.111864149306
111110
0.1068359375
111130
0.1233203125
111150
0.125453559028
111170
0.127473596644
111190
0.129018735532
111210
0.100397135417
111230
0.103898292824
111250
0.102127459491
111270
0.102164713542
111290
0.0942035590278
111310
0.129598162616
111330
0.129850260417
111350
0.131647858796
111370
0.129903428819
111390
0.129182219329
111410
0.131344762731
111430
0.128409649884
111450
0.0450712528935
111470
0.0452864583333
111490
0.0451255063657
111510
0.0453403501157
111530
0.044439380787
111550
0.0443272569444
111570
0.0466022858796
111590
0.0467183883102
111610
0.114568504051
111630
0.110467303241
111650
0.109272641782
111670
0.0594968894676
111690
0.0563733362269
111710
0.0552275028935
111730
0.0530577256944
111750
0.0577488425926
111770
0.08365234375
111790
0.0815476707176
111810
0.0621990740741
111830
0.0671809895833
111850
0.0739518229167
111870
0.0678855613426
111890
0.072193287037
111910
0.0692466001157
111930
0.069072265625
111950
0.0714811197917
111970
0.0713740596065
111990
0.063824146412
112010
0.0795847800926
112030
0.121896701389
112050
0.0494827835648
112070
0.0479738136574
112090
0.0488078703704
112110
0.0555609809028
112130
0.0553088831019
112150
0.0558062065972
112170
0.090345775463
112190
0.0668927228009
112210
0.0649197048611
112230
0.0608336950231
112250
0.0662210648148
112270
0.0619578269676
112290
0.0599768518519
112310
0.0604206452546
112330
0.0588154658565
112350
0.0741059027778
112370
0.0605403645833
112390
0.0659186921296
112410
0.0603779658565
112430
0.0588624855324
112450
0.0590223524306
112470
0.0777282262731
112490
0.0804814091435
112510
0.0573043258102
112530
0.0772659866898
112550
0.072720630787
112570
0.0833615451389
112590
0.0666276041667
112610
0.0701030815972
112630
0.0676576967593
112650
0.0835481770833
112670
0.0834859664352
112690
0.0832609953704
112710
0.0644480613426
112730
0.0654246238426
112750
0.0888566984954
112770
0.0855450665509
112790
0.087259837963
112810
0.0652723524306
112830
0.0780656828704
112850
0.0886306423611
112870
0.0898969184028
112890
0.0964749710648
112910
0.069574291088
112930
0.0672008825231
112950
0.0678443287037
112970
0.0683774594907
112990
0.0687380642361
113010
0.06171875
113030
0.0690046296296
113050
0.0660217737269
113070
0.0620847800926
113090
0.0468956163194
113110
0.0473126446759
113130
0.050638744213
113150
0.0562131076389
113170
0.0536042390046
113190
0.0555280671296
113210
0.0570464409722
113230
0.0562322771991
113250
0.065824291088
113270
0.0501352719907
113290
0.0372985387731
113310
0.0722790075231
113330
0.0580797887731
113350
0.044623119213
113370
0.03662109375
113390
0.0390020978009
113410
0.037427662037
113430
0.0345902054398
113450
0.074701244213
113470
0.06072265625
113490
0.0717657696759
113510
0.0633087384259
113530
0.067876880787
113550
0.0575188078704
113570
0.102755714699
113590
0.100961009838
113610
0.0920167824074
113630
0.0489565248843
113650
0.0553464988426
113670
0.0525397858796
113690
0.0736064091435
113710
0.048509837963
113730
0.0646361400463
113750
0.0671853298611
113770
0.0584537760417
113790
0.0443580005787
113810
0.0413708043981
113830
0.0464789496528
113850
0.0418713831019
113870
0.0479890046296
113890
0.0495381221065
113910
0.0489847366898
113930
0.049359447338
113950
0.0489210792824
113970
0.0563664641204
113990
0.0564930555556
114010
0.0512568721065
114030
0.0543674045139
114050
0.0515961371528
114070
0.0524197048611
114090
0.0611910445602
114110
0.0617762586806
114130
0.0614503761574
114150
0.0550423177083
114170
0.0621878616898
114190
0.0656181278935
114210
0.0382971643519
114230
0.0394661458333
114250
0.0404025607639
114270
0.059810474537
114290
0.0622898582176
114310
0.0627546296296
114330
0.0643540219907
114350
0.0634299045139
114370
0.0604123263889
114390
0.0602242476852
114410
0.0656843171296
114430
0.0659798177083
114450
0.063021556713
114470
0.0651124855324
114490
0.0677683738426
114510
0.10041051794
114530
0.0984273726852
114550
0.0989185474537
114570
0.101962890625
114590
0.0995677806713
114610
0.0997189670139
114630
0.0994111689815
114650
0.0989684606481
114670
0.100414858218
114690
0.100406901042
114710
0.100504918981
114730
0.0986320891204
114750
0.101529586227
114770
0.100179036458
114790
0.100324074074
114810
0.0984649884259
114830
0.0980219184028
114850
0.0993225549769
114870
0.100460431134
114890
0.0990863715278
114910
0.0994943576389
114930
0.0990885416667
114950
0.0998245804398
114970
0.101781322338
114990
0.101263020833
115010
0.101374421296
115030
0.100458260995
115050
0.0991391782407
115070
0.166865596065
115090
0.164585141782
115110
0.130344690394
115130
0.144926938657
115150
0.135329137731
115170
0.130983072917
115190
0.125319733796
115210
0.109290364583
115230
0.043677662037
115250
0.0394411892361
115270
0.0371885850694
115290
0.0348097511574
115310
0.046273509838
115330
0.0463324652778
115350
0.0586548755787
115370
0.0783807146991
115390
0.0459020543981
115410
0.0625036168981
115430
0.047279369213
115450
0.0613122106481
115470
0.0679658564815
115490
0.0648813657407
115510
0.0611997251157
115530
0.0709031394676
115550
0.0897533275463
115570
0.0887073206019
115590
0.0491478587963
115610
0.102473234954
115630
0.0814203559028
115650
0.131417824074
115670
0.0841167534722
115690
0.0469147858796
115710
0.0527654803241
115730
0.0573810040509
115750
0.053783275463
115770
0.0596361400463
115790
0.0536534288194
115810
0.0557993344907
115830
0.0619263599537
115850
0.0748571325231
115870
0.0650119357639
115890
0.047396556713
115910
0.0460011574074
115930
0.046910083912
115950
0.0464518229167
115970
0.0492531105324
115990
0.10244140625
116010
0.0879021990741
116030
0.106706090856
116050
0.0798582175926
116070
0.143831380208
116090
0.123854528356
116110
0.114619502315
116130
0.110211950231
116150
0.0486020688657
116170
0.0833174189815
116190
0.0796061197917
116210
0.098453052662
116230
0.0934494357639
116250
0.0823835358796
116270
0.0833043981481
116290
0.0800882523148
116310
0.0741941550926
116330
0.0677325665509
116350
0.0827014612269
116370
0.0825329137731
116390
0.0835029658565
116410
0.0835648148148
116430
0.0873976417824
116450
0.0853302228009
116470
0.0858836082176
116490
0.085732421875
116510
0.0899110243056
116530
0.0907718460648
116550
0.0823661747685
116570
0.0799030671296
116590
0.08224609375
116610
0.0903190104167
116630
0.0949826388889
116650
0.110719401042
116670
0.0840946903935
116690
0.0853323929398
116710
0.0832942708333
116730
0.0804694733796
116750
0.0767075376157
116770
0.075345775463
116790
0.0762188946759
116810
0.0752531828704
116830
0.0822750289352
116850
0.0951128472222
116870
0.0988639322917
116890
0.096806640625
116910
0.0891554542824
116930
0.0829839409722
116950
0.0798162615741
116970
0.0779087094907
116990
0.0771596498843
117010
0.0818442563657
117030
0.086498119213
117050
1.0
117070
0.997689887153
117090
0.993671875
117110
0.989584418403
117130
0.982961154514
117150
0.980426432292
117170
0.976759982639
117190
0.972493489583
117210
0.966570095486
117230
0.959626736111
117250
0.95359375
117270
0.947804904514
117290
0.947035590278
117310
0.941540798611
117330
0.937899305556
117350
0.935319010417
117370
0.934310980903
117390
0.936695963542
117410
0.935858289931
117430
0.934004991319
117450
0.933024088542
117470
0.932161458333
117490
0.934279513889
117510
0.937930772569
117530
0.939773220486
117550
0.941625434028
117570
0.939231770833
117590
0.935806206597
117610
0.936681857639
117630
0.940211588542
117650
0.941138237847
117670
0.939970703125
117690
0.940323350694
117710
0.941724175347
117730
0.943620876736
117750
0.942087673611
117770
0.942860243056
117790
0.94126953125
117810
0.939422743056
117830
0.941412760417
117850
0.944268663194
117870
0.943990885417
117890
0.939978298611
117910
0.938842230903
117930
0.939307725694
117950
0.936259765625
117970
0.938288845486
117990
0.936947699653
118010
0.935352647569
118030
0.935041232639
118050
0.935633680556
118070
0.935571831597
118090
0.933266059028
118110
0.930287543403
118130
0.930619574653
118150
0.931653645833
118170
0.932475043403
118190
0.936396484375
118210
0.935192057292
118230
0.928637152778
118250
0.932132161458
118270
0.928438585069
118290
0.926936848958
118310
0.923455946181
118330
0.926156684028
118350
0.925828993056
118370
0.927975260417
118390
0.928866102431
118410
0.929594184028
118430
0.931809895833
118450
0.929186197917
118470
0.925766059028
118490
0.929367404514
118510
0.933566623264
118530
0.934186197917
118550
0.93581958912
118570
0.940257161458
118590
0.945456090856
118610
0.951435908565
118630
0.95710901331
118650
0.958897931134
118670
0.963379991319
118690
0.969184389468
118710
0.972606336806
118730
0.978469690394
118750
0.981752748843
118770
0.985960648148
118790
0.994142795139
118810
1.0
118830
1.0
118850
1.0
