145610
0.0948954716435
145630
0.0933984375
145650
0.0941257957176
145670
0.0938885271991
145690
0.0923600260417
145710
0.0944292534722
145730
0.100164568866
145750
0.10105541088
145770
0.0995189525463
145790
0.0997312644676
145810
0.0988024450231
145830
0.098216869213
145850
0.0943178530093
145870
0.0940769675926
145890
0.093656322338
145910
0.094849537037
145930
0.0950759548611
145950
0.0915794994213
145970
0.0915491174769
145990
0.0908380353009
146010
0.0914474826389
146030
0.0906705729167
146050
0.0902029079861
146070
0.0915241608796
146090
0.090689380787
146110
0.0895540364583
146130
0.0870091869213
146150
0.0883091001157
146170
0.0877705439815
146190
0.0880714699074
146210
0.0899359809028
146230
0.091474609375
146250
0.0885622829861
146270
0.0884772858796
146290
0.089859302662
146310
0.0902209924769
146330
0.0925983796296
146350
0.0928888165509
146370
0.0934118200231
146390
0.0923546006944
146410
0.0929777922454
146430
0.091351634838
146450
0.0894643373843
146470
0.0866485821759
146490
0.0875542534722
146510
0.0852477575231
146530
0.0826703559028
146550
0.083882740162
146570
0.0845808015046
146590
0.0857761863426
146610
0.0850412326389
146630
0.0879181134259
146650
0.0893127893519
146670
0.0888765914352
146690
0.0900061487269
146710
0.0896560329861
146730
0.088841869213
146750
0.0877115885417
146770
0.0891579861111
146790
0.0879383680556
146810
0.0886223234954
146830
0.08509765625
146850
0.0860138165509
146870
0.0878287760417
146890
0.0864377170139
146910
0.0888310185185
146930
0.0866988570602
146950
0.0861226851852
146970
0.0901490162037
146990
0.0854253472222
147010
0.0806456163194
147030
0.080751953125
147050
0.0793174913194
147070
0.0774312789352
147090
0.0774363425926
147110
0.0769972511574
147130
0.0779076244213
147150
0.078919994213
147170
0.0827955005787
147190
0.0836158130787
147210
0.0742183883102
147230
0.0703483072917
147250
0.0709606481481
147270
0.0707787181713
147290
0.0731213831019
147310
0.0767310474537
147330
0.0803642216435
147350
0.0781004050926
147370
0.0769733796296
147390
0.0780913628472
147410
0.0790737123843
147430
0.0801761429398
147450
0.0803772424769
147470
0.0788284866898
147490
0.0762861689815
147510
0.0768037471065
147530
0.076416015625
147550
0.0721936487269
147570
0.0702369068287
147590
0.0705551938657
147610
0.0726743344907
147630
0.0721925636574
147650
0.0737514467593
147670
0.076806640625
147690
0.0743250868056
147710
0.0732732928241
147730
0.0730027488426
147750
0.0747743055556
147770
0.0750922309028
147790
0.0783018663194
147810
0.0785521556713
147830
0.0759411168981
147850
0.0764796730324
147870
0.0807570167824
147890
0.0830924479167
147910
0.0859020543981
147930
0.0849591290509
147950
0.0822703269676
147970
0.074663990162
147990
0.0760666232639
148010
0.0798423032407
148030
0.0774468315972
148050
0.0758478009259
148070
0.074439380787
148090
0.0717375578704
148110
0.0718507667824
148130
0.0723853443287
148150
0.0706962528935
148170
0.0721213107639
148190
0.0733742042824
148210
0.0740925202546
148230
0.0767549189815
148250
0.0768145978009
148270
0.0759454571759
148290
0.0731427228009
148310
0.0700390625
148330
0.0710355179398
148350
0.0687731481481
148370
0.0718467881944
148390
0.0731749131944
148410
0.0752488425926
148430
0.0764416956019
148450
0.0737872540509
148470
0.0742646846065
148490
0.0752416087963
148510
0.076048900463
148530
0.0786838107639
148550
0.0774793836806
148570
0.0765755208333
148590
0.0753833912037
148610
0.0737760416667
148630
0.0673162615741
148650
0.0658130787037
148670
0.0656629774306
148690
0.0664879918981
148710
0.064576099537
148730
0.0656792534722
148750
0.0642303240741
148770
0.0688863570602
148790
0.0712217881944
148810
0.0684534143519
148830
0.0643583622685
148850
0.0692234519676
148870
0.0694690393519
148890
0.0661266637731
148910
0.0722699652778
148930
0.0704879195602
148950
0.0709602864583
148970
0.0735521556713
148990
0.0743522135417
149010
0.0718912760417
149030
0.07099609375
149050
0.0719061053241
149070
0.0748455584491
149090
0.0750806568287
149110
0.0747258391204
149130
0.0739029947917
149150
0.0758709490741
149170
0.0799193431713
149190
0.0825719762731
149210
0.0839420572917
149230
0.0825010850694
149250
0.0826095920139
149270
0.0792335792824
149290
0.0772247540509
149310
0.0723831741898
149330
0.0705063657407
149350
0.0721842447917
149370
0.0727300347222
149390
0.0752973090278
149410
0.0778479456019
149430
0.0789767795139
149450
0.0766279658565
149470
0.0734696903935
149490
0.0725383391204
149510
0.0736176215278
149530
0.0732649739583
149550
0.0731524884259
149570
0.0722601996528
149590
0.0747681568287
149610
0.0775307436343
149630
0.0792610677083
149650
0.0793598090278
149670
0.0768120659722
149690
0.0802875434028
149710
0.0791178385417
149730
0.0764539930556
149750
0.0734465422454
149770
0.0725629340278
149790
0.0724385127315
149810
0.0733091001157
149830
0.074867259838
149850
0.0787742332176
149870
0.0799754050926
149890
0.0782458043981
149910
0.0757190393519
149930
0.074790943287
149950
0.0749117476852
149970
0.0758235677083
149990
0.0753193721065
150010
0.0759526909722
150030
0.0738096788194
150050
0.0763975694444
150070
0.078511646412
150090
0.0772717737269
150110
0.0734309895833
150130
0.0736302806713
150150
0.0705450665509
150170
0.0719368489583
150190
0.0715823929398
150210
0.0724320023148
150230
0.0720988859954
150250
0.0731271701389
150270
0.0770985243056
150290
0.0771433738426
150310
0.0760384114583
150330
0.074046947338
150350
0.0750289351852
150370
0.0783680555556
150390
0.0766482204861
150410
0.0785962818287
150430
0.0771795428241
150450
0.0731065538194
150470
0.0751888020833
150490
0.0802998408565
150510
0.0785970052083
150530
0.07609375
150550
0.0737745949074
150570
0.0723734085648
150590
0.0707732928241
150610
0.0694552951389
150630
0.0676378038194
150650
0.0692216435185
150670
0.07154296875
150690
0.0745974392361
150710
0.0738295717593
150730
0.0745554832176
150750
0.0746119068287
150770
0.071605541088
150790
0.072554615162
150810
0.0757288049769
150830
0.0741565393519
150850
0.0725983796296
150870
0.07259765625
150890
0.0721820746528
150910
0.0759273726852
150930
0.0798904079861
150950
0.0799562355324
150970
0.0756195746528
150990
0.0727275028935
151010
0.0684295428241
151030
0.0710007957176
151050
0.0683962673611
151070
0.0716901765046
151090
0.0717071759259
151110
0.0768525752315
151130
0.0763031684028
151150
0.0811631944444
151170
0.0812789351852
151190
0.0783463541667
151210
0.0753747106481
151230
0.0791663049769
151250
0.0795771846065
151270
0.0792390046296
151290
0.0776428674769
151310
0.076978443287
151330
0.0754390914352
151350
0.0758922887731
151370
0.0815024594907
151390
0.0757761863426
151410
0.0819524016204
151430
0.0767795138889
151450
0.0773853443287
151470
0.0776927806713
151490
0.0774395978009
151510
0.0793088107639
151530
0.0798401331019
151550
0.0864673755787
151570
0.0896216724537
151590
0.0900321903935
151610
0.081675708912
151630
0.0819093605324
151650
0.081015625
151670
0.0817639612269
151690
0.0810286458333
151710
0.0840339265046
151730
0.0842867476852
151750
0.0853634982639
151770
0.0844921875
151790
0.0841948784722
151810
0.082353515625
151830
0.0812912326389
151850
0.0815635850694
151870
0.0810413049769
151890
0.082748119213
151910
0.0865147569444
151930
0.0866127748843
151950
0.0863708043981
151970
0.0839952256944
151990
0.0801906105324
152010
0.0815433304398
152030
0.0837123842593
152050
0.0867570891204
152070
0.0874012586806
152090
0.0880439814815
152110
0.0897913049769
152130
0.0915928819444
152150
0.0917017505787
152170
0.0907913773148
152190
0.0894303385417
152210
0.0888838252315
152230
0.0903370949074
152250
0.0887225115741
152270
0.0868037471065
152290
0.0862127459491
152310
0.0857291666667
152330
0.0830298755787
152350
0.0830768952546
152370
0.0817867476852
152390
0.0830132378472
152410
0.0860232204861
152430
0.08345703125
152450
0.0854640480324
152470
0.0838053385417
152490
0.0813559751157
152510
0.0800477430556
152530
0.0806264467593
152550
0.0816163917824
152570
0.0837481915509
152590
0.08669921875
152610
0.0866880063657
152630
0.0874797453704
152650
0.0870732060185
152670
0.0864152922454
152690
0.0850513599537
152710
0.0841326678241
152730
0.0834508825231
152750
0.0823755787037
152770
0.0825115740741
152790
0.0859660734954
152810
0.086146556713
152830
0.0847041377315
152850
0.0832291666667
152870
0.080628978588
152890
0.0800864438657
152910
0.082154224537
152930
0.0827021846065
152950
0.0855660445602
152970
0.0851945891204
152990
0.0883984375
153010
0.0888277633102
153030
0.0892118778935
153050
0.0900871672454
153070
0.0901359953704
153090
0.0907110821759
153110
0.0922627314815
153130
0.0925119357639
153150
0.0916145833333
153170
0.0908434606481
153190
0.0886411313657
153210
0.0890747974537
153230
0.0872468171296
153250
0.0864670138889
153270
0.085619212963
153290
0.0868952546296
153310
0.0857016782407
153330
0.0861657262731
153350
0.0853841145833
153370
0.0847005208333
153390
0.0856825086806
153410
0.0858221209491
153430
0.0882931857639
153450
0.090033275463
153470
0.0887528935185
153490
0.0882418258102
153510
0.0869089988426
153530
0.0851678240741
153550
0.0844071903935
153570
0.0841272424769
153590
0.0833966290509
153610
0.0843294270833
153630
0.0825484664352
153650
0.083316333912
153670
0.0832269965278
153690
0.0835203269676
153710
0.0853190104167
153730
0.0850882523148
153750
0.0910246672454
153770
0.0985304542824
153790
0.100730975116
153810
0.107392578125
153830
0.111893084491
153850
0.111399016204
153870
0.159685691551
153890
0.228943142361
153910
0.314007884838
153930
0.383811848958
153950
0.443813295718
153970
0.52236328125
153990
0.593497178819
154010
0.665043764468
154030
0.736117983218
154050
0.800536747685
154070
0.869694372106
154090
0.932944155093
154110
0.975694806134
154130
0.983119574653
154150
0.983646556713
154170
0.983899739583
154190
0.98628870081
154210
0.984305193866
154230
0.979896918403
154250
0.976099175347
154270
0.97357494213
154290
0.96755787037
154310
0.965907841435
154330
0.966161024306
154350
0.953825231481
154370
0.950417028356
154390
0.950428240741
154410
0.94212926794
154430
0.934962384259
154450
0.941370804398
154470
0.933726851852
154490
0.931650752315
154510
0.929619502315
154530
0.93281286169
154550
0.925303457755
154570
0.927061993634
154590
0.934266131366
154610
0.929915364583
154630
0.928505497685
154650
0.934067925347
154670
0.934666521991
154690
0.926259403935
154710
0.939416232639
154730
0.944738136574
154750
0.949539207176
154770
0.950222800926
154790
0.957345558449
154810
0.961344762731
154830
0.970894820602
154850
0.97714771412
154870
0.981038773148
154890
0.981322699653
154910
0.989322193287
154930
1.0
154950
1.0
154970
1.0
154990
1.0
155010
1.0
155030
1.0
155050
1.0
155070
1.0
155090
1.0
155110
0.063294994213
155130
0.0630949797454
155150
0.0625274884259
155170
0.0633611834491
155190
0.0868117042824
