128562
0.134174178686
128582
0.132731870994
128602
0.0783864182692
128622
0.0783122996795
128642
0.0790169270833
128662
0.0785456730769
128682
0.0789483173077
128702
0.0788757011218
128722
0.0796364182692
128742
0.105057091346
128762
0.108006310096
128782
0.111336137821
128802
0.110631009615
128822
0.110708133013
128842
0.109700020032
128862
0.103589242788
128882
0.0962249599359
128902
0.0934229767628
128922
0.0930689102564
128942
0.0919015424679
128962
0.0921474358974
128982
0.136921574519
129002
0.135634515224
129022
0.13462489984
129042
0.135526842949
129062
0.136137820513
129082
0.135466245994
129102
0.134524739583
129122
0.133481570513
129142
0.0961057692308
129162
0.0946188902244
129182
0.0945648036859
129202
0.0943389423077
129222
0.0950886418269
129242
0.0960757211538
129262
0.0957872596154
129282
0.096070713141
129302
0.0934755608974
129322
0.0938842147436
129342
0.0987825520833
129362
0.0968955328526
129382
0.0922501001603
129402
0.0988110977564
129422
0.0836974158654
129442
0.100862379808
129462
0.100819310897
129482
0.0991486378205
129502
0.113102463942
129522
0.136404246795
129542
0.137653245192
129562
0.138458533654
129582
0.0931325120192
129602
0.095406650641
129622
0.0980203325321
129642
0.099921875
129662
0.101417768429
129682
0.139925380609
129702
0.141138321314
129722
0.138561698718
129742
1.0
129762
0.994247295673
129782
0.994314903846
129802
0.994305889423
129822
0.994305889423
129842
0.994373497596
129862
0.991981670673
129882
0.9920703125
129902
0.992062800481
129922
0.992062800481
129942
0.991975661058
129962
0.992913161058
129982
0.992023737981
130002
0.992029747596
130022
0.99203125
130042
0.991325120192
130062
1.0
130082
0.989869290865
130102
0.989872295673
130122
0.989872295673
130142
0.98875
130162
1.0
130182
0.990621995192
130202
0.990597956731
130222
0.990597956731
130242
0.990600961538
130262
1.0
130282
0.991356670673
130302
0.991338641827
130322
0.991338641827
130342
0.991338641827
130362
1.0
130382
0.996912560096
130402
0.996935096154
130422
0.996935096154
130442
0.996935096154
130462
1.0
130482
1.0
130502
0.995536358173
130522
0.995570913462
130542
0.991696213942
130562
0.992016225962
130582
0.988464543269
130602
0.988725961538
130622
0.983834134615
130642
0.983568209135
130662
0.980084134615
130682
0.979534254808
130702
0.976068209135
130722
0.973541165865
130742
0.967176983173
130762
0.9653125
130782
0.964350961538
130802
0.959448617788
130822
0.954752103365
130842
0.952337740385
130862
0.951286057692
130882
0.952333233173
130902
0.952758413462
130922
0.954286358173
130942
0.949077524038
130962
0.950420673077
130982
0.947301682692
131002
0.949227764423
131022
0.947354266827
131042
0.950160757212
131062
0.948518629808
131082
0.942896634615
131102
0.943170072115
131122
0.946144831731
131142
0.944263822115
131162
0.943979867788
131182
0.946442307692
131202
0.946664663462
131222
0.946654146635
131242
0.94740234375
131262
0.946131310096
131282
0.945563401442
131302
0.941924579327
131322
0.943173076923
131342
0.946696213942
131362
0.940749699519
131382
0.941547475962
131402
0.946128305288
131422
0.940192307692
131442
0.942783954327
131462
0.946784855769
131482
0.946349158654
131502
0.950294471154
131522
0.95099609375
131542
0.94826171875
131562
0.953499098558
131582
0.948147536058
131602
0.945949519231
131622
0.947850060096
131642
0.946926081731
131662
0.946784855769
131682
0.947806490385
131702
0.949260817308
131722
0.949460637019
131742
0.948895733173
131762
0.949655949519
131782
0.947856069712
131802
0.941693209135
131822
0.943957331731
131842
0.948485576923
131862
0.943287259615
131882
0.937560096154
131902
0.943494591346
131922
0.938763521635
131942
0.936786358173
131962
0.945324519231
131982
0.946585036058
132002
0.945042067308
132022
0.945970552885
132042
0.938900240385
132062
0.939323918269
132082
0.933826622596
132102
0.941382211538
132122
0.945701622596
132142
0.940539362981
132162
0.945969050481
132182
0.951625600962
132202
0.945268930288
132222
0.946353665865
132242
0.949657451923
132262
0.952985276442
132282
0.951876502404
132302
0.955226862981
132322
0.956418269231
132342
0.947424879808
132362
0.942917668269
132382
0.945399639423
132402
0.943553185096
132422
0.946574519231
132442
0.952091346154
132462
0.948692908654
132482
0.94689453125
132502
0.947421875
132522
0.945138221154
132542
0.943673377404
132562
0.947722355769
132582
0.948348858173
132602
0.947418870192
132622
0.953795072115
132642
0.951188401442
132662
0.953081430288
132682
0.954498197115
132702
0.959493689904
132722
0.964435096154
132742
0.968392427885
132762
0.969329927885
132782
0.969855769231
132802
0.968296274038
132822
0.96853515625
132842
0.96935546875
132862
0.966301081731
132882
0.966998197115
132902
0.969271334135
132922
0.966627103365
132942
0.96568359375
132962
0.962588641827
132982
0.962112379808
133002
0.957932692308
133022
0.955999098558
133042
0.951389723558
133062
0.951293569712
133082
0.946950120192
133102
0.948413461538
133122
0.945875901442
133142
0.945075120192
133162
0.945512319712
133182
0.948665865385
133202
0.945467247596
133222
0.946334134615
133242
0.952351262019
133262
0.952193509615
133282
0.956023137019
133302
0.95859375
133322
0.961018629808
133342
0.965476262019
133362
0.965126201923
133382
0.966470853365
133402
0.966721754808
133422
0.964104567308
133442
0.962510516827
133462
0.960404146635
133482
0.9571875
133502
0.957211538462
133522
0.959365985577
133542
0.958557692308
133562
0.962034254808
133582
0.964774639423
133602
0.966986177885
133622
0.967639723558
133642
0.968979867788
133662
0.967408353365
133682
0.964962439904
133702
0.966370192308
133722
0.966583533654
133742
0.965880408654
133762
0.966262019231
133782
0.970441706731
133802
0.970877403846
133822
0.971126802885
133842
0.975022536058
133862
0.979923377404
133882
0.985458233173
133902
0.982262620192
133922
0.978106971154
133942
0.977079326923
133962
0.97697265625
133982
0.977734375
134002
0.970249399038
134022
0.966431790865
134042
0.961717247596
134062
0.963643329327
134082
0.961538461538
134102
0.961033653846
134122
0.962199519231
134142
0.963206129808
134162
0.963377403846
134182
0.967958233173
134202
0.97029296875
134222
0.971008112981
134242
0.971951622596
134262
0.970250901442
134282
0.975238882212
134302
0.978173076923
134322
0.975365084135
134342
0.973634314904
134362
0.968363882212
134382
0.968753004808
134402
0.974047475962
134422
0.976317608173
134442
0.978838641827
134462
0.979788161058
134482
0.978616286058
134502
0.978006310096
134522
0.980036057692
134542
0.978200120192
134562
0.9771484375
134582
0.972599158654
134602
0.968934795673
134622
0.968446514423
134642
0.964450120192
134662
0.963185096154
134682
0.963814603365
134702
0.962122896635
134722
0.964779146635
134742
0.970323016827
134762
0.973321814904
134782
0.974580829327
134802
0.974673978365
134822
0.972624699519
134842
0.972463942308
134862
0.974014423077
134882
0.970414663462
134902
0.965943509615
134922
0.969974459135
134942
0.968571213942
134962
0.967789963942
134982
0.968900240385
135002
0.970235877404
135022
0.972268629808
135042
0.971418269231
135062
0.970530348558
135082
0.966811899038
135102
0.964800180288
135122
0.964950420673
135142
0.962007211538
135162
0.958076923077
135182
0.957280649038
135202
0.961104266827
135222
0.959631911058
135242
0.959095552885
135262
0.963894230769
135282
0.965417668269
135302
0.96498046875
135322
0.963025841346
135342
0.967178485577
135362
0.966765324519
135382
0.967914663462
135402
0.965171274038
135422
0.961744290865
135442
0.964340444712
135462
0.962178485577
135482
0.964699519231
135502
0.9666796875
135522
0.971096754808
135542
0.9721875
135562
0.971451322115
135582
0.972668269231
135602
0.970673076923
135622
0.969334435096
135642
0.968751502404
135662
0.968198617788
135682
0.970600961538
135702
0.967698317308
135722
0.965949519231
135742
0.9653515625
135762
0.965193810096
135782
0.970549879808
135802
0.974378004808
135822
0.972495492788
135842
0.973604266827
135862
0.971852463942
135882
0.970698617788
135902
0.971418269231
135922
0.970144230769
135942
0.968170072115
135962
0.967131911058
135982
0.961693209135
136002
0.963542668269
136022
0.965961538462
136042
0.964846754808
136062
0.96560546875
136082
0.965656550481
136102
0.964753605769
136122
0.961506911058
136142
0.962139423077
136162
0.963572716346
136182
0.961588040865
136202
0.967770432692
136222
0.970365084135
136242
0.971750300481
136262
0.971658653846
136282
0.971966646635
136302
0.968153545673
136322
0.9668359375
136342
0.972492487981
136362
0.974021935096
136382
0.9738671875
136402
0.975123197115
136422
0.97060546875
136442
0.972352764423
136462
0.977671274038
136482
0.982791466346
136502
0.981768329327
136522
0.9778515625
136542
0.973225661058
136562
0.965090144231
136582
0.960958533654
136602
0.961742788462
136622
0.954604867788
136642
0.947920673077
136662
0.9472265625
136682
0.945713641827
136702
0.951159855769
136722
0.948321814904
136742
0.948395432692
136762
0.951268028846
136782
0.947725360577
136802
0.940700120192
136822
0.933754507212
136842
0.930842848558
136862
0.923143028846
136882
0.919676983173
136902
0.909353966346
136922
0.914493689904
136942
0.919794170673
136962
0.914469651442
136982
0.915085637019
137002
0.919014923878
137022
0.92807041266
137042
0.924567808494
137062
0.923399439103
137082
0.922143930288
137102
0.923483072917
137122
0.920951522436
137142
0.919736077724
137162
0.923194611378
137182
0.930848357372
137202
0.942611177885
137222
0.944969451122
137242
0.947690304487
137262
0.95701572516
137282
0.971554987981
137302
0.968255208333
137322
0.969393028846
137342
0.97785556891
137362
0.980834334936
137382
0.983188100962
137402
0.986203425481
137422
0.987133413462
137442
0.989869290865
137462
0.986214443109
137482
0.981333633814
137502
0.977222055288
137522
0.97730068109
137542
0.976903044872
137562
0.976327624199
137582
0.972216546474
137602
0.965435697115
137622
0.956168870192
137642
0.949835236378
137662
0.949992988782
137682
0.952118389423
137702
0.951482872596
137722
0.949455128205
137742
0.946391225962
137762
0.944381510417
137782
0.944927884615
137802
0.944431089744
137822
0.944556290064
137842
0.952841045673
137862
0.957414362981
137882
0.95948818109
137902
0.961112279647
137922
0.960091145833
137942
0.961909555288
137962
0.96576171875
137982
0.973906750801
138002
0.98728515625
138022
0.99146484375
138042
0.992543569712
138062
0.993077924679
138082
1.0
138102
1.0
138122
1.0
138142
1.0
