124348
0.157065716912
124368
0.150934914982
124388
0.147419768689
124408
0.146367570466
124428
0.145707433364
124448
0.146218692555
124468
0.146039656097
124488
0.146377144608
124508
0.150418390012
124528
0.151829618566
124548
0.150664924173
124568
0.159107881434
124588
0.175035903033
124608
0.186698644301
124628
0.189590992647
124648
0.185114123775
124668
0.188246304381
124688
0.186301317402
124708
0.181468290441
124728
0.183686619179
124748
0.184941310509
124768
0.185377412684
124788
0.182148054534
124808
0.17719152114
124828
0.175921032475
124848
0.180316999847
124868
0.181323242188
124888
0.183528645833
124908
0.184824984681
124928
0.18717064951
124948
0.180845492494
124968
0.167748066023
124988
0.155295458027
125008
0.153807636336
125028
0.151735791973
125048
0.144392903646
125068
0.146056410846
125088
0.144695446538
125108
0.144265567555
125128
0.140831322763
125148
0.142018995098
125168
0.0659265854779
125188
0.0649375765931
125208
0.0783744064032
125228
0.139988319547
125248
0.123413085938
125268
0.164561791513
125288
0.159655522365
125308
0.0745792164522
125328
0.0711047602635
125348
0.0714561312806
125368
0.107745002298
125388
0.144331150429
125408
0.126681219363
125428
0.0986802045037
125448
0.111762312347
125468
0.114991191789
125488
0.116353592218
125508
0.122787894455
125528
0.151493087469
125548
0.171818512561
125568
0.250110581342
125588
0.110617244945
125608
0.0800225949755
125628
0.0799321193321
125648
0.0802475873162
125668
0.0805357689951
125688
0.0814682904412
125708
0.0776285807292
125728
0.0790714039522
125748
0.078742053462
125768
0.0835635914522
125788
0.082652611826
125808
0.0833797679228
125828
0.0849427466299
125848
0.0845535577512
125868
0.0828235102635
125888
0.0830839269301
125908
0.0829666436887
125928
0.0804189644608
125948
0.0812983494179
125968
0.0782992493873
125988
0.0784730200674
126008
0.0779842601103
126028
0.0916436887255
126048
0.320859662224
126068
0.164725509344
126088
0.13207098269
126108
0.138681449142
126128
0.135483206955
126148
0.126214479933
126168
0.12560077742
126188
0.137227136949
126208
0.133176796109
126228
0.138409064798
126248
0.133081533395
126268
0.126802332261
126288
0.1244073606
126308
0.127263805913
126328
0.127225988051
126348
0.125210631127
126368
0.122013346354
126388
0.112260167739
126408
0.10945111443
126428
0.105019722733
126448
0.104754040288
126468
0.091539330576
126488
0.0966720281863
126508
0.0920735677083
126528
0.0788157743566
126548
0.058895814185
126568
0.0569192325368
126588
0.0509157666973
126608
0.0469836665135
126628
0.0554989085478
126648
0.0562088311887
126668
0.0616991230086
126688
0.0653339460784
126708
0.0736931295956
126728
0.089053404565
126748
0.0858360140931
126768
0.0832155713848
126788
0.082160022212
126808
0.0855305989583
126828
0.0896292892157
126848
0.0648413564645
126868
0.0563227634804
126888
0.0451688878676
126908
0.0733374502145
126928
0.0738932291667
126948
0.0827521829044
126968
0.0682717715993
126988
0.0799321193321
127008
0.0774471507353
127028
0.0857603783701
127048
0.105923521752
127068
0.109203622855
127088
0.112648877911
127108
0.102883252911
127128
0.085023169424
127148
0.0811547372855
127168
0.0792691099877
127188
0.0926389208027
127208
0.0975691253064
127228
0.0883535347733
127248
0.0907705269608
127268
0.0808632046569
127288
0.075310680913
127308
0.0721402037377
127328
0.0470693550858
127348
0.0432861328125
127368
0.0382745481005
127388
0.040900256587
127408
0.0433000153186
127428
0.0414785347733
127448
0.0423995672488
127468
0.0450980392157
127488
0.0454513250613
127508
0.0449199601716
127528
0.082998717065
127548
0.0738606770833
127568
0.0764279833027
127588
0.106746419271
127608
0.131028837316
127628
0.149386297488
127648
0.143638461244
127668
0.132192095588
127688
0.124674479167
127708
0.134585631127
127728
0.127612783395
127748
0.11652209712
127768
0.0981339996936
127788
0.104324640012
127808
0.0970320159314
127828
0.0972019569547
127848
0.118141084559
127868
0.109227558211
127888
0.150917681526
127908
0.287213254442
127928
0.760741708793
127948
1.0
127968
1.0
127988
1.0
128008
1.0
128028
1.0
128048
1.0
128068
1.0
128088
1.0
128108
1.0
128128
0.996042049632
128148
0.993794041054
128168
0.993726543352
128188
0.99368872549
128208
0.993688246783
128228
0.993764361213
128248
1.0
128268
0.994984585631
128288
0.993682502298
128308
0.993658088235
128328
0.993626493566
128348
0.993587239583
128368
0.997606943168
128388
1.0
128408
0.996273743873
128428
0.993851485907
128448
0.993775850184
128468
0.993745212929
128488
0.993754787071
128508
0.995690199908
128528
1.0
128548
1.0
128568
1.0
128588
1.0
128608
0.99674431296
128628
0.996425972733
128648
0.99642645144
128668
0.996415441176
128688
0.997349877451
128708
1.0
128728
0.996259861366
128748
0.996153109681
128768
0.996168428309
128788
0.996171779259
128808
0.997362323836
128828
1.0
128848
0.996728994332
128868
0.996647614124
128888
0.996595435049
128908
0.996749578738
128928
1.0
128948
1.0
128968
1.0
128988
0.997081801471
129008
0.997048291973
129028
0.997017654718
129048
0.997006644455
129068
0.997008080576
129088
0.997169404871
129108
1.0
129128
0.994519282322
129148
0.993506338082
129168
0.993434532016
129188
0.993433095895
129208
0.993424479167
129228
1.0
129248
1.0
129268
1.0
129288
1.0
129308
1.0
129328
0.984276386336
129348
0.983846028646
129368
0.98376416973
129388
0.983635397518
129408
0.983562634038
129428
0.983675608915
129448
0.983711033241
129468
0.986768056832
129488
1.0
129508
1.0
129528
1.0
129548
0.993192306219
129568
0.993242570466
129588
0.993203316483
129608
0.99318895527
129628
0.993287090227
129648
0.995334999234
129668
1.0
129688
1.0
129708
1.0
129728
0.997447054994
129748
0.992783011642
129768
0.992570944393
129788
0.992624559589
129808
0.9926724303
129828
0.992667643229
129848
1.0
129868
0.999982287837
129888
0.988871017157
129908
0.988790115656
129928
0.988755648744
129948
0.988790115656
129968
0.9889614928
129988
0.99997845818
130008
1.0
130028
0.990239640778
130048
0.989900716146
130068
0.989859068627
130088
0.989853324142
130108
0.989863376991
130128
1.0
130148
0.994674862132
130168
0.992722694547
130188
0.992663334865
130208
0.992714077819
130228
0.992692535999
130248
0.994370883119
130268
1.0
130288
0.993259803922
130308
0.992886412377
130328
0.992844764859
130348
0.992860562194
130368
0.992850988051
130388
0.995603075214
130408
1.0
130428
0.99242589614
130448
0.992249253217
130468
0.992261220895
130488
0.992205212163
130508
0.99226361443
130528
1.0
130548
0.993287568934
130568
0.988790115656
130588
0.988863357843
130608
0.98885234758
130628
0.988816444547
130648
0.990310968137
130668
0.995713656556
130688
1.0
130708
1.0
130728
1.0
130748
1.0
130768
0.995967850031
130788
0.989076382506
130808
0.980531939338
130828
0.972419768689
130848
0.964957682292
130868
0.959035596661
130888
0.951029698989
130908
0.944221526501
130928
0.93586138557
130948
0.929233685662
130968
0.924185240502
130988
0.919355085784
131008
0.91227979473
131028
0.914436370251
131048
0.91925312117
131068
0.926590743719
131088
0.933540613511
131108
0.941529277727
131128
0.9474542356
131148
0.953763595282
131168
0.956554936428
131188
0.964125210631
131208
0.971600700827
131228
0.97869274663
131248
0.983417585784
131268
0.98948615579
131288
0.992789713542
131308
0.985038488051
131328
0.977287741268
131348
0.970342179841
131368
0.962894454657
131388
0.95636584712
131408
0.948277611826
131428
0.949782666973
131448
0.942445523131
131468
0.935645009957
131488
0.930536726409
131508
0.925484451593
131528
0.918915153952
131548
0.911330039828
131568
0.911207490809
131588
0.911645029105
131608
0.912982536765
131628
0.915490483303
131648
0.917197074142
131668
0.919667202819
131688
0.920730890012
131708
0.920258884804
131728
0.923877431832
131748
0.925825769761
131768
0.921790268842
131788
0.927738204657
131808
0.929708084406
131828
0.932242359835
131848
0.93175312117
131868
0.934127987132
131888
0.932253848805
131908
0.929180549173
131928
0.929235121783
131948
0.926389686734
131968
0.928691789216
131988
0.928125957414
132008
0.926581648284
132028
0.928000536152
132048
0.930540556066
132068
0.927980430453
132088
0.925344669118
132108
0.927865540748
132128
0.926904775582
132148
0.925504557292
132168
0.924141678156
132188
0.921658624387
132208
0.923946844363
132228
0.922581571691
132248
0.922061217065
132268
0.926011029412
132288
0.92624463848
132308
0.925005265778
132328
0.92339776731
132348
0.925349456189
132368
0.92501483992
132388
0.924261354933
132408
0.92574486826
132428
0.928243719363
132448
0.928929227941
132468
0.926847330729
132488
0.927302102482
132508
0.928835401348
132528
0.929296875
132548
0.930692784926
132568
0.928266218597
132588
0.928231272978
132608
0.926930147059
132628
0.923659620098
132648
0.922564816942
132668
0.923699831495
132688
0.918250229779
132708
0.921984623928
132728
0.925576363358
132748
0.928253293505
132768
0.927381567862
132788
0.928672640931
132808
0.926146024816
132828
0.927131204044
132848
0.93030646829
132868
0.930211684283
132888
0.933316578585
132908
0.936951880362
132928
0.933000153186
132948
0.930350509344
132968
0.923613664216
132988
0.918851485907
133008
0.914983053768
133028
0.90658270144
133048
0.90665546492
133068
0.906690889246
133088
0.903701842065
133108
0.900728592218
133128
0.903281058517
133148
0.899405924479
133168
0.896671070772
133188
0.903378714767
133208
0.907570274203
133228
0.909258195466
133248
0.906605200674
133268
0.900670189951
133288
0.899640969669
133308
0.893121936275
133328
0.884499463848
133348
0.884662224265
133368
0.886377431832
133388
0.885413315717
133408
0.888404277727
133428
0.888696289062
133448
0.884591375613
133468
0.890482823989
133488
0.889748008578
133508
0.900527056526
133528
0.913196997549
133548
0.918640376072
133568
0.930054668352
133588
0.936921721814
133608
0.942204254749
133628
0.946579637714
133648
0.942792585784
133668
0.939274567249
133688
0.946098537071
133708
0.95228247549
133728
0.95494408701
133748
0.956674613205
133768
0.962651271446
133788
0.966181736366
133808
0.966902190564
133828
0.973400639553
133848
0.979539100797
133868
0.980699486826
133888
0.986250574449
133908
0.988199869792
133928
1.0
