156287
0.104411827902
156307
0.102318395902
156327
0.0997617144527
156347
0.100579706408
156367
0.125230550399
156387
0.172345125138
156407
0.117964452695
156427
0.0690061193619
156447
0.0707263304455
156467
0.0704639799917
156487
0.0701077334296
156507
0.118890951595
156527
0.119659739411
156547
0.122749501513
156567
0.121926352792
156587
0.12462785341
156607
0.127868665773
156627
0.128313007082
156647
0.122492307825
156667
0.0673194272552
156687
0.0676410805143
156707
0.0791380895902
156727
0.0810486712734
156747
0.0764524889989
156767
0.0443662334983
156787
0.0453146486524
156807
0.0487557154153
156827
0.0465903035616
156847
0.0463595382976
156867
0.0454953503163
156887
0.0545265659378
156907
0.0628298181381
156927
0.0635057841722
156947
0.0334968457783
156967
0.0360806002475
156987
0.0350391484461
157007
0.0516475866337
157027
0.0539947744774
157047
0.0490410564494
157067
0.0534273153878
157087
0.0576900268152
157107
0.0435338455721
157127
0.0420983309268
157147
0.0727142636139
157167
0.0651136207371
157187
0.0652575804455
157207
0.0431898463284
157227
0.0430024838421
157247
0.0439440233086
157267
0.0436328984461
157287
0.0410768615924
157307
0.0411138184131
157327
0.0412835619499
157347
0.0466094265677
157367
0.0471654977998
157387
0.0456225505363
157407
0.0623167199532
157427
0.0462007528878
157447
0.0467381308443
157467
0.0472518736249
157487
0.0365485767327
157507
0.054672029703
157527
0.103927091928
157547
0.104965965347
157567
0.0382664242987
157587
0.0431934990374
157607
0.0475748160754
157627
0.04693408794
157647
0.0520753833196
157667
0.0590973941144
157687
0.059307747181
157707
0.0607116766364
157727
0.0721558288641
157747
0.0726818189631
157767
0.0708215157453
157787
0.0708531009351
157807
0.0655811674917
157827
0.0599929524202
157847
0.070379752819
157867
0.0820058959021
157887
0.0752782504813
157907
0.0650779531078
157927
0.0579422786029
157947
0.0493521813119
157967
0.039225152984
157987
0.0382466566969
158007
0.04017077489
158027
0.0390846311194
158047
0.0394391587596
158067
0.0429928149065
158087
0.0410871751238
158107
0.0397958350523
158127
0.0398529892052
158147
0.0400622679455
158167
0.0405280957783
158187
0.0416649477448
158207
0.0429154634213
158227
0.0429623040429
158247
0.0433471276815
158267
0.043794477104
158287
0.0436528809131
158307
0.0446719867299
158327
0.04551232467
158347
0.0463066814494
158367
0.0478109529703
158387
0.0474716807618
158407
0.0476678527228
158427
0.046572469747
158447
0.0453483824945
158467
0.0440591910754
158487
0.0427141346947
158507
0.0441331047167
158527
0.0471291855748
158547
0.0511430830583
158567
0.0547113500413
158587
0.0555521177118
158607
0.0610000257838
158627
0.0643474113036
158647
0.066824162885
158667
0.088293927049
158687
0.110791176774
158707
0.143320484392
158727
0.160205669004
158747
0.18140878541
158767
0.227541426018
158787
0.394849465415
158807
0.651138141158
158827
0.8928686228
158847
0.932635451045
158867
0.931126882219
158887
0.929077712459
158907
0.928239523171
158927
0.927386293317
158947
0.927034988655
158967
0.929168600454
158987
0.926688625894
159007
0.925216584158
159027
0.922985638408
159047
0.924885906559
159067
0.926662412335
159087
0.931187474216
159107
0.930103264233
159127
0.928471792492
159147
0.928574927805
159167
0.929645816144
159187
0.929983799161
159207
0.917867548474
159227
0.901184337184
159247
0.884316986386
159267
0.869310368537
159287
0.85916615099
159307
0.867034515952
159327
0.872048396246
159347
0.875561872594
159367
0.876729020558
159387
0.872974895146
159407
0.87761662885
159427
0.884711693826
159447
0.89038413607
159467
0.894278998212
159487
0.896691075358
159507
0.916100496768
159527
0.93362125275
159547
0.950509875206
159567
0.961606805212
159587
0.966445140608
159607
0.961738947332
159627
0.955161062981
159647
0.946383388339
159667
0.93912652984
159687
0.932419726348
159707
0.928626925193
159727
0.923816092547
159747
0.918219068001
159767
0.914666056449
159787
0.904775594747
159807
0.900207130088
159827
0.890516922786
159847
0.881083049711
159867
0.87570862555
159887
0.872475978067
159907
0.873693189631
159927
0.87379202764
159947
0.871941393358
159967
0.873265392946
159987
0.875003867574
160007
0.869308219884
160027
0.868020962252
160047
0.864147371768
160067
0.865324188669
160087
0.858910461359
160107
0.857991482742
160127
0.86198711668
160147
0.864993081339
160167
0.865809139508
160187
0.869350978067
160207
0.867385390883
160227
0.866372086427
160247
0.862722170655
160267
0.864545302186
160287
0.866401093234
160307
0.861029892052
160327
0.861593053837
160347
0.854948561262
160367
0.854058589453
160387
0.855499045998
160407
0.846115021658
160427
0.84877849113
160447
0.847206322195
160467
0.849963687775
160487
0.853280562431
160507
0.851382013201
160527
0.849970993193
160547
0.847174092409
160567
0.845987391708
160587
0.847825348941
160607
0.845793153534
160627
0.842388828727
160647
0.845795087321
160667
0.839814313463
160687
0.837528791942
160707
0.842688565732
160727
0.832942708333
160747
0.84224658794
160767
0.84463997181
160787
0.842946404015
160807
0.846174324464
160827
0.847954268083
160847
0.848275061881
160867
0.849035899684
160887
0.848647853067
160907
0.855869043936
160927
0.863278027021
160947
0.86426683684
160967
0.870997490374
160987
0.875307472153
161007
0.873884634557
161027
0.877415514989
161047
0.871054214796
161067
0.872718775784
161087
0.866227696988
161107
0.864080118949
161127
0.867190293248
161147
0.86821820854
161167
0.865738019114
161187
0.865044219266
161207
0.865288306174
161227
0.863327446026
161247
0.866478659585
161267
0.862183503507
161287
0.861754417629
161307
0.870035968441
161327
0.867008517258
161347
0.867694581958
161367
0.865567416117
161387
0.863079061812
161407
0.870024150853
161427
0.864722351141
161447
0.86311344025
161467
0.864620075289
161487
0.863344635245
161507
0.86844596569
161527
0.865839220641
161547
0.857306707233
161567
0.858732982673
161587
0.858777244912
161607
0.857820879744
161627
0.852861790085
161647
0.8470653706
161667
0.853108025646
161687
0.854447280666
161707
0.851470537679
161727
0.845359985217
161747
0.846674315869
161767
0.852936778053
161787
0.855853143908
161807
0.856457130088
161827
0.869751486867
161847
0.878832551224
161867
0.878542912885
161887
0.876234830514
161907
0.875608068619
161927
0.8856970658
161947
0.884938161785
161967
0.879932661235
161987
0.879437396865
162007
0.889883500069
162027
0.898285590278
162047
0.899752475248
162067
0.898561047511
162087
0.892266785272
162107
0.89583483739
162127
0.893893959708
162147
0.89307747181
162167
0.896542388614
162187
0.898872602104
162207
0.895375240649
162227
0.895132657797
162247
0.897485217272
162267
0.898550948845
162287
0.899260433856
162307
0.901092159997
162327
0.905774932962
162347
0.905153757563
162367
0.899386130019
162387
0.897415600935
162407
0.8973657522
162427
0.896226106986
162447
0.903151213559
162467
0.904800948845
162487
0.902476106986
162507
0.904402803562
162527
0.904966824807
162547
0.902419597428
162567
0.911243897827
162587
0.912751392327
162607
0.908083445063
162627
0.909015100729
162647
0.909167869912
162667
0.907369447882
162687
0.907800037816
162707
0.906892447057
162727
0.904260133045
162747
0.899681139989
162767
0.902926034791
162787
0.912548344678
162807
0.915775835396
162827
0.912471852654
162847
0.908701397483
162867
0.910435359942
162887
0.908585155391
162907
0.909048619706
162927
0.913195518771
162947
0.916250902434
162967
0.922224370875
162987
0.922363173817
163007
0.927617703177
163027
0.930816616818
163047
0.929567605198
163067
0.924456176086
163087
0.923982613105
163107
0.926014808512
163127
0.933173258732
163147
0.937291365855
163167
0.934426997387
163187
0.929350591309
163207
0.935362520627
163227
0.938674023652
163247
0.937741508526
163267
0.937929945338
163287
0.940269612899
163307
0.938441324601
163327
0.943655029565
163347
0.939905846053
163367
0.926245144046
163387
0.917612718303
163407
0.909681612693
163427
0.907128154222
163447
0.900802736524
163467
0.900554137445
163487
0.896287343578
163507
0.890482544348
163527
0.884549685437
163547
0.882931965072
163567
0.877165196988
163587
0.87518177599
163607
0.867966816213
163627
0.866422579758
163647
0.876622447401
163667
0.883385330721
163687
0.889853633801
163707
0.888756531903
163727
0.887453159378
163747
0.883500928218
163767
0.88625098838
163787
0.885290111042
163807
0.882983532728
163827
0.886940276059
163847
0.881901041667
163867
0.878840501238
163887
0.882070785204
163907
0.87972402709
163927
0.878736721328
163947
0.886602937638
163967
0.880145377819
163987
0.882846663573
164007
0.880480567588
164027
0.875506222497
164047
0.884629830171
164067
0.889526823776
164087
0.889891879813
164107
0.891170972566
164127
0.89000704758
164147
0.889945166392
164167
0.892676963009
164187
0.889526823776
164207
0.893967228754
164227
0.895123203727
164247
0.89382305418
164267
0.89632064769
164287
0.896463103342
164307
0.900912747525
164327
0.908847935575
164347
0.901456141708
164367
0.89377299058
164387
0.89596160788
164407
0.896890900028
164427
0.892706184681
164447
0.889863302737
164467
0.894156310162
164487
0.898115202145
164507
0.895104080721
164527
0.901545955377
164547
0.903771744362
164567
0.912998917079
164587
0.903233292079
164607
0.900591523996
164627
0.890476313256
164647
0.882530381944
164667
0.87049427599
164687
0.854467907728
164707
0.851909292492
164727
0.864169932618
164747
0.866705557274
164767
0.865047227379
164787
0.863470546273
164807
0.86960838662
164827
0.866279909241
164847
0.866089753507
164867
0.84882769527
164887
0.865983824945
164907
0.86157758354
164927
0.873851545311
164947
0.883745015127
164967
0.894105816832
164987
0.901541228342
165007
0.904327170998
165027
0.905559637995
165047
0.908342357673
165067
0.909945682068
165087
0.903967701458
165107
0.902499097566
165127
0.906566496493
165147
0.911630870118
165167
0.922623160754
165187
0.926532848597
165207
0.937757193688
165227
0.935318473254
165247
0.938822280666
165267
0.942562654703
165287
0.946808606642
165307
0.946011886345
165327
0.944384282178
165347
0.943253661304
165367
0.938924341653
165387
0.945851382013
165407
0.94096147896
165427
0.935530974972
165447
0.925995900371
165467
0.931365812362
165487
0.933278757563
165507
0.938322933856
165527
0.943077686675
165547
0.946698810506
165567
0.951501478273
165587
0.950295224835
165607
0.952987056518
165627
0.955207688738
165647
0.958265221053
165667
0.962671032728
165687
0.967059440319
165707
0.98131811228
165727
0.99772393255
165747
0.997629821576
165767
0.997677736524
165787
0.984808812913
165807
0.98125042973
165827
0.981248495943
165847
0.99042066316
165867
1.0
