143202
0.206449685168
143222
0.206294698383
143242
0.207458313899
143262
1.0
143282
1.0
143302
1.0
143322
0.765857237251
143342
0.557878090019
143362
0.556641596704
143382
0.532191095305
143402
0.566344546797
143422
0.500411030784
143442
0.54452153296
143462
0.42704349347
143482
0.395799809546
143502
0.283886232898
143522
0.235488086909
143542
0.22263438666
143562
0.198054648632
143582
0.221737989739
143602
0.231864116915
143622
0.224441270211
143642
0.253267354633
143662
0.34939462842
143682
0.187479594216
143702
0.208144822761
143722
0.2570069574
143742
0.304524253731
143762
0.209223414179
143782
0.21953853778
143802
0.252240263526
143822
0.298707633706
143842
0.19785642102
143862
0.138915772699
143882
0.153307680348
143902
0.178359180659
143922
0.130355060634
143942
0.119303871269
143962
0.171708838619
143982
0.22520017102
144002
0.242416822139
144022
0.231636738184
144042
0.25615477301
144062
0.370962569963
144082
0.416469410759
144102
0.147134444963
144122
0.148867964863
144142
0.275191911536
144162
0.333619014303
144182
0.379519881063
144202
0.415862095771
144222
0.42980701959
144242
0.363526605255
144262
0.239054240516
144282
0.227891305193
144302
0.19626962842
144322
0.308138020833
144342
0.240221742848
144362
0.268518248601
144382
0.285753362096
144402
0.26718021222
144422
0.429114680504
144442
0.294697411381
144462
0.210036244558
144482
0.216448519123
144502
0.224879022854
144522
0.204783212842
144542
0.198015294621
144562
0.19737056903
144582
0.206366118626
144602
0.245999494714
144622
0.229761835354
144642
0.227845635106
144662
0.212196342506
144682
0.229147718439
144702
0.237339182991
144722
0.212037954757
144742
0.207170203669
144762
0.230210762593
144782
0.228633201182
144802
0.224761446673
144822
0.235855391014
144842
0.233902266014
144862
0.227286905317
144882
0.221609238961
144902
0.216282843595
144922
0.219793610075
144942
0.218585782027
144962
0.216775497512
144982
0.217914334577
145002
0.21584217584
145022
0.309563996424
145042
0.173020638993
145062
0.107475804571
145082
0.149995627332
145102
0.188452755752
145122
0.0471980915734
145142
0.131418104789
145162
0.0486376710199
145182
0.154702561412
145202
0.053466068097
145222
0.0613796253109
145242
0.0676106770833
145262
0.0638890508396
145282
0.0558166200249
145302
0.0620467000933
145322
0.0721781716418
145342
0.0520614699938
145362
0.0746851679104
145382
0.0724949471393
145402
0.0798687227923
145422
0.0816090446206
145442
0.0842185556592
145462
0.0726100940609
145482
0.0732562772077
145502
0.0746759367226
145522
0.0457760027985
145542
0.05302977301
145562
0.239894278607
145582
0.0486789684391
145602
0.046823985541
145622
0.137051072761
145642
0.139182991294
145662
0.131182952425
145682
0.0431927277674
145702
0.128409223414
145722
0.119818388526
145742
0.139839377332
145762
1.0
145782
0.978415053638
145802
0.978413596082
145822
0.978413596082
145842
0.978413596082
145862
0.978500563588
145882
0.85068116449
145902
0.983374630752
145922
0.983382404384
145942
0.983382404384
145962
1.0
145982
0.958033076803
146002
0.960708177861
146022
0.960734413868
146042
0.960729555348
146062
0.96073489972
146082
1.0
146102
0.963252098881
146122
0.963279792444
146142
0.963279792444
146162
0.963279792444
146182
0.963279792444
146202
0.954015080846
146222
0.954333313899
146242
0.954683127332
146262
0.954681183924
146282
0.954660292289
146302
1.0
146322
0.974740069185
146342
0.974741526741
146362
0.974741526741
146382
1.0
146402
0.97891353778
146422
0.978913051928
146442
0.978913051928
146462
0.860070254198
146482
0.969292696673
146502
0.969312616604
146522
1.0
146542
0.96894774176
146562
0.979155977923
146582
0.97927987018
146602
0.979280841884
146622
0.97927987018
146642
0.838138409515
146662
0.967574724036
146682
0.967573752332
146702
0.967573752332
146722
0.967589299596
146742
0.989591592817
146762
0.989575559701
146782
0.989613942009
146802
0.989613942009
146822
1.0
146842
0.985559507152
146862
0.985649875622
146882
0.985649875622
146902
1.0
146922
0.990569127021
146942
0.990579329913
146962
0.990570584577
146982
0.847268540112
147002
0.986533640392
147022
0.986534126244
147042
0.986534126244
147062
1.0
147082
0.985139731032
147102
0.985159650964
147122
0.985159650964
147142
0.86338862329
147162
0.987813860386
147182
0.987883823072
147202
0.987883823072
147222
0.98788333722
147242
0.962698227612
147262
0.962964960354
147282
0.96308836676
147302
0.963145211443
147322
0.963157843595
147342
0.980618878265
147362
0.980736940299
147382
0.980753945118
147402
0.980753945118
147422
1.0
147442
1.0
147462
0.999657474347
147482
0.997215582245
147502
0.991798818408
147522
0.985537643812
147542
0.980167521766
147562
0.973669737251
147582
0.969985521611
147602
0.963222947761
147622
0.960235929726
147642
0.955481868004
147662
0.950095712842
147682
0.943895269745
147702
0.939336520522
147722
0.933737076337
147742
0.935775225435
147762
0.932202755752
147782
0.93380849658
147802
0.932965057525
147822
0.933149195429
147842
0.936527324316
147862
0.937132695896
147882
0.938986221238
147902
0.940721684546
147922
0.945715757152
147942
0.94968759717
147962
0.955068893812
147982
0.960260222326
148002
0.964552724658
148022
0.968921991604
148042
0.972014439521
148062
0.974375680193
148082
0.975048099347
148102
0.976788907027
148122
0.981222792289
148142
0.98426276819
148162
0.985553191076
148182
0.983105954602
148202
0.970345537935
148222
0.969881549285
148242
0.966707478234
148262
0.962818233053
148282
0.96008045709
148302
0.958173973881
148322
0.957818330224
148342
0.955236512749
148362
0.955322022699
148382
0.955522193719
148402
0.954369752799
148422
0.953588502799
148442
0.960861221238
148462
0.954120024876
148482
0.952896163713
148502
0.952730002332
148522
0.953772640703
148542
0.947751962842
148562
0.947517296331
148582
0.943499786225
148602
0.93389886505
148622
0.929530569807
148642
0.92782474347
148662
0.922054279384
148682
0.923388428949
148702
0.922619325249
148722
0.928523884484
148742
0.929636971393
148762
0.927390391791
148782
0.92949947528
148802
0.928643889925
148822
0.93194574005
148842
0.932255227767
148862
0.931929221082
148882
0.930095615672
148902
0.933218186412
148922
0.933081662002
148942
0.936298973881
148962
0.935082400498
148982
0.932609413868
149002
0.931682894123
149022
0.93146717584
149042
0.933939190765
149062
0.93399895056
149082
0.934630072295
149102
0.93289800995
149122
0.933056883551
149142
0.926176247668
149162
0.925818660603
149182
0.923606576493
149202
0.919477806281
149222
0.919010416667
149242
0.916869266947
149262
0.916172069341
149282
0.911062849813
149302
0.912543726679
149322
0.9119262088
149342
0.917591243004
149362
0.919645425218
149382
0.924562733209
149402
0.928600163246
149422
0.93319340796
149442
0.936632268346
149462
0.942055834111
149482
0.94318106732
149502
0.943802957867
149522
0.944804298818
149542
0.944898068252
149562
0.939103797419
149582
0.941097733986
149602
0.940261096859
149622
0.939193680037
149642
0.938081564832
149662
0.936198402519
149682
0.93742663635
149702
0.933977573072
149722
0.937543726679
149742
0.937052530317
149762
0.938939093595
149782
0.937172049907
149802
0.942022796175
149822
0.939210684857
149842
0.937367848259
149862
0.938800625777
149882
0.934854050062
149902
0.93260018268
149922
0.930699043843
149942
0.93163333722
149962
0.927956409359
149982
0.923078455379
150002
0.923913149098
150022
0.926565900964
150042
0.927156211132
150062
0.930662119092
150082
0.931973433613
150102
0.930461948072
150122
0.930275380908
150142
0.928772640703
150162
0.929203105566
150182
0.929255091729
150202
0.932413615516
150222
0.934572255908
150242
0.932020075404
150262
0.933037935323
150282
0.932231906872
150302
0.9289305426
150322
0.928009367226
150342
0.928248406405
150362
0.929486357276
150382
0.931291783271
150402
0.927734375
150422
0.921652479789
150442
0.916892587842
150462
0.919989408427
150482
0.922806378265
150502
0.922828241604
150522
0.921313840951
150542
0.922219954913
150562
0.923367051461
150582
0.925887165734
150602
0.929870180348
150622
0.932455398787
150642
0.933858539335
150662
0.937808516014
150682
0.941335801461
150702
0.9421632074
150722
0.941214824316
150742
0.943052802394
150762
0.945531133396
150782
0.948176597481
150802
0.944755227767
150822
0.941608364428
150842
0.937626321517
150862
0.935561936412
150882
0.931923390858
150902
0.93192873523
150922
0.928339260728
150942
0.927589591107
150962
0.927911710976
150982
0.9316649176
151002
0.924985910292
151022
0.918803929571
151042
0.912710373912
151062
0.910517238029
151082
0.908182719216
151102
0.89902100824
151122
0.898180484297
151142
0.891336773165
151162
0.885260708178
151182
0.889106226679
151202
0.876647038246
151222
0.866762865361
151242
0.869191153607
151262
0.865561839241
151282
0.872676169932
151302
0.875885222326
151322
0.875456215019
151342
0.876744208644
151362
0.867247745647
151382
0.871995005442
151402
0.873823752332
151422
0.864462356188
151442
0.86346198694
151462
0.864671272544
151482
0.86102300995
151502
0.862499514148
151522
0.860482256685
151542
0.859412410603
151562
0.85654539801
151582
0.850508201182
151602
0.85822012982
151622
0.856434623756
151642
0.865400536381
151662
0.872264653296
151682
0.882434993004
151702
0.884856479322
151722
0.896199665734
151742
0.896915811567
151762
0.904227398165
151782
0.901782590951
151802
0.913230235541
151822
0.929579640858
151842
0.923780511505
151862
0.921646163713
151882
0.922852534204
151902
0.920321245336
151922
0.925796797264
151942
0.93086666278
151962
0.920209013526
151982
0.923960762593
152002
0.926905997357
152022
0.935081428794
152042
0.928013739894
152062
0.929220596238
152082
0.934273942786
152102
0.936637126866
152122
0.935638215174
152142
0.942435284515
152162
0.938930834111
152182
0.942854574782
152202
0.947981770833
152222
0.955840426772
152242
0.948319923818
152262
0.943047943874
152282
0.942442572295
152302
0.930110191231
152322
0.93273670709
152342
0.939090193563
152362
0.932563257929
152382
0.92567144745
152402
0.929325054415
152422
0.929941600591
152442
0.935309293377
152462
0.93641606421
152482
0.944327192164
152502
0.95077153296
152522
0.962568505131
152542
0.975625777363
152562
0.975960043532
152582
0.981856829136
152602
0.990605080068
152622
1.0
152642
1.0
152662
0.0429498017724
152682
0.0425868703358
152702
0.0425339124689
152722
0.0429279384328
152742
0.0743475007774
152762
1.0
152782
1.0
