177968
0.130521363251
177988
0.120388581032
178008
0.124142668968
178028
0.117681458939
178048
0.109744806807
178068
0.10710998062
178088
0.105570569889
178108
0.106522907582
178128
0.10377074249
178148
0.0902983436289
178168
0.0871097535126
178188
0.0720775042393
178208
0.0676420936289
178228
0.0658116067103
178248
0.064654115189
178268
0.0658312893653
178288
0.0689710513566
178308
0.0794494155766
178328
0.0788589359254
178348
0.0854034187258
178368
0.0735972323159
178388
0.0796295875727
178408
0.0711827004603
178428
0.0861021529797
178448
0.097195221657
178468
0.107020651647
178488
0.140190089026
178508
0.149125257389
178528
0.152219219356
178548
0.156494140625
178568
0.137330426357
178588
0.111719885538
178608
0.0748762263808
178628
0.0601278615552
178648
0.0550633630087
178668
0.0549267199612
178688
0.0523884144864
178708
0.0503357406734
178728
0.0497176296027
178748
0.0484068404797
178768
0.0483977561773
178788
0.0496195948401
178808
0.0524285368217
178828
0.0509565013324
178848
0.0520394258721
178868
0.0540652252907
178888
0.0767574339874
178908
0.103584892805
178928
0.269256828367
178948
0.258730014535
178968
0.26172026405
178988
0.268337421269
179008
0.273571493459
179028
0.282802658672
179048
0.295696311773
179068
0.290419846172
179088
0.347865945979
179108
0.390201065891
179128
0.402930444525
179148
0.428706395349
179168
0.435060486313
179188
0.443054293847
179208
0.44500060562
179228
0.426165061773
179248
0.421128194646
179268
0.423044982437
179288
0.422789864947
179308
0.428685955669
179328
0.439442148135
179348
0.467421799297
179368
0.46614394077
179388
0.459298918968
179408
0.468010007873
179428
0.47930558079
179448
0.482116415334
179468
0.46553604954
179488
0.446560834545
179508
0.396496108891
179528
0.368024769864
179548
0.373715328246
179568
0.353035671027
179588
0.320013853561
179608
0.264904690528
179628
0.231666363857
179648
0.213568541061
179668
0.208013490189
179688
0.192232542999
179708
0.177763898983
179728
0.161541227592
179748
0.152484556686
179768
0.146539259327
179788
0.11986509811
179808
0.0902574642684
179828
0.0576826701793
179848
0.050808502907
179868
0.0535553688227
179888
0.0512562833091
179908
0.0599609375
179928
0.0707053960756
179948
0.0720714480378
179968
0.067019440407
179988
0.0671965843023
180008
0.0711399285368
180028
0.0604212088178
180048
0.0656711785368
180068
0.0667298782703
180088
0.0698556352955
180108
0.056251892563
180128
0.0536110101744
180148
0.0543532733769
180168
0.0611218356347
180188
0.0438756661822
180208
0.0551405795785
180228
0.0542484253876
180248
0.0536727077277
180268
0.0528804808624
180288
0.0531518743944
180308
0.0529652676841
180328
0.0533248546512
180348
0.0538472020349
180368
0.0535436349322
180388
0.0537506813227
180408
0.0660727804021
180428
0.14333174358
180448
0.264418680354
180468
0.276255904797
180488
0.21190384266
180508
0.219424509448
180528
0.217013762718
180548
0.215825233164
180568
0.221184971536
180588
0.220944616037
180608
0.22320282219
180628
0.22313431141
180648
0.223083590722
180668
0.221613069283
180688
0.219828760901
180708
0.216051205184
180728
0.212667302568
180748
0.211201701793
180768
0.210352319525
180788
0.213090858164
180808
0.215463753634
180828
0.214475078731
180848
0.214282037306
180868
0.213541666667
180888
0.218720476017
180908
0.198705108406
180928
0.147365930838
180948
0.136834196342
180968
0.155969143653
180988
0.239403918362
181008
0.210015064801
181028
0.15650208939
181048
0.117230650436
181068
0.0769088390262
181088
0.0789921723595
181108
0.0850847111192
181128
0.0838647650194
181148
0.096685365189
181168
0.0917821130087
181188
0.0965146560078
181208
0.0978625393653
181228
0.0970135356105
181248
0.100719173934
181268
0.100472005208
181288
0.102196887112
181308
0.0874912942103
181328
0.0809218295785
181348
0.0923903827519
181368
0.101931928295
181388
0.100093871124
181408
0.100076459545
181428
0.0951974321705
181448
0.093119019501
181468
0.0954366521318
181488
0.0981399890988
181508
0.103344537306
181528
0.0999481437742
181548
0.106638353924
181568
0.102831274225
181588
0.10572083939
181608
0.135591539486
181628
0.137247532098
181648
0.132302643532
181668
0.130574355015
181688
0.126483390867
181708
0.130696614583
181728
0.128743868096
181748
0.131019107316
181768
0.131085725533
181788
0.124434880693
181808
0.114701429264
181828
0.109487796754
181848
0.1087890625
181868
0.108423419331
181888
0.107226183987
181908
0.105611449249
181928
0.106993020228
181948
0.106576277859
181968
0.105294255693
181988
0.108283369671
182008
0.112807730741
182028
0.112359571827
182048
0.115879360465
182068
0.120527873668
182088
0.121600578367
182108
0.122937484859
182128
0.124379617854
182148
0.126508372699
182168
0.126084060078
182188
0.124858057776
182208
0.123736903464
182228
0.126723367854
182248
0.129777585998
182268
0.128962269864
182288
0.129197326187
182308
0.128454305959
182328
0.129102319525
182348
0.130023997699
182368
0.13102402798
182388
0.131887793726
182408
0.130937348595
182428
0.13048767563
182448
0.129330184109
182468
0.13151533733
182488
0.130656113735
182508
0.130487297117
182528
0.130600850896
182548
0.131151586725
182568
0.13000961422
182588
0.131948734254
182608
0.132153509569
182628
0.133180792757
182648
0.133028630693
182668
0.131550917515
182688
0.131340085998
182708
0.13359375
182728
0.132393486555
182748
0.135141109496
182768
0.133895046027
182788
0.127481907098
182808
0.1281730711
182828
0.130147771318
182848
0.129609526405
182868
0.129453579215
182888
0.130575869065
182908
0.131007751938
182928
0.132496441982
182948
0.140540213178
182968
0.145612660489
182988
0.148629405887
183008
0.153029993338
183028
0.15840714329
183048
0.163817223837
183068
0.159070675872
183088
0.149105574734
183108
0.137563968629
183128
0.132934002544
183148
0.122900769138
183168
0.118214404675
183188
0.117323764535
183208
0.1084976078
183228
0.0973481407461
183248
0.0872709998789
183268
0.0813154826793
183288
0.0726687409157
183308
0.0692170845446
183328
0.0680505087209
183348
0.0625749454942
183368
0.0655122032461
183388
0.0709131994913
183408
0.0782957091812
183428
0.0857281825339
183448
0.0887926205184
183468
0.0905106891957
183488
0.0900133236434
183508
0.088398588905
183528
0.0887589328973
183548
0.0875503421754
183568
0.0884330335514
183588
0.0910784580911
183608
0.0906378694283
183628
0.0923491248789
183648
0.0934963965601
183668
0.0931966145833
183688
0.0938843719719
183708
0.0946043029312
183728
0.0953473231589
183748
0.0958265201066
183768
0.0958696705426
183788
0.0963821765988
183808
0.0983852652616
183828
0.0985200157461
183848
0.0987228984981
183868
0.0985866339632
183888
0.100652555717
183908
0.0978542120882
183928
0.0976403524709
183948
0.097263732437
183968
0.0982232618702
183988
0.100165788517
184008
0.0998073370882
184028
0.0992812045785
184048
0.100532188711
184068
0.101607542999
184088
0.103296844719
184108
0.103301008358
184128
0.103342644743
184148
0.10359435562
184168
0.103504648135
184188
0.104700747941
184208
0.104923313348
184228
0.104701504966
184248
0.10345733406
184268
0.102991006541
184288
0.103482694404
184308
0.104094370761
184328
0.104593250363
184348
0.10296905281
184368
0.10192397953
184388
0.102873289123
184408
0.103207515746
184428
0.104058412064
184448
0.103914198765
184468
0.101618141352
184488
0.101406174297
184508
0.101916030766
184528
0.102573128634
184548
0.106258327277
184568
0.10414092781
184588
0.104094370761
184608
0.104016397166
184628
0.106849185441
184648
0.104596278464
184668
0.104800675266
184688
0.105023619186
184708
0.107562681686
184728
0.103886567345
184748
0.104471369307
184768
0.104651162791
184788
0.105489946705
184808
0.105028918362
184828
0.104784399225
184848
0.105933563469
184868
0.104925584423
184888
0.105374878876
184908
0.104121623668
184928
0.106204199976
184948
0.103961134327
184968
0.104555020591
184988
0.10480408188
185008
0.104892653828
185028
0.104044407098
185048
0.103856286337
185068
0.103620472989
185088
0.104716266957
185108
0.105028161337
185128
0.104555777616
185148
0.105364280523
185168
0.108250060562
185188
0.105675417878
185208
0.105915016352
185228
0.10546004421
185248
0.108275799419
185268
0.105785186531
185288
0.105745064196
185308
0.10611297844
185328
0.103827140867
185348
0.103615930838
185368
0.103998985586
185388
0.106644410126
185408
0.103823355741
185428
0.10367157219
185448
0.103737054869
185468
0.1066886961
185488
0.104507706516
185508
0.103831683018
185528
0.104343053537
185548
0.0672692587209
185568
0.0543460816376
185588
0.115259735344
185608
0.402717720446
185628
0.848466266957
185648
0.998206607316
185668
0.9939933836
185688
0.986759250848
185708
0.978597762234
185728
0.968109935199
185748
0.957756858648
185768
0.953213571948
185788
0.942252604167
185808
0.935053294574
185828
0.927374031008
185848
0.91965956577
185868
0.915270333697
185888
0.909077489099
185908
0.899464404675
185928
0.895460119913
185948
0.879058412064
185968
0.8705558836
185988
0.868808669453
186008
0.868717826429
186028
0.870440058745
186048
0.87628997093
186068
0.866574688106
186088
0.872354953973
186108
0.871353409641
186128
0.876299055233
186148
0.875133614947
186168
0.85910095688
186188
0.858687999637
186208
0.860431807171
186228
0.853547041546
186248
0.859180823038
186268
0.853644697796
186288
0.844242444889
186308
0.841037578731
186328
0.837551856226
186348
0.839134795906
186368
0.845114916424
186388
0.846813302447
186408
0.845170557776
186428
0.832714086725
186448
0.819492263203
186468
0.827439135174
186488
0.825806988857
186508
0.82478424782
186528
0.830314695373
186548
0.828811621851
186568
0.833443480499
186588
0.844232603561
186608
0.852595082364
186628
0.865445963542
186648
0.856889307776
186668
0.857868519864
186688
0.864594688711
186708
0.869447598716
186728
0.88014663578
186748
0.890338465964
186768
0.89718689438
186788
0.900800554142
186808
0.89491316921
186828
0.885989356226
186848
0.885099094598
186868
0.881891957364
186888
0.867122395833
186908
0.84821304203
186928
0.844599003755
186948
0.829198083212
186968
0.803106831395
186988
0.798540076914
187008
0.804246154312
187028
0.801499666909
187048
0.797078261265
187068
0.796005935078
187088
0.777443677326
187108
0.784945039971
187128
0.797118762112
187148
0.795424539729
187168
0.8006851078
187188
0.814629133358
187208
0.8374038578
187228
0.843366188227
187248
0.86545883297
187268
0.88049638142
187288
0.899061667272
187308
0.902394470688
187328
0.91451141594
187348
0.929597035489
187368
0.935463223716
187388
0.947800084787
187408
0.962038971657
187428
0.96302916061
187448
0.97571273922
187468
0.987593114099
187488
0.992162518169
187508
0.992181065286
187528
0.997636945858
187548
1.0
