189940
0.960161515778
189960
0.955955595129
189980
0.955901022518
190000
0.958187806373
190020
0.97191473269
190040
1.0
190060
0.946003753064
190080
0.94153693704
190100
0.941583850337
190120
0.943656652114
190140
0.963099341299
190160
0.999996170343
190180
0.988216145833
190200
0.987648877911
190220
0.987793447457
190240
0.988444489124
190260
1.0
190280
0.974078488817
190300
0.971526501225
190320
0.971488683364
190340
0.972170362286
190360
0.980424708946
190380
0.999696020987
190400
0.977039292279
190420
0.974762561275
190440
0.976210650276
190460
0.978484987745
190480
0.999334118413
190500
0.987444469975
190520
0.98468951057
190540
0.984761316636
190560
0.987523456648
190580
0.992306219363
190600
0.999715647978
190620
0.984240004596
190640
0.984087775735
190660
0.984238089767
190680
0.986805395987
190700
0.999870749081
190720
0.983965705423
190740
0.983336205576
190760
0.98025189568
190780
0.984542068781
190800
0.99025591682
190820
0.980623372396
190840
0.975127814798
190860
0.973948759191
190880
0.97548157935
190900
0.979945523131
190920
0.999888939951
190940
0.978301164216
190960
0.976280541513
190980
0.976601753983
191000
0.975389667586
191020
0.994207165288
191040
0.965336339614
191060
0.954732019761
191080
0.95458314185
191100
0.955682732077
191120
0.957595166973
191140
0.989374617034
191160
0.981569297641
191180
0.975289139093
191200
0.974971756281
191220
0.976098154105
191240
0.981487917433
191260
0.999863089767
191280
0.99640490962
191300
0.994108551624
191320
0.981520948223
191340
0.965983072917
191360
0.955859375
191380
0.941309551164
191400
0.927627144608
191420
0.915779143689
191440
0.9048895144
191460
0.885363051471
191480
0.886690506281
191500
0.878306908701
191520
0.879671702665
191540
0.878371534161
191560
0.873383406097
191580
0.879744466146
191600
0.88029497932
191620
0.881230851716
191640
0.889349724265
191660
0.904325118719
191680
0.916740387561
191700
0.928971354167
191720
0.943956801471
191740
0.953633386949
191760
0.962609145221
191780
0.966972081801
191800
0.976413143382
191820
0.988375076593
191840
0.9929754519
191860
0.993126244638
191880
0.99283806296
191900
0.985237151501
191920
0.978436638327
191940
0.971156939338
191960
0.972105258119
191980
0.966129078585
192000
0.96012321921
192020
0.950389188879
192040
0.942211435355
192060
0.933255782782
192080
0.928713809743
192100
0.930524758732
192120
0.927952186734
192140
0.933350566789
192160
0.938481349571
192180
0.937338196998
192200
0.946091835172
192220
0.938837507659
192240
0.929100605086
192260
0.916331571691
192280
0.915556544884
192300
0.912296549479
192320
0.903883750766
192340
0.883198337929
192360
0.882977653952
192380
0.869468060662
192400
0.859775199142
192420
0.864690563725
192440
0.878388767616
192460
0.884955193015
192480
0.885633042279
192500
0.89097254136
192520
0.891730813419
192540
0.890166398591
192560
0.896109547335
192580
0.895266544118
192600
0.896103324142
192620
0.891756663603
192640
0.896800321691
192660
0.897566253064
192680
0.890101294424
192700
0.889124731924
192720
0.889718807445
192740
0.897860179228
192760
0.896978400735
192780
0.894090839461
192800
0.893844784007
192820
0.889819814645
192840
0.875869810815
192860
0.879926374847
192880
0.886504289216
192900
0.88244006587
192920
0.882849360447
192940
0.875900926777
192960
0.870076497396
192980
0.878745883119
193000
0.885173483456
193020
0.894215782016
193040
0.890096507353
193060
0.889787262561
193080
0.892293294271
193100
0.891441195619
193120
0.892446959252
193140
0.899180453431
193160
0.903870346967
193180
0.901286764706
193200
0.906840724571
193220
0.915121400123
193240
0.917138671875
193260
0.910546396293
193280
0.906186810662
193300
0.913606292126
193320
0.912737917433
193340
0.916752833946
193360
0.916417738971
193380
0.911212756587
193400
0.907490330116
193420
0.901405962776
193440
0.905316999847
193460
0.90812701057
193480
0.906898169424
193500
0.900527056526
193520
0.897194776348
193540
0.897937729779
193560
0.89734173943
193580
0.899409275429
193600
0.895412071078
193620
0.887376014859
193640
0.893251665901
193660
0.889404296875
193680
0.900953105852
193700
0.899504538143
193720
0.898852060355
193740
0.895709348192
193760
0.888308057598
193780
0.890852864583
193800
0.888792509191
193820
0.891742781097
193840
0.891426834406
193860
0.893402937347
193880
0.895730890012
193900
0.894646139706
193920
0.896919998468
193940
0.898610313266
193960
0.900771675858
193980
0.904891907935
194000
0.904856962316
194020
0.905788047641
194040
0.906013518689
194060
0.906858436734
194080
0.913545496324
194100
0.91810278799
194120
0.919541302849
194140
0.921872127757
194160
0.915127144608
194180
0.918192306219
194200
0.917976888021
194220
0.909459731158
194240
0.909994925705
194260
0.905535290288
194280
0.911329082414
194300
0.912216605392
194320
0.900595990349
194340
0.908611462163
194360
0.90619542739
194380
0.891632678462
194400
0.880985274969
194420
0.880621457567
194440
0.875404986213
194460
0.867304304534
194480
0.86345502068
194500
0.861817842371
194520
0.870094688266
194540
0.859316119026
194560
0.864592907475
194580
0.878273877911
194600
0.896894626991
194620
0.888647939645
194640
0.896938668045
194660
0.891841873468
194680
0.887784830729
194700
0.881998697917
194720
0.881075271906
194740
0.895954446232
194760
0.897965973499
194780
0.904755955116
194800
0.890021829044
194820
0.896110026042
194840
0.888983513327
194860
0.891403377757
194880
0.888870059743
194900
0.895854396446
194920
0.88938036152
194940
0.879017310049
194960
0.876926796109
194980
0.876379155178
195000
0.888381778493
195020
0.87632410386
195040
0.879326076134
195060
0.87876886106
195080
0.884840303309
195100
0.880920170803
195120
0.888035194547
195140
0.887253465839
195160
0.89153693704
195180
0.886891084559
195200
0.882278262868
195220
0.881500842525
195240
0.882450597426
195260
0.882330441942
195280
0.875700348499
195300
0.872880284926
195320
0.873792700674
195340
0.869240674786
195360
0.867262178309
195380
0.874882716759
195400
0.87633080576
195420
0.879554898131
195440
0.874887982537
195460
0.87826573989
195480
0.88492455576
195500
0.892526424632
195520
0.884182559743
195540
0.88616584329
195560
0.896935317096
195580
0.902874157475
195600
0.899213005515
195620
0.902337526808
195640
0.907312251072
195660
0.908806774663
195680
0.897099992341
195700
0.889017980239
195720
0.895139686734
195740
0.894672468597
195760
0.894543696385
195780
0.882063323376
195800
0.889833218444
195820
0.884262982537
195840
0.876600317862
195860
0.878215475643
195880
0.892450310202
195900
0.898370002298
195920
0.900259459252
195940
0.906193991268
195960
0.908586569393
195980
0.918045821844
196000
0.92330346201
196020
0.923242666207
196040
0.92879040288
196060
0.936075846354
196080
0.932756969975
196100
0.921028167126
196120
0.921583946078
196140
0.91413861443
196160
0.898236921722
196180
0.881355315564
196200
0.873853496477
196220
0.873190487132
196240
0.874851122089
196260
0.868144435509
196280
0.878398341759
196300
0.874388691023
196320
0.867804074755
196340
0.885446825214
196360
0.893871112898
196380
0.905420400582
196400
0.902924900429
196420
0.911116536458
196440
0.900818589154
196460
0.88737745098
196480
0.877909103094
196500
0.869998946844
196520
0.85226093367
196540
0.840688189338
196560
0.843199008119
196580
0.83764073989
196600
0.832651175705
196620
0.827737247243
196640
0.8402410769
196660
0.860950903799
196680
0.87311963848
196700
0.883905867034
196720
0.893110926011
196740
0.909167719822
196760
0.90577655867
196780
0.909945618873
196800
0.910772824755
196820
0.918334003523
196840
0.909051393995
196860
0.918466605392
196880
0.91470636106
196900
0.924722349877
196920
0.920224417892
196940
0.914668543199
196960
0.907989142923
196980
0.906691367953
197000
0.909919289982
197020
0.909975298713
197040
0.920149739583
197060
0.916898839614
197080
0.912355430453
197100
0.918830901501
197120
0.911486577053
197140
0.915094592525
197160
0.914225739124
197180
0.906826842065
197200
0.903542911305
197220
0.897016697304
197240
0.897701727175
197260
0.890921798407
197280
0.891906977635
197300
0.903100585937
197320
0.908191157322
197340
0.906419941023
197360
0.913698203891
197380
0.909922640931
197400
0.903559666054
197420
0.901720952053
197440
0.897325942096
197460
0.888780062806
197480
0.876842543658
197500
0.874955480239
197520
0.87408471201
197540
0.865396178002
197560
0.868997012868
197580
0.856633444393
197600
0.855787090227
197620
0.871788354013
197640
0.882227519914
197660
0.899838675705
197680
0.911995921415
197700
0.920765835631
197720
0.931819661458
197740
0.943531709559
197760
0.956492225797
197780
0.974868834252
197800
0.988352098652
197820
0.988562729779
197840
0.983227539063
197860
0.972090418199
197880
0.964542643229
197900
0.951746802237
197920
0.949252259498
197940
0.931677964154
197960
0.92007745481
197980
0.902296357996
198000
0.885824525123
198020
0.871346507353
198040
0.857005399816
198060
0.855359604779
198080
0.862542604933
198100
0.856220320159
198120
0.855737304687
198140
0.860962871477
198160
0.855361519608
198180
0.856782322304
198200
0.862494255515
198220
0.852202531403
198240
0.867854817708
198260
0.877674057904
198280
0.875653913909
198300
0.890564204197
198320
0.89331964231
198340
0.891418217678
198360
0.894757678462
198380
0.892766256893
198400
0.907958026961
198420
0.920186121324
198440
0.901769780178
198460
0.894200942096
198480
0.897756778493
198500
0.905260033701
198520
0.911664656097
198540
0.916591030944
198560
0.929258578431
198580
0.930909160539
198600
0.920743336397
198620
0.922722311581
198640
0.95101964614
198660
0.952624272365
198680
0.941755706189
198700
0.949964096967
198720
0.951041666667
198740
0.951693665748
198760
0.952177159926
198780
0.933161956189
198800
0.941670017616
198820
0.926529947917
198840
0.901088579963
198860
0.878232230392
198880
0.881261967678
198900
0.875365253523
198920
0.860392731311
198940
0.857808191636
198960
0.870691157322
198980
0.87807042739
199000
0.875034945619
199020
0.908008291207
199040
0.929399318321
199060
0.95483972886
199080
0.954982383578
199100
0.966033337163
199120
0.980537683824
199140
0.980269129136
199160
0.985846066942
199180
0.989773380055
199200
0.989519186581
199220
0.989696308211
199240
0.99078393076
199260
0.990809302237
199280
0.991353592218
199300
0.991931870404
199320
1.0
199340
1.0
199360
0.917826573989
199380
0.909995404412
199400
0.910928404565
199420
0.910840801164
199440
0.910768516391
199460
0.910741230086
199480
0.918277516085
199500
1.0
199520
1.0
