117552
0.11384826187
117572
0.11384826187
117592
0.11384826187
117612
0.11384826187
117632
0.11384826187
117652
0.119459711119
117672
0.119459711119
117692
0.119459711119
117712
0.119459711119
117732
0.295385174419
117752
0.29538971657
117772
0.29538971657
117792
0.29538971657
117812
0.29538971657
117832
0.126852819162
117852
0.126861146439
117872
0.126866067103
117892
0.126871366279
117912
0.125881177326
117932
0.126025769138
117952
0.126630253755
117972
0.127062893653
117992
0.12737440952
118012
0.283502906977
118032
0.283502906977
118052
0.283502906977
118072
0.283502906977
118092
1.0
118112
0.997736116158
118132
0.995776934956
118152
0.995882918484
118172
0.995920012718
118192
0.99605438469
118212
0.995942723474
118232
0.995933260659
118252
0.993641366885
118272
0.992476305111
118292
0.992317708333
118312
0.992491067103
118332
0.992791984617
118352
0.992712875484
118372
0.99259705063
118392
0.990239295664
118412
0.988919422238
118432
0.989224503391
118452
0.989118519864
118472
0.989073476865
118492
0.989272195979
118512
0.988848640383
118532
0.98887740734
118552
0.988915637112
118572
0.989212012476
118592
0.988996260296
118612
0.988751362645
118632
0.991059153949
118652
0.993075490552
118672
0.993106150073
118692
0.993063378149
118712
0.991797253513
118732
0.98959166061
118752
0.988007585392
118772
0.989790379724
118792
0.991468326066
118812
0.991267335877
118832
0.990916076187
118852
0.991346823522
118872
0.991357421875
118892
0.991399058261
118912
0.993441512234
118932
0.994889701429
118952
0.994879860102
118972
0.995058518047
118992
0.994983194041
119012
0.99489424358
119032
0.994702716206
119052
0.994912033672
119072
0.994859041909
119092
0.994790152616
119112
0.994584620276
119132
0.992364265383
119152
0.989367581153
119172
0.986270212573
119192
0.983431746609
119212
0.981158399952
119232
0.977049645712
119252
0.97513853561
119272
0.974212693798
119292
0.970466176114
119312
0.967019061894
119332
0.963723352713
119352
0.960297813711
119372
0.957097489704
119392
0.954445251938
119412
0.952013308503
119432
0.947919316255
119452
0.949189983043
119472
0.943355968387
119492
0.94021393532
119512
0.937955350654
119532
0.937549206638
119552
0.935853470203
119572
0.93410247093
119592
0.931976365673
119612
0.928492535732
119632
0.924613917151
119652
0.924895530523
119672
0.929790833939
119692
0.931967281371
119712
0.928862721051
119732
0.935372759205
119752
0.940249515504
119772
0.941453185562
119792
0.936127134811
119812
0.938543180717
119832
0.936627149952
119852
0.93822295906
119872
0.938920557776
119892
0.940029221172
119912
0.93874038578
119932
0.942708711846
119952
0.943782173571
119972
0.943633796633
119992
0.939848292151
120012
0.939731710271
120032
0.937190755208
120052
0.936676356589
120072
0.93255019077
120092
0.928726456516
120112
0.928745382146
120132
0.92735396984
120152
0.926013278222
120172
0.928530386991
120192
0.925963314559
120212
0.923833045664
120232
0.925843704578
120252
0.923140746124
120272
0.920469204215
120292
0.919307170543
120312
0.924055989583
120332
0.924951171875
120352
0.92461088905
120372
0.926350911458
120392
0.928517517563
120412
0.927807806444
120432
0.92776352047
120452
0.926592402495
120472
0.925970884811
120492
0.923807306807
120512
0.922342084545
120532
0.920072523014
120552
0.917471384448
120572
0.919688332728
120592
0.921656598232
120612
0.920747410974
120632
0.919479015262
120652
0.922282658067
120672
0.922118762112
120692
0.922171753876
120712
0.919421859859
120732
0.920173585877
120752
0.915608723958
120772
0.912551856226
120792
0.910533248547
120812
0.913568541061
120832
0.911935259205
120852
0.906588390262
120872
0.909722474564
120892
0.912644213299
120912
0.907912048813
120932
0.905815467539
120952
0.903154523983
120972
0.908548707001
120992
0.909817859738
121012
0.908631222747
121032
0.91195342781
121052
0.915528479288
121072
0.912972383721
121092
0.916619731105
121112
0.917968371487
121132
0.924347822796
121152
0.92277434593
121172
0.919295436652
121192
0.919655780644
121212
0.920030508115
121232
0.923535534763
121252
0.926769167878
121272
0.925225593508
121292
0.925802825218
121312
0.928118565286
121332
0.926812696827
121352
0.923879224201
121372
0.928627286216
121392
0.929817329821
121412
0.929160231953
121432
0.930912366764
121452
0.930416136749
121472
0.931154993338
121492
0.934797041546
121512
0.929173101381
121532
0.92986237282
121552
0.929943374516
121572
0.928797616885
121592
0.929232906371
121612
0.931689453125
121632
0.9280288578
121652
0.933367399467
121672
0.935847035489
121692
0.934505208333
121712
0.931102380087
121732
0.930972171754
121752
0.931402162064
121772
0.931202685925
121792
0.934103984981
121812
0.929327156008
121832
0.934104742006
121852
0.938797919695
121872
0.938199869792
121892
0.937827413396
121912
0.935462845203
121932
0.935318631904
121952
0.933627816134
121972
0.937488644622
121992
0.937723322432
122012
0.937255859375
122032
0.93752043968
122052
0.940952034884
122072
0.940687833091
122092
0.943967266231
122112
0.942316194283
122132
0.942356695131
122152
0.942883584666
122172
0.940184411337
122192
0.939420951429
122212
0.942301432292
122232
0.941727985707
122252
0.941682564196
122272
0.942717039123
122292
0.945809865552
122312
0.945402964511
122332
0.946783778464
122352
0.940551568556
122372
0.939175675266
122392
0.938961437137
122412
0.93839783188
122432
0.935826217297
122452
0.935587375848
122472
0.937034429506
122492
0.935374651768
122512
0.934498773619
122532
0.929830199249
122552
0.930171996124
122572
0.933362857316
122592
0.928260128997
122612
0.927609465843
122632
0.924869034641
122652
0.92354386204
122672
0.928425160489
122692
0.925541651526
122712
0.920181156129
122732
0.918603137112
122752
0.912785777011
122772
0.911557882146
122792
0.913664683261
122812
0.92014784702
122832
0.91551863796
122852
0.923109708091
122872
0.926890670422
122892
0.922088102592
122912
0.924413305475
122932
0.919401420179
122952
0.925596535853
122972
0.920824249031
122992
0.917725744913
123012
0.920055111434
123032
0.917942254118
123052
0.919074763808
123072
0.916021681202
123092
0.919000953852
123112
0.916938060199
123132
0.91824279312
123152
0.921228500484
123172
0.923513581032
123192
0.923133554385
123212
0.922523770591
123232
0.923510174419
123252
0.921937454578
123272
0.925738856589
123292
0.927987221415
123312
0.92599700218
123332
0.91929505814
123352
0.918590267684
123372
0.918576262718
123392
0.919244337452
123412
0.915015973232
123432
0.912483723958
123452
0.918809047965
123472
0.918576641231
123492
0.919416182171
123512
0.920203866885
123532
0.921073688832
123552
0.921838662791
123572
0.921722837936
123592
0.926226380814
123612
0.925963314559
123632
0.924334953367
123652
0.924799388324
123672
0.921918907461
123692
0.922368201914
123712
0.9167007328
123732
0.915762400073
123752
0.919200808503
123772
0.919815891473
123792
0.917772301962
123812
0.919747380693
123832
0.916402464874
123852
0.917555792757
123872
0.924460619549
123892
0.919446084666
123912
0.924241460756
123932
0.925027252907
123952
0.92760605923
123972
0.928245367006
123992
0.9254867672
124012
0.928487236555
124032
0.928240067829
124052
0.931105786701
124072
0.927011794453
124092
0.922443147408
124112
0.923031734496
124132
0.919886294816
124152
0.921772801599
124172
0.922732709545
124192
0.925624545785
124212
0.92000060562
124232
0.921981740552
124252
0.932331789002
124272
0.931820039971
124292
0.927921738735
124312
0.926821402616
124332
0.929577731347
124352
0.931450611676
124372
0.933553627665
124392
0.93423949249
124412
0.937281598232
124432
0.936072628997
124452
0.933016139777
124472
0.930790485707
124492
0.934837163881
124512
0.933892774952
124532
0.936922389777
124552
0.938938347868
124572
0.939349412548
124592
0.942967614462
124612
0.94786026829
124632
0.943583075945
124652
0.94408082001
124672
0.943964995155
124692
0.948483678537
124712
0.947406053173
124732
0.949002619307
124752
0.946663411458
124772
0.947133902616
124792
0.948993535005
124812
0.949875469356
124832
0.947153206759
124852
0.943269289002
124872
0.939843371487
124892
0.935693359375
124912
0.937035565044
124932
0.93921996124
124952
0.938726759327
124972
0.938916394138
124992
0.936782718629
125012
0.932552083333
125032
0.932239431928
125052
0.934848519259
125072
0.936574915213
125092
0.933393138324
125112
0.933798525315
125132
0.934943525921
125152
0.934274315649
125172
0.934936334181
125192
0.931413138929
125212
0.930899118823
125232
0.931258327277
125252
0.930935077519
125272
0.930427113614
125292
0.93121934048
125312
0.930591766594
125332
0.932197795543
125352
0.932184547602
125372
0.939244186047
125392
0.93791825642
125412
0.941329411943
125432
0.942222323159
125452
0.937287275921
125472
0.936756979772
125492
0.935580184109
125512
0.935213783915
125532
0.941254087936
125552
0.940915319162
125572
0.939491733285
125592
0.942090600775
125612
0.942866173086
125632
0.944544497941
125652
0.944193616764
125672
0.945680792757
125692
0.949788789971
125712
0.947712269864
125732
0.950642335877
125752
0.952819161822
125772
0.952369867369
125792
0.946286791424
125812
0.941141291182
125832
0.938022725896
125852
0.943518350291
125872
0.943685274346
125892
0.942398710029
125912
0.942074703246
125932
0.938179430111
125952
0.935351183987
125972
0.940406219719
125992
0.943862796754
126012
0.948263384205
126032
0.948840615916
126052
0.947359496124
126072
0.944661836846
126092
0.947531340843
126112
0.946624424661
126132
0.948599881904
126152
0.948197144501
126172
0.940353984981
126192
0.935752785853
126212
0.937543150436
126232
0.933929869186
126252
0.935531355984
126272
0.928768849927
126292
0.926832379482
126312
0.929061061652
126332
0.933326141594
126352
0.928444086119
126372
0.92874878876
126392
0.928766957364
126412
0.933487009448
126432
0.935853091691
126452
0.941835104772
126472
0.945035807292
126492
0.944396121003
126512
0.946388611313
126532
0.949760401526
126552
0.95232331032
126572
0.954105726139
126592
0.956043710635
126612
0.955835150194
126632
0.955536882267
126652
0.954695448765
126672
0.955726517078
126692
0.964749121851
126712
0.968070191376
126732
0.970079714753
126752
0.975376241521
126772
0.975441724201
126792
0.980325672238
126812
0.985147922723
126832
0.989441012597
126852
0.991727607195
126872
0.997113084423
126892
0.997013157098
126912
0.998781189438
126932
1.0
126952
0.289035625606
126972
0.233678158309
126992
0.238827065165
127012
0.305854454336
127032
0.235064271439
127052
1.0
127072
1.0
127092
1.0
127112
1.0
127132
1.0
