157739
0.992137192235
157759
0.991830906723
157779
0.991830906723
157799
0.991830906723
157819
0.992119436553
157839
1.0
157859
1.0
157879
0.995029888731
157899
0.994986979167
157919
0.994986979167
157939
0.994986979167
157959
1.0
157979
1.0
157999
1.0
158019
0.994449869792
158039
0.994446910511
158059
0.99443803267
158079
0.994324100379
158099
1.0
158119
1.0
158139
0.994185014205
158159
0.992412405303
158179
0.992412405303
158199
0.992292554451
158219
0.992134232955
158239
1.0
158259
1.0
158279
0.994506096117
158299
0.993673058712
158319
0.993665660511
158339
0.993661221591
158359
0.993931995739
158379
1.0
158399
1.0
158419
0.994358132102
158439
0.994196851326
158459
0.994254557292
158479
0.994254557292
158499
0.993823982008
158519
1.0
158539
1.0
158559
0.990218098958
158579
0.990003551136
158599
0.990000591856
158619
0.990000591856
158639
0.996920868845
158659
1.0
158679
1.0
158699
0.993485144413
158719
0.993433357008
158739
0.993420040246
158759
0.993420040246
158779
1.0
158799
1.0
158819
1.0
158839
0.993955669981
158859
0.993952710701
158879
0.993952710701
158899
0.993968986742
158919
1.0
158939
1.0
158959
0.996623461174
158979
0.995660215436
158999
0.995673532197
159019
0.995673532197
159039
0.995673532197
159059
1.0
159079
1.0
159099
0.999396306818
159119
0.997441702178
159139
0.996115944602
159159
0.991148792614
159179
0.988130326705
159199
0.983698804451
159219
0.978740530303
159239
0.974658203125
159259
0.972762784091
159279
0.968692294034
159299
0.964213423295
159319
0.960219874527
159339
0.955186138731
159359
0.949596058239
159379
0.944748757102
159399
0.94453272964
159419
0.94287553267
159439
0.939388020833
159459
0.941453598485
159479
0.941049656723
159499
0.944455788352
159519
0.94336085464
159539
0.938787286932
159559
0.936368075284
159579
0.934784860322
159599
0.936373993845
159619
0.937269176136
159639
0.937446732955
159659
0.935776219223
159679
0.936871152936
159699
0.938537227746
159719
0.939669152462
159739
0.936252663352
159759
0.935496567235
159779
0.93554243608
159799
0.934435665246
159819
0.938350793087
159839
0.939627722538
159859
0.937702710701
159879
0.937847715436
159899
0.938333037405
159919
0.933368844697
159939
0.927198745265
159959
0.923662405303
159979
0.923177083333
159999
0.919839015152
160019
0.906458629261
160039
0.89755415483
160059
0.893880208333
160079
0.889010712595
160099
0.883306699811
160119
0.882066761364
160139
0.880908203125
160159
0.87714399858
160179
0.872567471591
160199
0.875455729167
160219
0.882362689394
160239
0.890738932292
160259
0.891133996212
160279
0.89199514678
160299
0.890367542614
160319
0.898508522727
160339
0.899092980587
160359
0.891709576231
160379
0.89433297822
160399
0.893915719697
160419
0.8802734375
160439
0.874775094697
160459
0.883568596117
160479
0.895877722538
160499
0.898902107008
160519
0.895328776042
160539
0.879715613163
160559
0.879927201705
160579
0.885696318655
160599
0.891120679451
160619
0.89384321733
160639
0.895712002841
160659
0.903474195076
160679
0.908362926136
160699
0.91240678267
160719
0.920377604167
160739
0.923810369318
160759
0.921829131155
160779
0.918715968277
160799
0.918684895833
160819
0.916512784091
160839
0.91571821733
160859
0.91650242661
160879
0.915580610795
160899
0.914612926136
160919
0.914513790246
160939
0.914179391572
160959
0.913262014678
160979
0.914876302083
160999
0.908994732481
161019
0.90204782197
161039
0.883928148674
161059
0.887724905303
161079
0.890403053977
161099
0.891613399621
161119
0.895263671875
161139
0.892767518939
161159
0.90205374053
161179
0.899480646307
161199
0.909022845644
161219
0.902237215909
161239
0.899455492424
161259
0.896598307292
161279
0.89452829072
161299
0.892311789773
161319
0.892425722064
161339
0.895476740057
161359
0.897811612216
161379
0.889288884943
161399
0.890941642992
161419
0.889112807765
161439
0.890200343277
161459
0.890369022254
161479
0.879794034091
161499
0.879986387311
161519
0.878560014205
161539
0.888344874527
161559
0.887121212121
161579
0.893230646307
161599
0.899923058712
161619
0.906966145833
161639
0.91405806108
161659
0.912590258049
161679
0.919745797822
161699
0.928688742898
161719
0.932157019413
161739
0.931972064394
161759
0.936217151989
161779
0.930285274621
161799
0.92734818892
161819
0.930809067235
161839
0.929277639678
161859
0.930150627367
161879
0.934897312973
161899
0.932410037879
161919
0.929857658617
161939
0.930431758996
161959
0.930859375
161979
0.924849076705
161999
0.922539358428
162019
0.921909031723
162039
0.916389973958
162059
0.915866181345
162079
0.918903882576
162099
0.912078302557
162119
0.912671638258
162139
0.909323212595
162159
0.91230616714
162179
0.913611209754
162199
0.907611268939
162219
0.908556758996
162239
0.907364169034
162259
0.907022372159
162279
0.913139204545
162299
0.911706912879
162319
0.916853101326
162339
0.922745028409
162359
0.928012547348
162379
0.931686493845
162399
0.929538056345
162419
0.926895419034
162439
0.921904592803
162459
0.923968690814
162479
0.922392874053
162499
0.918766276042
162519
0.916669625947
162539
0.907643821023
162559
0.912357954545
162579
0.89814009233
162599
0.901016512784
162619
0.894884883996
162639
0.89843454072
162659
0.891635594223
162679
0.88643022017
162699
0.884351325758
162719
0.888735499527
162739
0.897527521307
162759
0.896327533144
162779
0.895062440814
162799
0.891273082386
162819
0.888883463542
162839
0.891440281723
162859
0.881094637784
162879
0.882775508996
162899
0.875368430398
162919
0.878456439394
162939
0.866975911458
162959
0.870717921402
162979
0.86259617661
162999
0.86552438447
163019
0.864635120739
163039
0.863526870265
163059
0.866094045928
163079
0.874813565341
163099
0.872388435133
163119
0.873154888731
163139
0.875275213068
163159
0.879107481061
163179
0.889762369792
163199
0.89834280303
163219
0.893720407197
163239
0.900318122633
163259
0.908337772254
163279
0.908704723011
163299
0.909807054924
163319
0.900612571023
163339
0.897281901042
163359
0.89179835464
163379
0.887276574337
163399
0.897548236269
163419
0.89424272017
163439
0.89677586411
163459
0.897308534564
163479
0.889624763258
163499
0.88407759233
163519
0.88320164536
163539
0.880499822443
163559
0.873696437027
163579
0.884564393939
163599
0.881184895833
163619
0.883040364583
163639
0.883931107955
163659
0.882837653883
163679
0.888805042614
163699
0.884073153409
163719
0.895026929451
163739
0.90283647017
163759
0.894359611742
163779
0.893525094697
163799
0.891341145833
163819
0.892109079072
163839
0.89745797822
163859
0.89784860322
163879
0.90000295928
163899
0.900513435133
163919
0.901879142992
163939
0.907251716383
163959
0.915592447917
163979
0.920237038352
163999
0.924326763731
164019
0.921064157197
164039
0.915533262311
164059
0.920191169508
164079
0.90546727036
164099
0.911594460227
164119
0.910873875473
164139
0.916674064867
164159
0.92451171875
164179
0.932059363163
164199
0.93252397017
164219
0.933163174716
164239
0.938322679924
164259
0.931767874053
164279
0.930218690814
164299
0.929446318655
164319
0.93789358428
164339
0.939098011364
164359
0.93926225142
164379
0.943024976326
164399
0.934690163352
164419
0.936533794981
164439
0.934318773674
164459
0.934832208807
164479
0.935395951705
164499
0.930095880682
164519
0.92411961411
164539
0.921988932292
164559
0.917742365057
164579
0.915370501894
164599
0.918868371212
164619
0.910247987689
164639
0.912281013258
164659
0.905412523674
164679
0.90107421875
164699
0.904604640152
164719
0.907302024148
164739
0.903777521307
164759
0.901775568182
164779
0.896626420455
164799
0.894121389678
164819
0.894665897254
164839
0.901930930398
164859
0.895298196812
164879
0.896895714962
164899
0.904877387153
164919
0.909532335069
164939
0.914246961806
164959
0.91380011048
164979
0.925287050189
164999
0.931710168087
165019
0.934432705966
165039
0.94107678346
165059
0.934564393939
165079
0.93316662721
165099
0.940331044823
165119
0.934313348327
165139
0.926348938605
165159
0.93759469697
165179
0.933522727273
165199
0.92001509233
165219
0.925497159091
165239
0.924045632102
165259
0.913879024621
165279
0.910654888731
165299
0.904677142519
165319
0.897996567235
165339
0.898320608428
165359
0.885301254735
165379
0.882250236742
165399
0.874041193182
165419
0.877401455966
165439
0.876988636364
165459
0.877799479167
165479
0.877237215909
165499
0.875572620739
165519
0.874789891098
165539
0.876683830492
165559
0.87500147964
165579
0.886952533144
165599
0.89130563447
165619
0.900545987216
165639
0.898712713068
165659
0.906858132102
165679
0.912479285038
165699
0.911304450758
165719
0.911360677083
165739
0.918778113163
165759
0.915966796875
165779
0.921509528883
165799
0.929412286932
165819
0.927937085701
165839
0.922496448864
165859
0.927092211174
165879
0.925529711174
165899
0.92666311553
165919
0.927803918087
165939
0.928779000947
165959
0.933604107481
165979
0.942723129735
165999
0.952320075758
166019
0.959583629261
166039
0.960774739583
166059
0.969458747633
166079
0.97314749053
166099
0.975247099905
166119
0.979961233428
166139
0.984925426136
166159
0.988004557292
166179
0.992699455492
166199
0.994386245265
166219
0.996556877367
166239
0.998681147412
166259
1.0
166279
1.0
166299
1.0
166319
0.990382339015
166339
0.990374940814
166359
0.990369022254
166379
0.990093809186
166399
0.994837535511
166419
0.993505859375
166439
0.993502900095
166459
0.993137428977
166479
1.0
166499
0.981920276989
166519
0.981914358428
166539
0.982362689394
166559
0.998957346907
166579
0.98114938447
166599
0.981149877683
166619
0.981151357323
166639
1.0
166659
0.98125
166679
0.980985144413
166699
0.980982185133
166719
1.0
166739
0.989386541193
166759
0.989339192708
166779
0.989349550189
166799
0.996339370265
166819
0.98443911774
166839
0.983972537879
166859
0.983985361427
166879
0.984094854798
166899
0.998247119634
166919
0.995113241793
166939
0.995112255366
166959
0.995095979324
166979
1.0
166999
0.985724431818
167019
0.985686454388
167039
0.985652422664
167059
1.0
167079
0.971138139205
167099
0.97109227036
167119
0.971087831439
167139
1.0
167159
0.953878136837
167179
0.952621922348
167199
0.952630800189
167219
0.998715672348
167239
1.0
167259
1.0
167279
1.0
167299
1.0
167319
1.0
