179677
0.187543895991
179697
0.194023733428
179717
0.269473544034
179737
0.729792554451
179757
0.768433850221
179777
0.764044744318
179797
0.687195194129
179817
0.414767301926
179837
0.244764046717
179857
0.148219006471
179877
0.0988611702967
179897
0.107508680556
179917
0.0943132496843
179937
0.0694414851641
179957
0.0718291311553
179977
0.0627638691604
179997
0.0563619594381
180017
0.100894195865
180037
0.114739188763
180057
0.126374585701
180077
0.0498964251894
180097
0.0631569602273
180117
0.0661941682449
180137
0.0711519491793
180157
0.0738236860795
180177
0.0731016216856
180197
0.0726720328283
180217
0.0794349747475
180237
0.101285807292
180257
0.372193615846
180277
0.465894787721
180297
0.469827671244
180317
0.468504872948
180337
0.464620324337
180357
0.457192037563
180377
0.414300722064
180397
0.513945608428
180417
0.574190143624
180437
0.57643130524
180457
0.580629537563
180477
0.57855212279
180497
0.587005306976
180517
0.603648792614
180537
0.589724392361
180557
0.120240490846
180577
0.0596906565657
180597
0.0824356849747
180617
0.0842556423611
180637
0.0841875789141
180657
0.085234670928
180677
0.0859133325442
180697
0.0817136205808
180717
0.071741339173
180737
0.0465879498106
180757
0.0730690696023
180777
0.0945169468119
180797
0.0793210424558
180817
0.0865742384785
180837
0.123615550032
180857
0.119054805871
180877
0.115417357165
180897
0.0894925820707
180917
0.050231317077
180937
0.15911113084
180957
0.22828381471
180977
0.236539220328
180997
0.171478949653
181017
0.209958964646
181037
0.533581419665
181057
0.458576487532
181077
0.457993016098
181097
0.480110677083
181117
0.558529139047
181137
0.508239129577
181157
0.421748737374
181177
0.0541380602904
181197
0.077910452178
181217
0.0873515427715
181237
0.0837027501578
181257
0.0396178582702
181277
0.0931231257891
181297
0.0803829308712
181317
0.118128057923
181337
0.137840810448
181357
0.0464646464646
181377
0.0488759666982
181397
0.061236880524
181417
0.0529814749053
181437
0.0720426925505
181457
0.184694602273
181477
0.159785353535
181497
0.144064176926
181517
0.154923749211
181537
0.153600950915
181557
0.154693418561
181577
0.159160452178
181597
0.169799064867
181617
0.173642183554
181637
0.174139342645
181657
0.17093493529
181677
0.180188604798
181697
0.180183672664
181717
0.174982244318
181737
0.172116181345
181757
0.050914910827
181777
0.0884454900568
181797
0.0622958096591
181817
0.0616166548295
181837
0.0621478456439
181857
0.061298532197
181877
0.0597098918876
181897
0.0462910353535
181917
0.0523353653725
181937
0.15023181029
181957
0.155389835859
181977
0.15852667298
181997
0.159090909091
182017
0.15494840988
182037
0.112157709912
182057
0.0628935842803
182077
0.154602174085
182097
0.159463285196
182117
0.16188200363
182137
0.16068102904
182157
0.157644314236
182177
0.0587195194129
182197
0.0702311197917
182217
0.0555826822917
182237
0.0577192826705
182257
0.0590514520202
182277
0.0593912760417
182297
0.0510712594697
182317
0.0392548532197
182337
0.0484769570707
182357
0.0466678503788
182377
0.0444765033144
182397
0.0424607402146
182417
0.0397712476326
182437
0.0779183435922
182457
0.346556384154
182477
0.352057686237
182497
0.366454091698
182517
0.376785432449
182537
0.387553760259
182557
0.391856553819
182577
0.289487649937
182597
0.0831424597538
182617
0.147678444602
182637
0.147989169034
182657
0.147115688131
182677
0.152097143308
182697
0.152689985795
182717
0.0830832741477
182737
0.0332923966225
182757
0.0589962121212
182777
0.0746365017361
182797
0.0745492029672
182817
0.0756702769886
182837
0.0769555910669
182857
0.0747864386048
182877
0.0396163786301
182897
0.167439532039
182917
0.202755089962
182937
0.245138395676
182957
0.249614800347
182977
0.248346748737
182997
0.253475181503
183017
0.256447285354
183037
0.249438723169
183057
0.294640250158
183077
0.116976404672
183097
0.0939985795455
183117
0.125176570391
183137
0.094427181976
183157
0.0493681936553
183177
0.16864938447
183197
0.241725852273
183217
0.23928839173
183237
0.208774266098
183257
0.12815705887
183277
0.0954836450442
183297
0.0964873342803
183317
0.159845032355
183337
0.164462002841
183357
0.161390269886
183377
0.163004557292
183397
0.158935546875
183417
0.136838600852
183437
0.136875098643
183457
0.51256115846
183477
0.993955669981
183497
0.988259055398
183517
0.987634647254
183537
0.985910373264
183557
0.987025035511
183577
0.992848899148
183597
0.995083155777
183617
0.995519649621
183637
0.995577355587
183657
0.995461943655
183677
0.994512014678
183697
0.996620501894
183717
1.0
183737
1.0
183757
1.0
183777
0.996053799716
183797
0.989775686553
183817
0.983812736742
183837
0.983607066761
183857
0.983834931345
183877
0.983330374053
183897
0.983565636837
183917
0.977376302083
183937
0.970538884943
183957
0.965158913352
183977
0.961539713542
183997
0.962853633996
184017
0.959301017992
184037
0.960185842803
184057
0.952226858428
184077
0.946059718277
184097
0.940993430398
184117
0.936615175189
184137
0.938756214489
184157
0.937650923295
184177
0.936828243371
184197
0.937903941761
184217
0.933652935606
184237
0.937933534564
184257
0.941447679924
184277
0.943109315814
184297
0.943590198864
184317
0.945373165246
184337
0.942104640152
184357
0.941935961174
184377
0.944657019413
184397
0.940778882576
184417
0.944223484848
184437
0.94170069839
184457
0.942631392045
184477
0.941342625473
184497
0.938813920455
184517
0.940089370265
184537
0.939860026042
184557
0.938594933712
184577
0.940746330492
184597
0.939627722538
184617
0.94286813447
184637
0.945081676136
184657
0.944596354167
184677
0.945978338068
184697
0.945197088068
184717
0.947515684186
184737
0.946801017992
184757
0.946920868845
184777
0.945163056345
184797
0.943431877367
184817
0.945426432292
184837
0.941975911458
184857
0.941465435606
184877
0.941360381155
184897
0.94258108428
184917
0.946056758996
184937
0.946547999527
184957
0.948163766572
184977
0.947354403409
184997
0.952756569602
185017
0.956612511837
185037
0.961899266098
185057
0.956408321496
185077
0.959459339489
185097
0.959753787879
185117
0.957553562973
185137
0.954271721117
185157
0.950464607008
185177
0.952533143939
185197
0.950738340436
185217
0.948317649148
185237
0.945031368371
185257
0.947420987216
185277
0.943693773674
185297
0.944199810606
185317
0.948612097538
185337
0.948399029356
185357
0.947253787879
185377
0.947597064394
185397
0.946614583333
185417
0.945237038352
185437
0.939137961648
185457
0.941369258996
185477
0.941185783617
185497
0.940145596591
185517
0.939898496686
185537
0.932725201231
185557
0.935321969697
185577
0.937005800189
185597
0.931473425663
185617
0.933829012784
185637
0.934166370739
185657
0.936359197443
185677
0.936498283617
185697
0.937335759943
185717
0.938489879261
185737
0.936698035038
185757
0.936350319602
185777
0.937572502367
185797
0.938222064394
185817
0.941128077652
185837
0.940164831913
185857
0.935398910985
185877
0.934040601326
185897
0.930902284564
185917
0.926745975379
185937
0.926936848958
185957
0.927025627367
185977
0.927984434186
185997
0.922341086648
186017
0.920274029356
186037
0.920815577652
186057
0.920740116004
186077
0.924113695549
186097
0.926787405303
186117
0.927766927083
186137
0.931516335227
186157
0.926492956913
186177
0.929576526989
186197
0.932404119318
186217
0.934919507576
186237
0.937900982481
186257
0.939999112216
186277
0.946117424242
186297
0.944720643939
186317
0.948885830966
186337
0.951278409091
186357
0.954925722064
186377
0.958479817708
186397
0.953453480114
186417
0.954964192708
186437
0.955128432765
186457
0.955014500473
186477
0.951544744318
186497
0.949498401989
186517
0.946820253314
186537
0.946438506155
186557
0.938924893466
186577
0.93828420928
186597
0.939910333807
186617
0.939979876894
186637
0.939538944129
186657
0.939096531723
186677
0.941437322443
186697
0.942205255682
186717
0.939129083807
186737
0.945454545455
186757
0.947875236742
186777
0.95488429214
186797
0.960381155303
186817
0.963661517519
186837
0.970297703598
186857
0.974084102746
186877
0.96972508286
186897
0.97392134233
186917
0.97958836411
186937
0.984269945549
186957
0.987047230114
186977
0.989823035038
186997
0.98271040483
187017
0.973493726326
187037
0.963886422822
187057
0.954672703598
187077
0.960171046402
187097
0.95381155303
187117
0.950411339962
187137
0.946308297822
187157
0.939993193655
187177
0.93740086411
187197
0.934015447443
187217
0.936585582386
187237
0.936220111269
187257
0.944867128314
187277
0.946829131155
187297
0.948600260417
187317
0.95322117661
187337
0.948739346591
187357
0.949655243845
187377
0.948009883996
187397
0.946232836174
187417
0.947098425663
187437
0.944513494318
187457
0.942264441288
187477
0.943616832386
187497
0.938784327652
187517
0.931727923769
187537
0.933678089489
187557
0.930746922348
187577
0.929844341856
187597
0.928725733902
187617
0.928395774148
187637
0.92841648911
187657
0.931556285511
187677
0.928204900568
187697
0.925835996686
187717
0.93310102983
187737
0.936743903883
187757
0.936217151989
187777
0.93672318892
187797
0.938287168561
187817
0.941230172822
187837
0.946081912879
187857
0.94013967803
187877
0.936191998106
187897
0.943180338542
187917
0.942228929924
187937
0.933984375
187957
0.943513257576
187977
0.944843454072
187997
0.93799124053
188017
0.935330847538
188037
0.939544862689
188057
0.939976917614
188077
0.933481297348
188097
0.940731534091
188117
0.938037109375
188137
0.938612689394
188157
0.946839488636
188177
0.943934955019
188197
0.950541548295
188217
0.958812736742
188237
0.959716796875
188257
0.959653172348
188277
0.956093158144
188297
0.957162937973
188317
0.962394945549
188337
0.954643110795
188357
0.951003196023
188377
0.950796046402
188397
0.947506806345
188417
0.943473307292
188437
0.93906102036
188457
0.93329634233
188477
0.938713304924
188497
0.927917850379
188517
0.908908913352
188537
0.908556758996
188557
0.898720111269
188577
0.906494140625
188597
0.905785392992
188617
0.909264026989
188637
0.912140447443
188657
0.920265151515
188677
0.922372159091
188697
0.940980113636
188717
0.961668442235
188737
0.975109493371
188757
0.981565163352
188777
0.991088127367
188797
0.990954959754
188817
0.994189453125
188837
0.992831143466
188857
0.988692589962
188877
0.98711233428
188897
0.986838600852
188917
0.986629971591
188937
0.986319247159
188957
0.988128847064
188977
0.988122928504
188997
0.988122928504
189017
0.988122928504
189037
0.987099017519
189057
1.0
189077
1.0
189097
1.0
189117
0.0767247672033
189137
0.0789097024937
189157
0.0780658143939
189177
0.0788880011048
189197
0.0788722182765
189217
1.0
189237
1.0
189257
1.0
