120370
0.4482847924
120390
0.450882676459
120410
0.458676163576
120430
0.320259072044
120450
0.383414443965
120470
0.415496719261
120490
0.399756073889
120510
0.391915214466
120530
0.395318427728
120550
0.399180838744
120570
0.399347054466
120590
0.399699788327
120610
0.394827373336
120630
0.384747636006
120650
0.384191712917
120670
0.385989219582
120690
0.384748296248
120710
0.377606962375
120730
0.375135514506
120750
0.372244813475
120770
0.355742084698
120790
0.35217034487
120810
0.347066185219
120830
0.353780343035
120850
0.354113929901
120870
0.352902882481
120890
0.354715244573
120910
0.355552760534
120930
0.358544478469
120950
0.356282822241
120970
0.368157590331
120990
0.370963450368
121010
0.36818994215
121030
0.379911204161
121050
0.364896163867
121070
0.372022972432
121090
0.369289243747
121110
0.381833331353
121130
0.376199163078
121150
0.387393717673
121170
0.397068397027
121190
0.379353630468
121210
0.380629381526
121230
0.380417774221
121250
0.376946391056
121270
0.216199612042
121290
0.218616920133
121310
0.213159201319
121330
0.214473081306
121350
0.2125979963
121370
0.213131636249
121390
0.210354661765
121410
0.209616181984
121430
0.212084823828
121450
0.213204097721
121470
0.214301418594
121490
0.21117220543
121510
0.213056863934
121530
0.211868429775
121550
0.21564220341
121570
0.216840541187
121590
0.216094303571
121610
0.128400902418
121630
0.127594912974
121650
0.128892617051
121670
0.127522286442
121690
0.131074384094
121710
0.137247309187
121730
0.136715649961
121750
0.144309414115
121770
0.334098717944
121790
0.334965614638
121810
0.334570625341
121830
0.33891946906
121850
0.362174484583
121870
0.404802462436
121890
0.406895261977
121910
0.406044541192
121930
0.409410780946
121950
0.421103487526
121970
0.435124864816
121990
0.469633196399
122010
0.498075231844
122030
0.550715272303
122050
0.612974531856
122070
0.643593382535
122090
0.671608076863
122110
0.715876093855
122130
0.751950022382
122150
0.763523555425
122170
0.795572653602
122190
0.819025081243
122210
0.828625483462
122230
0.828534040056
122250
0.824597682025
122270
0.818609459408
122290
0.812277416186
122310
0.799453221251
122330
0.790807197685
122350
0.82534903651
122370
0.931978650441
122390
0.986260545703
122410
0.993922644821
122430
0.993914226745
122450
0.993898711077
122470
0.99505066691
122490
0.995030364493
122510
0.995046210282
122530
0.995047200643
122550
0.9732557748
122570
0.977404400376
122590
0.977067182183
122610
0.977287207563
122630
0.985438545409
122650
0.994635045075
122670
0.968602559887
122690
0.977073619535
122710
0.977232572603
122730
0.976667901318
122750
0.9833526784
122770
0.994659143878
122790
0.968845363588
122810
0.978686918905
122830
0.978747826156
122850
0.978552724881
122870
0.982778928798
122890
0.994148612371
122910
0.967135008761
122930
0.978474486299
122950
0.97875574905
122970
0.978560152595
122990
0.970922812522
123010
0.994057499086
123030
0.963852289518
123050
0.976234783091
123070
0.97618476982
123090
0.975889146823
123110
0.981211351131
123130
0.994188722024
123150
0.963479253241
123170
0.976556155495
123190
0.976885945974
123210
0.976503666319
123230
0.968961070858
123250
0.99472054631
123270
0.95621759041
123290
0.973689058087
123310
0.973246366363
123330
0.972879437316
123350
0.979216762468
123370
0.994362200399
123390
0.965734472117
123410
0.978553220062
123430
0.978585406821
123450
0.978364060959
123470
0.974097582329
123490
0.993310106048
123510
0.96213021541
123530
0.973948532878
123550
0.973994089521
123570
0.973673212298
123590
0.969237546861
123610
0.994536834196
123630
0.97357533154
123650
0.97607434448
123670
0.975946587807
123690
0.976271426478
123710
0.973620062881
123730
0.994755374033
123750
0.965615463641
123770
0.956114097602
123790
0.956486968819
123810
0.955252482837
123830
0.955172263531
123850
0.984905400641
123870
0.994461236579
123890
0.972718338463
123910
0.980070454338
123930
0.980069959157
123950
0.979763442181
123970
0.986943895344
123990
0.995220348898
124010
0.96198149608
124030
0.968643659902
124050
0.968712985228
124070
0.96850500925
124090
0.980736967829
124110
0.99422487023
124130
0.922676677244
124150
0.932090891444
124170
0.931621459952
124190
0.932213201127
124210
0.931140309178
124230
0.994350316057
124250
0.994425583554
124270
0.976069887851
124290
0.976071373394
124310
0.976022845666
124330
0.977214746091
124350
0.994885276489
124370
0.994026137629
124390
0.971836091161
124410
0.971666244112
124430
0.97136765003
124450
0.971965168315
124470
0.994615072778
124490
0.994594275181
124510
0.973042847013
124530
0.972939849386
124550
0.972916080703
124570
0.973769442453
124590
0.99365244111
124610
0.993521713352
124630
0.978523509208
124650
0.978630963464
124670
0.978367032044
124690
0.977149052092
124710
0.993232527707
124730
0.993763361631
124750
0.979915462717
124770
0.980095213383
124790
0.98004916156
124810
0.980270507422
124830
0.994619034226
124850
0.995328628455
124870
0.981041008901
124890
0.980964751043
124910
0.980644369001
124930
0.979746936151
124950
0.994211830466
124970
0.995593385175
124990
0.966028114391
125010
0.965583937124
125030
0.965387350307
125050
0.963434356839
125070
0.990372692952
125090
0.992243816511
125110
0.962186996153
125130
0.963316998966
125150
0.962540060135
125170
0.961873381584
125190
0.988002261986
125210
0.993207438541
125230
0.965817662508
125250
0.968007847627
125270
0.9679489211
125290
0.968529108054
125310
0.990850047339
125330
0.995642408085
125350
0.969528548169
125370
0.974767066905
125390
0.974319918553
125410
0.97401043049
125430
0.988044352363
125450
0.992958032428
125470
0.961824028554
125490
0.966798120689
125510
0.96684268697
125530
0.967906830723
125550
0.988300195828
125570
0.926837517282
125590
0.313383650315
125610
0.999345535911
125630
0.999345535911
125650
0.998388186172
125670
0.986206570985
125690
0.975070612796
125710
0.950928398162
125730
0.939976482208
125750
0.915606649421
125770
0.892629265323
125790
0.885242156665
125810
0.862132064086
125830
0.867109622487
125850
0.859402626968
125870
0.870014848825
125890
0.874566056472
125910
0.870268381445
125930
0.875776773771
125950
0.878769647127
125970
0.876784962082
125990
0.880952404532
126010
0.884321615373
126030
0.884188906891
126050
0.884598421495
126070
0.876337318549
126090
0.887469480351
126110
0.897148781393
126130
0.903545528252
126150
0.906867201726
126170
0.907173223522
126190
0.907377898294
126210
0.90009807883
126230
0.903116371473
126250
0.913559571583
126270
0.911793426375
126290
0.897762805708
126310
0.903357854691
126330
0.905384630113
126350
0.894483717792
126370
0.902399679651
126390
0.899230026713
126410
0.896122271388
126430
0.898804666321
126450
0.906366078656
126470
0.904819133526
126490
0.904151629673
126510
0.910566698226
126530
0.914199345305
126550
0.915368467409
126570
0.917438818749
126590
0.915920594111
126610
0.902590819478
126630
0.906471552187
126650
0.904592835855
126670
0.894344076778
126690
0.893762239221
126710
0.898888351893
126730
0.892546570113
126750
0.891208096142
126770
0.891739425247
126790
0.900641292277
126810
0.893308158336
126830
0.90302113168
126850
0.904959764901
126870
0.904388491204
126890
0.8980663516
126910
0.904764168446
126930
0.899178032719
126950
0.900883435737
126970
0.902981517208
126990
0.90079727426
127010
0.895516665148
127030
0.897788224994
127050
0.901030009283
127070
0.89354683553
127090
0.90412786099
127110
0.899027662786
127130
0.897618708066
127150
0.912511768799
127170
0.922239102389
127190
0.924229234424
127210
0.922657530249
127230
0.919241772404
127250
0.903439064359
127270
0.904545793669
127290
0.901236994899
127310
0.894252468312
127330
0.887823534694
127350
0.887786396126
127370
0.892917955788
127390
0.894638709413
127410
0.890703506805
127430
0.893883558542
127450
0.888021607053
127470
0.886883186166
127490
0.88946753528
127510
0.891320502206
127530
0.877816919077
127550
0.874985474694
127570
0.885352582005
127590
0.892575290605
127610
0.898272346854
127630
0.9032305932
127650
0.892900129275
127670
0.889937461954
127690
0.896991313867
127710
0.897316152537
127730
0.901552425132
127750
0.89169188788
127770
0.894726851613
127790
0.897490621274
127810
0.895819220678
127830
0.894999696289
127850
0.89820945888
127870
0.888690596449
127890
0.892312844728
127910
0.896818990914
127930
0.899647464212
127950
0.898847251878
127970
0.892620847248
127990
0.886693531881
128010
0.888445481903
128030
0.898714543397
128050
0.898068332323
128070
0.890336412698
128090
0.891679508358
128110
0.879359407579
128130
0.889758701649
128150
0.885057454189
128170
0.88988051615
128190
0.886702445137
128210
0.892088527781
128230
0.888249390267
128250
0.895965629164
128270
0.895311165075
128290
0.903284898039
128310
0.915461066237
128330
0.911235192441
128350
0.912241400028
128370
0.90423779115
128390
0.908224492572
128410
0.912815314691
128430
0.905450489173
128450
0.905536155468
128470
0.897170074171
128490
0.904051107951
128510
0.90597191466
128530
0.910428542755
128550
0.908979643443
128570
0.917827535755
128590
0.919417561624
128610
0.916591069049
128630
0.923352269051
128650
0.914228560978
128670
0.914579149055
128690
0.930606174048
128710
0.935666427659
128730
0.942501409615
128750
0.94573593125
128770
0.935185276885
128790
0.94984279657
128810
0.960270315952
128830
0.977253205141
128850
0.97681216402
128870
0.976700748317
128890
0.972218865996
128910
0.970804629347
128930
0.990258801345
128950
0.990245926642
128970
0.990145404919
128990
0.984764274085
129010
0.979341878175
129030
0.979294340809
129050
0.983697654427
129070
0.988462780223
129090
0.979715409633
129110
0.956300615741
129130
0.931186526062
129150
0.912569209784
129170
0.895088828851
129190
0.869895510228
129210
0.844612563862
129230
0.823771390164
129250
0.807198180639
129270
0.803294669609
129290
0.801039615792
129310
0.801333753247
129330
0.804239969946
129350
0.811015035013
129370
0.816049539218
129390
0.813861830004
129410
0.806738652765
129430
0.833786919037
129450
0.850207117664
129470
0.8438960371
129490
0.834177616767
129510
0.834905532689
129530
0.857563525107
129550
0.832744068063
129570
0.833107035662
129590
0.818560106378
129610
0.818008970037
129630
0.838978890768
129650
0.869014088227
129670
0.893389368004
129690
0.893135835383
129710
0.926167372465
129730
0.947923640464
129750
0.966939577366
129770
0.975660703368
129790
0.978603233333
129810
0.978666121307
129830
0.978659023715
129850
0.978615612856
129870
0.978489341726
129890
0.978588377906
129910
0.97924581308
129930
0.992322550274
129950
0.999345535911
