114134
0.53314593722
114154
0.485755498018
114174
0.458188490922
114194
0.633412347366
114214
0.650494761699
114234
0.649396956112
114254
0.657198468067
114274
0.659182309647
114294
0.659867064634
114314
0.659790647775
114334
0.663270861303
114354
0.541470879683
114374
0.593085223277
114394
0.547227116897
114414
0.549162511188
114434
0.571288438179
114454
0.53743027586
114474
0.516346215318
114494
0.500789640871
114514
0.522398130834
114534
0.596447065593
114554
0.556965022056
114574
0.15675844681
114594
0.153231783819
114614
0.172306031038
114634
0.163933640199
114654
0.127284014992
114674
0.173807397551
114694
0.16821348373
114714
0.180575034363
114734
0.629025120669
114754
0.196365853951
114774
0.375754179453
114794
0.451445327484
114814
0.402579493511
114834
0.402944596279
114854
0.413620980373
114874
0.16869995445
114894
0.253637542354
114914
0.394274529312
114934
0.564778021513
114954
0.0978105820867
114974
0.114493431147
114994
0.196585614851
115014
0.0807041938371
115034
0.405784506457
115054
0.393462912351
115074
0.277740318533
115094
0.485547724076
115114
0.377817434631
115134
0.364254690896
115154
0.477452032189
115174
0.388375447513
115194
0.193475498657
115214
0.143462412895
115234
0.292062236287
115254
0.261877077739
115274
0.259847785609
115294
0.589726877158
115314
0.492492168521
115334
0.498981108554
115354
0.507867939682
115374
0.531923766942
115394
0.550488568438
115414
0.0910139767932
115434
0.109729114723
115454
0.63855025732
115474
0.684679069173
115494
0.67840989004
115514
0.655560250448
115534
0.112962596695
115554
0.11379119518
115574
0.111384313867
115594
0.633717015887
115614
0.662128104622
115634
0.688406014256
115654
0.689416414941
115674
0.313872506713
115694
0.0950375990922
115714
0.32598133231
115734
0.33410749105
115754
0.15958037655
115774
0.408363700294
115794
0.208065125144
115814
0.289313726665
115834
0.0964975107083
115854
0.278874584452
115874
0.108840081991
115894
0.107083493159
115914
0.176014496228
115934
0.195741533212
115954
0.248063107339
115974
0.207787427279
115994
0.191096087457
116014
0.540228731141
116034
0.549029156278
116054
0.231789313227
116074
0.227282216948
116094
0.347927954386
116114
0.339548571155
116134
0.238860120189
116154
0.229371443869
116174
0.216547396433
116194
0.410854989771
116214
0.477218785961
116234
0.484989331607
116254
0.100630014544
116274
0.119409082918
116294
0.464715389656
116314
0.493254339279
116334
0.489074886523
116354
0.118478095832
116374
0.0993149453395
116394
0.131066899214
116414
0.354996264065
116434
0.35619545934
116454
0.151944184727
116474
0.146569032892
116494
0.406983701733
116514
0.406424809807
116534
0.403842119774
116554
0.387173754955
116574
0.38773564362
116594
0.134528632847
116614
0.130782708413
116634
0.158298770937
116654
0.229872898287
116674
0.207147123929
116694
0.763158183896
116714
0.381400536217
116734
0.19849353903
116754
0.418545622363
116774
0.190253504187
116794
0.148292158132
116814
0.443553913342
116834
0.571817862166
116854
0.194046876998
116874
0.259106592028
116894
0.181554468738
116914
0.20028109417
116934
0.189652158452
116954
0.200523830073
116974
0.213577627541
116994
0.224922784011
117014
0.210701257032
117034
0.231886207806
117054
0.2330034922
117074
0.22845993559
117094
0.246486322881
117114
0.280756037431
117134
0.287524173699
117154
0.326671081863
117174
0.310170534459
117194
0.313415503932
117214
0.287223500831
117234
0.270230489228
117254
0.253351853184
117274
0.306006564857
117294
0.308549298363
117314
0.312915048427
117334
0.3057218746
117354
0.315986207007
117374
0.279557341612
117394
0.178961290116
117414
0.255801188307
117434
0.286097725674
117454
0.283766262307
117474
0.256619298204
117494
0.236249460587
117514
0.253795870093
117534
0.276994629843
117554
0.27444989851
117574
0.246705084868
117594
0.21737999057
117614
0.245068865075
117634
0.265903197321
117654
0.261442550505
117674
0.232685338352
117694
0.264053709564
117714
0.282918684471
117734
0.286447345288
117754
0.263844936709
117774
0.258585159347
117794
0.253739431499
117814
0.185390295359
117834
0.252303493799
117854
0.26052604766
117874
0.269371423891
117894
0.255710786664
117914
0.248660457422
117934
0.231197457167
117954
0.204715769243
117974
0.213765922676
117994
0.257915887514
118014
0.266275292482
118034
0.251362517581
118054
0.252895849316
118074
0.211025903817
118094
0.213504207422
118114
0.186989555364
118134
0.199452995141
118154
0.209632419927
118174
0.254024621212
118194
0.20195577212
118214
0.207190576653
118234
0.249022563451
118254
0.250509445723
118274
0.224309451317
118294
0.203336769595
118314
0.204595400205
118334
0.203355748945
118354
0.240160205696
118374
0.247483737693
118394
0.216472477944
118414
0.210811636939
118434
0.230762929932
118454
0.243035077835
118474
0.293621539765
118494
0.316794827228
118514
0.353964886204
118534
0.403952000224
118554
0.496132208158
118574
0.517396073072
118594
0.636308696139
118614
0.73117797836
118634
0.830813075374
118654
0.875025472286
118674
0.874828186933
118694
0.869911036792
118714
0.872733965446
118734
0.871163673923
118754
0.877050768764
118774
0.87495754619
118794
0.870470428174
118814
0.862151978647
118834
0.855616589151
118854
0.864064397935
118874
0.862278341165
118894
0.860448332215
118914
0.85981602017
118934
0.849920786185
118954
0.848938854526
118974
0.842132260101
118994
0.837203622459
119014
0.828265846759
119034
0.837616173603
119054
0.837110224076
119074
0.827670494502
119094
0.81777625943
119114
0.822553561725
119134
0.820730545167
119154
0.824711214199
119174
0.824641290276
119194
0.816408247826
119214
0.812345667913
119234
0.812046992872
119254
0.821041706623
119274
0.829174358298
119294
0.832063215222
119314
0.8267534922
119334
0.828097030431
119354
0.829949514928
119374
0.834293288902
119394
0.841767157333
119414
0.840657364787
119434
0.835368618943
119454
0.843404875495
119474
0.838151591069
119494
0.845042593658
119514
0.836926424051
119534
0.845533559487
119554
0.849397355677
119574
0.851478591293
119594
0.852296701189
119614
0.848897899086
119634
0.842805028129
119654
0.848705108842
119674
0.84363712281
119694
0.841927982355
119714
0.85169435654
119734
0.851671381537
119754
0.837288530079
119774
0.840256800601
119794
0.839172979798
119814
0.846406110152
119834
0.844901746899
119854
0.854839934152
119874
0.84712732547
119894
0.840953043089
119914
0.838673523207
119934
0.840583445212
119954
0.853611770394
119974
0.846067478583
119994
0.847656749457
120014
0.855893787559
120034
0.856368271321
120054
0.852337157173
120074
0.851876158739
120094
0.856249900109
120114
0.854622670534
120134
0.86089584532
120154
0.873453682394
120174
0.870643240155
120194
0.86683138745
120214
0.868521049099
120234
0.865059315465
120254
0.866358901515
120274
0.877922320515
120294
0.883037754923
120314
0.872847841548
120334
0.871856919671
120354
0.88194943901
120374
0.877452331863
120394
0.885247850339
120414
0.878726945084
120434
0.87806966021
120454
0.880801188307
120474
0.880372155095
120494
0.873635984049
120514
0.871449363093
120534
0.870284130866
120554
0.864970911648
120574
0.876010900141
120594
0.871089754347
120614
0.86471868607
120634
0.854554744438
120654
0.84659390583
120674
0.857177890455
120694
0.867220464135
120714
0.865127741018
120734
0.868890147519
120754
0.865900400364
120774
0.861506181275
120794
0.866900811917
120814
0.862650436325
120834
0.866556686325
120854
0.864436992552
120874
0.860162643044
120894
0.853733138345
120914
0.86012368543
120934
0.859701145154
120954
0.863420598389
120974
0.86346005546
120994
0.879903664813
121014
0.886636339662
121034
0.890124045039
121054
0.884072129523
121074
0.87672162687
121094
0.876586274134
121114
0.877640626998
121134
0.880712285034
121154
0.881482447098
121174
0.882395953203
121194
0.891626410465
121214
0.891813706687
121234
0.899867444221
121254
0.910400484273
121274
0.918830812076
121294
0.907416231141
121314
0.913453162959
121334
0.914207841868
121354
0.92095050585
121374
0.92935935702
121394
0.931418616545
121414
0.932485955281
121434
0.931779224204
121454
0.928208609033
121474
0.924446701988
121494
0.915725190992
121514
0.908141941568
121534
0.909639312428
121554
0.902195910849
121574
0.894870381025
121594
0.891977528449
121614
0.883731000671
121634
0.877213591612
121654
0.874340217843
121674
0.869088931243
121694
0.865730585123
121714
0.857910593275
121734
0.848164197353
121754
0.844490694125
121774
0.834550509046
121794
0.841734193198
121814
0.848008366897
121834
0.859839994086
121854
0.85089872219
121874
0.852396592507
121894
0.8560636028
121914
0.853758111175
121934
0.847331603216
121954
0.847159790148
121974
0.842820011827
121994
0.841409046957
122014
0.841325637706
122034
0.841611326876
122054
0.839017149342
122074
0.84498515615
122094
0.841466484465
122114
0.84315364883
122134
0.838545662319
122154
0.835985947289
122174
0.82648977912
122194
0.820950805524
122214
0.81618499073
122234
0.815062212313
122254
0.812067970049
122274
0.813627273526
122294
0.814379954609
122314
0.813614287655
122334
0.8191872243
122354
0.818389092667
122374
0.817814717587
122394
0.81016004587
122414
0.814463863317
122434
0.801934994726
122454
0.802897447577
122474
0.795369138377
122494
0.791326536728
122514
0.792759977145
122534
0.797103751119
122554
0.808500351617
122574
0.81859386987
122594
0.817655390935
122614
0.824422528289
122634
0.830939437892
122654
0.838901275412
122674
0.851621935334
122694
0.839991589151
122714
0.847605804884
122734
0.853463931243
122754
0.861962185143
122774
0.867728411488
122794
0.884383290979
122814
0.887457446298
122834
0.898032940161
122854
0.907955644259
122874
0.906255494023
122894
0.899380973501
122914
0.882815996196
122934
0.862266354207
122954
0.855233505946
122974
0.857598432905
122994
0.856028141382
123014
0.855676523942
123034
0.847888497315
123054
0.845700377989
123074
0.847725674466
123094
0.844838815369
123114
0.849358398063
123134
0.84059093706
123154
0.842797036824
123174
0.839783315752
123194
0.847107846663
123214
0.85257639688
123234
0.852569404488
123254
0.861211002429
123274
0.869375619326
123294
0.885108002493
123314
0.897546469441
123334
0.893194704162
123354
0.898290160306
123374
0.89472753644
123394
0.877342950869
123414
0.876617240442
123434
0.879658431626
123454
0.876734612741
123474
0.866863852129
123494
0.870234185206
123514
0.87784390583
123534
0.869868582982
123554
0.868557009973
123574
0.86930469649
123594
0.87396262866
123614
0.874810705952
123634
0.873008666571
123654
0.87283735296
123674
0.872008255019
123694
0.855509205984
123714
1.0
